:Product: 201207_ace_mag_1h.txt
:Issued: 2012 Aug 01 0510 UT
# Prepared by the U.S. Dept. of Commerce, NOAA, Space Weather Prediction Center
# Please send comments and suggestions to SWPC.Webmaster@noaa.gov 
# 
# Magnetometer values are in GSM coordinates.
# 
# Units: Bx, By, Bz, Bt in nT
# Units: Latitude  degrees +/-  90.0
# Units: Longitude degrees 0.0 - 360.0
# Status(S): 0 = nominal data, 1 to 8 = bad data record, 9 = no data
# Missing data values: -999.9
# Source: ACE Satellite - Magnetometer
#
#              Hourly Averaged Real-time Interplanetary Magnetic Field Values 
# 
#                 Modified Seconds
# UT Date   Time  Julian   of the   ----------------  GSM Coordinates ---------------
# YR MO DA  HHMM    Day      Day    S     Bx      By      Bz      Bt     Lat.   Long.
#------------------------------------------------------------------------------------
2012 07 01  0000   56109       0    0     3.1    -3.5    -3.2     5.7   -34.0   311.9
2012 07 01  0100   56109    3600    0     2.4    -3.3    -2.5     4.8   -31.4   305.2
2012 07 01  0200   56109    7200    0     2.4    -1.9    -1.7     3.6   -28.8   321.2
2012 07 01  0300   56109   10800    0     2.8    -3.4     1.3     4.6    16.5   309.2
2012 07 01  0400   56109   14400    0     2.8    -1.6    -0.4     3.2    -7.5   330.4
2012 07 01  0500   56109   18000    0     2.0    -3.4     1.3     4.1    17.9   300.2
2012 07 01  0600   56109   21600    0     1.1    -2.7     2.6     3.9    41.8   291.4
2012 07 01  0700   56109   25200    0     3.6    -1.7     0.2     4.0     2.9   334.3
2012 07 01  0800   56109   28800    0     2.2    -1.4    -0.5     2.6   -11.5   326.6
2012 07 01  0900   56109   32400    0     1.6    -2.0     3.7     4.5    55.2   309.2
2012 07 01  1000   56109   36000    0     2.0    -1.2     2.3     3.3    45.1   329.8
2012 07 01  1100   56109   39600    0     1.1    -3.0    -1.3     3.5   -21.6   289.6
2012 07 01  1200   56109   43200    0     2.1    -1.0    -1.2     2.7   -26.9   334.2
2012 07 01  1300   56109   46800    0     1.9    -2.8     1.0     3.5    17.3   304.1
2012 07 01  1400   56109   50400    0     2.6    -0.2     3.0     4.0    48.4   356.5
2012 07 01  1500   56109   54000    0     2.0    -1.7     2.2     3.4    40.9   320.0
2012 07 01  1600   56109   57600    0     0.5    -2.7     3.8     4.6    54.5   280.8
2012 07 01  1700   56109   61200    0     2.5    -2.5    -0.7     3.7   -10.9   315.4
2012 07 01  1800   56109   64800    0     2.3    -2.7    -0.6     3.6    -9.4   310.1
2012 07 01  1900   56109   68400    0     1.4    -2.4     2.0     3.4    36.4   300.4
2012 07 01  2000   56109   72000    0     1.5    -4.9     1.1     5.2    12.0   287.0
2012 07 01  2100   56109   75600    0     1.6    -4.7     0.6     5.0     6.3   288.1
2012 07 01  2200   56109   79200    0     1.8    -4.5    -1.2     5.0   -13.4   292.5
2012 07 01  2300   56109   82800    0     1.6    -1.5     1.8     2.8    40.6   316.2
2012 07 02  0000   56110       0    0     0.1    -5.1    -0.2     5.1    -2.3   271.3
2012 07 02  0100   56110    3600    0     2.9    -2.8     0.8     4.1    10.7   315.6
2012 07 02  0200   56110    7200    0     3.6    -1.3     1.7     4.1    24.0   339.8
2012 07 02  0300   56110   10800    0     2.7     0.5    -2.5     3.7   -42.1     9.6
2012 07 02  0400   56110   14400    0     2.5    -0.5    -2.0     3.3   -38.5   349.8
2012 07 02  0500   56110   18000    0     2.4    -2.0     0.6     3.2     9.9   320.3
2012 07 02  0600   56110   21600    0     2.6    -0.5     3.6     4.5    52.9   349.7
2012 07 02  0700   56110   25200    0     3.3    -0.3     3.0     4.5    42.6   355.4
2012 07 02  0800   56110   28800    0     3.9    -0.3    -0.1     3.9    -1.0   355.4
2012 07 02  0900   56110   32400    0     3.4    -0.8    -0.2     3.5    -4.0   346.7
2012 07 02  1000   56110   36000    0     2.6    -0.8    -0.5     2.8    -9.6   343.0
2012 07 02  1100   56110   39600    0     1.5    -1.5     1.7     2.7    39.7   315.5
2012 07 02  1200   56110   43200    0     1.0    -0.7    -4.4     4.6   -74.9   326.4
2012 07 02  1300   56110   46800    0     0.1     0.7    -3.7     3.8   -78.6    79.2
2012 07 02  1400   56110   50400    0    -0.3    -2.3    -3.6     4.3   -56.9   263.6
2012 07 02  1500   56110   54000    0     0.3    -1.3    -4.4     4.6   -73.9   281.5
2012 07 02  1600   56110   57600    0     3.5    -0.7    -0.6     3.6    -9.6   349.4
2012 07 02  1700   56110   61200    0     2.6    -1.6     0.5     3.1     9.6   328.3
2012 07 02  1800   56110   64800    0     2.1    -1.6    -1.0     2.8   -20.7   323.4
2012 07 02  1900   56110   68400    0     2.7    -0.8    -0.7     2.9   -13.7   343.7
2012 07 02  2000   56110   72000    0     1.8    -0.4    -1.0     2.1   -27.5   347.9
2012 07 02  2100   56110   75600    0     1.9    -0.5    -0.4     2.0   -12.4   345.8
2012 07 02  2200   56110   79200    0     1.6    -1.3    -0.2     2.1    -4.4   321.7
2012 07 02  2300   56110   82800    0     1.1    -1.9    -0.8     2.3   -20.1   300.4
2012 07 03  0000   56111       0    0     0.7    -2.8    -0.2     2.8    -3.2   284.0
2012 07 03  0100   56111    3600    0     2.0    -2.2     0.7     3.1    13.9   312.8
2012 07 03  0200   56111    7200    0     1.8    -1.9    -0.2     2.6    -4.5   313.0
2012 07 03  0300   56111   10800    0     2.1    -2.5    -0.9     3.4   -14.9   310.7
2012 07 03  0400   56111   14400    0     2.3    -1.6     0.8     2.9    15.9   325.0
2012 07 03  0500   56111   18000    0     1.6    -2.4    -0.1     2.9    -1.8   303.6
2012 07 03  0600   56111   21600    0     2.3    -1.7    -0.4     2.9    -8.7   323.7
2012 07 03  0700   56111   25200    0     2.4    -0.7     1.0     2.7    22.4   342.6
2012 07 03  0800   56111   28800    0     0.6    -2.9    -1.9     3.5   -32.1   281.6
2012 07 03  0900   56111   32400    0     0.1    -2.8    -2.2     3.6   -38.3   272.3
2012 07 03  1000   56111   36000    0     2.1    -0.7    -1.7     2.8   -37.7   340.4
2012 07 03  1100   56111   39600    0     2.5    -0.8    -0.1     2.7    -3.1   343.0
2012 07 03  1200   56111   43200    0     1.1    -1.1    -2.3     2.8   -55.3   313.5
2012 07 03  1300   56111   46800    0     1.7    -0.2    -2.5     3.0   -55.9   353.0
2012 07 03  1400   56111   50400    0     2.2    -0.9    -2.2     3.2   -42.9   338.4
2012 07 03  1500   56111   54000    0     1.9    -2.6     1.0     3.4    17.3   306.0
2012 07 03  1600   56111   57600    0     2.3    -2.1     0.7     3.2    12.2   317.4
2012 07 03  1700   56111   61200    0     1.8    -2.1     2.1     3.5    36.6   311.5
2012 07 03  1800   56111   64800    0     1.1    -2.0     2.3     3.3    44.5   299.0
2012 07 03  1900   56111   68400    0     1.6    -2.7     0.9     3.3    16.4   300.8
2012 07 03  2000   56111   72000    0     1.9     0.7    -0.0     2.0    -1.1    21.8
2012 07 03  2100   56111   75600    0     2.6     0.9     0.0     2.8     0.6    19.7
2012 07 03  2200   56111   79200    0     2.4    -0.7     2.1     3.2    39.9   343.5
2012 07 03  2300   56111   82800    0     3.4    -0.4    -1.0     3.6   -16.5   353.8
2012 07 04  0000   56112       0    0     2.4    -0.3    -2.6     3.5   -47.6   351.7
2012 07 04  0100   56112    3600    0     0.7     1.4    -3.6     3.9   -66.3    63.1
2012 07 04  0200   56112    7200    0     2.0    -0.2    -2.0     2.8   -45.6   355.3
2012 07 04  0300   56112   10800    0     0.3    -2.5    -3.3     4.2   -52.7   275.8
2012 07 04  0400   56112   14400    0    -1.1    -4.1    -2.4     4.9   -29.6   254.7
2012 07 04  0500   56112   18000    0    -1.4    -4.9    -0.9     5.1    -9.7   254.0
2012 07 04  0600   56112   21600    0    -0.8    -3.5     0.6     3.7    10.2   257.8
2012 07 04  0700   56112   25200    0     1.1    -1.7    -1.5     2.5   -36.5   302.0
2012 07 04  0800   56112   28800    0     2.4    -0.7    -1.2     2.8   -25.3   343.4
2012 07 04  0900   56112   32400    0     1.6    -1.0    -0.2     1.9    -5.1   329.6
2012 07 04  1000   56112   36000    0     2.3    -1.8     0.3     3.0     5.4   322.0
2012 07 04  1100   56112   39600    0     2.4    -1.2     3.2     4.1    49.6   333.9
2012 07 04  1200   56112   43200    0     3.0     0.7     1.0     3.3    18.0    12.5
2012 07 04  1300   56112   46800    0     3.2     1.9     0.1     3.8     1.1    30.0
2012 07 04  1400   56112   50400    0     3.6     2.0     0.2     4.1     3.3    28.5
2012 07 04  1500   56112   54000    0     3.6     2.2     1.3     4.4    16.7    30.9
2012 07 04  1600   56112   57600    0     3.8     1.9     0.4     4.3     5.2    26.6
2012 07 04  1700   56112   61200    0     3.6    -0.6     1.5     3.9    21.9   349.7
2012 07 04  1800   56112   64800    0     1.2    -1.6     3.2     3.8    58.3   306.2
2012 07 04  1900   56112   68400    0     1.7    -2.9     3.8     5.1    48.5   300.0
2012 07 04  2000   56112   72000    0     1.8    -4.1     3.4     5.6    36.8   293.2
2012 07 04  2100   56112   75600    0     1.9    -4.9     2.8     6.0    28.2   291.5
2012 07 04  2200   56112   79200    0     2.4    -5.2     1.4     5.9    13.5   295.0
2012 07 04  2300   56112   82800    0     2.6    -4.0     2.4     5.3    26.4   302.5
2012 07 05  0000   56113       0    0     2.9    -3.5     3.5     5.7    37.4   310.3
2012 07 05  0100   56113    3600    0     2.0     2.0     4.7     5.5    58.9    45.4
2012 07 05  0200   56113    7200    0     2.3     1.7     4.8     5.6    58.8    36.5
2012 07 05  0300   56113   10800    0     2.2     2.2     4.2     5.2    53.7    44.8
2012 07 05  0400   56113   14400    0     1.6     2.9     3.6     4.9    47.4    60.9
2012 07 05  0500   56113   18000    0     1.5     4.5     2.6     5.5    29.1    71.1
2012 07 05  0600   56113   21600    0     1.5     5.3     2.6     6.1    25.0    74.6
2012 07 05  0700   56113   25200    0     1.6     5.5     2.1     6.1    20.6    73.5
2012 07 05  0800   56113   28800    0     1.9     5.5     1.2     5.9    11.5    71.2
2012 07 05  0900   56113   32400    0     0.7     5.6     1.2     5.8    11.5    82.8
2012 07 05  1000   56113   36000    0     1.1     2.5    -0.5     2.8   -11.1    66.6
2012 07 05  1100   56113   39600    0     2.2     4.6     1.7     5.3    18.4    64.6
2012 07 05  1200   56113   43200    0     2.3     5.2     3.7     6.8    33.1    66.3
2012 07 05  1300   56113   46800    0     0.3     4.3     0.6     4.3     8.0    86.4
2012 07 05  1400   56113   50400    0     2.2     6.2     2.9     7.2    24.1    70.6
2012 07 05  1500   56113   54000    0     3.8     6.5     2.9     8.1    20.9    60.1
2012 07 05  1600   56113   57600    0     1.5     6.4     5.9     8.9    41.6    76.6
2012 07 05  1700   56113   61200    0     2.8     7.2     5.5     9.5    35.5    68.9
2012 07 05  1800   56113   64800    0     3.2     5.6     6.7     9.3    46.2    60.2
2012 07 05  1900   56113   68400    0     2.3    -0.3     7.9     8.3    73.9   352.5
2012 07 05  2000   56113   72000    0     2.1    -3.0     8.3     9.1    66.3   304.3
2012 07 05  2100   56113   75600    0     2.5    -7.7     5.0     9.6    31.8   287.7
2012 07 05  2200   56113   79200    0     1.9    -8.4     3.1     9.2    20.0   282.8
2012 07 05  2300   56113   82800    0     2.1    -9.2     2.3     9.7    13.6   282.7
2012 07 06  0000   56114       0    0     3.3    -8.7    -1.3     9.3    -7.7   290.8
2012 07 06  0100   56114    3600    0     3.0    -6.6    -4.8     8.7   -33.9   294.4
2012 07 06  0200   56114    7200    0     2.4    -5.2     2.5     6.3    23.3   294.5
2012 07 06  0300   56114   10800    0     1.9    -7.7     2.0     8.2    14.0   283.5
2012 07 06  0400   56114   14400    0     1.1    -8.3    -0.3     8.4    -2.3   277.3
2012 07 06  0500   56114   18000    0     3.1    -6.8    -1.4     7.6   -10.9   294.8
2012 07 06  0600   56114   21600    0     4.8    -6.1     1.0     7.9     7.6   308.4
2012 07 06  0700   56114   25200    0     5.8    -4.1     2.2     7.4    17.3   324.6
2012 07 06  0800   56114   28800    0     5.0    -0.2     3.8     6.3    37.0   357.3
2012 07 06  0900   56114   32400    0    -0.9     2.4     0.8     2.7    16.8   110.6
2012 07 06  1000   56114   36000    0    -4.9     1.8    -2.0     5.6   -21.4   160.1
2012 07 06  1100   56114   39600    0     2.7     3.0     1.8     4.4    24.5    48.6
2012 07 06  1200   56114   43200    0     3.8     1.4     1.9     4.5    24.4    20.4
2012 07 06  1300   56114   46800    0     3.1     3.0    -0.4     4.3    -5.9    44.0
2012 07 06  1400   56114   50400    0     3.8     2.2     3.0     5.3    34.5    29.8
2012 07 06  1500   56114   54000    0     3.9    -3.0     4.4     6.7    42.0   322.2
2012 07 06  1600   56114   57600    0     3.1    -7.1    -1.9     8.0   -14.0   293.7
2012 07 06  1700   56114   61200    0     2.0    -6.5    -6.7     9.5   -44.4   287.2
2012 07 06  1800   56114   64800    0     2.9    -7.4    -5.1     9.5   -32.8   291.3
2012 07 06  1900   56114   68400    0     2.8    -7.1    -5.5     9.4   -36.0   291.4
2012 07 06  2000   56114   72000    0     5.2    -8.1     1.9     9.8    11.4   302.7
2012 07 06  2100   56114   75600    0     2.9    -3.3     4.6     6.3    46.2   310.8
2012 07 06  2200   56114   79200    0    -4.6     6.5     2.9     8.5    19.9   124.9
2012 07 06  2300   56114   82800    0    -5.5     5.8     0.8     8.0     5.4   133.4
2012 07 07  0000   56115       0    0    -5.2     4.2     1.7     6.9    14.3   141.1
2012 07 07  0100   56115    3600    0    -4.0     4.5     2.0     6.4    18.6   131.6
2012 07 07  0200   56115    7200    0    -4.0     3.4     2.2     5.7    22.4   139.2
2012 07 07  0300   56115   10800    0     0.6     0.8     4.3     4.4    76.5    54.9
2012 07 07  0400   56115   14400    0     3.0     0.0     3.6     4.7    50.6     0.2
2012 07 07  0500   56115   18000    0    -0.7     1.1     2.9     3.2    65.4   122.8
2012 07 07  0600   56115   21600    0    -5.3     1.6    -0.6     5.5    -6.2   163.1
2012 07 07  0700   56115   25200    0    -4.9     1.4    -1.2     5.3   -13.7   163.9
2012 07 07  0800   56115   28800    0    -4.1     1.3    -1.2     4.4   -15.5   162.3
2012 07 07  0900   56115   32400    0    -3.7     1.1    -0.5     3.9    -7.0   162.7
2012 07 07  1000   56115   36000    0    -4.0     0.9    -0.6     4.1    -7.7   167.3
2012 07 07  1100   56115   39600    0    -4.3     0.9    -0.3     4.4    -4.3   167.6
2012 07 07  1200   56115   43200    0    -4.5     0.9    -0.0     4.6    -0.6   168.7
2012 07 07  1300   56115   46800    0    -4.3     1.3     0.2     4.5     2.9   163.5
2012 07 07  1400   56115   50400    0    -3.9     1.3    -0.0     4.1    -0.6   161.7
2012 07 07  1500   56115   54000    0    -3.8     1.0     0.3     3.9     4.0   165.6
2012 07 07  1600   56115   57600    0    -3.0     1.4     0.9     3.5    15.0   155.1
2012 07 07  1700   56115   61200    0    -3.2     0.7     2.1     3.8    32.7   167.5
2012 07 07  1800   56115   64800    0    -2.3     0.9     1.4     2.8    30.5   157.6
2012 07 07  1900   56115   68400    0    -0.1     0.2    -0.6     0.6   -69.6   108.9
2012 07 07  2000   56115   72000    0    -2.0     2.0    -0.0     2.8    -0.6   134.1
2012 07 07  2100   56115   75600    0    -1.9     0.4     1.8     2.6    43.4   167.9
2012 07 07  2200   56115   79200    0    -0.9    -1.5     2.6     3.1    55.9   237.5
2012 07 07  2300   56115   82800    0    -1.7     0.0     0.7     1.9    22.5   178.7
2012 07 08  0000   56116       0    0     0.8     1.1     1.3     1.9    43.0    53.9
2012 07 08  0100   56116    3600    0     1.1     2.9    -0.4     3.1    -8.1    68.4
2012 07 08  0200   56116    7200    0     1.2     3.4    -0.9     3.7   -13.4    70.8
2012 07 08  0300   56116   10800    0    -0.4     2.9     0.4     2.9     7.7    97.4
2012 07 08  0400   56116   14400    0    -0.3    -3.2     4.0     5.1    51.2   265.1
2012 07 08  0500   56116   18000    0     0.1    -3.6     1.6     4.0    24.2   271.2
2012 07 08  0600   56116   21600    0    -0.3    -3.3     2.3     4.0    35.3   264.3
2012 07 08  0700   56116   25200    0    -2.0    -2.6     2.1     3.9    32.3   231.8
2012 07 08  0800   56116   28800    0    -0.7    -7.0     3.0     7.6    23.1   264.5
2012 07 08  0900   56116   32400    0     2.6    -1.8     2.2     3.8    34.2   324.5
2012 07 08  1000   56116   36000    0     5.5     7.3    -1.1     9.1    -6.9    53.0
2012 07 08  1100   56116   39600    0     5.7     5.8     0.9     8.2     6.6    45.2
2012 07 08  1200   56116   43200    0     6.6     6.8     2.0     9.7    11.9    45.8
2012 07 08  1300   56116   46800    0     7.4     6.5     3.3    10.4    18.5    41.2
2012 07 08  1400   56116   50400    0     6.3     4.8     4.4     9.1    28.9    37.1
2012 07 08  1500   56116   54000    0    -2.0    -5.0     9.7    11.1    61.2   247.9
2012 07 08  1600   56116   57600    0    -3.4    -5.2     9.2    11.1    55.9   236.7
2012 07 08  1700   56116   61200    0    -2.1    -3.0     9.3    10.0    68.6   234.9
2012 07 08  1800   56116   64800    0    -3.1    -0.4     7.6     8.2    68.0   187.4
2012 07 08  1900   56116   68400    0    -1.0     2.3     6.1     6.6    67.8   113.3
2012 07 08  2000   56116   72000    0    -1.9     1.4     1.2     2.6    26.6   143.0
2012 07 08  2100   56116   75600    0     1.7    -3.3    -4.1     5.5   -47.9   297.5
2012 07 08  2200   56116   79200    0    -2.9    -8.1    -4.8     9.9   -29.3   250.3
2012 07 08  2300   56116   82800    0     0.8    -5.3    -4.0     6.7   -36.9   278.7
2012 07 09  0000   56117       0    0    -2.8   -10.5     2.0    11.0    10.3   255.2
2012 07 09  0100   56117    3600    0    -1.2   -11.5    -1.5    11.6    -7.4   264.2
2012 07 09  0200   56117    7200    0    -1.2   -11.2    -3.2    11.7   -15.7   263.9
2012 07 09  0300   56117   10800    0    -0.2   -11.1    -3.5    11.6   -17.7   269.0
2012 07 09  0400   56117   14400    0     0.7   -11.1    -2.9    11.5   -14.6   273.6
2012 07 09  0500   56117   18000    0     1.6   -10.6    -4.3    11.5   -21.8   278.5
2012 07 09  0600   56117   21600    0     1.9   -10.5    -5.8    12.1   -28.6   280.1
2012 07 09  0700   56117   25200    0     3.4   -10.7    -4.2    12.0   -20.5   287.4
2012 07 09  0800   56117   28800    0     3.4   -11.1    -4.1    12.3   -19.6   286.9
2012 07 09  0900   56117   32400    0     4.7    -9.7    -5.7    12.2   -27.9   295.8
2012 07 09  1000   56117   36000    0     5.0    -8.5    -6.8    12.0   -34.5   300.2
2012 07 09  1100   56117   39600    0     4.3    -8.1    -7.5    11.9   -39.1   298.0
2012 07 09  1200   56117   43200    0     2.9    -6.0    -9.6    11.7   -55.3   296.1
2012 07 09  1300   56117   46800    0     1.9    -4.3    -9.0    10.2   -62.6   293.8
2012 07 09  1400   56117   50400    0     1.8     0.8    -9.7     9.9   -78.9    23.3
2012 07 09  1500   56117   54000    0     0.5     0.8   -10.9    10.9   -85.0    59.6
2012 07 09  1600   56117   57600    0    -0.1     0.1   -10.5    10.5   -89.4   130.4
2012 07 09  1700   56117   61200    0     1.0    -1.5   -10.1    10.3   -79.8   303.1
2012 07 09  1800   56117   64800    0     2.3     0.1    -9.4     9.6   -76.2     2.3
2012 07 09  1900   56117   68400    0    -0.9    -2.7    -9.6    10.0   -73.3   250.9
2012 07 09  2000   56117   72000    0     0.1    -1.3    -8.9     9.1   -81.6   275.1
2012 07 09  2100   56117   75600    0    -2.3     7.2    -8.3    11.2   -47.9   107.9
2012 07 09  2200   56117   79200    0    -3.5     7.1    -7.7    11.0   -44.3   116.3
2012 07 09  2300   56117   82800    0    -3.4     8.0    -6.7    11.0   -37.4   112.8
2012 07 10  0000   56118       0    0    -3.0     8.4    -7.3    11.5   -39.2   109.9
2012 07 10  0100   56118    3600    0    -1.4     8.9    -1.9     9.2   -12.1    99.0
2012 07 10  0200   56118    7200    0    -2.7     7.5    -6.9    10.6   -40.8   109.8
2012 07 10  0300   56118   10800    0    -0.3     9.0    -4.9    10.2   -28.5    91.7
2012 07 10  0400   56118   14400    0    -2.2     7.1    -7.4    10.5   -44.9   107.1
2012 07 10  0500   56118   18000    0    -0.5     6.2    -7.8    10.0   -51.4    94.5
2012 07 10  0600   56118   21600    0    -1.6     4.9    -7.1     8.8   -53.9   108.3
2012 07 10  0700   56118   25200    0    -1.4     4.1    -7.6     8.7   -60.5   108.4
2012 07 10  0800   56118   28800    0    -5.3     0.6    -6.8     8.7   -51.8   173.4
2012 07 10  0900   56118   32400    0    -5.6    -3.7    -2.9     7.3   -23.6   213.3
2012 07 10  1000   56118   36000    0    -4.5    -0.8    -3.8     6.0   -39.6   190.4
2012 07 10  1100   56118   39600    0    -0.1     4.1    -2.9     5.0   -35.1    91.1
2012 07 10  1200   56118   43200    0    -4.0     1.9    -4.2     6.1   -43.3   154.7
2012 07 10  1300   56118   46800    0    -2.5     4.2    -2.2     5.4   -24.6   120.3
2012 07 10  1400   56118   50400    0    -4.1     4.1    -2.1     6.1   -19.7   134.9
2012 07 10  1500   56118   54000    0    -4.2     2.1    -4.1     6.2   -41.2   153.5
2012 07 10  1600   56118   57600    0    -5.1     2.8    -2.4     6.3   -22.5   150.6
2012 07 10  1700   56118   61200    0    -4.3     2.1    -3.1     5.7   -32.4   153.5
2012 07 10  1800   56118   64800    0    -2.9     1.9     1.5     3.8    23.9   146.9
2012 07 10  1900   56118   68400    0    -2.3    -2.5     3.1     4.6    42.6   227.4
2012 07 10  2000   56118   72000    0    -3.8     3.4    -0.3     5.1    -3.5   138.0
2012 07 10  2100   56118   75600    0    -2.1    -1.9     3.4     4.4    50.2   221.9
2012 07 10  2200   56118   79200    0    -2.1    -5.0     1.7     5.6    17.6   246.9
2012 07 10  2300   56118   82800    0    -2.3    -5.9     0.6     6.4     5.2   248.6
2012 07 11  0000   56119       0    0    -2.1    -5.8     0.8     6.2     7.8   249.5
2012 07 11  0100   56119    3600    0    -0.0    -6.9    -1.1     7.0    -9.0   269.9
2012 07 11  0200   56119    7200    0    -1.5    -5.0    -0.8     5.2    -9.2   253.5
2012 07 11  0300   56119   10800    0    -3.1     0.9    -0.5     3.2    -9.0   163.6
2012 07 11  0400   56119   14400    0     0.6    -3.5    -1.1     3.7   -17.6   279.1
2012 07 11  0500   56119   18000    0    -2.4     0.7    -2.0     3.2   -39.3   162.6
2012 07 11  0600   56119   21600    0    -2.1     3.2    -5.0     6.3   -52.8   123.5
2012 07 11  0700   56119   25200    0    -2.5     3.2    -3.8     5.5   -43.0   128.4
2012 07 11  0800   56119   28800    0    -2.7     5.0     1.5     5.8    15.3   118.2
2012 07 11  0900   56119   32400    0    -3.5     3.8     2.0     5.6    21.5   132.6
2012 07 11  1000   56119   36000    0    -3.2     4.8    -0.3     5.8    -3.1   123.2
2012 07 11  1100   56119   39600    0    -2.3     5.3    -1.5     5.9   -14.5   114.1
2012 07 11  1200   56119   43200    0    -1.7     4.9    -1.8     5.5   -18.7   108.8
2012 07 11  1300   56119   46800    0    -0.3     4.5    -2.7     5.3   -30.8    94.1
2012 07 11  1400   56119   50400    0    -1.5     5.0    -1.9     5.5   -19.6   107.1
2012 07 11  1500   56119   54000    0    -1.6     4.8    -1.7     5.3   -18.7   107.9
2012 07 11  1600   56119   57600    0    -1.0     4.4    -1.8     4.9   -22.3   103.3
2012 07 11  1700   56119   61200    0     0.4     4.7    -0.5     4.8    -5.7    85.0
2012 07 11  1800   56119   64800    0     1.0     4.6     1.2     4.9    14.9    77.5
2012 07 11  1900   56119   68400    0    -1.5     4.8    -2.8     5.8   -29.5   108.0
2012 07 11  2000   56119   72000    0    -0.8     3.1    -5.3     6.1   -59.1   104.0
2012 07 11  2100   56119   75600    0    -1.1     2.8    -4.4     5.3   -56.0   111.0
2012 07 11  2200   56119   79200    0    -1.4     2.9    -4.7     5.6   -55.8   115.4
2012 07 11  2300   56119   82800    0    -1.2     3.4    -4.5     5.8   -51.5   110.3
2012 07 12  0000   56120       0    0     1.0     3.4     4.5     5.7    51.8    74.2
2012 07 12  0100   56120    3600    0    -0.0     4.2    -1.7     4.5   -22.6    90.4
2012 07 12  0200   56120    7200    0    -0.3     5.1    -0.4     5.1    -4.9    93.3
2012 07 12  0300   56120   10800    0     0.5    -0.3    -4.7     4.7   -83.4   329.6
2012 07 12  0400   56120   14400    0     0.1    -4.0    -4.1     5.7   -45.7   270.8
2012 07 12  0500   56120   18000    0     2.2    -4.4    -1.7     5.2   -19.7   296.9
2012 07 12  0600   56120   21600    0     1.8    -2.7    -1.2     3.4   -20.0   304.6
2012 07 12  0700   56120   25200    0     1.8    -2.7    -2.6     4.2   -38.0   303.7
2012 07 12  0800   56120   28800    0    -2.1    -4.2     0.2     4.7     2.5   243.7
2012 07 12  0900   56120   32400    0    -2.5    -2.8     2.5     4.5    33.8   228.7
2012 07 12  1000   56120   36000    0    -0.9    -3.5     2.7     4.5    36.3   255.8
2012 07 12  1100   56120   39600    0     0.1     0.0     5.0     5.0    89.4     0.7
2012 07 12  1200   56120   43200    0    -0.9    -0.2     4.4     4.5    77.8   190.8
2012 07 12  1300   56120   46800    0    -1.9    -0.7     3.5     4.0    60.4   199.9
2012 07 12  1400   56120   50400    0    -2.0    -1.2     2.3     3.3    45.9   210.7
2012 07 12  1500   56120   54000    0    -0.8    -2.9     2.4     3.8    38.5   255.1
2012 07 12  1600   56120   57600    0    -1.8    -1.8     2.7     3.7    46.9   225.8
2012 07 12  1700   56120   61200    0    -3.1    -2.2     2.0     4.3    27.2   215.8
2012 07 12  1800   56120   64800    0    -3.2    -1.9     1.0     3.9    15.4   210.3
2012 07 12  1900   56120   68400    0    -3.6    -1.7     0.3     4.0     4.7   204.7
2012 07 12  2000   56120   72000    0    -3.6    -1.8     0.4     4.1     5.4   206.9
2012 07 12  2100   56120   75600    0    -3.3    -1.9     0.3     3.9     4.6   210.1
2012 07 12  2200   56120   79200    0    -3.5    -2.1     1.3     4.3    17.9   210.6
2012 07 12  2300   56120   82800    0    -3.5    -2.2     0.8     4.2    10.4   212.3
2012 07 13  0000   56121       0    0    -3.4    -1.7     0.8     3.9    11.6   205.7
2012 07 13  0100   56121    3600    0    -2.9    -2.1     1.1     3.7    16.8   215.6
2012 07 13  0200   56121    7200    0    -3.4    -1.4     0.4     3.7     6.2   202.8
2012 07 13  0300   56121   10800    0    -4.0    -1.0    -0.1     4.1    -1.8   193.6
2012 07 13  0400   56121   14400    0    -2.3    -2.3     1.4     3.6    22.7   225.4
2012 07 13  0500   56121   18000    0    -4.1    -0.9    -0.1     4.2    -0.7   193.0
2012 07 13  0600   56121   21600    0    -3.9    -1.1     0.4     4.1     4.9   195.4
2012 07 13  0700   56121   25200    0    -4.0    -0.5    -0.4     4.1    -5.2   187.4
2012 07 13  0800   56121   28800    0    -4.1    -0.8    -0.7     4.3    -9.4   191.5
2012 07 13  0900   56121   32400    0    -4.0    -1.2    -0.4     4.2    -4.9   196.3
2012 07 13  1000   56121   36000    0    -3.9    -1.0    -0.8     4.1   -11.7   194.3
2012 07 13  1100   56121   39600    0    -3.8     0.3    -1.5     4.1   -22.1   174.7
2012 07 13  1200   56121   43200    0    -3.5     0.9    -1.6     4.0   -23.9   166.2
2012 07 13  1300   56121   46800    0    -3.2     0.9    -2.1     3.9   -31.6   163.8
2012 07 13  1400   56121   50400    0    -3.3     1.1    -1.6     3.9   -25.1   161.7
2012 07 13  1500   56121   54000    0    -3.4     1.3    -1.2     3.8   -18.9   158.6
2012 07 13  1600   56121   57600    0    -3.4     1.2    -0.6     3.6    -9.4   160.8
2012 07 13  1700   56121   61200    0    -3.5     0.7    -0.1     3.6    -1.1   168.8
2012 07 13  1800   56121   64800    0    -3.5     0.6     0.4     3.6     6.2   169.9
2012 07 13  1900   56121   68400    0    -3.6     1.5    -0.2     3.9    -3.0   157.4
2012 07 13  2000   56121   72000    0    -3.1     2.2    -0.5     3.8    -7.4   144.4
2012 07 13  2100   56121   75600    0    -3.5     1.8    -0.8     4.0   -10.9   152.9
2012 07 13  2200   56121   79200    0    -3.5     1.7    -1.8     4.3   -24.8   154.5
2012 07 13  2300   56121   82800    0    -3.8     1.7    -0.5     4.2    -6.3   156.0
2012 07 14  0000   56122       0    0    -3.6     1.7     0.6     4.0     9.2   155.0
2012 07 14  0100   56122    3600    0    -3.7     1.1     1.0     3.9    14.0   163.0
2012 07 14  0200   56122    7200    0    -3.8    -0.7     1.5     4.1    21.3   191.1
2012 07 14  0300   56122   10800    0    -4.0    -1.7     0.9     4.5    11.2   203.1
2012 07 14  0400   56122   14400    0    -3.9    -2.2    -0.2     4.5    -1.9   209.9
2012 07 14  0500   56122   18000    0    -4.1    -0.8     0.3     4.2     4.0   191.0
2012 07 14  0600   56122   21600    0    -4.0     2.6    -1.0     4.8   -11.4   147.0
2012 07 14  0700   56122   25200    0    -4.0     2.8     0.3     4.9     4.1   145.1
2012 07 14  0800   56122   28800    0    -4.9     1.8    -0.3     5.3    -3.6   160.2
2012 07 14  0900   56122   32400    0    -4.5     1.3     0.0     4.7     0.2   163.8
2012 07 14  1000   56122   36000    0    -3.7     0.9    -1.2     4.0   -17.5   166.5
2012 07 14  1100   56122   39600    0    -3.8    -2.1    -1.4     4.6   -17.4   209.1
2012 07 14  1200   56122   43200    0    -3.0    -1.4     0.7     3.4    11.7   204.5
2012 07 14  1300   56122   46800    0    -2.9    -3.4    -0.7     4.4    -8.5   229.7
2012 07 14  1400   56122   50400    0    -0.2    -3.0     2.4     3.8    38.9   265.7
2012 07 14  1500   56122   54000    0    -2.0    -1.8    -2.7     3.9   -45.3   221.8
2012 07 14  1600   56122   57600    0    -1.5    -3.3    -1.7     4.0   -24.6   245.2
2012 07 14  1700   56122   61200    0    -3.4     5.7    -7.3     9.8   -47.7   120.5
2012 07 14  1800   56122   64800    0    -3.4     8.1    -9.4    12.9   -47.0   112.6
2012 07 14  1900   56122   68400    0    -2.7     6.0    -6.2     9.0   -43.3   114.5
2012 07 14  2000   56122   72000    0    -6.3     7.1    -4.0    10.3   -23.0   131.8
2012 07 14  2100   56122   75600    0     0.4    -1.6    -0.2     1.7    -8.2   285.0
2012 07 14  2200   56122   79200    0     1.4   -10.7    10.4    15.0    44.0   277.6
2012 07 14  2300   56122   82800    0    -5.5     7.4     4.7    10.4    27.3   126.5
2012 07 15  0000   56123       0    0     6.6   -10.4     1.1    12.4     4.9   302.6
2012 07 15  0100   56123    3600    0    10.7    -6.6    -2.8    12.9   -12.8   328.2
2012 07 15  0200   56123    7200    0    -4.3     2.3     0.1     4.9     1.1   151.5
2012 07 15  0300   56123   10800    0    -8.2     1.6    -2.2     8.6   -14.8   168.7
2012 07 15  0400   56123   14400    0     8.6     1.1    -3.7     9.4   -23.1     7.1
2012 07 15  0500   56123   18000    0     6.8     2.7    -4.4     8.5   -31.3    21.5
2012 07 15  0600   56123   21600    0    20.1     6.5   -15.5    26.2   -36.2    18.0
2012 07 15  0700   56123   25200    0    21.8     3.3   -17.1    27.9   -37.8     8.6
2012 07 15  0800   56123   28800    0    21.9    -1.7   -16.9    27.7   -37.5   355.4
2012 07 15  0900   56123   32400    0    21.5    -1.5   -16.5    27.1   -37.5   356.0
2012 07 15  1000   56123   36000    0    21.1    -0.5   -16.0    26.5   -37.2   358.5
2012 07 15  1100   56123   39600    0    19.2     1.1   -17.7    26.1   -42.7     3.2
2012 07 15  1200   56123   43200    0    18.5     2.9   -17.6    25.7   -43.2     9.0
2012 07 15  1300   56123   46800    0    17.9     1.9   -17.5    25.1   -44.2     6.1
2012 07 15  1400   56123   50400    0    17.0     4.0   -16.7    24.2   -43.7    13.1
2012 07 15  1500   56123   54000    0    15.2     6.3   -17.4    23.9   -46.6    22.4
2012 07 15  1600   56123   57600    0    14.0     6.6   -17.5    23.3   -48.5    25.3
2012 07 15  1700   56123   61200    0    12.8     7.8   -17.1    22.7   -48.7    31.5
2012 07 15  1800   56123   64800    0    13.7     6.2   -16.1    22.0   -47.0    24.4
2012 07 15  1900   56123   68400    0    13.4     6.5   -15.3    21.3   -45.8    26.1
2012 07 15  2000   56123   72000    0    12.6     7.1   -14.6    20.6   -45.3    29.3
2012 07 15  2100   56123   75600    0    12.6     6.0   -14.3    19.9   -45.7    25.6
2012 07 15  2200   56123   79200    0    11.8     4.8   -14.4    19.2   -48.4    22.2
2012 07 15  2300   56123   82800    0    11.0     4.4   -14.2    18.5   -50.1    21.6
2012 07 16  0000   56124       0    0    10.4     3.5   -14.3    18.0   -52.5    18.5
2012 07 16  0100   56124    3600    0    10.2     3.3   -13.6    17.3   -52.0    17.8
2012 07 16  0200   56124    7200    0     9.4     2.4   -13.6    16.7   -54.7    14.5
2012 07 16  0300   56124   10800    0     7.4     2.5   -14.3    16.3   -61.4    19.0
2012 07 16  0400   56124   14400    0     7.4     0.8   -13.8    15.7   -61.6     6.5
2012 07 16  0500   56124   18000    0     7.3    -0.9   -13.2    15.1   -60.9   352.6
2012 07 16  0600   56124   21600    0     6.6    -4.0   -12.3    14.5   -58.1   329.0
2012 07 16  0700   56124   25200    0     5.8    -5.0   -11.6    13.9   -56.5   319.5
2012 07 16  0800   56124   28800    0     4.5    -5.7   -11.3    13.4   -57.5   308.2
2012 07 16  0900   56124   32400    0     3.6    -7.1   -10.1    12.9   -51.9   297.1
2012 07 16  1000   56124   36000    0     2.1    -8.2    -9.2    12.5   -47.6   284.1
2012 07 16  1100   56124   39600    0     1.7    -9.2    -7.7    12.1   -39.4   280.8
2012 07 16  1200   56124   43200    0     1.4    -9.1    -6.9    11.5   -36.7   279.0
2012 07 16  1300   56124   46800    0     2.0    -8.3    -6.4    10.6   -36.9   283.5
2012 07 16  1400   56124   50400    0    -1.9    -9.3     1.2     9.6     6.9   258.6
2012 07 16  1500   56124   54000    0    -3.2    -9.9     3.1    10.9    16.5   252.3
2012 07 16  1600   56124   57600    0    -2.1   -10.2     1.4    10.5     7.6   258.4
2012 07 16  1700   56124   61200    0    -3.4   -10.3     0.7    10.9     3.5   251.7
2012 07 16  1800   56124   64800    0    -3.1   -10.0    -1.5    10.5    -8.4   252.8
2012 07 16  1900   56124   68400    0    -2.8    -9.7    -3.6    10.7   -19.5   254.0
2012 07 16  2000   56124   72000    0    -3.7    -8.7    -4.1    10.4   -23.5   246.8
2012 07 16  2100   56124   75600    0    -3.4    -8.2    -4.9    10.1   -29.2   247.4
2012 07 16  2200   56124   79200    0    -1.0    -7.8    -5.5     9.6   -34.9   262.7
2012 07 16  2300   56124   82800    0     0.6    -8.2    -5.1     9.7   -31.8   274.4
2012 07 17  0000   56125       0    0     0.3    -6.8    -6.4     9.4   -43.3   272.7
2012 07 17  0100   56125    3600    0     0.4    -4.8    -7.9     9.2   -58.4   274.8
2012 07 17  0200   56125    7200    0     1.0    -2.6    -8.4     8.9   -71.6   291.4
2012 07 17  0300   56125   10800    0     0.9    -3.3    -7.4     8.2   -65.4   285.9
2012 07 17  0400   56125   14400    0     1.1    -2.3    -6.8     7.3   -69.7   295.0
2012 07 17  0500   56125   18000    0     0.9    -1.8    -5.4     5.8   -70.0   297.0
2012 07 17  0600   56125   21600    0     3.1    -1.9    -1.5     3.9   -22.0   328.2
2012 07 17  0700   56125   25200    0     2.4    -3.6    -1.5     4.5   -18.8   303.4
2012 07 17  0800   56125   28800    0     3.0    -2.6     0.4     4.0     5.7   318.3
2012 07 17  0900   56125   32400    0     3.2    -0.2     1.5     3.6    25.4   356.3
2012 07 17  1000   56125   36000    0     2.5     0.4     2.3     3.4    42.4     9.6
2012 07 17  1100   56125   39600    0     1.8    -2.1     1.7     3.2    32.4   310.6
2012 07 17  1200   56125   43200    0     3.1    -2.1     0.6     3.8     9.6   326.3
2012 07 17  1300   56125   46800    0     2.8    -1.2     1.8     3.5    30.7   336.5
2012 07 17  1400   56125   50400    0     2.4    -3.2    -1.0     4.1   -13.5   306.8
2012 07 17  1500   56125   54000    0     1.6    -3.8    -0.9     4.1   -12.0   292.6
2012 07 17  1600   56125   57600    0     2.8    -2.0     1.6     3.8    25.1   324.3
2012 07 17  1700   56125   61200    0     2.1    -2.5     1.5     3.6    24.8   309.5
2012 07 17  1800   56125   64800    0     1.9    -3.4     0.0     3.9     0.7   298.4
2012 07 17  1900   56125   68400    0     2.9    -3.4    -0.8     4.5   -10.0   310.6
2012 07 17  2000   56125   72000    0     1.9    -3.7    -0.3     4.2    -3.9   296.8
2012 07 17  2100   56125   75600    0     2.2    -3.9    -1.1     4.6   -14.1   299.5
2012 07 17  2200   56125   79200    0     2.5    -3.5    -0.6     4.3    -8.5   306.1
2012 07 17  2300   56125   82800    0     2.2    -4.5    -0.9     5.1   -10.0   295.9
2012 07 18  0000   56126       0    0     2.8    -4.1     1.3     5.1    15.2   304.0
2012 07 18  0100   56126    3600    0     2.7    -1.4     3.9     5.0    52.3   333.1
2012 07 18  0200   56126    7200    0     2.6    -0.7     4.4     5.2    58.1   344.1
2012 07 18  0300   56126   10800    0     2.8    -3.5     1.1     4.6    14.4   308.7
2012 07 18  0400   56126   14400    0     1.8    -4.8     0.5     5.1     5.6   291.0
2012 07 18  0500   56126   18000    0     2.2    -4.4    -0.4     5.0    -4.2   296.8
2012 07 18  0600   56126   21600    0     1.9    -4.3     0.1     4.7     1.0   293.3
2012 07 18  0700   56126   25200    0     3.0    -3.7     1.4     4.9    16.2   309.1
2012 07 18  0800   56126   28800    0     2.7    -3.5     1.9     4.9    23.4   307.9
2012 07 18  0900   56126   32400    0     3.8    -2.4     1.7     4.8    20.9   328.0
2012 07 18  1000   56126   36000    0     2.3    -4.0     2.6     5.3    29.9   300.0
2012 07 18  1100   56126   39600    0     0.8    -4.6     2.7     5.4    30.2   279.6
2012 07 18  1200   56126   43200    0     2.7    -4.3     1.2     5.2    13.0   301.8
2012 07 18  1300   56126   46800    0     2.3    -4.6     1.2     5.2    13.6   296.3
2012 07 18  1400   56126   50400    0     3.0    -3.0     2.7     5.1    32.6   315.5
2012 07 18  1500   56126   54000    0     2.8    -3.6     1.9     5.0    23.1   307.1
2012 07 18  1600   56126   57600    0     0.7    -5.2     0.7     5.3     7.3   277.7
2012 07 18  1700   56126   61200    0     2.8    -4.6     0.7     5.5     7.1   301.0
2012 07 18  1800   56126   64800    0    -0.0    -5.1    -0.3     5.1    -3.6   269.7
2012 07 18  1900   56126   68400    0     1.3    -4.6    -0.5     4.8    -5.8   285.8
2012 07 18  2000   56126   72000    0     2.5    -3.8     0.0     4.6     0.4   303.3
2012 07 18  2100   56126   75600    0     2.2    -3.9     0.2     4.5     2.4   300.0
2012 07 18  2200   56126   79200    0     2.7    -2.8     0.8     4.0    11.9   313.9
2012 07 18  2300   56126   82800    0     2.4    -3.1     1.9     4.3    26.4   308.1
2012 07 19  0000   56127       0    0     3.4    -1.3     1.8     4.1    26.0   338.4
2012 07 19  0100   56127    3600    0     3.2    -2.9    -0.1     4.3    -0.9   317.8
2012 07 19  0200   56127    7200    0     1.1    -4.1    -0.7     4.3    -9.7   285.3
2012 07 19  0300   56127   10800    0     0.6    -3.0     1.8     3.6    30.7   281.1
2012 07 19  0400   56127   14400    0     3.3    -2.1     1.7     4.2    24.1   327.1
2012 07 19  0500   56127   18000    0     2.3    -3.9    -0.7     4.5    -8.7   300.4
2012 07 19  0600   56127   21600    0     1.2    -4.1     0.4     4.3     5.7   287.1
2012 07 19  0700   56127   25200    0     1.0    -4.2    -1.1     4.5   -14.4   283.8
2012 07 19  0800   56127   28800    0     0.1    -5.0    -0.4     5.0    -4.3   271.3
2012 07 19  0900   56127   32400    0     2.3    -2.2     0.3     3.2     5.9   316.6
2012 07 19  1000   56127   36000    0     2.4    -2.7     0.8     3.7    11.9   311.2
2012 07 19  1100   56127   39600    0     2.8     0.6    -3.2     4.3   -48.0    12.0
2012 07 19  1200   56127   43200    0     2.1    -1.4     1.1     2.8    22.9   326.3
2012 07 19  1300   56127   46800    0     2.0    -3.3     0.1     3.8     1.0   301.2
2012 07 19  1400   56127   50400    0     0.7    -4.8     0.0     4.8     0.2   277.8
2012 07 19  1500   56127   54000    0     1.8    -4.0    -0.6     4.4    -8.4   294.2
2012 07 19  1600   56127   57600    0     3.7    -2.4    -1.0     4.6   -13.2   327.1
2012 07 19  1700   56127   61200    0     3.3    -1.1     0.6     3.6    10.3   341.2
2012 07 19  1800   56127   64800    0     4.1     0.2     0.2     4.1     2.5     2.5
2012 07 19  1900   56127   68400    0     2.6     0.5     2.2     3.4    39.9    11.5
2012 07 19  2000   56127   72000    0     3.7     0.5     0.2     3.7     2.5     7.3
2012 07 19  2100   56127   75600    0     4.0     1.8     0.1     4.4     1.3    24.5
2012 07 19  2200   56127   79200    0     4.1    -0.1    -0.9     4.2   -11.9   358.5
2012 07 19  2300   56127   82800    0     2.6    -2.7    -1.7     4.1   -24.5   314.4
2012 07 20  0000   56128       0    0     0.5    -4.1    -2.4     4.8   -29.6   276.5
2012 07 20  0100   56128    3600    0     1.0    -4.2    -1.2     4.5   -15.4   283.6
2012 07 20  0200   56128    7200    0     3.2    -2.2    -2.0     4.4   -27.4   325.7
2012 07 20  0300   56128   10800    0     4.3    -2.1    -0.9     4.8   -10.3   334.1
2012 07 20  0400   56128   14400    0     3.6    -5.0    -1.7     6.4   -15.1   305.4
2012 07 20  0500   56128   18000    0     2.9    -6.7     2.4     7.7    18.4   293.9
2012 07 20  0600   56128   21600    0     2.9    -6.0     3.6     7.6    28.4   295.8
2012 07 20  0700   56128   25200    0     0.2    -6.3    -1.6     6.5   -14.4   272.1
2012 07 20  0800   56128   28800    0    -2.2    -4.4    -2.9     5.7   -30.3   243.4
2012 07 20  0900   56128   32400    0     2.7    -3.8     2.7     5.3    30.1   305.3
2012 07 20  1000   56128   36000    0     5.3     1.2     6.3     8.4    49.3    12.8
2012 07 20  1100   56128   39600    0     2.6    -2.7     2.6     4.6    34.8   313.9
2012 07 20  1200   56128   43200    0     4.1    -0.2     3.7     5.6    42.2   356.8
2012 07 20  1300   56128   46800    0    -0.6    -2.6    -4.2     4.9   -57.9   257.5
2012 07 20  1400   56128   50400    0    -0.9    -1.9    -5.2     5.6   -68.4   245.3
2012 07 20  1500   56128   54000    0    -1.3    -2.9    -4.9     5.9   -56.9   246.6
2012 07 20  1600   56128   57600    0    -2.6    -0.6    -4.6     5.3   -59.5   191.8
2012 07 20  1700   56128   61200    0    -3.0    -3.8    -1.9     5.2   -21.5   231.3
2012 07 20  1800   56128   64800    0    -2.3    -3.9    -1.3     4.7   -16.4   240.1
2012 07 20  1900   56128   68400    0     0.1    -1.4    -3.3     3.6   -67.4   272.4
2012 07 20  2000   56128   72000    0    -0.4    -2.7    -0.1     2.7    -2.3   261.1
2012 07 20  2100   56128   75600    0    -1.1    -1.3    -2.1     2.7   -51.5   227.8
2012 07 20  2200   56128   79200    0     1.4     2.2    -3.6     4.4   -54.9    57.7
2012 07 20  2300   56128   82800    0    -1.1     1.9    -3.5     4.1   -57.9   121.3
2012 07 21  0000   56129       0    0     0.3     2.0    -0.6     2.1   -17.1    82.3
2012 07 21  0100   56129    3600    0     0.6    -1.9     1.5     2.5    37.2   286.9
2012 07 21  0200   56129    7200    0    -0.2    -2.6    -0.9     2.8   -19.8   265.0
2012 07 21  0300   56129   10800    0     1.1     2.5     0.4     2.8     7.4    65.7
2012 07 21  0400   56129   14400    0     0.1     1.7     1.2     2.1    35.7    86.6
2012 07 21  0500   56129   18000    0    -0.6    -4.9     1.0     5.1    11.3   262.7
2012 07 21  0600   56129   21600    0    -1.3    -6.5    -2.2     7.0   -18.2   258.4
2012 07 21  0700   56129   25200    0    -0.5    -5.3     3.6     6.4    34.4   264.1
2012 07 21  0800   56129   28800    0     0.7    -6.1     2.7     6.7    23.4   276.4
2012 07 21  0900   56129   32400    0     1.4    -4.1     3.8     5.8    40.7   289.1
2012 07 21  1000   56129   36000    0     1.6    -3.9     3.6     5.6    40.3   291.6
2012 07 21  1100   56129   39600    0     1.5    -1.4     5.4     5.7    69.5   317.2
2012 07 21  1200   56129   43200    0     1.0    -1.7     5.3     5.6    69.4   300.7
2012 07 21  1300   56129   46800    0     1.0    -2.5     4.6     5.4    59.2   291.6
2012 07 21  1400   56129   50400    0    -0.8    -5.3     1.8     5.7    18.4   261.8
2012 07 21  1500   56129   54000    0    -1.2    -7.1     4.3     8.4    31.2   260.3
2012 07 21  1600   56129   57600    0     4.8     1.0     8.6     9.8    60.1    11.2
2012 07 21  1700   56129   61200    0     5.4     5.9     7.8    11.2    44.1    47.2
2012 07 21  1800   56129   64800    0     1.4     2.3     4.8     5.5    60.5    59.8
2012 07 21  1900   56129   68400    0     0.8    -0.0     5.2     5.3    81.4   359.9
2012 07 21  2000   56129   72000    0     3.6     2.4     5.5     7.0    52.2    33.7
2012 07 21  2100   56129   75600    0     4.0     0.5     5.0     6.5    51.1     6.8
2012 07 21  2200   56129   79200    0     3.5     0.6     5.8     6.8    58.9     9.0
2012 07 21  2300   56129   82800    0     3.9     1.2     4.9     6.4    50.2    16.7
2012 07 22  0000   56130       0    0     3.8    -2.2     4.7     6.4    47.0   329.9
2012 07 22  0100   56130    3600    0     2.7    -3.0     2.7     4.8    34.0   312.3
2012 07 22  0200   56130    7200    0    -0.5    -5.2     0.2     5.2     2.7   264.2
2012 07 22  0300   56130   10800    0    -0.5    -5.0    -2.1     5.4   -23.0   264.2
2012 07 22  0400   56130   14400    0    -1.0     1.8    -3.9     4.4   -62.0   119.6
2012 07 22  0500   56130   18000    0    -0.8    -2.9    -3.8     4.9   -51.7   253.9
2012 07 22  0600   56130   21600    0     0.5    -4.9    -0.9     5.0   -10.0   276.2
2012 07 22  0700   56130   25200    0     0.1    -5.6     0.2     5.6     2.4   270.7
2012 07 22  0800   56130   28800    0     1.1    -4.4     2.0     4.9    23.8   284.3
2012 07 22  0900   56130   32400    0     1.7    -4.9     0.4     5.2     4.8   288.6
2012 07 22  1000   56130   36000    0     2.5    -4.2     2.0     5.3    22.6   300.7
2012 07 22  1100   56130   39600    0     2.4    -2.4     3.5     4.8    45.8   314.9
2012 07 22  1200   56130   43200    0     3.3    -1.8     1.2     4.0    17.7   331.1
2012 07 22  1300   56130   46800    0     3.6    -0.8     1.4     3.9    20.4   347.0
2012 07 22  1400   56130   50400    0     3.7    -0.4     1.2     3.9    18.4   354.2
2012 07 22  1500   56130   54000    0     3.7     0.2     0.9     3.8    12.9     2.3
2012 07 22  1600   56130   57600    0     3.4    -0.1     1.0     3.5    16.1   357.6
2012 07 22  1700   56130   61200    0     3.5    -1.1     1.1     3.8    16.2   342.9
2012 07 22  1800   56130   64800    0     3.5    -0.7     0.5     3.6     8.3   349.0
2012 07 22  1900   56130   68400    0     3.2    -0.7     0.0     3.2     0.3   346.7
2012 07 22  2000   56130   72000    0     2.8    -0.4    -0.4     2.8    -8.1   351.5
2012 07 22  2100   56130   75600    0     3.1    -0.7     0.4     3.2     6.7   346.7
2012 07 22  2200   56130   79200    0     1.4     0.4     0.9     1.8    32.2    15.3
2012 07 22  2300   56130   82800    0     2.1     0.5    -0.3     2.2    -7.9    12.1
2012 07 23  0000   56131       0    0     2.7     1.2     1.0     3.1    17.8    22.9
2012 07 23  0100   56131    3600    0     2.9     1.7     1.0     3.5    16.2    29.7
2012 07 23  0200   56131    7200    0    -0.3    -2.9     0.1     3.0     1.5   263.8
2012 07 23  0300   56131   10800    0     1.7    -1.5     0.5     2.3    12.1   319.0
2012 07 23  0400   56131   14400    0     2.5     0.6     1.7     3.1    33.0    12.6
2012 07 23  0500   56131   18000    0     0.8     0.8     2.1     2.3    61.7    43.1
2012 07 23  0600   56131   21600    0     2.9     1.9     3.0     4.6    41.3    34.2
2012 07 23  0700   56131   25200    0     2.8     2.7     2.3     4.5    30.4    44.5
2012 07 23  0800   56131   28800    0     2.9     1.7     0.1     3.4     1.4    31.3
2012 07 23  0900   56131   32400    0     1.1     4.5    -1.0     4.8   -12.7    75.9
2012 07 23  1000   56131   36000    0    -1.3     4.4    -3.2     5.6   -35.3   106.5
2012 07 23  1100   56131   39600    0    -3.7     1.8    -5.2     6.6   -51.9   154.2
2012 07 23  1200   56131   43200    0    -2.2     5.0    -1.8     5.8   -17.8   113.9
2012 07 23  1300   56131   46800    0    -5.8     0.0    -2.8     6.5   -26.0   179.8
2012 07 23  1400   56131   50400    0    -4.4    -2.2    -3.6     6.1   -35.9   206.3
2012 07 23  1500   56131   54000    0    -0.7    -5.9     1.3     6.1    12.2   263.0
2012 07 23  1600   56131   57600    0    -4.9     2.7    -2.9     6.3   -27.1   150.6
2012 07 23  1700   56131   61200    0    -4.5     3.3    -3.1     6.4   -29.1   143.5
2012 07 23  1800   56131   64800    0    -5.1     2.9    -3.8     7.0   -33.1   150.8
2012 07 23  1900   56131   68400    0    -2.6     4.3    -1.6     5.2   -17.3   120.8
2012 07 23  2000   56131   72000    0    -0.5     5.4     1.6     5.7    16.6    95.0
2012 07 23  2100   56131   75600    0    -3.7     4.4    -0.2     5.7    -1.6   130.1
2012 07 23  2200   56131   79200    0    -5.4     1.0    -0.7     5.5    -7.2   169.3
2012 07 23  2300   56131   82800    0    -3.4     0.0     2.2     4.1    33.2   179.7
2012 07 24  0000   56132       0    0    -5.2     0.5    -0.7     5.3    -7.8   174.4
2012 07 24  0100   56132    3600    0    -4.5     1.6    -2.4     5.4   -26.3   160.0
2012 07 24  0200   56132    7200    0    -4.1     2.9    -2.5     5.6   -26.3   144.9
2012 07 24  0300   56132   10800    0     0.7     3.6     3.1     4.9    40.3    78.4
2012 07 24  0400   56132   14400    0    -1.7     3.3    -1.0     3.9   -15.9   117.3
2012 07 24  0500   56132   18000    0    -3.2     1.2    -0.2     3.5    -4.0   159.5
2012 07 24  0600   56132   21600    0    -2.9     1.1    -0.0     3.1    -0.7   159.2
2012 07 24  0700   56132   25200    0    -2.6     3.5    -0.1     4.4    -0.8   126.6
2012 07 24  0800   56132   28800    0    -1.3     2.8    -0.2     3.1    -3.7   114.2
2012 07 24  0900   56132   32400    0     0.2     4.1     0.3     4.1     3.6    87.5
2012 07 24  1000   56132   36000    0    -3.9     1.7    -1.4     4.5   -17.7   156.6
2012 07 24  1100   56132   39600    0    -3.7    -2.3    -2.5     5.0   -30.0   212.1
2012 07 24  1200   56132   43200    0    -4.3    -1.5    -2.4     5.2   -27.2   198.6
2012 07 24  1300   56132   46800    0    -4.4     0.3    -1.9     4.8   -22.8   176.0
2012 07 24  1400   56132   50400    0    -3.8     2.3     1.1     4.6    14.2   148.7
2012 07 24  1500   56132   54000    0    -2.4     4.7    -0.6     5.3    -6.1   117.3
2012 07 24  1600   56132   57600    0    -4.0     1.8    -0.9     4.5   -11.5   155.3
2012 07 24  1700   56132   61200    0    -0.7     4.4     0.5     4.5     6.9    98.9
2012 07 24  1800   56132   64800    0    -0.9     4.7     1.3     5.0    14.7   100.8
2012 07 24  1900   56132   68400    0    -2.4     4.3     0.8     5.0     9.3   119.5
2012 07 24  2000   56132   72000    0    -0.5     3.1     2.2     3.8    34.9    99.2
2012 07 24  2100   56132   75600    0    -2.5     3.3     1.0     4.2    13.9   127.2
2012 07 24  2200   56132   79200    0    -2.8     2.5    -0.0     3.8    -0.7   139.1
2012 07 24  2300   56132   82800    0    -2.0     2.0    -2.7     3.9   -43.6   135.4
2012 07 25  0000   56133       0    0    -2.0     2.8     0.4     3.5     6.4   125.7
2012 07 25  0100   56133    3600    0    -1.5     3.1     1.1     3.7    17.7   114.9
2012 07 25  0200   56133    7200    0    -0.7     3.3     1.5     3.7    23.9   101.3
2012 07 25  0300   56133   10800    0    -1.9     2.5     1.0     3.3    17.7   126.8
2012 07 25  0400   56133   14400    0    -2.7     2.6     0.8     3.8    12.1   137.1
2012 07 25  0500   56133   18000    0    -2.6     2.4     0.5     3.5     7.9   137.8
2012 07 25  0600   56133   21600    0    -3.7     0.8     1.0     3.9    14.2   168.3
2012 07 25  0700   56133   25200    0    -3.0     2.0    -1.1     3.8   -16.9   145.3
2012 07 25  0800   56133   28800    0    -2.7     2.5    -1.2     3.9   -18.9   136.8
2012 07 25  0900   56133   32400    0    -1.8     2.5    -1.8     3.6   -31.0   125.7
2012 07 25  1000   56133   36000    0    -1.2     2.1    -2.4     3.4   -44.3   119.6
2012 07 25  1100   56133   39600    0    -3.1     1.2    -0.9     3.5   -15.8   159.6
2012 07 25  1200   56133   43200    0    -3.6     0.9     0.2     3.7     3.2   166.1
2012 07 25  1300   56133   46800    0    -3.1     1.3     0.6     3.5    10.7   157.4
2012 07 25  1400   56133   50400    0    -2.8     1.5     0.0     3.2     0.4   152.0
2012 07 25  1500   56133   54000    0    -1.3     3.4    -0.9     3.7   -13.6   111.5
2012 07 25  1600   56133   57600    0    -0.9     3.3    -0.4     3.4    -6.2   106.1
2012 07 25  1700   56133   61200    0    -1.4     3.0     0.1     3.3     2.2   115.6
2012 07 25  1800   56133   64800    0    -2.0     3.1    -0.1     3.7    -0.9   122.2
2012 07 25  1900   56133   68400    0    -2.5     2.4    -0.3     3.5    -5.6   136.0
2012 07 25  2000   56133   72000    0    -1.9     2.8    -0.2     3.4    -4.1   124.6
2012 07 25  2100   56133   75600    0    -1.0     2.8     0.9     3.1    17.2   109.9
2012 07 25  2200   56133   79200    0    -2.1     2.5     0.1     3.2     2.4   129.9
2012 07 25  2300   56133   82800    0    -2.9     2.2    -0.8     3.7   -12.0   142.6
2012 07 26  0000   56134       0    0    -2.8     2.1    -1.2     3.7   -19.0   143.3
2012 07 26  0100   56134    3600    0    -3.0     1.7    -1.0     3.6   -16.9   149.6
2012 07 26  0200   56134    7200    0    -2.5     2.2    -1.2     3.5   -19.3   139.1
2012 07 26  0300   56134   10800    0    -2.3     2.3    -0.9     3.4   -15.9   135.3
2012 07 26  0400   56134   14400    0    -2.0     2.4    -0.6     3.2   -11.2   129.6
2012 07 26  0500   56134   18000    0    -1.4     2.6    -0.6     3.0   -10.8   117.5
2012 07 26  0600   56134   21600    0    -1.7     2.4    -0.8     3.0   -15.8   126.3
2012 07 26  0700   56134   25200    0    -1.9     2.2    -1.3     3.1   -23.6   131.2
2012 07 26  0800   56134   28800    0    -1.4     1.5    -2.1     2.9   -44.6   133.2
2012 07 26  0900   56134   32400    0    -2.0     1.3    -0.9     2.6   -20.1   146.5
2012 07 26  1000   56134   36000    0    -1.6     0.8    -1.2     2.2   -33.9   154.3
2012 07 26  1100   56134   39600    0    -0.8     1.1    -0.4     1.4   -15.9   127.1
2012 07 26  1200   56134   43200    0    -0.8     1.5     1.3     2.1    38.5   120.1
2012 07 26  1300   56134   46800    0     1.2     0.4     2.7     3.0    65.6    20.7
2012 07 26  1400   56134   50400    0     0.6     1.3     2.7     3.1    62.2    63.7
2012 07 26  1500   56134   54000    0     1.1    -0.1     2.9     3.1    68.8   352.9
2012 07 26  1600   56134   57600    0     1.0     0.4     3.5     3.6    72.6    20.1
2012 07 26  1700   56134   61200    0     0.4     2.5     3.4     4.2    52.5    80.9
2012 07 26  1800   56134   64800    0     0.6     1.8     3.5     4.0    60.9    73.0
2012 07 26  1900   56134   68400    0     0.6     1.2     3.8     4.1    70.2    62.2
2012 07 26  2000   56134   72000    0     0.5     1.1     4.1     4.2    73.7    64.3
2012 07 26  2100   56134   75600    0     0.8     1.6     3.9     4.3    65.1    62.6
2012 07 26  2200   56134   79200    0     0.7     2.5     3.2     4.2    50.9    75.3
2012 07 26  2300   56134   82800    0    -0.3     2.6     3.2     4.1    50.5    96.8
2012 07 27  0000   56135       0    0    -1.4     3.3     2.1     4.2    30.3   112.7
2012 07 27  0100   56135    3600    0    -1.9     1.3     3.9     4.6    59.2   145.2
2012 07 27  0200   56135    7200    0    -1.6    -0.6     4.3     4.6    68.0   199.1
2012 07 27  0300   56135   10800    0    -3.1    -1.7     4.3     5.6    50.6   208.9
2012 07 27  0400   56135   14400    0    -1.3     0.1     5.2     5.3    76.5   177.5
2012 07 27  0500   56135   18000    0     0.5     0.4     5.5     5.5    83.7    37.1
2012 07 27  0600   56135   21600    0     0.4     1.0     5.3     5.4    78.7    68.2
2012 07 27  0700   56135   25200    0     2.4     1.6     3.9     4.9    53.8    32.7
2012 07 27  0800   56135   28800    0    -0.2     1.0     5.1     5.2    78.7    99.5
2012 07 27  0900   56135   32400    0    -0.7     2.8     5.0     5.8    59.6   103.3
2012 07 27  1000   56135   36000    0    -1.5     4.3     3.7     5.8    39.0   108.7
2012 07 27  1100   56135   39600    0    -1.9     5.0     2.3     5.8    23.4   110.7
2012 07 27  1200   56135   43200    0    -1.4     5.1     1.1     5.4    11.7   104.8
2012 07 27  1300   56135   46800    0    -0.9     4.9     1.9     5.4    21.1   100.8
2012 07 27  1400   56135   50400    0    -0.6     3.8     4.0     5.6    46.1    98.5
2012 07 27  1500   56135   54000    0    -0.1     0.8     5.5     5.5    81.1    98.4
2012 07 27  1600   56135   57600    0     1.5    -2.6     4.8     5.6    57.7   300.1
2012 07 27  1700   56135   61200    0     0.2    -0.1     6.0     6.0    87.6   323.9
2012 07 27  1800   56135   64800    0    -0.2     0.3     6.0     6.1    87.2   122.2
2012 07 27  1900   56135   68400    0     0.2    -0.0     7.2     7.2    88.4   347.8
2012 07 27  2000   56135   72000    0    -1.6     3.2     8.4     9.1    66.6   116.4
2012 07 27  2100   56135   75600    0    -3.4     5.2     8.2    10.3    52.7   123.1
2012 07 27  2200   56135   79200    0     0.3     2.6     9.9    10.2    75.3    83.9
2012 07 27  2300   56135   82800    0     1.8     1.4    11.0    11.2    78.0    37.9
2012 07 28  0000   56136       0    0     1.1     3.2    11.2    11.7    73.1    71.7
2012 07 28  0100   56136    3600    0    -1.3     8.0     9.8    12.7    50.6    99.4
2012 07 28  0200   56136    7200    0    -2.8    10.1     6.4    12.3    31.6   105.3
2012 07 28  0300   56136   10800    0    -2.4     8.0     6.8    10.8    39.1   107.0
2012 07 28  0400   56136   14400    0    -1.0     7.9     4.0     8.9    26.8    97.6
2012 07 28  0500   56136   18000    0     4.5     2.7     9.8    11.1    61.8    30.8
2012 07 28  0600   56136   21600    0     5.4     9.9     6.4    13.1    29.7    61.4
2012 07 28  0700   56136   25200    0     1.7    11.8     3.6    12.4    16.8    81.8
2012 07 28  0800   56136   28800    0     1.8    10.1    -0.6    10.3    -3.6    80.1
2012 07 28  0900   56136   32400    0     0.6     7.3    -4.0     8.4   -28.4    85.6
2012 07 28  1000   56136   36000    0    -1.6     8.8    -3.1     9.5   -18.9   100.2
2012 07 28  1100   56136   39600    0    -4.7     6.6    -4.7     9.4   -30.3   125.0
2012 07 28  1200   56136   43200    0    -5.3     3.1    -6.2     8.7   -45.1   150.0
2012 07 28  1300   56136   46800    0    -4.6     0.1    -7.2     8.5   -57.2   179.1
2012 07 28  1400   56136   50400    0    -4.8     1.1    -7.8     9.2   -57.5   167.2
2012 07 28  1500   56136   54000    0    -4.4    -1.7    -7.7     9.0   -58.3   201.3
2012 07 28  1600   56136   57600    0    -4.6    -1.7    -7.4     8.9   -56.4   200.8
2012 07 28  1700   56136   61200    0    -3.8    -0.5    -7.2     8.2   -62.1   187.7
2012 07 28  1800   56136   64800    0    -4.0     0.6    -7.6     8.6   -61.6   171.8
2012 07 28  1900   56136   68400    0    -1.4    -1.7    -7.2     7.5   -73.4   230.5
2012 07 28  2000   56136   72000    0    -0.7    -4.0    -6.2     7.4   -57.1   260.5
2012 07 28  2100   56136   75600    0     0.9    -3.0    -3.4     4.6   -47.8   287.1
2012 07 28  2200   56136   79200    0     3.0    -3.4    -3.0     5.4   -33.5   311.2
2012 07 28  2300   56136   82800    0     4.7    -4.5    -0.9     6.6    -7.7   315.8
2012 07 29  0000   56137       0    0     4.2    -4.5     3.4     7.0    29.4   313.1
2012 07 29  0100   56137    3600    0     2.1    -3.2     4.7     6.1    50.5   303.4
2012 07 29  0200   56137    7200    0     2.3    -3.6     1.7     4.7    22.1   302.5
2012 07 29  0300   56137   10800    0    -1.0     1.3     1.2     2.0    36.2   126.7
2012 07 29  0400   56137   14400    0    -1.0     2.2    -4.4     5.0   -61.2   113.8
2012 07 29  0500   56137   18000    0    -0.9     0.1    -4.7     4.8   -79.1   171.6
2012 07 29  0600   56137   21600    0    -1.5    -2.9    -4.1     5.2   -51.6   242.0
2012 07 29  0700   56137   25200    0     0.9    -3.1    -2.7     4.3   -40.1   285.3
2012 07 29  0800   56137   28800    0     1.0    -4.0    -3.3     5.2   -38.4   284.0
2012 07 29  0900   56137   32400    0     4.5    -2.7     3.6     6.3    34.5   329.4
2012 07 29  1000   56137   36000    0     2.0     1.3     3.1     3.9    52.5    32.9
2012 07 29  1100   56137   39600    0     3.7    -0.9     5.2     6.5    53.7   346.4
2012 07 29  1200   56137   43200    0     2.0    -0.3     3.5     4.1    60.0   350.6
2012 07 29  1300   56137   46800    0     1.9     1.2     7.2     7.6    73.0    32.8
2012 07 29  1400   56137   50400    0     3.0    -0.9     6.9     7.6    65.6   342.4
2012 07 29  1500   56137   54000    0     1.1    -4.8     6.6     8.2    53.4   282.8
2012 07 29  1600   56137   57600    0     6.6    -3.1     4.1     8.4    29.2   335.3
2012 07 29  1700   56137   61200    0     5.7    -2.1     4.8     7.8    38.1   339.4
2012 07 29  1800   56137   64800    0     6.1    -2.0     4.3     7.7    34.1   341.7
2012 07 29  1900   56137   68400    0     5.7    -0.8     5.1     7.7    41.6   352.4
2012 07 29  2000   56137   72000    0     5.8    -1.8     4.9     7.8    38.9   343.1
2012 07 29  2100   56137   75600    0     5.4    -2.5     5.2     7.9    41.1   335.6
2012 07 29  2200   56137   79200    0     5.9    -3.6     3.2     7.7    25.0   328.6
2012 07 29  2300   56137   82800    0     6.4    -5.0     2.2     8.4    15.5   322.2
2012 07 30  0000   56138       0    0     6.1    -4.8     0.9     7.8     6.5   321.4
2012 07 30  0100   56138    3600    0     3.4    -4.4    -2.9     6.3   -27.4   307.8
2012 07 30  0200   56138    7200    0     4.4    -3.7    -0.5     5.8    -4.5   319.8
2012 07 30  0300   56138   10800    0     4.7    -3.8     2.0     6.4    18.7   320.9
2012 07 30  0400   56138   14400    0     3.3    -3.8    -2.5     5.6   -26.7   311.5
2012 07 30  0500   56138   18000    0     4.1    -3.0    -2.6     5.7   -26.8   323.2
2012 07 30  0600   56138   21600    0    -1.9    -1.6    -7.6     8.0   -71.7   221.0
2012 07 30  0700   56138   25200    0     2.6    -4.0    -1.0     4.9   -12.0   302.5
2012 07 30  0800   56138   28800    0     1.1     0.8     5.4     5.6    75.8    38.1
2012 07 30  0900   56138   32400    0    -1.0     1.4     5.2     5.5    71.5   124.9
2012 07 30  1000   56138   36000    0    -1.7     1.0    -3.1     3.7   -58.7   149.7
2012 07 30  1100   56138   39600    0    -0.9    -2.1    -6.9     7.2   -71.6   246.9
2012 07 30  1200   56138   43200    0    -0.9    -2.4    -6.8     7.2   -69.3   249.3
2012 07 30  1300   56138   46800    0    -0.3    -3.9    -5.6     6.8   -54.9   265.1
2012 07 30  1400   56138   50400    0     0.2    -5.5    -5.1     7.5   -42.8   272.1
2012 07 30  1500   56138   54000    0    -0.5    -3.2    -6.4     7.2   -63.6   261.8
2012 07 30  1600   56138   57600    0    -4.2     1.6    -6.0     7.5   -53.2   158.8
2012 07 30  1700   56138   61200    0    -0.2     0.7    -4.5     4.5   -81.0   109.8
2012 07 30  1800   56138   64800    0     6.9    -3.8    -1.0     8.0    -7.2   331.1
2012 07 30  1900   56138   68400    0     6.7    -4.0     1.7     8.0    12.6   328.9
2012 07 30  2000   56138   72000    0     6.7    -4.2     0.4     7.9     3.1   328.0
2012 07 30  2100   56138   75600    0     5.7    -4.9     1.6     7.6    11.9   319.0
2012 07 30  2200   56138   79200    0     6.0    -4.6     1.2     7.7     8.6   322.3
2012 07 30  2300   56138   82800    0     6.2    -3.2     1.2     7.0     9.4   332.5
2012 07 31  0000   56139       0    0     5.1    -4.6     1.7     7.1    13.8   317.9
2012 07 31  0100   56139    3600    0     4.2    -4.2     3.6     7.0    31.1   315.2
2012 07 31  0200   56139    7200    0     4.9    -3.6     1.8     6.3    16.9   323.7
2012 07 31  0300   56139   10800    0     5.1    -3.4    -0.9     6.2    -8.6   326.6
2012 07 31  0400   56139   14400    0     4.5    -2.2     3.3     6.0    33.0   334.1
2012 07 31  0500   56139   18000    0     4.5    -2.1     3.4     6.0    34.6   334.5
2012 07 31  0600   56139   21600    0     4.6    -1.8     3.2     5.8    32.9   338.4
2012 07 31  0700   56139   25200    0     4.5    -2.5     1.6     5.4    17.3   330.7
2012 07 31  0800   56139   28800    0     3.3    -2.1     3.6     5.4    42.4   327.3
2012 07 31  0900   56139   32400    0     2.8    -1.9     4.0     5.2    50.2   325.5
2012 07 31  1000   56139   36000    0     3.4    -3.4     1.5     5.0    16.8   314.6
2012 07 31  1100   56139   39600    0     2.9    -2.5     2.1     4.4    28.5   318.5
2012 07 31  1200   56139   43200    0     1.0    -1.2     4.8     5.1    71.6   310.6
2012 07 31  1300   56139   46800    0     1.1    -0.6     3.6     3.8    70.4   332.6
2012 07 31  1400   56139   50400    0     2.7    -3.5     0.1     4.5     1.8   307.5
2012 07 31  1500   56139   54000    0     0.8    -0.6     1.9     2.1    62.0   323.0
2012 07 31  1600   56139   57600    0     2.0    -0.9     2.1     3.0    43.8   335.8
2012 07 31  1700   56139   61200    0     2.2    -1.9    -0.4     3.0    -8.6   318.9
2012 07 31  1800   56139   64800    0     2.6    -0.6    -0.9     2.8   -17.9   346.5
2012 07 31  1900   56139   68400    0     2.5    -0.9     0.9     2.8    18.2   339.8
2012 07 31  2000   56139   72000    0     2.6    -1.3    -1.6     3.3   -28.1   333.0
2012 07 31  2100   56139   75600    0     1.5    -0.7    -2.7     3.2   -59.4   335.2
2012 07 31  2200   56139   79200    0     1.9    -0.2    -2.1     2.9   -47.7   354.6
2012 07 31  2300   56139   82800    0     0.9     1.0     2.7     3.0    63.9    48.8
