:Product: 201206_ace_epam_1h.txt
:Issued: 2012 Jul 01 0510 UT
# Prepared by the U.S. Dept. of Commerce, NOAA, Space Weather Prediction Center
# Please send comments and suggestions to SWPC.Webmaster@noaa.gov 
# 
# Units: Differential Flux particles/cm2-s-ster-MeV
# Units: Anisotropy Index 0.0 - 2.0
# Status(S): 0 = nominal, 4,6,7,8 = bad data, unable to process, 9 = no data
# Missing data values: -1.00e+05, index = -1.00
# Source: ACE Satellite - Electron, Proton, and Alpha Monitor
#
#                      Hourly Averaged Real-time Differential Electron and Proton Flux 
# 
#                Modified Seconds ---------------------------- Differential Flux ---------------------------
# UT Date   Time  Julian  of the  ----- Electron -----   ------------------- Protons keV -------------------  Anis.
# YR MO DA  HHMM    Day    Day    S    38-53   175-315   S    47-68   115-195   310-580   795-1193 1060-1900  Index
#------------------------------------------------------------------------------------------------------------------
2012 06 01  0000   56079       0  0  9.08e+02  2.62e+01  0  1.07e+03  2.42e+01  2.64e+00  9.51e-01  3.56e-01  -1.00
2012 06 01  0100   56079    3600  0  8.52e+02  2.80e+01  0  2.24e+05  1.03e+05  2.85e+00  1.59e+03  8.06e+02  -1.00
2012 06 01  0200   56079    7200  0  8.58e+02  2.73e+01  0  1.07e+03  2.24e+01  2.60e+00  9.26e-01  3.00e-01  -1.00
2012 06 01  0300   56079   10800  0  8.48e+02  2.60e+01  0  1.02e+03  2.10e+01  2.29e+00  7.95e-01  2.77e-01  -1.00
2012 06 01  0400   56079   14400  0  8.15e+02  2.52e+01  0  1.02e+03  1.89e+01  2.43e+00  7.26e-01  2.62e-01  -1.00
2012 06 01  0500   56079   18000  0  7.64e+02  2.35e+01  0  1.06e+03  2.09e+01  2.47e+00  8.21e-01  3.05e-01  -1.00
2012 06 01  0600   56079   21600  0  7.81e+02  2.32e+01  0  1.01e+03  1.99e+01  2.42e+00  7.37e-01  2.83e-01  -1.00
2012 06 01  0700   56079   25200  0  7.95e+02  2.62e+01  0  1.01e+03  1.95e+01  2.24e+00  8.14e-01  2.64e-01  -1.00
2012 06 01  0800   56079   28800  0  8.16e+02  2.54e+01  0  1.01e+03  1.91e+01  2.32e+00  7.55e-01  2.80e-01  -1.00
2012 06 01  0900   56079   32400  0  8.47e+02  2.76e+01  0  1.03e+03  2.20e+01  2.56e+00  8.81e-01  2.53e-01  -1.00
2012 06 01  1000   56079   36000  0  8.63e+02  2.53e+01  0  9.92e+02  2.11e+01  2.42e+00  8.59e-01  2.71e-01  -1.00
2012 06 01  1100   56079   39600  0  8.47e+02  2.50e+01  0  1.01e+03  1.96e+01  2.44e+00  7.28e-01  2.28e-01  -1.00
2012 06 01  1200   56079   43200  0  8.21e+02  2.64e+01  0  1.04e+03  1.93e+01  2.18e+00  8.01e-01  2.72e-01  -1.00
2012 06 01  1300   56079   46800  0  7.75e+02  2.51e+01  0  1.02e+03  1.88e+01  2.30e+00  8.77e-01  3.04e-01  -1.00
2012 06 01  1400   56079   50400  0  7.81e+02  2.56e+01  0  9.84e+02  1.84e+01  2.42e+00  7.53e-01  2.73e-01  -1.00
2012 06 01  1500   56079   54000  0  7.62e+02  2.55e+01  0  9.97e+02  1.79e+01  2.44e+00  8.00e-01  2.96e-01  -1.00
2012 06 01  1600   56079   57600  0  7.77e+02  2.41e+01  0  9.82e+02  1.67e+01  2.26e+00  7.94e-01  2.37e-01  -1.00
2012 06 01  1700   56079   61200  0  8.91e+02  2.07e+03  0  3.14e+04  1.79e+01  2.24e+00  9.95e-01  2.45e-01  -1.00
2012 06 01  1800   56079   64800  0  7.57e+02  2.50e+01  0  9.86e+02  1.77e+01  2.29e+00  7.46e-01  2.62e-01  -1.00
2012 06 01  1900   56079   68400  0  7.35e+02  2.46e+01  0  9.96e+02  1.64e+01  2.42e+00  8.79e-01  2.44e-01  -1.00
2012 06 01  2000   56079   72000  0  7.44e+02  2.42e+01  0  1.00e+03  1.80e+01  2.39e+00  8.03e-01  2.63e+01  -1.00
2012 06 01  2100   56079   75600  0  7.23e+02  2.49e+01  0  9.97e+02  1.83e+01  2.13e+00  8.34e-01  2.71e-01  -1.00
2012 06 01  2200   56079   79200  0  7.46e+02  2.45e+01  0  1.01e+03  1.81e+01  2.26e+00  7.06e-01  2.64e-01  -1.00
2012 06 01  2300   56079   82800  0  7.71e+02  2.70e+01  0  1.00e+03  1.76e+01  2.35e+00  7.45e-01  2.40e-01  -1.00
2012 06 02  0000   56080       0  0  1.36e+03  3.16e+01  0  1.03e+03  1.78e+01  2.46e+00  4.04e+01  3.18e+00  -1.00
2012 06 02  0100   56080    3600  0  1.88e+03  3.52e+01  0  1.00e+03  1.81e+01  2.43e+00  8.20e-01  2.43e-01  -1.00
2012 06 02  0200   56080    7200  0  2.03e+03  3.56e+01  0  1.00e+03  1.82e+01  2.48e+00  8.58e-01  2.86e-01  -1.00
2012 06 02  0300   56080   10800  0  1.84e+03  3.39e+01  0  1.00e+03  1.79e+01  2.54e+00  9.23e-01  3.23e-01  -1.00
2012 06 02  0400   56080   14400  0  8.72e+04  2.84e+04  0  3.99e+05  9.55e+04  2.85e+04  8.71e+03  4.42e+03  -1.00
2012 06 02  0500   56080   18000  0  1.62e+03  2.90e+01  0  1.00e+03  1.73e+01  2.56e+00  9.57e-01  2.91e-01  -1.00
2012 06 02  0600   56080   21600  0  1.46e+03  2.79e+01  0  1.03e+03  1.79e+01  2.26e+00  9.15e-01  3.10e-01  -1.00
2012 06 02  0700   56080   25200  0  1.48e+03  2.91e+01  0  9.87e+02  1.79e+01  2.50e+00  1.23e+00  4.40e-01  -1.00
2012 06 02  0800   56080   28800  0  1.54e+03  3.02e+01  0  1.00e+03  1.70e+01  2.44e+00  2.96e+00  7.90e-01  -1.00
2012 06 02  0900   56080   32400  0  1.44e+03  2.79e+01  0  9.99e+02  1.87e+01  2.47e+00  2.92e+00  7.77e-01  -1.00
2012 06 02  1000   56080   36000  0  1.37e+03  2.67e+01  0  9.95e+02  1.70e+01  3.37e+00  3.54e+00  1.04e+00  -1.00
2012 06 02  1100   56080   39600  0  1.27e+03  2.78e+01  0  9.91e+02  1.71e+01  4.34e+00  4.93e+00  1.18e+00  -1.00
2012 06 02  1200   56080   43200  0  1.22e+03  2.69e+01  0  9.90e+02  1.89e+01  8.92e+00  7.17e+00  1.53e+00  -1.00
2012 06 02  1300   56080   46800  0  1.17e+03  2.69e+01  0  1.00e+03  2.37e+01  1.67e+01  7.37e+00  1.88e+00  -1.00
2012 06 02  1400   56080   50400  0  1.11e+03  2.61e+01  0  1.08e+03  4.03e+01  2.10e+01  6.47e+00  2.01e+00  -1.00
2012 06 02  1500   56080   54000  0  1.06e+03  2.55e+01  0  1.01e+03  8.27e+01  2.49e+01  6.33e+00  2.44e+00  -1.00
2012 06 02  1600   56080   57600  0  9.85e+02  2.44e+01  0  1.01e+03  1.26e+02  2.60e+01  6.12e+00  2.35e+00  -1.00
2012 06 02  1700   56080   61200  0  9.99e+02  2.48e+01  0  1.01e+03  1.48e+02  2.23e+01  5.76e+00  2.25e+00  -1.00
2012 06 02  1800   56080   64800  0  9.72e+02  2.44e+01  0  1.00e+03  1.70e+02  2.36e+01  4.40e+00  2.13e+00  -1.00
2012 06 02  1900   56080   68400  0  9.48e+02  2.50e+01  0  1.05e+03  1.67e+02  2.14e+01  4.03e+00  2.18e+00  -1.00
2012 06 02  2000   56080   72000  0  9.13e+02  2.55e+01  0  1.03e+03  1.16e+02  1.84e+01  5.91e+00  2.14e+00  -1.00
2012 06 02  2100   56080   75600  0  9.19e+02  2.32e+01  0  1.02e+03  9.04e+01  1.66e+01  6.20e+00  1.98e+00  -1.00
2012 06 02  2200   56080   79200  0  8.79e+02  2.35e+01  0  1.15e+03  1.39e+02  2.45e+01  9.76e+00  2.51e+00  -1.00
2012 06 02  2300   56080   82800  0  9.25e+02  2.35e+01  0  1.14e+03  1.04e+02  1.70e+01  6.01e+00  1.86e+00  -1.00
2012 06 03  0000   56081       0  0  1.75e+05  3.13e+04  0  1.40e+03  1.85e+02  2.32e+01  7.51e+00  2.07e+00  -1.00
2012 06 03  0100   56081    3600  0  8.65e+02  2.22e+01  0  1.28e+03  1.14e+02  1.44e+01  4.10e+00  1.34e+00  -1.00
2012 06 03  0200   56081    7200  0  8.17e+02  2.39e+01  0  1.96e+03  2.56e+02  2.12e+01  4.27e+00  1.49e+00  -1.00
2012 06 03  0300   56081   10800  0  8.21e+02  2.42e+01  0  1.97e+03  2.44e+02  2.11e+01  4.26e+00  1.42e+00  -1.00
2012 06 03  0400   56081   14400  0  8.09e+02  2.44e+01  0  1.77e+03  2.05e+02  2.07e+01  5.69e+00  1.56e+00  -1.00
2012 06 03  0500   56081   18000  0  8.43e+02  2.46e+01  0  1.64e+03  2.13e+02  2.55e+01  7.79e+00  2.05e+00  -1.00
2012 06 03  0600   56081   21600  0  8.06e+02  2.38e+01  0  1.53e+03  1.65e+02  2.04e+01  6.64e+00  1.88e+00  -1.00
2012 06 03  0700   56081   25200  0  7.96e+02  2.35e+01  0  1.12e+03  7.40e+01  1.11e+01  3.24e+00  1.03e+00  -1.00
2012 06 03  0800   56081   28800  0  7.76e+02  2.46e+01  0  1.34e+03  9.66e+01  1.13e+01  3.03e+00  9.69e-01  -1.00
2012 06 03  0900   56081   32400  0  7.23e+02  2.31e+01  0  1.38e+03  1.12e+02  1.29e+01  3.78e+00  1.07e+00  -1.00
2012 06 03  1000   56081   36000  0  7.27e+02  2.25e+01  0  1.32e+03  1.07e+02  1.32e+01  3.77e+00  1.03e+00  -1.00
2012 06 03  1100   56081   39600  0  8.35e+02  2.20e+01  0  1.58e+03  1.71e+02  2.12e+01  6.50e+00  1.44e+00  -1.00
2012 06 03  1200   56081   43200  0  7.47e+02  2.25e+01  0  1.35e+03  1.24e+02  1.47e+01  4.13e+00  1.17e+00  -1.00
2012 06 03  1300   56081   46800  0  7.81e+02  2.32e+01  0  1.38e+03  1.15e+02  1.35e+01  3.76e+00  1.13e+00  -1.00
2012 06 03  1400   56081   50400  0  7.42e+02  2.39e+01  0  1.88e+03  1.73e+02  1.51e+01  3.93e+00  1.10e+00  -1.00
2012 06 03  1500   56081   54000  0  7.10e+02  2.19e+01  0  1.72e+03  1.36e+02  1.28e+01  3.32e+00  9.83e-01  -1.00
2012 06 03  1600   56081   57600  0  7.02e+02  2.47e+01  0  1.51e+03  1.10e+02  1.11e+01  3.08e+00  8.19e-01  -1.00
2012 06 03  1700   56081   61200  0  7.08e+02  2.33e+01  0  1.41e+03  1.02e+02  1.06e+01  2.96e+00  8.52e-01  -1.00
2012 06 03  1800   56081   64800  0  7.53e+02  2.30e+01  0  1.30e+03  8.29e+01  9.47e+00  2.67e+00  7.28e-01  -1.00
2012 06 03  1900   56081   68400  0  7.41e+02  2.29e+01  0  1.26e+03  8.12e+01  9.54e+00  2.63e+00  6.80e-01  -1.00
2012 06 03  2000   56081   72000  0  7.29e+02  2.09e+01  0  1.34e+03  8.35e+01  9.15e+00  2.39e+00  7.26e-01  -1.00
2012 06 03  2100   56081   75600  0  6.81e+02  2.19e+01  0  1.34e+03  8.31e+01  9.22e+00  2.42e+00  7.13e-01  -1.00
2012 06 03  2200   56081   79200  0  6.91e+02  2.27e+01  0  1.47e+03  9.31e+01  9.39e+00  2.32e+00  7.04e-01  -1.00
2012 06 03  2300   56081   82800  0  6.64e+02  2.26e+01  0  1.69e+03  1.14e+02  1.05e+01  2.28e+00  7.51e-01  -1.00
2012 06 04  0000   56082       0  0  6.80e+02  2.34e+01  0  1.48e+03  9.05e+01  8.94e+00  2.27e+00  6.90e-01  -1.00
2012 06 04  0100   56082    3600  0  6.74e+02  2.19e+01  0  1.34e+03  7.51e+01  7.98e+00  2.18e+00  5.95e-01  -1.00
2012 06 04  0200   56082    7200  0  6.88e+02  2.41e+01  0  1.26e+03  6.98e+01  7.72e+00  2.16e+00  5.98e-01  -1.00
2012 06 04  0300   56082   10800  0  6.34e+02  2.25e+01  0  1.29e+03  7.34e+01  7.98e+00  2.13e+00  6.35e-01  -1.00
2012 06 04  0400   56082   14400  0  6.58e+02  2.11e+01  0  1.29e+03  7.15e+01  7.97e+00  2.12e+00  5.55e-01  -1.00
2012 06 04  0500   56082   18000  0  6.50e+02  2.27e+01  0  1.23e+03  6.31e+01  7.65e+00  2.13e+00  5.79e-01  -1.00
2012 06 04  0600   56082   21600  0  6.63e+02  2.09e+01  0  1.26e+03  6.95e+01  8.33e+00  2.16e+00  6.10e-01  -1.00
2012 06 04  0700   56082   25200  0  6.61e+02  2.34e+01  0  1.31e+03  7.57e+01  8.19e+00  2.10e+00  5.60e-01  -1.00
2012 06 04  0800   56082   28800  0  6.85e+02  2.22e+01  0  1.36e+03  8.07e+01  8.02e+00  1.90e+00  5.78e-01  -1.00
2012 06 04  0900   56082   32400  0  7.15e+02  2.17e+01  0  1.26e+03  7.82e+01  7.87e+00  1.70e+00  5.82e-01  -1.00
2012 06 04  1000   56082   36000  0  7.39e+02  2.18e+01  0  1.12e+03  6.65e+01  7.62e+00  2.04e+00  5.56e-01  -1.00
2012 06 04  1100   56082   39600  0  7.24e+02  2.22e+01  0  1.23e+03  1.03e+02  1.13e+01  2.09e+00  7.08e-01  -1.00
2012 06 04  1200   56082   43200  0  7.57e+02  2.32e+01  0  1.24e+03  9.54e+01  1.01e+01  1.75e+00  6.63e-01  -1.00
2012 06 04  1300   56082   46800  0  7.61e+02  2.18e+01  0  1.25e+03  1.00e+02  1.10e+01  1.69e+00  6.07e-01  -1.00
2012 06 04  1400   56082   50400  0  7.55e+02  2.28e+01  0  1.24e+03  1.03e+02  1.15e+01  1.72e+00  6.45e-01  -1.00
2012 06 04  1500   56082   54000  0  7.58e+02  2.24e+01  0  1.14e+03  8.31e+01  9.54e+00  1.71e+00  5.86e-01  -1.00
2012 06 04  1600   56082   57600  0  7.57e+02  2.10e+01  0  1.14e+03  7.67e+01  8.98e+00  1.70e+00  5.93e-01  -1.00
2012 06 04  1700   56082   61200  0  7.73e+02  2.23e+01  0  1.10e+03  7.06e+01  8.79e+00  1.79e+00  5.72e-01  -1.00
2012 06 04  1800   56082   64800  0  7.53e+02  2.25e+01  0  1.14e+03  7.25e+01  8.44e+00  1.83e+00  6.18e-01  -1.00
2012 06 04  1900   56082   68400  0  7.85e+02  2.31e+01  0  1.16e+03  8.33e+01  9.81e+00  1.82e+00  6.28e-01  -1.00
2012 06 04  2000   56082   72000  0  9.89e+02  6.14e+01  0  1.69e+03  1.18e+02  9.98e+00  2.03e+00  6.18e-01  -1.00
2012 06 04  2100   56082   75600  0  7.87e+02  2.25e+01  0  1.12e+03  7.26e+01  8.92e+00  1.96e+00  5.76e-01  -1.00
2012 06 04  2200   56082   79200  0  8.08e+02  2.18e+01  0  1.38e+03  8.95e+01  9.67e+00  1.88e+00  5.97e-01  -1.00
2012 06 04  2300   56082   82800  0  8.20e+02  2.24e+01  0  1.34e+03  1.05e+02  1.04e+01  1.78e+00  6.40e-01  -1.00
2012 06 05  0000   56083       0  0  8.05e+02  2.21e+01  0  1.42e+03  1.17e+02  1.07e+01  1.93e+00  6.42e-01  -1.00
2012 06 05  0100   56083    3600  0  7.86e+02  2.20e+01  0  1.34e+03  9.92e+01  9.74e+00  1.95e+00  6.38e-01  -1.00
2012 06 05  0200   56083    7200  0  8.13e+02  2.21e+01  0  7.54e+04  1.09e+02  1.03e+01  2.05e+00  6.69e-01  -1.00
2012 06 05  0300   56083   10800  0  8.15e+02  2.36e+01  0  1.30e+03  8.39e+01  8.32e+00  1.97e+00  6.66e-01  -1.00
2012 06 05  0400   56083   14400  0  8.30e+02  2.30e+01  0  1.26e+03  7.70e+01  8.18e+00  1.79e+00  5.98e-01  -1.00
2012 06 05  0500   56083   18000  0  8.28e+02  2.15e+01  0  1.27e+03  7.35e+01  7.53e+00  1.75e+00  5.23e-01  -1.00
2012 06 05  0600   56083   21600  0  7.87e+02  2.34e+01  0  1.27e+03  6.78e+01  8.02e+00  1.88e+00  6.65e-01  -1.00
2012 06 05  0700   56083   25200  0  8.18e+02  2.37e+01  0  1.08e+03  4.85e+01  6.42e+00  1.70e+00  6.03e-01  -1.00
2012 06 05  0800   56083   28800  0  8.69e+02  2.24e+01  0  9.53e+02  2.34e+01  4.22e+00  1.51e+00  4.63e-01  -1.00
2012 06 05  0900   56083   32400  0  8.47e+02  2.18e+01  0  9.70e+02  2.25e+01  3.95e+00  1.45e+00  4.55e-01  -1.00
2012 06 05  1000   56083   36000  0  8.71e+02  2.11e+01  0  9.53e+02  2.37e+01  4.56e+00  1.41e+00  5.08e-01  -1.00
2012 06 05  1100   56083   39600  0  8.79e+02  2.17e+01  0  9.65e+02  2.80e+01  4.92e+00  1.73e+00  5.16e-01  -1.00
2012 06 05  1200   56083   43200  0  9.05e+02  2.28e+01  0  9.66e+02  2.62e+01  4.75e+00  1.79e+00  6.06e-01  -1.00
2012 06 05  1300   56083   46800  0  8.68e+02  2.24e+01  0  9.42e+02  2.49e+01  4.85e+00  1.79e+00  5.38e-01  -1.00
2012 06 05  1400   56083   50400  0  8.97e+02  2.06e+01  0  1.23e+03  7.32e+01  7.32e+00  1.91e+00  6.34e-01  -1.00
2012 06 05  1500   56083   54000  0  8.92e+02  2.13e+01  0  9.39e+02  2.65e+01  4.62e+00  1.96e+00  6.22e-01  -1.00
2012 06 05  1600   56083   57600  0  8.90e+02  2.12e+01  0  9.81e+02  2.52e+01  4.74e+00  1.87e+00  5.83e-01  -1.00
2012 06 05  1700   56083   61200  0  9.34e+02  2.06e+01  0  9.68e+02  2.64e+01  5.09e+00  1.93e+00  6.18e-01  -1.00
2012 06 05  1800   56083   64800  0  9.48e+02  2.17e+01  0  9.70e+02  2.81e+01  5.23e+00  2.28e+00  6.07e-01  -1.00
2012 06 05  1900   56083   68400  0  1.03e+03  1.97e+01  0  9.60e+02  2.97e+01  6.92e+00  2.83e+00  8.40e-01  -1.00
2012 06 05  2000   56083   72000  0  9.93e+02  2.13e+01  0  9.46e+02  2.97e+01  6.83e+00  2.86e+00  8.42e-01  -1.00
2012 06 05  2100   56083   75600  0  1.06e+03  2.21e+01  0  1.14e+03  5.28e+01  8.42e+00  2.61e+00  8.92e-01  -1.00
2012 06 05  2200   56083   79200  0  9.92e+02  2.30e+01  0  1.95e+03  1.12e+02  7.74e+00  2.55e+00  8.78e-01  -1.00
2012 06 05  2300   56083   82800  0  9.96e+02  2.14e+01  0  9.15e+03  3.21e+02  9.84e+00  2.31e+00  8.65e-01  -1.00
2012 06 06  0000   56084       0  0  1.02e+03  2.21e+01  0  2.99e+03  1.15e+02  7.83e+00  2.51e+00  8.32e-01  -1.00
2012 06 06  0100   56084    3600  0  1.22e+03  2.17e+01  0  9.25e+02  2.67e+01  6.94e+00  2.69e+00  8.77e-01  -1.00
2012 06 06  0200   56084    7200  0  2.02e+05  3.99e+04  0  9.17e+02  1.92e+01  4.64e+00  2.07e+00  6.43e-01  -1.00
2012 06 06  0300   56084   10800  0  1.35e+03  2.17e+01  0  1.06e+03  2.71e+01  4.53e+00  1.80e+00  5.82e-01  -1.00
2012 06 06  0400   56084   14400  0  1.35e+03  2.13e+01  0  9.73e+02  2.17e+01  4.42e+00  1.70e+00  5.93e-01  -1.00
2012 06 06  0500   56084   18000  0  1.39e+03  2.08e+01  0  9.24e+02  1.62e+01  3.24e+00  1.47e+00  4.27e-01  -1.00
2012 06 06  0600   56084   21600  0  1.30e+03  2.00e+01  0  1.37e+03  3.01e+01  3.11e+00  1.26e+00  4.63e-01  -1.00
2012 06 06  0700   56084   25200  0  1.31e+03  1.99e+01  0  1.09e+03  1.98e+01  3.24e+00  1.25e+00  4.35e-01  -1.00
2012 06 06  0800   56084   28800  0  1.28e+03  2.07e+01  0  1.14e+03  2.18e+01  3.19e+00  1.40e+00  4.37e-01  -1.00
2012 06 06  0900   56084   32400  0  1.34e+03  2.05e+01  0  1.62e+03  2.72e+01  3.20e+00  1.23e+00  4.51e-01  -1.00
2012 06 06  1000   56084   36000  0  1.38e+03  2.17e+01  0  1.16e+03  1.97e+01  3.23e+00  1.43e+00  4.64e-01  -1.00
2012 06 06  1100   56084   39600  0  1.28e+03  2.18e+01  0  1.01e+03  1.71e+01  3.38e+00  1.29e+00  5.04e-01  -1.00
2012 06 06  1200   56084   43200  0  1.14e+03  1.93e+01  0  9.44e+02  1.68e+01  3.29e+00  1.14e+00  4.84e-01  -1.00
2012 06 06  1300   56084   46800  0  1.22e+03  2.04e+01  0  1.28e+03  1.93e+01  3.21e+00  1.23e+00  4.16e-01  -1.00
2012 06 06  1400   56084   50400  0  1.13e+03  2.00e+01  0  9.23e+02  1.42e+01  2.42e+00  7.81e-01  2.50e-01  -1.00
2012 06 06  1500   56084   54000  0  1.15e+03  2.00e+01  0  9.34e+02  1.39e+01  2.12e+00  8.11e-01  2.26e-01  -1.00
2012 06 06  1600   56084   57600  0  1.22e+03  1.91e+01  0  9.25e+02  1.38e+01  2.29e+00  8.44e-01  2.66e-01  -1.00
2012 06 06  1700   56084   61200  0  1.14e+03  2.17e+01  0  9.17e+02  1.41e+01  1.85e+00  7.17e-01  1.99e-01  -1.00
2012 06 06  1800   56084   64800  0  1.16e+03  2.06e+01  0  8.95e+02  1.31e+01  1.82e+00  7.28e-01  2.15e-01  -1.00
2012 06 06  1900   56084   68400  0  1.15e+03  2.01e+01  0  9.38e+02  1.45e+01  1.99e+00  7.03e-01  1.78e-01  -1.00
2012 06 06  2000   56084   72000  0  1.15e+03  1.93e+01  0  9.59e+02  1.48e+01  2.06e+00  6.42e-01  2.12e-01  -1.00
2012 06 06  2100   56084   75600  0  1.16e+03  2.00e+01  0  9.12e+02  1.49e+01  1.77e+00  6.91e-01  2.10e-01  -1.00
2012 06 06  2200   56084   79200  0  1.14e+03  2.18e+01  0  1.16e+03  1.64e+01  1.90e+00  5.63e-01  2.53e-01  -1.00
2012 06 06  2300   56084   82800  0  1.25e+03  2.44e+01  0  1.38e+04  7.86e+02  1.01e+01  7.14e-01  2.98e-01  -1.00
2012 06 07  0000   56085       0  0  1.36e+03  2.45e+01  0  6.91e+03  4.55e+02  1.60e+01  6.66e-01  4.44e-01  -1.00
2012 06 07  0100   56085    3600  0  1.38e+03  2.41e+01  0  4.50e+03  8.95e+01  2.47e+00  7.16e-01  2.48e-01  -1.00
2012 06 07  0200   56085    7200  0  1.45e+03  2.38e+01  0  1.20e+03  2.55e+01  2.47e+00  7.04e-01  2.63e-01  -1.00
2012 06 07  0300   56085   10800  0  1.42e+03  2.33e+01  0  1.07e+03  1.76e+01  2.33e+00  6.57e-01  2.55e-01  -1.00
2012 06 07  0400   56085   14400  0  1.44e+03  2.27e+01  0  2.29e+03  7.07e+01  2.61e+00  7.57e-01  3.05e-01  -1.00
2012 06 07  0500   56085   18000  0  1.46e+03  2.25e+01  0  1.11e+03  1.74e+01  2.16e+00  6.94e-01  2.63e-01  -1.00
2012 06 07  0600   56085   21600  0  1.48e+03  2.09e+01  0  1.06e+03  2.06e+01  2.40e+00  7.14e-01  2.72e-01  -1.00
2012 06 07  0700   56085   25200  0  1.48e+03  2.45e+01  0  1.65e+03  4.13e+01  2.28e+00  7.21e-01  2.53e-01  -1.00
2012 06 07  0800   56085   28800  0  1.53e+03  2.12e+01  0  5.60e+03  1.35e+02  3.51e+00  8.38e-01  3.01e-01  -1.00
2012 06 07  0900   56085   32400  0  1.53e+03  2.31e+01  0  9.79e+02  1.80e+01  2.15e+00  8.29e-01  2.00e-01  -1.00
2012 06 07  1000   56085   36000  0  1.53e+03  2.18e+01  0  1.00e+03  1.66e+01  1.95e+00  6.11e-01  2.42e-01  -1.00
2012 06 07  1100   56085   39600  0  1.60e+03  2.22e+01  0  9.14e+02  1.51e+01  2.25e+00  7.50e-01  2.73e-01  -1.00
2012 06 07  1200   56085   43200  0  1.50e+03  2.19e+01  0  1.01e+03  1.88e+01  2.00e+00  6.68e-01  2.22e-01  -1.00
2012 06 07  1300   56085   46800  0  1.47e+03  2.32e+01  0  3.24e+03  5.65e+01  2.31e+00  6.81e-01  2.04e-01  -1.00
2012 06 07  1400   56085   50400  0  1.38e+03  2.13e+01  0  9.46e+02  1.35e+01  1.96e+00  6.45e-01  2.23e-01  -1.00
2012 06 07  1500   56085   54000  0  1.38e+03  2.16e+01  0  9.22e+02  1.46e+01  2.19e+00  6.84e-01  2.40e-01  -1.00
2012 06 07  1600   56085   57600  0  1.29e+03  2.21e+01  0  9.03e+02  1.46e+01  2.00e+00  6.98e-01  2.17e-01  -1.00
2012 06 07  1700   56085   61200  0  1.35e+03  2.12e+01  0  8.92e+02  1.50e+01  1.94e+00  6.61e-01  1.81e-01  -1.00
2012 06 07  1800   56085   64800  0  1.24e+03  1.93e+01  0  8.50e+02  1.47e+01  1.94e+00  6.10e-01  2.19e-01  -1.00
2012 06 07  1900   56085   68400  0  1.21e+03  1.98e+01  0  8.61e+02  1.46e+01  2.34e+00  7.32e-01  2.12e-01  -1.00
2012 06 07  2000   56085   72000  0  1.26e+03  2.09e+01  0  8.81e+02  1.37e+01  2.04e+00  6.32e-01  2.07e-01  -1.00
2012 06 07  2100   56085   75600  0  1.28e+03  2.11e+01  0  8.98e+02  1.37e+01  2.06e+00  6.73e-01  2.07e-01  -1.00
2012 06 07  2200   56085   79200  0  1.25e+03  2.15e+01  0  9.21e+02  1.44e+01  2.11e+00  6.74e-01  2.03e-01  -1.00
2012 06 07  2300   56085   82800  0  1.25e+03  2.16e+01  0  4.10e+03  1.61e+02  5.41e+00  6.52e-01  2.33e-01  -1.00
2012 06 08  0000   56086       0  0  1.23e+03  1.94e+01  0  8.98e+02  1.53e+01  1.97e+00  6.16e-01  2.61e-01  -1.00
2012 06 08  0100   56086    3600  0  1.54e+03  2.07e+01  0  8.93e+02  1.61e+01  2.26e+00  8.29e-01  2.13e-01  -1.00
2012 06 08  0200   56086    7200  0  1.56e+03  2.24e+01  0  8.94e+02  1.62e+01  2.28e+00  7.76e-01  2.22e-01  -1.00
2012 06 08  0300   56086   10800  0  1.58e+03  2.16e+01  0  9.18e+02  1.57e+01  2.27e+00  7.49e-01  2.04e-01  -1.00
2012 06 08  0400   56086   14400  0  1.27e+03  2.00e+01  0  8.84e+02  1.69e+01  2.17e+00  6.46e-01  2.34e-01  -1.00
2012 06 08  0500   56086   18000  0  1.23e+03  2.19e+01  0  8.77e+02  1.79e+01  2.52e+00  6.88e-01  2.26e-01  -1.00
2012 06 08  0600   56086   21600  0  1.18e+03  2.00e+01  0  8.98e+02  1.85e+01  2.44e+00  7.40e-01  2.05e-01  -1.00
2012 06 08  0700   56086   25200  0  1.46e+03  2.39e+01  0  9.07e+02  1.97e+01  2.70e+00  6.26e-01  2.17e-01  -1.00
2012 06 08  0800   56086   28800  0  2.77e+03  2.91e+01  0  9.20e+02  2.27e+01  3.08e+00  8.37e-01  2.44e-01  -1.00
2012 06 08  0900   56086   32400  0  3.55e+03  2.85e+01  0  9.34e+02  2.31e+01  2.96e+00  8.05e-01  1.72e-01  -1.00
2012 06 08  1000   56086   36000  0  3.92e+03  2.91e+01  0  9.81e+02  2.59e+01  2.87e+00  9.85e-01  2.80e-01  -1.00
2012 06 08  1100   56086   39600  0  3.19e+03  2.55e+01  0  9.65e+02  2.37e+01  2.76e+00  7.81e-01  5.03e-01  -1.00
2012 06 08  1200   56086   43200  0  2.73e+03  2.18e+01  0  9.27e+02  1.96e+01  2.53e+00  8.19e-01  4.08e-01  -1.00
2012 06 08  1300   56086   46800  0  2.46e+03  2.23e+01  0  9.56e+02  2.05e+01  2.25e+00  7.46e-01  3.19e-01  -1.00
2012 06 08  1400   56086   50400  0  2.23e+03  2.03e+01  0  9.16e+02  2.06e+01  2.80e+00  9.07e-01  4.00e-01  -1.00
2012 06 08  1500   56086   54000  0  1.93e+03  2.28e+01  0  9.31e+02  2.02e+01  3.26e+00  9.77e-01  4.20e-01  -1.00
2012 06 08  1600   56086   57600  0  1.73e+03  2.06e+01  0  9.37e+02  2.21e+01  3.62e+00  1.12e+00  4.45e-01  -1.00
2012 06 08  1700   56086   61200  0  1.76e+03  2.22e+01  0  9.54e+02  1.88e+01  3.40e+00  1.31e+00  3.74e-01  -1.00
2012 06 08  1800   56086   64800  0  1.63e+03  2.26e+01  0  9.40e+02  2.35e+01  5.33e+00  1.62e+00  5.12e-01  -1.00
2012 06 08  1900   56086   68400  0  1.57e+03  2.03e+01  0  9.66e+02  2.81e+01  5.34e+00  1.44e+00  5.29e-01  -1.00
2012 06 08  2000   56086   72000  0  1.33e+03  2.14e+01  0  9.64e+02  3.85e+01  6.09e+00  1.15e+00  4.52e-01  -1.00
2012 06 08  2100   56086   75600  0  1.40e+03  2.11e+01  0  9.43e+02  4.07e+01  6.46e+00  1.32e+00  5.41e-01  -1.00
2012 06 08  2200   56086   79200  0  1.11e+03  1.95e+01  0  9.52e+02  4.58e+01  5.95e+00  1.17e+00  4.23e-01  -1.00
2012 06 08  2300   56086   82800  0  1.11e+03  2.67e+01  0  9.46e+02  4.34e+01  5.63e+00  1.24e+00  4.28e-01  -1.00
2012 06 09  0000   56087       0  0  9.90e+02  1.95e+01  0  9.29e+02  3.27e+01  4.07e+00  1.03e+00  3.49e-01  -1.00
2012 06 09  0100   56087    3600  0  9.24e+02  2.04e+01  0  9.18e+02  2.36e+01  3.38e+00  9.53e-01  2.50e-01  -1.00
2012 06 09  0200   56087    7200  0  9.36e+02  1.84e+01  0  1.37e+05  5.42e+04  1.66e+04  1.01e+00  2.94e-01  -1.00
2012 06 09  0300   56087   10800  0  9.23e+02  2.05e+01  0  9.30e+02  2.25e+01  3.20e+00  8.55e-01  2.97e-01  -1.00
2012 06 09  0400   56087   14400  0  8.18e+02  1.87e+01  0  9.33e+02  2.23e+01  3.12e+00  7.78e-01  2.63e-01  -1.00
2012 06 09  0500   56087   18000  0  8.34e+02  1.82e+01  0  1.48e+03  2.87e+01  2.91e+00  7.89e-01  2.62e-01  -1.00
2012 06 09  0600   56087   21600  0  7.28e+02  1.84e+01  0  4.13e+03  5.05e+01  3.32e+00  7.21e-01  2.80e-01  -1.00
2012 06 09  0700   56087   25200  0  7.60e+02  2.05e+01  0  1.28e+03  2.22e+01  2.84e+00  7.61e-01  2.31e-01  -1.00
2012 06 09  0800   56087   28800  0  7.11e+02  1.92e+01  0  9.19e+02  2.06e+01  2.59e+00  7.76e-01  2.20e-01  -1.00
2012 06 09  0900   56087   32400  0  7.25e+02  1.85e+01  0  9.22e+02  2.01e+01  2.34e+00  7.50e-01  1.90e-01  -1.00
2012 06 09  1000   56087   36000  0  7.82e+02  2.17e+01  0  9.06e+02  2.00e+01  2.58e+00  7.41e-01  2.30e-01  -1.00
2012 06 09  1100   56087   39600  0  7.59e+02  1.96e+01  0  9.25e+02  1.97e+01  2.51e+00  8.10e-01  2.30e-01  -1.00
2012 06 09  1200   56087   43200  0  6.82e+02  1.92e+01  0  9.05e+02  2.02e+01  2.53e+00  7.58e-01  2.12e-01  -1.00
2012 06 09  1300   56087   46800  0  6.95e+02  2.00e+01  0  9.09e+02  1.93e+01  2.61e+00  6.45e-01  1.98e-01  -1.00
2012 06 09  1400   56087   50400  0  6.82e+02  1.97e+01  0  9.12e+02  1.91e+01  2.15e+00  7.98e-01  1.94e-01  -1.00
2012 06 09  1500   56087   54000  0  7.05e+02  1.98e+01  0  9.19e+02  1.87e+01  2.49e+00  6.55e-01  2.19e-01  -1.00
2012 06 09  1600   56087   57600  0  7.15e+02  1.90e+01  0  9.45e+02  2.00e+01  2.62e+00  7.15e-01  2.05e-01  -1.00
2012 06 09  1700   56087   61200  0  6.96e+02  2.08e+01  0  9.22e+02  1.85e+01  2.42e+00  6.74e-01  2.01e-01  -1.00
2012 06 09  1800   56087   64800  0  6.89e+02  2.07e+01  0  9.92e+02  2.19e+01  2.61e+00  7.55e-01  2.01e-01  -1.00
2012 06 09  1900   56087   68400  0  6.36e+02  1.96e+01  0  9.79e+02  2.30e+01  2.64e+00  6.70e-01  2.09e-01  -1.00
2012 06 09  2000   56087   72000  0  6.74e+02  1.95e+01  0  1.01e+03  2.48e+01  2.54e+00  7.26e-01  2.06e-01  -1.00
2012 06 09  2100   56087   75600  0  8.82e+02  1.90e+01  0  1.26e+04  2.89e+01  5.06e+00  7.65e-01  2.32e-01  -1.00
2012 06 09  2200   56087   79200  0  9.44e+02  2.08e+01  0  9.85e+02  2.17e+01  2.41e+00  6.22e-01  1.87e-01  -1.00
2012 06 09  2300   56087   82800  0  9.20e+02  2.13e+01  0  9.51e+02  2.10e+01  2.23e+00  6.69e-01  1.95e-01  -1.00
2012 06 10  0000   56088       0  0  7.91e+02  2.08e+01  0  9.75e+02  1.96e+01  2.18e+00  6.54e-01  1.85e-01  -1.00
2012 06 10  0100   56088    3600  0  6.79e+02  2.00e+01  0  9.57e+02  1.84e+01  2.28e+00  6.38e-01  1.83e-01  -1.00
2012 06 10  0200   56088    7200  0  7.12e+02  2.05e+01  0  9.31e+02  1.81e+01  1.97e+00  5.73e-01  1.96e-01  -1.00
2012 06 10  0300   56088   10800  0  7.03e+02  1.92e+01  0  9.43e+02  1.80e+01  2.36e+00  5.78e-01  1.84e-01  -1.00
2012 06 10  0400   56088   14400  0  7.70e+02  2.11e+01  0  9.54e+02  1.93e+01  2.27e+00  6.41e-01  1.81e-01  -1.00
2012 06 10  0500   56088   18000  0  7.63e+02  1.97e+01  0  9.57e+02  1.90e+01  2.30e+00  6.68e-01  2.08e-01  -1.00
2012 06 10  0600   56088   21600  0  7.46e+02  1.86e+01  0  9.62e+02  1.88e+01  2.19e+00  6.82e-01  2.18e-01  -1.00
2012 06 10  0700   56088   25200  0  7.19e+02  2.01e+01  0  9.94e+02  1.89e+01  2.17e+00  6.90e-01  2.06e-01  -1.00
2012 06 10  0800   56088   28800  0  6.69e+02  2.12e+01  0  1.02e+03  2.15e+01  2.32e+00  6.20e-01  1.99e-01  -1.00
2012 06 10  0900   56088   32400  0  6.52e+02  1.89e+01  0  1.01e+03  2.18e+01  2.14e+00  6.22e-01  2.19e-01  -1.00
2012 06 10  1000   56088   36000  0  6.99e+02  1.92e+01  0  9.97e+02  2.03e+01  2.31e+00  6.43e-01  2.04e-01  -1.00
2012 06 10  1100   56088   39600  0  6.78e+02  2.07e+01  0  9.41e+02  1.81e+01  2.10e+00  6.21e-01  2.06e-01  -1.00
2012 06 10  1200   56088   43200  0  6.52e+02  1.91e+01  0  9.71e+02  1.81e+01  2.15e+00  5.61e-01  1.51e-01  -1.00
2012 06 10  1300   56088   46800  0  6.25e+02  2.03e+01  0  9.93e+02  2.07e+01  2.30e+00  5.91e-01  1.67e-01  -1.00
2012 06 10  1400   56088   50400  0  5.80e+02  1.87e+01  0  1.05e+03  2.23e+01  2.35e+00  6.29e-01  1.70e-01  -1.00
2012 06 10  1500   56088   54000  0  5.82e+02  2.01e+01  0  1.06e+03  2.28e+01  2.25e+00  5.90e-01  1.89e-01  -1.00
2012 06 10  1600   56088   57600  0  6.13e+02  1.95e+01  0  1.16e+03  2.66e+01  2.34e+00  5.28e-01  1.68e-01  -1.00
2012 06 10  1700   56088   61200  0  5.66e+02  1.93e+01  0  1.18e+03  2.70e+01  2.41e+00  5.60e-01  1.58e-01  -1.00
2012 06 10  1800   56088   64800  0  5.71e+02  2.03e+01  0  1.22e+03  2.77e+01  2.36e+00  6.08e-01  1.66e-01  -1.00
2012 06 10  1900   56088   68400  0  5.77e+02  1.95e+01  0  1.18e+03  2.66e+01  2.33e+00  5.46e-01  1.54e-01  -1.00
2012 06 10  2000   56088   72000  0  5.70e+02  1.95e+01  0  1.02e+03  2.21e+01  2.23e+00  5.59e-01  1.74e-01  -1.00
2012 06 10  2100   56088   75600  0  5.87e+02  1.96e+01  0  1.00e+03  2.02e+01  1.92e+00  5.21e-01  1.68e-01  -1.00
2012 06 10  2200   56088   79200  0  6.29e+02  2.03e+01  0  1.04e+03  2.03e+01  2.15e+00  5.66e-01  1.52e-01  -1.00
2012 06 10  2300   56088   82800  0  5.97e+02  1.92e+01  0  1.02e+03  2.21e+01  2.19e+00  6.00e-01  1.54e-01  -1.00
2012 06 11  0000   56089       0  0  5.63e+02  1.84e+01  0  9.84e+02  1.96e+01  2.41e+00  5.59e-01  1.47e-01  -1.00
2012 06 11  0100   56089    3600  0  5.61e+02  1.88e+01  0  9.99e+02  1.85e+01  2.21e+00  5.60e-01  1.90e-01  -1.00
2012 06 11  0200   56089    7200  0  5.51e+02  2.03e+01  0  9.99e+02  1.86e+01  2.26e+00  5.26e-01  1.62e-01  -1.00
2012 06 11  0300   56089   10800  0  5.61e+02  1.73e+01  0  9.95e+02  1.81e+01  2.01e+00  5.05e-01  1.44e-01  -1.00
2012 06 11  0400   56089   14400  0  4.88e+02  1.86e+01  0  1.06e+03  1.99e+01  2.20e+00  5.06e-01  1.43e-01  -1.00
2012 06 11  0500   56089   18000  0  5.24e+02  2.03e+01  0  1.01e+03  1.86e+01  2.29e+00  5.02e-01  1.58e-01  -1.00
2012 06 11  0600   56089   21600  0  5.40e+02  1.79e+01  0  9.90e+02  1.81e+01  2.10e+00  4.54e-01  1.61e-01  -1.00
2012 06 11  0700   56089   25200  0  5.48e+02  1.85e+01  0  9.82e+02  1.79e+01  2.03e+00  5.67e-01  1.51e-01  -1.00
2012 06 11  0800   56089   28800  0  5.49e+02  1.94e+01  0  9.57e+02  1.75e+01  2.45e+00  5.47e-01  1.96e-01  -1.00
2012 06 11  0900   56089   32400  0  5.40e+02  1.85e+01  0  9.53e+02  1.70e+01  2.13e+00  5.95e-01  1.31e-01  -1.00
2012 06 11  1000   56089   36000  0  5.08e+02  2.03e+01  0  9.56e+02  1.65e+01  2.19e+00  5.93e-01  1.80e-01  -1.00
2012 06 11  1100   56089   39600  0  6.43e+02  2.03e+01  0  9.61e+02  1.74e+01  2.51e+00  6.22e-01  1.71e-01  -1.00
2012 06 11  1200   56089   43200  0  5.99e+02  1.81e+01  0  9.23e+02  1.62e+01  2.48e+00  5.51e-01  1.90e-01  -1.00
2012 06 11  1300   56089   46800  0  6.18e+02  1.97e+01  0  9.23e+02  1.87e+01  2.47e+00  5.66e-01  1.66e-01  -1.00
2012 06 11  1400   56089   50400  0  5.68e+02  2.01e+01  0  9.15e+02  1.80e+01  2.44e+00  6.24e-01  1.96e-01  -1.00
2012 06 11  1500   56089   54000  0  5.58e+02  1.94e+01  0  9.41e+02  3.04e+01  3.69e+00  6.50e-01  1.85e-01  -1.00
2012 06 11  1600   56089   57600  0  5.96e+02  2.00e+01  0  9.59e+02  4.62e+01  5.73e+00  8.91e-01  2.09e-01  -1.00
2012 06 11  1700   56089   61200  0  5.90e+02  1.95e+01  0  9.91e+02  5.34e+01  5.78e+00  9.01e-01  2.12e-01  -1.00
2012 06 11  1800   56089   64800  0  6.37e+02  1.94e+01  0  9.40e+02  3.81e+01  4.01e+00  7.70e-01  1.93e-01  -1.00
2012 06 11  1900   56089   68400  0  5.99e+02  1.87e+01  0  9.38e+02  2.96e+01  3.41e+00  6.91e-01  1.47e-01  -1.00
2012 06 11  2000   56089   72000  0  6.48e+02  1.99e+01  0  9.39e+02  2.96e+01  3.41e+00  7.23e-01  2.03e-01  -1.00
2012 06 11  2100   56089   75600  0  5.99e+02  1.90e+01  0  9.45e+02  3.29e+01  4.13e+00  8.71e-01  2.23e-01  -1.00
2012 06 11  2200   56089   79200  0  7.77e+02  2.07e+01  0  9.40e+02  3.10e+01  3.44e+00  7.21e-01  1.99e-01  -1.00
2012 06 11  2300   56089   82800  0  3.85e+03  2.42e+01  0  9.51e+02  2.44e+01  2.85e+00  6.79e-01  1.58e-01  -1.00
2012 06 12  0000   56090       0  0  4.95e+03  2.31e+01  0  9.31e+02  1.84e+01  2.21e+00  5.75e-01  1.64e-01  -1.00
2012 06 12  0100   56090    3600  0  9.31e+02  1.97e+01  0  9.53e+02  3.29e+01  3.85e+00  8.11e-01  2.56e-01  -1.00
2012 06 12  0200   56090    7200  0  9.10e+02  2.05e+01  0  5.36e+05  2.30e+05  7.20e+04  6.28e-01  2.21e-01  -1.00
2012 06 12  0300   56090   10800  0  7.31e+02  2.17e+01  0  9.27e+02  1.73e+01  2.32e+00  6.01e-01  2.01e-01  -1.00
2012 06 12  0400   56090   14400  0  7.65e+02  1.99e+01  0  9.27e+02  1.84e+01  2.77e+00  5.40e-01  1.70e-01  -1.00
2012 06 12  0500   56090   18000  0  7.44e+02  2.02e+01  0  9.23e+02  1.80e+01  2.72e+00  6.05e-01  1.93e-01  -1.00
2012 06 12  0600   56090   21600  0  6.68e+02  2.17e+01  0  9.33e+02  1.45e+01  2.19e+00  5.21e-01  1.26e-01  -1.00
2012 06 12  0700   56090   25200  0  8.15e+02  2.43e+01  0  9.40e+02  1.54e+01  2.02e+00  4.79e-01  1.53e-01  -1.00
2012 06 12  0800   56090   28800  0  1.14e+03  2.69e+01  0  9.21e+02  2.07e+01  2.38e+00  6.22e-01  1.73e-01  -1.00
2012 06 12  0900   56090   32400  0  1.24e+03  2.72e+01  0  9.48e+02  2.31e+01  2.42e+00  5.56e-01  1.50e-01  -1.00
2012 06 12  1000   56090   36000  0  1.33e+03  2.79e+01  0  9.23e+02  2.08e+01  2.31e+00  6.10e-01  2.02e-01  -1.00
2012 06 12  1100   56090   39600  0  1.51e+03  2.68e+01  0  9.43e+02  2.02e+01  2.19e+00  5.53e-01  1.93e-01  -1.00
2012 06 12  1200   56090   43200  0  1.74e+03  2.76e+01  0  9.29e+02  1.99e+01  2.30e+00  7.58e-01  2.54e-01  -1.00
2012 06 12  1300   56090   46800  0  1.74e+03  2.51e+01  0  9.24e+02  1.80e+01  2.44e+00  1.01e+00  2.91e-01  -1.00
2012 06 12  1400   56090   50400  0  1.14e+03  2.51e+01  0  9.40e+02  1.81e+01  2.68e+00  6.37e-01  3.14e-01  -1.00
2012 06 12  1500   56090   54000  0  1.09e+03  2.45e+01  0  9.18e+02  1.80e+01  2.93e+00  7.61e-01  3.51e-01  -1.00
2012 06 12  1600   56090   57600  0  1.15e+03  2.45e+01  0  9.37e+02  1.68e+01  2.82e+00  9.66e-01  3.62e-01  -1.00
2012 06 12  1700   56090   61200  0  1.08e+03  2.38e+01  0  9.23e+02  1.68e+01  3.15e+00  1.10e+00  5.68e-01  -1.00
2012 06 12  1800   56090   64800  0  1.08e+03  2.37e+01  0  9.31e+02  1.76e+01  3.49e+00  1.44e+00  5.32e-01  -1.00
2012 06 12  1900   56090   68400  0  9.93e+02  2.38e+01  0  9.04e+02  1.73e+01  2.95e+00  1.11e+00  2.88e-01  -1.00
2012 06 12  2000   56090   72000  0  8.80e+02  2.32e+01  0  9.18e+02  1.97e+01  2.67e+00  8.23e-01  2.13e-01  -1.00
2012 06 12  2100   56090   75600  0  8.92e+02  2.33e+01  0  9.20e+02  2.56e+01  4.18e+00  1.01e+03  4.94e+02  -1.00
2012 06 12  2200   56090   79200  0  8.53e+02  2.08e+01  0  9.29e+02  2.31e+01  3.29e+00  1.23e+00  3.19e-01  -1.00
2012 06 12  2300   56090   82800  0  1.05e+03  2.34e+01  0  9.27e+02  2.83e+01  6.27e+00  2.73e+00  7.05e-01  -1.00
2012 06 13  0000   56091       0  0  1.15e+03  2.33e+01  0  9.49e+02  4.15e+01  1.01e+01  4.12e+00  1.10e+00  -1.00
2012 06 13  0100   56091    3600  0  1.20e+03  2.24e+01  0  9.67e+02  4.51e+01  1.16e+01  5.33e+00  1.18e+00  -1.00
2012 06 13  0200   56091    7200  0  1.20e+03  2.27e+01  0  9.85e+02  5.31e+01  1.24e+01  4.75e+00  1.19e+00  -1.00
2012 06 13  0300   56091   10800  0  9.18e+02  2.11e+01  0  9.68e+02  3.63e+01  7.00e+00  2.43e+00  6.67e-01  -1.00
2012 06 13  0400   56091   14400  0  8.59e+02  2.26e+01  0  9.69e+02  2.83e+01  4.62e+00  1.52e+00  4.59e-01  -1.00
2012 06 13  0500   56091   18000  0  6.08e+02  2.01e+01  0  7.66e+02  2.20e+01  3.45e+00  8.82e-01  2.77e-01  -1.00
2012 06 13  0600   56091   21600 -1 -1.00e+05 -1.00e+05 -1 -1.00e+05 -1.00e+05 -1.00e+05 -1.00e+05 -1.00e+05  -1.00
2012 06 13  0700   56091   25200 -1 -1.00e+05 -1.00e+05 -1 -1.00e+05 -1.00e+05 -1.00e+05 -1.00e+05 -1.00e+05  -1.00
2012 06 13  0800   56091   28800 -1 -1.00e+05 -1.00e+05 -1 -1.00e+05 -1.00e+05 -1.00e+05 -1.00e+05 -1.00e+05  -1.00
2012 06 13  0900   56091   32400 -1 -1.00e+05 -1.00e+05 -1 -1.00e+05 -1.00e+05 -1.00e+05 -1.00e+05 -1.00e+05  -1.00
2012 06 13  1000   56091   36000 -1 -1.00e+05 -1.00e+05 -1 -1.00e+05 -1.00e+05 -1.00e+05 -1.00e+05 -1.00e+05  -1.00
2012 06 13  1100   56091   39600 -1 -1.00e+05 -1.00e+05 -1 -1.00e+05 -1.00e+05 -1.00e+05 -1.00e+05 -1.00e+05  -1.00
2012 06 13  1200   56091   43200 -1 -1.00e+05 -1.00e+05 -1 -1.00e+05 -1.00e+05 -1.00e+05 -1.00e+05 -1.00e+05  -1.00
2012 06 13  1300   56091   46800 -1 -1.00e+05 -1.00e+05 -1 -1.00e+05 -1.00e+05 -1.00e+05 -1.00e+05 -1.00e+05  -1.00
2012 06 13  1400   56091   50400 -1 -1.00e+05 -1.00e+05 -1 -1.00e+05 -1.00e+05 -1.00e+05 -1.00e+05 -1.00e+05  -1.00
2012 06 13  1500   56091   54000 -1 -1.00e+05 -1.00e+05 -1 -1.00e+05 -1.00e+05 -1.00e+05 -1.00e+05 -1.00e+05  -1.00
2012 06 13  1600   56091   57600 -1 -1.00e+05 -1.00e+05 -1 -1.00e+05 -1.00e+05 -1.00e+05 -1.00e+05 -1.00e+05  -1.00
2012 06 13  1700   56091   61200 -1 -1.00e+05 -1.00e+05 -1 -1.00e+05 -1.00e+05 -1.00e+05 -1.00e+05 -1.00e+05  -1.00
2012 06 13  1800   56091   64800 -1 -1.00e+05 -1.00e+05 -1 -1.00e+05 -1.00e+05 -1.00e+05 -1.00e+05 -1.00e+05  -1.00
2012 06 13  1900   56091   68400 -1 -1.00e+05 -1.00e+05 -1 -1.00e+05 -1.00e+05 -1.00e+05 -1.00e+05 -1.00e+05  -1.00
2012 06 13  2000   56091   72000 -1 -1.00e+05 -1.00e+05 -1 -1.00e+05 -1.00e+05 -1.00e+05 -1.00e+05 -1.00e+05  -1.00
2012 06 13  2100   56091   75600 -1 -1.00e+05 -1.00e+05 -1 -1.00e+05 -1.00e+05 -1.00e+05 -1.00e+05 -1.00e+05  -1.00
2012 06 13  2200   56091   79200 -1 -1.00e+05 -1.00e+05 -1 -1.00e+05 -1.00e+05 -1.00e+05 -1.00e+05 -1.00e+05  -1.00
2012 06 13  2300   56091   82800 -1 -1.00e+05 -1.00e+05 -1 -1.00e+05 -1.00e+05 -1.00e+05 -1.00e+05 -1.00e+05  -1.00
2012 06 14  0000   56092       0 -1 -1.00e+05 -1.00e+05 -1 -1.00e+05 -1.00e+05 -1.00e+05 -1.00e+05 -1.00e+05  -1.00
2012 06 14  0100   56092    3600 -1 -1.00e+05 -1.00e+05 -1 -1.00e+05 -1.00e+05 -1.00e+05 -1.00e+05 -1.00e+05  -1.00
2012 06 14  0200   56092    7200 -1 -1.00e+05 -1.00e+05 -1 -1.00e+05 -1.00e+05 -1.00e+05 -1.00e+05 -1.00e+05  -1.00
2012 06 14  0300   56092   10800 -1 -1.00e+05 -1.00e+05 -1 -1.00e+05 -1.00e+05 -1.00e+05 -1.00e+05 -1.00e+05  -1.00
2012 06 14  0400   56092   14400 -1 -1.00e+05 -1.00e+05 -1 -1.00e+05 -1.00e+05 -1.00e+05 -1.00e+05 -1.00e+05  -1.00
2012 06 14  0500   56092   18000 -1 -1.00e+05 -1.00e+05 -1 -1.00e+05 -1.00e+05 -1.00e+05 -1.00e+05 -1.00e+05  -1.00
2012 06 14  0600   56092   21600 -1 -1.00e+05 -1.00e+05 -1 -1.00e+05 -1.00e+05 -1.00e+05 -1.00e+05 -1.00e+05  -1.00
2012 06 14  0700   56092   25200 -1 -1.00e+05 -1.00e+05 -1 -1.00e+05 -1.00e+05 -1.00e+05 -1.00e+05 -1.00e+05  -1.00
2012 06 14  0800   56092   28800 -1 -1.00e+05 -1.00e+05 -1 -1.00e+05 -1.00e+05 -1.00e+05 -1.00e+05 -1.00e+05  -1.00
2012 06 14  0900   56092   32400 -1 -1.00e+05 -1.00e+05 -1 -1.00e+05 -1.00e+05 -1.00e+05 -1.00e+05 -1.00e+05  -1.00
2012 06 14  1000   56092   36000 -1 -1.00e+05 -1.00e+05 -1 -1.00e+05 -1.00e+05 -1.00e+05 -1.00e+05 -1.00e+05  -1.00
2012 06 14  1100   56092   39600 -1 -1.00e+05 -1.00e+05 -1 -1.00e+05 -1.00e+05 -1.00e+05 -1.00e+05 -1.00e+05  -1.00
2012 06 14  1200   56092   43200 -1 -1.00e+05 -1.00e+05 -1 -1.00e+05 -1.00e+05 -1.00e+05 -1.00e+05 -1.00e+05  -1.00
2012 06 14  1300   56092   46800 -1 -1.00e+05 -1.00e+05 -1 -1.00e+05 -1.00e+05 -1.00e+05 -1.00e+05 -1.00e+05  -1.00
2012 06 14  1400   56092   50400 -1 -1.00e+05 -1.00e+05 -1 -1.00e+05 -1.00e+05 -1.00e+05 -1.00e+05 -1.00e+05  -1.00
2012 06 14  1500   56092   54000 -1 -1.00e+05 -1.00e+05 -1 -1.00e+05 -1.00e+05 -1.00e+05 -1.00e+05 -1.00e+05  -1.00
2012 06 14  1600   56092   57600 -1 -1.00e+05 -1.00e+05 -1 -1.00e+05 -1.00e+05 -1.00e+05 -1.00e+05 -1.00e+05  -1.00
2012 06 14  1700   56092   61200  0  3.08e+03  5.23e+01  0  9.75e+02  2.15e+01  2.81e+00  7.51e-01  2.62e-01  -1.00
2012 06 14  1800   56092   64800  0  2.89e+03  5.08e+01  0  9.78e+02  2.37e+01  3.17e+00  7.94e-01  2.05e-01  -1.00
2012 06 14  1900   56092   68400  0  2.63e+03  4.96e+01  0  9.97e+02  2.79e+01  3.25e+00  9.04e-01  2.54e-01  -1.00
2012 06 14  2000   56092   72000  0  2.70e+03  5.20e+01  0  9.97e+02  2.72e+01  3.36e+00  1.60e+00  5.57e-01  -1.00
2012 06 14  2100   56092   75600  0  2.73e+03  5.04e+01  0  9.96e+02  2.85e+01  3.84e+00  2.53e+00  8.45e-01  -1.00
2012 06 14  2200   56092   79200  0  2.82e+03  5.18e+01  0  9.70e+02  2.57e+01  3.34e+00  3.97e+00  4.10e-01  -1.00
2012 06 14  2300   56092   82800  0  3.02e+03  5.11e+01  0  9.67e+02  2.06e+01  2.90e+00  8.42e+00  5.02e-01  -1.00
2012 06 15  0000   56093       0  0  3.37e+03  5.20e+01  0  9.78e+02  2.75e+01  4.51e+00  1.63e+01  9.58e-01  -1.00
2012 06 15  0100   56093    3600  0  3.27e+03  5.31e+01  0  1.07e+03  4.48e+01  2.82e+01  1.82e+01  4.31e+00  -1.00
2012 06 15  0200   56093    7200  0  3.12e+03  5.14e+01  0  1.02e+03  3.92e+01  2.95e+01  2.15e+01  3.87e+00  -1.00
2012 06 15  0300   56093   10800  0  3.52e+03  5.28e+01  0  1.06e+03  4.47e+01  3.14e+01  3.73e+01  4.44e+00  -1.00
2012 06 15  0400   56093   14400  0  3.40e+03  5.14e+01  0  1.09e+03  6.28e+01  4.61e+01  4.09e+01  5.30e+00  -1.00
2012 06 15  0500   56093   18000  0  3.74e+03  5.28e+01  0  1.06e+03  5.23e+01  3.34e+01  5.39e+01  4.00e+00  -1.00
2012 06 15  0600   56093   21600  0  3.35e+03  5.02e+01  0  1.20e+03  1.95e+02  1.01e+02  4.25e+01  9.46e+00  -1.00
2012 06 15  0700   56093   25200  0  3.49e+03  4.89e+01  0  1.20e+03  1.97e+02  9.67e+01  4.99e+01  8.70e+00  -1.00
2012 06 15  0800   56093   28800  0  3.73e+03  5.04e+01  0  1.55e+03  4.60e+02  2.01e+02  7.75e+01  1.54e+01  -1.00
2012 06 15  0900   56093   32400  0  3.40e+03  4.75e+01  0  1.48e+03  4.71e+02  1.77e+02  5.93e+01  1.36e+01  -1.00
2012 06 15  1000   56093   36000  0  3.58e+03  4.60e+01  0  1.67e+03  5.79e+02  2.11e+02  7.13e+01  1.55e+01  -1.00
2012 06 15  1100   56093   39600  0  3.69e+03  4.84e+01  0  1.69e+03  5.75e+02  2.04e+02  8.52e+01  1.50e+01  -1.00
2012 06 15  1200   56093   43200  0  3.70e+03  4.43e+01  0  1.56e+03  4.93e+02  1.89e+02  9.35e+01  1.59e+01  -1.00
2012 06 15  1300   56093   46800  0  3.76e+03  4.47e+01  0  1.58e+03  4.91e+02  1.92e+02  1.05e+02  1.71e+01  -1.00
2012 06 15  1400   56093   50400  0  4.02e+03  4.27e+01  0  1.43e+03  4.27e+02  1.77e+02  1.14e+02  1.64e+01  -1.00
2012 06 15  1500   56093   54000  0  3.87e+03  4.14e+01  0  1.59e+03  5.19e+02  2.15e+02  1.25e+02  2.05e+01  -1.00
2012 06 15  1600   56093   57600  0  3.53e+03  4.08e+01  0  1.99e+03  7.86e+02  2.93e+02  1.26e+02  2.76e+01  -1.00
2012 06 15  1700   56093   61200  0  3.45e+03  3.95e+01  0  2.38e+03  1.01e+03  3.47e+02  1.33e+02  3.13e+01  -1.00
2012 06 15  1800   56093   64800  0  3.32e+03  3.96e+01  0  2.98e+03  1.29e+03  4.30e+02  1.54e+02  3.67e+01  -1.00
2012 06 15  1900   56093   68400  0  3.56e+03  3.84e+01  0  2.95e+03  1.29e+03  4.34e+02  1.73e+02  3.64e+01  -1.00
2012 06 15  2000   56093   72000  0  3.53e+03  3.68e+01  0  2.61e+03  1.12e+03  3.98e+02  1.93e+02  3.41e+01  -1.00
2012 06 15  2100   56093   75600  0  3.46e+03  3.64e+01  0  2.51e+03  1.04e+03  3.60e+02  2.02e+02  3.03e+01  -1.00
2012 06 15  2200   56093   79200  0  3.50e+03  3.67e+01  0  3.13e+03  1.29e+03  4.40e+02  2.30e+02  3.64e+01  -1.00
2012 06 15  2300   56093   82800  0  4.00e+04  1.42e+04  0  4.16e+04  1.11e+04  2.94e+03  7.02e+02  7.14e+02  -1.00
2012 06 16  0000   56094       0  0  2.89e+03  3.47e+01  0  5.42e+03  2.45e+03  7.19e+02  1.82e+02  4.98e+01  -1.00
2012 06 16  0100   56094    3600  0  3.05e+03  3.27e+01  0  4.76e+03  2.04e+03  5.97e+02  1.99e+02  4.23e+01  -1.00
2012 06 16  0200   56094    7200  0  3.12e+03  3.22e+01  0  4.60e+03  1.94e+03  5.74e+02  2.79e+02  3.88e+01  -1.00
2012 06 16  0300   56094   10800  0  3.03e+03  3.15e+01  0  5.91e+03  2.39e+03  6.45e+02  2.62e+02  4.40e+01  -1.00
2012 06 16  0400   56094   14400  0  2.89e+03  2.99e+01  0  7.65e+03  3.11e+03  7.73e+02  2.43e+02  4.98e+01  -1.00
2012 06 16  0500   56094   18000  0  2.86e+03  3.03e+01  0  8.83e+03  3.65e+03  9.48e+02  2.80e+02  6.23e+01  -1.00
2012 06 16  0600   56094   21600  0  2.80e+03  3.06e+01  0  1.04e+04  3.78e+03  8.75e+02  2.76e+02  5.81e+01  -1.00
2012 06 16  0700   56094   25200  0  2.89e+03  2.99e+01  0  1.21e+04  4.22e+03  9.16e+02  3.24e+02  5.98e+01  -1.00
2012 06 16  0800   56094   28800  0  2.75e+03  2.98e+01  0  2.51e+04  6.68e+03  1.26e+03  3.60e+02  7.67e+01  -1.00
2012 06 16  0900   56094   32400  0  3.28e+03  3.26e+01  0  5.80e+04  1.33e+04  1.76e+03  3.65e+02  8.84e+01  -1.00
2012 06 16  1000   56094   36000  0  3.17e+03  2.92e+01  0  3.84e+04  1.10e+04  1.55e+03  3.06e+02  7.74e+01  -1.00
2012 06 16  1100   56094   39600  0  3.55e+03  3.28e+01  0  3.38e+04  1.07e+04  1.89e+03  4.40e+02  1.04e+02  -1.00
2012 06 16  1200   56094   43200  0  3.77e+03  3.14e+01  0  3.14e+04  1.12e+04  2.11e+03  5.13e+02  1.22e+02  -1.00
2012 06 16  1300   56094   46800  0  4.07e+03  3.24e+01  0  3.40e+04  1.31e+04  2.54e+03  5.86e+02  1.57e+02  -1.00
2012 06 16  1400   56094   50400  0  6.30e+03  3.77e+01  0  2.64e+04  1.18e+04  2.81e+03  9.51e+02  2.58e+02  -1.00
2012 06 16  1500   56094   54000  0  1.27e+04  7.37e+01  0  2.22e+04  1.15e+04  3.40e+03  1.52e+03  4.74e+02  -1.00
2012 06 16  1600   56094   57600  0  1.85e+04  1.02e+02  0  2.62e+04  1.35e+04  4.73e+03  2.30e+03  7.86e+02  -1.00
2012 06 16  1700   56094   61200  0  1.52e+04  7.49e+01  0  3.67e+04  2.16e+04  7.57e+03  3.20e+03  1.00e+03  -1.00
2012 06 16  1800   56094   64800  0  1.52e+04  7.25e+01  0  4.64e+04  2.28e+04  7.65e+03  3.39e+03  1.10e+03  -1.00
2012 06 16  1900   56094   68400  0  1.84e+04  7.13e+01  0  9.38e+04  3.13e+04  8.78e+03  4.24e+03  1.38e+03  -1.00
2012 06 16  2000   56094   72000  0  1.61e+04  6.17e+01  0  9.15e+04  3.63e+04  1.02e+04  4.70e+03  1.45e+03  -1.00
2012 06 16  2100   56094   75600  0  1.18e+04  5.06e+01  0  1.16e+05  4.11e+04  9.07e+03  3.84e+03  1.25e+03  -1.00
2012 06 16  2200   56094   79200  0  8.49e+03  4.10e+01  0  1.26e+05  4.02e+04  7.24e+03  2.61e+03  7.91e+02  -1.00
2012 06 16  2300   56094   82800  0  8.33e+03  4.25e+01  0  1.15e+05  3.99e+04  8.24e+03  3.04e+03  9.07e+02  -1.00
2012 06 17  0000   56095       0  0  7.88e+03  3.93e+01  0  1.03e+05  3.54e+04  7.55e+03  2.66e+03  7.77e+02  -1.00
2012 06 17  0100   56095    3600  0  7.56e+03  3.73e+01  0  9.22e+04  2.63e+04  5.12e+03  1.83e+03  5.28e+02  -1.00
2012 06 17  0200   56095    7200  0  4.81e+03  3.34e+01  0  5.30e+04  1.99e+04  4.05e+03  1.47e+03  3.91e+02  -1.00
2012 06 17  0300   56095   10800  0  1.08e+05  3.08e+01  0  5.96e+04  2.09e+04  4.38e+03  1.44e+03  3.82e+02  -1.00
2012 06 17  0400   56095   14400  0  4.31e+03  3.01e+01  0  5.67e+04  2.07e+04  3.74e+03  1.08e+03  3.30e+02  -1.00
2012 06 17  0500   56095   18000  0  4.46e+03  3.08e+01  0  4.03e+04  1.32e+04  2.38e+03  9.16e+02  2.33e+02  -1.00
2012 06 17  0600   56095   21600  0  3.47e+03  2.93e+01  0  3.39e+04  1.11e+04  2.05e+03  6.99e+02  2.00e+02  -1.00
2012 06 17  0700   56095   25200  0  2.73e+03  3.00e+01  0  2.06e+04  6.52e+03  1.35e+03  5.87e+02  1.36e+02  -1.00
2012 06 17  0800   56095   28800  0  5.11e+03  4.26e+01  0  3.29e+04  1.01e+04  1.81e+03  7.63e+02  1.71e+02  -1.00
2012 06 17  0900   56095   32400  0  5.58e+03  4.41e+01  0  7.33e+04  2.22e+04  3.54e+03  1.08e+03  2.78e+02  -1.00
2012 06 17  1000   56095   36000  0  4.87e+03  4.39e+01  0  7.81e+04  2.38e+04  3.91e+03  1.12e+03  3.07e+02  -1.00
2012 06 17  1100   56095   39600  0  5.38e+03  4.53e+01  0  8.74e+04  2.12e+04  3.30e+03  9.46e+02  2.50e+02  -1.00
2012 06 17  1200   56095   43200  0  5.27e+03  4.54e+01  0  6.31e+04  1.77e+04  2.82e+03  8.00e+02  2.10e+02  -1.00
2012 06 17  1300   56095   46800  0  5.46e+03  4.37e+01  0  6.24e+04  1.63e+04  2.49e+03  6.94e+02  1.78e+02  -1.00
2012 06 17  1400   56095   50400  0  5.18e+03  4.16e+01  0  6.25e+04  1.54e+04  2.25e+03  6.20e+02  1.55e+02  -1.00
2012 06 17  1500   56095   54000  0  4.80e+03  4.09e+01  0  5.52e+04  1.33e+04  1.92e+03  5.21e+02  1.30e+02  -1.00
2012 06 17  1600   56095   57600  0  4.70e+03  4.07e+01  0  4.78e+04  1.17e+04  1.69e+03  4.65e+02  1.16e+02  -1.00
2012 06 17  1700   56095   61200  0  4.43e+03  4.01e+01  0  4.16e+04  1.10e+04  1.68e+03  4.62e+02  1.12e+02  -1.00
2012 06 17  1800   56095   64800  0  4.29e+03  3.85e+01  0  4.13e+04  1.05e+04  1.55e+03  4.16e+02  1.02e+02  -1.00
2012 06 17  1900   56095   68400  0  3.61e+03  3.69e+01  0  3.78e+04  9.08e+03  1.32e+03  3.61e+02  8.73e+01  -1.00
2012 06 17  2000   56095   72000  0  2.83e+03  3.53e+01  0  1.07e+04  3.20e+03  6.61e+02  2.26e+02  5.98e+01  -1.00
2012 06 17  2100   56095   75600  0  2.88e+03  3.50e+01  0  7.21e+03  2.37e+03  5.47e+02  1.97e+02  5.25e+01  -1.00
2012 06 17  2200   56095   79200  0  3.10e+03  3.68e+01  0  1.39e+04  3.88e+03  7.24e+02  2.35e+02  5.94e+01  -1.00
2012 06 17  2300   56095   82800  0  3.19e+03  3.34e+01  0  1.21e+04  3.36e+03  6.42e+02  2.10e+02  5.43e+01  -1.00
2012 06 18  0000   56096       0  0  2.92e+03  3.31e+01  0  1.27e+04  3.53e+03  6.58e+02  2.06e+02  5.30e+01  -1.00
2012 06 18  0100   56096    3600  0  2.99e+03  3.29e+01  0  1.22e+04  3.24e+03  5.74e+02  1.79e+02  4.56e+01  -1.00
2012 06 18  0200   56096    7200  0  3.19e+03  3.35e+01  0  8.81e+03  2.47e+03  4.66e+02  1.47e+02  3.69e+01  -1.00
2012 06 18  0300   56096   10800  0  3.22e+03  3.10e+01  0  6.49e+03  1.99e+03  4.06e+02  1.21e+02  3.29e+01  -1.00
2012 06 18  0400   56096   14400  0  3.24e+03  3.50e+01  0  7.62e+03  2.22e+03  4.32e+02  1.32e+02  3.32e+01  -1.00
2012 06 18  0500   56096   18000  0  2.98e+03  2.87e+01  0  7.92e+03  2.29e+03  4.29e+02  1.23e+02  3.22e+01  -1.00
2012 06 18  0600   56096   21600  0  2.49e+03  3.04e+01  0  9.01e+03  2.45e+03  4.26e+02  1.17e+02  3.06e+01  -1.00
2012 06 18  0700   56096   25200  0  2.47e+03  2.77e+01  0  9.75e+03  2.55e+03  4.20e+02  1.05e+02  2.83e+01  -1.00
2012 06 18  0800   56096   28800  0  2.93e+03  3.03e+01  0  6.47e+03  1.84e+03  3.28e+02  9.37e+01  2.28e+01  -1.00
2012 06 18  0900   56096   32400  0  2.98e+03  2.90e+01  0  7.04e+03  1.98e+03  3.37e+02  9.17e+01  2.24e+01  -1.00
2012 06 18  1000   56096   36000  0  2.87e+03  2.92e+01  0  7.71e+03  2.06e+03  3.34e+02  8.93e+01  2.19e+01  -1.00
2012 06 18  1100   56096   39600  0  2.92e+03  2.85e+01  0  8.45e+03  2.10e+03  3.21e+02  8.46e+01  2.10e+01  -1.00
2012 06 18  1200   56096   43200  0  2.83e+03  2.73e+01  0  8.00e+03  1.93e+03  2.99e+02  7.81e+01  1.99e+01  -1.00
2012 06 18  1300   56096   46800  0  2.65e+03  2.67e+01  0  6.83e+03  1.68e+03  2.66e+02  7.36e+01  1.81e+01  -1.00
2012 06 18  1400   56096   50400  0  2.56e+03  2.57e+01  0  6.67e+03  1.62e+03  2.56e+02  7.06e+01  1.74e+01  -1.00
2012 06 18  1500   56096   54000  0  2.53e+03  2.58e+01  0  6.61e+03  1.58e+03  2.48e+02  6.46e+01  1.62e+01  -1.00
2012 06 18  1600   56096   57600  0  2.49e+03  2.45e+01  0  6.59e+03  1.54e+03  2.36e+02  5.95e+01  1.53e+01  -1.00
2012 06 18  1700   56096   61200  0  2.40e+03  2.54e+01  0  6.29e+03  1.47e+03  2.23e+02  5.70e+01  1.44e+01  -1.00
2012 06 18  1800   56096   64800  0  2.25e+03  2.48e+01  0  6.15e+03  1.41e+03  2.15e+02  5.64e+01  1.40e+01  -1.00
2012 06 18  1900   56096   68400  0  2.09e+03  2.42e+01  0  6.88e+03  1.45e+03  2.04e+02  5.23e+01  1.29e+01  -1.00
2012 06 18  2000   56096   72000  0  1.95e+03  2.38e+01  0  7.03e+03  1.44e+03  1.96e+02  4.70e+01  1.19e+01  -1.00
2012 06 18  2100   56096   75600  0  1.77e+03  2.41e+01  0  6.99e+03  1.43e+03  1.85e+02  4.49e+01  1.11e+01  -1.00
2012 06 18  2200   56096   79200  0  2.05e+03  2.26e+01  0  6.35e+03  1.29e+03  1.70e+02  4.30e+01  9.94e+00  -1.00
2012 06 18  2300   56096   82800  0  2.65e+03  6.92e+03  0  1.08e+04  1.85e+03  2.21e+02  4.74e+01  1.31e+01  -1.00
2012 06 19  0000   56097       0  0  2.12e+03  2.28e+01  0  1.66e+04  2.51e+03  2.64e+02  5.39e+01  1.48e+01  -1.00
2012 06 19  0100   56097    3600  0  2.08e+03  2.39e+01  0  1.09e+04  2.06e+03  2.52e+02  5.09e+01  1.37e+01  -1.00
2012 06 19  0200   56097    7200  0  2.05e+03  2.30e+01  0  7.46e+03  1.54e+03  2.10e+02  4.68e+01  1.27e+01  -1.00
2012 06 19  0300   56097   10800  0  1.95e+03  2.38e+01  0  6.02e+03  1.30e+03  1.76e+02  4.05e+01  1.03e+01  -1.00
2012 06 19  0400   56097   14400  0  2.02e+03  2.38e+01  0  7.32e+03  1.54e+03  2.17e+02  4.18e+01  1.26e+01  -1.00
2012 06 19  0500   56097   18000  0  1.95e+03  2.18e+01  0  8.51e+03  2.00e+03  2.47e+02  4.09e+01  1.34e+01  -1.00
2012 06 19  0600   56097   21600  0  1.75e+03  2.37e+01  0  6.19e+03  1.27e+03  1.72e+02  3.73e+01  1.07e+01  -1.00
2012 06 19  0700   56097   25200  0  1.76e+03  2.30e+01  0  6.58e+03  1.28e+03  1.64e+02  3.57e+01  9.78e+00  -1.00
2012 06 19  0800   56097   28800  0  1.75e+03  2.32e+01  0  6.35e+03  1.27e+03  1.68e+02  3.43e+01  1.01e+01  -1.00
2012 06 19  0900   56097   32400  0  1.78e+03  2.21e+01  0  6.29e+03  1.23e+03  1.58e+02  3.37e+01  9.64e+00  -1.00
2012 06 19  1000   56097   36000  0  1.69e+03  2.30e+01  0  6.20e+03  1.21e+03  1.56e+02  3.29e+01  9.37e+00  -1.00
2012 06 19  1100   56097   39600  0  1.68e+03  2.11e+01  0  5.93e+03  1.16e+03  1.49e+02  3.07e+01  8.93e+00  -1.00
2012 06 19  1200   56097   43200  0  1.67e+03  2.35e+01  0  5.84e+03  1.12e+03  1.43e+02  2.93e+01  8.45e+00  -1.00
2012 06 19  1300   56097   46800  0  1.72e+03  2.28e+01  0  5.87e+03  1.12e+03  1.41e+02  2.89e+01  8.24e+00  -1.00
2012 06 19  1400   56097   50400  0  1.54e+03  2.30e+01  0  5.64e+03  1.08e+03  1.39e+02  3.04e+01  8.33e+00  -1.00
2012 06 19  1500   56097   54000  0  1.48e+03  2.31e+01  0  5.52e+03  1.05e+03  1.37e+02  3.08e+01  8.51e+00  -1.00
2012 06 19  1600   56097   57600  0  1.49e+03  2.19e+01  0  5.70e+03  1.10e+03  1.38e+02  3.17e+01  8.28e+00  -1.00
2012 06 19  1700   56097   61200  0  1.48e+03  2.17e+01  0  5.26e+03  1.00e+03  1.28e+02  2.80e+01  7.23e+00  -1.00
2012 06 19  1800   56097   64800  0  1.40e+03  2.09e+01  0  4.58e+03  8.33e+02  1.08e+02  2.50e+01  6.46e+00  -1.00
2012 06 19  1900   56097   68400  0  1.31e+03  2.20e+01  0  4.02e+03  7.41e+02  1.00e+02  2.21e+01  6.03e+00  -1.00
2012 06 19  2000   56097   72000  0  1.28e+03  2.22e+01  0  3.85e+03  7.07e+02  9.43e+01  2.10e+01  5.51e+00  -1.00
2012 06 19  2100   56097   75600  0  1.26e+03  2.58e+01  0  3.67e+03  6.71e+02  8.97e+01  1.95e+01  5.33e+00  -1.00
2012 06 19  2200   56097   79200  0  1.25e+03  1.95e+01  0  3.60e+03  6.57e+02  8.59e+01  1.85e+01  4.92e+00  -1.00
2012 06 19  2300   56097   82800  0  1.22e+03  2.06e+01  0  3.57e+03  6.46e+02  8.40e+01  1.81e+01  4.92e+00  -1.00
2012 06 20  0000   56098       0  0  1.23e+03  2.19e+01  0  3.43e+03  6.12e+02  7.94e+01  1.75e+01  4.66e+00  -1.00
2012 06 20  0100   56098    3600  0  1.19e+03  2.05e+01  0  3.62e+03  6.40e+02  8.14e+01  1.73e+01  4.75e+00  -1.00
2012 06 20  0200   56098    7200  0  1.19e+03  2.18e+01  0  5.17e+04  1.86e+04  1.96e+04  1.66e+01  4.48e+00  -1.00
2012 06 20  0300   56098   10800  0  1.09e+03  2.24e+01  0  3.20e+03  5.56e+02  7.30e+01  1.61e+01  4.46e+00  -1.00
2012 06 20  0400   56098   14400  0  1.05e+03  2.04e+01  0  2.96e+03  5.30e+02  6.77e+01  1.55e+01  4.07e+00  -1.00
2012 06 20  0500   56098   18000  0  1.12e+03  2.17e+01  0  3.19e+03  5.50e+02  7.05e+01  1.52e+01  4.25e+00  -1.00
2012 06 20  0600   56098   21600  0  1.15e+03  2.23e+01  0  3.20e+03  5.71e+02  7.39e+01  1.52e+01  4.54e+00  -1.00
2012 06 20  0700   56098   25200  0  1.08e+03  2.14e+01  0  3.04e+03  5.41e+02  6.89e+01  1.45e+01  4.07e+00  -1.00
2012 06 20  0800   56098   28800  0  1.04e+03  2.28e+01  0  2.83e+03  4.85e+02  6.34e+01  1.31e+01  4.02e+00  -1.00
2012 06 20  0900   56098   32400  0  1.14e+03  2.18e+01  0  3.15e+03  5.24e+02  6.87e+01  1.40e+01  3.85e+00  -1.00
2012 06 20  1000   56098   36000  0  1.10e+03  2.22e+01  0  3.31e+03  5.37e+02  6.75e+01  1.34e+01  3.77e+00  -1.00
2012 06 20  1100   56098   39600  0  1.04e+03  2.07e+01  0  2.87e+03  4.84e+02  6.10e+01  1.24e+01  3.42e+00  -1.00
2012 06 20  1200   56098   43200  0  1.01e+03  2.10e+01  0  2.78e+03  4.60e+02  5.86e+01  1.26e+01  3.47e+00  -1.00
2012 06 20  1300   56098   46800  0  1.07e+03  2.10e+01  0  2.77e+03  4.70e+02  5.87e+01  1.18e+01  3.43e+00  -1.00
2012 06 20  1400   56098   50400  0  1.07e+03  2.09e+01  0  2.73e+03  4.56e+02  5.65e+01  1.17e+01  3.39e+00  -1.00
2012 06 20  1500   56098   54000  0  1.03e+03  2.18e+01  0  2.75e+03  4.49e+02  5.54e+01  1.11e+01  3.34e+00  -1.00
2012 06 20  1600   56098   57600  0  9.60e+02  2.24e+01  0  2.78e+03  4.52e+02  5.76e+01  1.21e+01  3.45e+00  -1.00
2012 06 20  1700   56098   61200  0  9.85e+02  2.09e+01  0  2.91e+03  4.75e+02  5.91e+01  1.19e+01  3.48e+00  -1.00
2012 06 20  1800   56098   64800  0  1.00e+03  2.24e+01  0  3.08e+03  5.02e+02  5.90e+01  1.15e+01  2.99e+00  -1.00
2012 06 20  1900   56098   68400  0  1.19e+03  2.25e+01  0  2.67e+03  4.46e+02  5.16e+01  9.98e+00  2.64e+00  -1.00
2012 06 20  2000   56098   72000  0  1.11e+03  2.16e+01  0  3.02e+03  5.04e+02  5.92e+01  1.14e+01  3.12e+00  -1.00
2012 06 20  2100   56098   75600  0  1.06e+03  2.21e+01  0  3.44e+03  5.71e+02  6.45e+01  1.20e+01  3.05e+00  -1.00
2012 06 20  2200   56098   79200  0  1.07e+03  2.05e+01  0  3.67e+03  6.05e+02  6.81e+01  1.27e+01  3.55e+00  -1.00
2012 06 20  2300   56098   82800  0  1.11e+03  2.11e+01  0  3.82e+03  6.17e+02  6.71e+01  1.26e+01  3.34e+00  -1.00
2012 06 21  0000   56099       0  0  1.15e+03  2.31e+01  0  3.95e+03  6.39e+02  6.77e+01  1.22e+01  3.32e+00  -1.00
2012 06 21  0100   56099    3600  0  9.53e+02  2.16e+01  0  3.96e+03  6.54e+02  6.68e+01  1.19e+01  3.18e+00  -1.00
2012 06 21  0200   56099    7200  0  9.46e+02  2.15e+01  0  4.21e+03  6.83e+02  6.81e+01  1.16e+01  3.16e+00  -1.00
2012 06 21  0300   56099   10800  0  8.93e+02  2.08e+01  0  4.23e+03  6.75e+02  6.64e+01  1.16e+01  2.95e+00  -1.00
2012 06 21  0400   56099   14400  0  9.17e+02  2.27e+01  0  4.24e+03  6.74e+02  6.44e+01  1.08e+01  2.98e+00  -1.00
2012 06 21  0500   56099   18000  0  8.91e+02  2.32e+01  0  4.00e+03  6.28e+02  6.31e+01  1.06e+01  2.87e+00  -1.00
2012 06 21  0600   56099   21600  0  8.98e+02  2.05e+01  0  3.98e+03  6.24e+02  6.16e+01  1.05e+01  2.90e+00  -1.00
2012 06 21  0700   56099   25200  0  8.91e+02  2.01e+01  0  3.90e+03  5.97e+02  5.85e+01  9.81e+00  2.66e+00  -1.00
2012 06 21  0800   56099   28800  0  1.21e+03  2.21e+01  0  3.46e+03  5.49e+02  5.60e+01  9.27e+00  2.69e+00  -1.00
2012 06 21  0900   56099   32400  0  1.15e+03  2.19e+01  0  3.20e+03  5.05e+02  5.03e+01  8.92e+00  2.57e+00  -1.00
2012 06 21  1000   56099   36000  0  1.11e+03  2.18e+01  0  2.81e+03  4.25e+02  4.34e+01  7.86e+00  2.24e+00  -1.00
2012 06 21  1100   56099   39600  0  9.43e+02  2.05e+01  0  2.73e+03  4.43e+02  4.58e+01  8.31e+00  2.15e+00  -1.00
2012 06 21  1200   56099   43200  0  8.08e+02  2.11e+01  0  2.60e+03  4.12e+02  4.25e+01  8.35e+00  2.09e+00  -1.00
2012 06 21  1300   56099   46800  0  9.09e+02  2.25e+01  0  2.61e+03  4.11e+02  4.10e+01  8.16e+00  2.06e+00  -1.00
2012 06 21  1400   56099   50400  0  8.62e+02  2.09e+01  0  2.59e+03  3.96e+02  4.00e+01  7.76e+00  1.88e+00  -1.00
2012 06 21  1500   56099   54000  0  8.70e+02  2.21e+01  0  2.74e+03  4.34e+02  4.35e+01  6.96e+00  2.08e+00  -1.00
2012 06 21  1600   56099   57600  0  8.16e+02  1.95e+01  0  2.75e+03  4.24e+02  4.20e+01  6.90e+00  1.98e+00  -1.00
2012 06 21  1700   56099   61200  0  7.85e+02  1.92e+01  0  2.79e+03  4.28e+02  4.07e+01  6.76e+00  1.85e+00  -1.00
2012 06 21  1800   56099   64800  0  8.69e+02  2.10e+01  0  2.83e+03  4.47e+02  4.24e+01  6.61e+00  2.01e+00  -1.00
2012 06 21  1900   56099   68400  0  8.63e+02  2.08e+01  0  2.75e+03  4.20e+02  4.06e+01  6.73e+00  1.88e+00  -1.00
2012 06 21  2000   56099   72000  0  8.17e+02  2.15e+01  0  2.61e+03  3.85e+02  3.74e+01  6.33e+00  1.76e+00  -1.00
2012 06 21  2100   56099   75600  0  7.95e+02  2.21e+01  0  2.34e+03  3.29e+02  3.29e+01  5.75e+00  1.64e+00  -1.00
2012 06 21  2200   56099   79200  0  7.37e+02  2.07e+01  0  2.10e+03  2.84e+02  2.78e+01  5.23e+00  1.37e+00  -1.00
2012 06 21  2300   56099   82800  0  8.16e+02  2.13e+01  0  2.16e+03  2.92e+02  2.93e+01  5.27e+00  1.41e+00  -1.00
2012 06 22  0000   56100       0  0  7.68e+02  1.97e+01  0  2.11e+03  2.75e+02  2.73e+01  5.20e+00  1.30e+00  -1.00
2012 06 22  0100   56100    3600  0  7.31e+02  2.05e+01  0  2.04e+03  2.60e+02  2.68e+01  5.07e+00  1.31e+00  -1.00
2012 06 22  0200   56100    7200  0  6.76e+02  1.99e+01  0  2.04e+03  2.56e+02  2.62e+01  4.70e+00  1.32e+00  -1.00
2012 06 22  0300   56100   10800  0  6.83e+02  1.87e+01  0  1.95e+03  2.44e+02  2.49e+01  4.79e+00  1.31e+00  -1.00
2012 06 22  0400   56100   14400  0  7.01e+02  2.15e+01  0  1.92e+03  2.36e+02  2.57e+01  4.71e+00  1.32e+00  -1.00
2012 06 22  0500   56100   18000  0  6.50e+02  1.91e+01  0  1.90e+03  2.29e+02  2.45e+01  5.11e+00  1.17e+00  -1.00
2012 06 22  0600   56100   21600  0  6.36e+02  1.96e+01  0  1.76e+03  2.11e+02  2.18e+01  4.65e+00  1.03e+00  -1.00
2012 06 22  0700   56100   25200  0  6.57e+02  2.09e+01  0  1.81e+03  2.12e+02  2.27e+01  3.92e+00  1.08e+00  -1.00
2012 06 22  0800   56100   28800  0  6.71e+02  2.12e+01  0  1.75e+03  2.06e+02  2.12e+01  3.09e+00  1.11e+00  -1.00
2012 06 22  0900   56100   32400  0  6.18e+02  1.94e+01  0  1.64e+03  1.75e+02  1.88e+01  3.93e+00  1.01e+00  -1.00
2012 06 22  1000   56100   36000  0  6.19e+02  1.87e+01  0  1.56e+03  1.63e+02  1.85e+01  3.59e+00  1.01e+00  -1.00
2012 06 22  1100   56100   39600  0  6.71e+02  2.15e+01  0  1.56e+03  1.65e+02  1.88e+01  3.66e+00  9.35e-01  -1.00
2012 06 22  1200   56100   43200  0  6.45e+02  1.98e+01  0  1.44e+03  1.41e+02  1.57e+01  2.98e+00  8.90e-01  -1.00
2012 06 22  1300   56100   46800  0  6.87e+02  1.99e+01  0  1.56e+03  1.70e+02  1.87e+01  2.92e+00  9.78e-01  -1.00
2012 06 22  1400   56100   50400  0  6.15e+02  1.92e+01  0  2.13e+03  1.45e+02  1.48e+01  2.80e+00  7.47e-01  -1.00
2012 06 22  1500   56100   54000  0  5.10e+02  1.87e+01  0  1.24e+03  1.07e+02  1.20e+01  2.71e+00  6.19e-01  -1.00
2012 06 22  1600   56100   57600  0  5.24e+02  1.90e+01  0  1.31e+03  1.21e+02  1.31e+01  2.71e+00  7.00e-01  -1.00
2012 06 22  1700   56100   61200  0  5.36e+02  2.04e+01  0  1.32e+03  1.15e+02  1.29e+01  2.45e+00  6.45e-01  -1.00
2012 06 22  1800   56100   64800  0  5.29e+02  1.98e+01  0  1.22e+03  9.78e+01  1.08e+01  2.50e+00  5.70e-01  -1.00
2012 06 22  1900   56100   68400  0  5.17e+02  1.88e+01  0  1.22e+03  1.00e+02  1.09e+01  2.24e+00  5.60e-01  -1.00
2012 06 22  2000   56100   72000  0  5.03e+02  2.04e+01  0  1.21e+03  9.72e+01  1.06e+01  2.27e+00  5.62e-01  -1.00
2012 06 22  2100   56100   75600  0  5.18e+02  2.08e+01  0  1.20e+03  9.73e+01  1.06e+01  2.21e+00  5.74e-01  -1.00
2012 06 22  2200   56100   79200  0  5.05e+02  1.94e+01  0  1.18e+03  8.92e+01  9.96e+00  2.11e+00  5.57e-01  -1.00
2012 06 22  2300   56100   82800  0  5.08e+02  1.92e+01  0  1.18e+03  8.53e+01  9.74e+00  2.01e+00  4.99e-01  -1.00
2012 06 23  0000   56101       0  0  5.04e+02  1.98e+01  0  1.16e+03  8.53e+01  9.65e+00  2.08e+00  5.21e-01  -1.00
2012 06 23  0100   56101    3600  0  4.61e+02  2.00e+01  0  1.18e+03  8.96e+01  9.69e+00  1.98e+00  4.98e-01  -1.00
2012 06 23  0200   56101    7200  0  4.81e+02  2.06e+01  0  1.19e+03  8.83e+01  9.45e+00  1.90e+00  5.04e-01  -1.00
2012 06 23  0300   56101   10800  0  4.75e+02  1.97e+01  0  1.16e+03  8.83e+01  9.66e+00  1.79e+00  4.77e-01  -1.00
2012 06 23  0400   56101   14400  0  4.95e+02  2.09e+01  0  1.20e+03  8.63e+01  9.33e+00  1.96e+00  4.80e-01  -1.00
2012 06 23  0500   56101   18000  0  4.78e+02  2.18e+01  0  1.17e+03  8.82e+01  9.29e+00  1.85e+00  5.18e-01  -1.00
2012 06 23  0600   56101   21600  0  5.01e+02  2.02e+01  0  1.14e+03  7.74e+01  8.31e+00  2.20e+00  4.73e-01  -1.00
2012 06 23  0700   56101   25200  0  4.50e+02  2.02e+01  0  1.09e+03  7.49e+01  7.97e+00  2.04e+00  3.91e-01  -1.00
2012 06 23  0800   56101   28800  0  5.83e+02  2.08e+01  0  1.08e+03  6.36e+01  6.98e+00  1.90e+00  4.19e-01  -1.00
2012 06 23  0900   56101   32400  0  7.09e+02  2.13e+01  0  1.13e+03  7.57e+01  8.52e+00  1.70e+00  4.53e-01  -1.00
2012 06 23  1000   56101   36000  0  6.83e+02  1.97e+01  0  1.12e+03  7.66e+01  8.40e+00  1.79e+00  4.34e-01  -1.00
2012 06 23  1100   56101   39600  0  7.08e+02  2.06e+01  0  1.34e+03  7.53e+01  8.10e+00  1.96e+00  4.52e-01  -1.00
2012 06 23  1200   56101   43200  0  7.14e+02  2.13e+01  0  1.12e+03  7.41e+01  8.43e+00  3.42e+00  7.28e-01  -1.00
2012 06 23  1300   56101   46800  0  7.03e+02  2.15e+01  0  1.12e+03  7.21e+01  7.97e+00  9.37e+00  1.45e+00  -1.00
2012 06 23  1400   56101   50400  0  6.32e+02  2.07e+01  0  1.12e+03  6.56e+01  8.01e+00  9.53e+00  9.75e-01  -1.00
2012 06 23  1500   56101   54000  0  6.04e+02  2.23e+01  0  9.23e+02  3.35e+01  8.65e+00  1.03e+01  1.44e+00  -1.00
2012 06 23  1600   56101   57600  0  5.47e+02  1.92e+01  0  9.45e+02  2.66e+01  1.36e+01  1.24e+01  1.64e+00  -1.00
2012 06 23  1700   56101   61200  0  5.37e+02  2.13e+01  0  9.05e+02  2.35e+01  8.94e+00  1.28e+01  1.22e+00  -1.00
2012 06 23  1800   56101   64800  0  5.41e+02  2.22e+01  0  9.10e+02  3.09e+01  1.45e+01  1.16e+01  1.24e+00  -1.00
2012 06 23  1900   56101   68400  0  5.49e+02  2.07e+01  0  8.65e+02  2.32e+01  1.01e+01  1.05e+01  9.95e-01  -1.00
2012 06 23  2000   56101   72000  0  5.78e+02  1.99e+01  0  9.27e+02  4.34e+01  1.71e+01  1.17e+01  1.31e+00  -1.00
2012 06 23  2100   56101   75600  0  5.85e+02  2.00e+01  0  9.64e+02  5.99e+01  2.10e+01  1.11e+01  1.41e+00  -1.00
2012 06 23  2200   56101   79200  0  5.62e+02  2.04e+01  0  1.28e+03  2.21e+02  3.90e+01  9.14e+00  1.58e+00  -1.00
2012 06 23  2300   56101   82800  0  5.77e+02  2.07e+01  0  1.07e+03  2.45e+02  3.89e+01  8.01e+00  1.49e+00  -1.00
2012 06 24  0000   56102       0  0  5.82e+02  2.14e+01  0  9.29e+02  7.39e+01  2.25e+01  9.43e+00  1.26e+00  -1.00
2012 06 24  0100   56102    3600  0  6.12e+02  2.14e+01  0  9.66e+02  1.01e+02  2.40e+01  8.89e+00  1.33e+00  -1.00
2012 06 24  0200   56102    7200  0  5.91e+02  2.14e+01  0  1.04e+03  1.45e+02  2.77e+01  7.58e+00  1.20e+00  -1.00
2012 06 24  0300   56102   10800  0  5.69e+02  2.21e+01  0  9.54e+02  9.77e+01  2.31e+01  7.29e+00  1.11e+00  -1.00
2012 06 24  0400   56102   14400  0  6.00e+02  2.08e+01  0  9.87e+02  8.58e+01  1.82e+01  6.48e+00  1.01e+00  -1.00
2012 06 24  0500   56102   18000  0  6.08e+02  2.25e+01  0  1.05e+03  1.16e+02  1.94e+01  5.25e+00  1.07e+00  -1.00
2012 06 24  0600   56102   21600  0  5.35e+02  2.05e+01  0  9.84e+02  6.63e+01  1.08e+01  3.22e+00  5.93e-01  -1.00
2012 06 24  0700   56102   25200  0  5.70e+02  2.22e+01  0  9.87e+02  6.53e+01  9.38e+00  2.56e+00  5.35e-01  -1.00
2012 06 24  0800   56102   28800  0  5.86e+02  2.17e+01  0  9.59e+02  4.27e+01  6.94e+00  2.91e+00  6.03e-01  -1.00
2012 06 24  0900   56102   32400  0  5.62e+02  2.14e+01  0  1.00e+03  5.11e+01  7.16e+00  2.27e+00  5.48e-01  -1.00
2012 06 24  1000   56102   36000  0  5.35e+02  2.04e+01  0  1.05e+03  7.73e+01  1.07e+01  2.73e+00  6.61e-01  -1.00
2012 06 24  1100   56102   39600  0  4.92e+03  1.66e+04  0  1.13e+03  9.35e+01  1.19e+01  3.18e+00  7.52e-01  -1.00
2012 06 24  1200   56102   43200  0  6.01e+02  2.18e+01  0  1.09e+03  8.96e+01  1.35e+01  3.25e+00  8.79e-01  -1.00
2012 06 24  1300   56102   46800  0  5.66e+02  2.07e+01  0  1.36e+03  1.32e+02  1.36e+01  2.57e+00  6.80e-01  -1.00
2012 06 24  1400   56102   50400  0  5.47e+02  2.04e+01  0  2.00e+03  2.52e+02  1.97e+01  3.71e+00  8.86e-01  -1.00
2012 06 24  1500   56102   54000  0  5.19e+02  2.10e+01  0  1.26e+03  1.13e+02  1.06e+01  2.07e+00  5.28e-01  -1.00
2012 06 24  1600   56102   57600  0  4.71e+02  2.15e+01  0  1.12e+03  7.23e+01  7.78e+00  1.60e+00  4.03e-01  -1.00
2012 06 24  1700   56102   61200  0  4.74e+02  2.03e+01  0  1.19e+03  8.51e+01  7.84e+00  1.53e+00  4.39e-01  -1.00
2012 06 24  1800   56102   64800  0  4.78e+02  1.96e+01  0  1.18e+03  7.88e+01  7.61e+00  1.52e+00  4.40e-01  -1.00
2012 06 24  1900   56102   68400  0  5.00e+02  2.21e+01  0  1.17e+03  7.89e+01  7.62e+00  1.42e+00  3.88e-01  -1.00
2012 06 24  2000   56102   72000  0  5.15e+02  2.05e+01  0  1.16e+03  7.19e+01  6.57e+00  1.26e+00  3.58e-01  -1.00
2012 06 24  2100   56102   75600  0  5.41e+02  2.06e+01  0  1.21e+03  1.86e+02  1.26e+03  1.30e+00  6.34e-01  -1.00
2012 06 24  2200   56102   79200  0  5.00e+02  2.08e+01  0  1.21e+03  7.31e+01  6.51e+00  1.38e+00  3.52e-01  -1.00
2012 06 24  2300   56102   82800  0  5.67e+02  2.11e+01  0  2.05e+03  1.85e+02  1.28e+01  3.33e+00  7.43e-01  -1.00
2012 06 25  0000   56103       0  0  5.68e+02  2.26e+01  0  2.03e+03  1.67e+02  1.16e+01  3.01e+00  7.54e-01  -1.00
2012 06 25  0100   56103    3600  0  5.27e+02  2.04e+01  0  1.76e+03  1.34e+02  1.06e+01  2.11e+00  6.61e-01  -1.00
2012 06 25  0200   56103    7200  0  5.20e+02  2.05e+01  0  1.29e+03  7.88e+01  6.67e+00  1.47e+00  4.28e-01  -1.00
2012 06 25  0300   56103   10800  0  5.26e+02  2.02e+01  0  1.17e+03  6.12e+01  5.20e+00  1.34e+00  3.84e-01  -1.00
2012 06 25  0400   56103   14400  0  5.10e+02  2.12e+01  0  1.12e+03  5.47e+01  5.04e+00  1.30e+00  3.46e-01  -1.00
2012 06 25  0500   56103   18000  0  5.13e+02  2.18e+01  0  1.22e+03  5.76e+01  5.45e+00  1.22e+00  3.90e-01  -1.00
2012 06 25  0600   56103   21600  0  5.09e+02  2.08e+01  0  1.14e+03  5.41e+01  4.98e+00  1.13e+00  3.70e-01  -1.00
2012 06 25  0700   56103   25200  0  4.96e+02  2.16e+01  0  1.29e+03  7.64e+01  6.38e+00  1.69e+00  4.37e-01  -1.00
2012 06 25  0800   56103   28800  0  5.40e+02  2.19e+01  0  1.48e+03  1.12e+02  8.16e+00  2.42e+00  5.49e-01  -1.00
2012 06 25  0900   56103   32400  0  5.36e+02  2.23e+01  0  1.29e+03  8.58e+01  7.07e+00  2.06e+00  4.47e-01  -1.00
2012 06 25  1000   56103   36000  0  5.14e+02  2.14e+01  0  1.20e+03  6.40e+01  5.70e+00  2.02e+00  3.98e-01  -1.00
2012 06 25  1100   56103   39600  0  4.96e+02  2.13e+01  0  1.17e+03  5.76e+01  5.43e+00  1.68e+00  4.06e-01  -1.00
2012 06 25  1200   56103   43200  0  4.97e+02  2.20e+01  0  1.05e+03  4.29e+01  4.86e+00  1.59e+00  3.36e-01  -1.00
2012 06 25  1300   56103   46800  0  4.52e+02  2.06e+01  0  9.78e+02  2.95e+01  3.54e+00  9.87e-01  2.49e-01  -1.00
2012 06 25  1400   56103   50400  0  4.61e+02  2.02e+01  0  9.67e+02  2.80e+01  3.03e+00  9.45e-01  2.38e-01  -1.00
2012 06 25  1500   56103   54000  0  4.37e+02  2.12e+01  0  9.67e+02  2.85e+01  3.20e+00  8.52e-01  2.47e-01  -1.00
2012 06 25  1600   56103   57600  0  4.06e+02  2.07e+01  0  9.14e+02  2.08e+01  2.62e+00  7.10e-01  1.72e-01  -1.00
2012 06 25  1700   56103   61200  0  4.26e+02  2.11e+01  0  8.90e+02  1.92e+01  2.50e+00  6.50e-01  1.44e-01  -1.00
2012 06 25  1800   56103   64800  0  4.28e+02  2.05e+01  0  9.29e+02  1.85e+01  2.46e+00  6.99e-01  1.78e-01  -1.00
2012 06 25  1900   56103   68400  0  4.14e+02  2.20e+01  0  9.07e+02  1.85e+01  2.40e+00  6.72e-01  1.56e-01  -1.00
2012 06 25  2000   56103   72000  0  4.28e+02  2.00e+01  0  9.02e+02  1.78e+01  2.35e+00  6.01e-01  1.58e-01  -1.00
2012 06 25  2100   56103   75600  0  4.05e+02  2.11e+01  0  8.95e+02  1.71e+01  2.22e+00  6.69e-01  1.37e-01  -1.00
2012 06 25  2200   56103   79200  0  4.07e+02  2.00e+01  0  8.92e+02  1.64e+01  2.08e+00  5.42e-01  1.27e-01  -1.00
2012 06 25  2300   56103   82800  0  4.02e+02  2.09e+01  0  8.93e+02  1.61e+01  2.09e+00  5.59e-01  1.44e-01  -1.00
2012 06 26  0000   56104       0  0  4.08e+02  2.15e+01  0  9.00e+02  1.60e+01  2.09e+00  5.46e-01  1.55e-01  -1.00
2012 06 26  0100   56104    3600  0  4.04e+02  2.00e+01  0  9.03e+02  1.61e+01  2.03e+00  7.01e-01  1.11e-01  -1.00
2012 06 26  0200   56104    7200  0  4.03e+02  2.00e+01  0  8.94e+02  1.55e+01  2.04e+00  5.21e-01  1.40e-01  -1.00
2012 06 26  0300   56104   10800  0  3.93e+02  2.01e+01  0  8.81e+02  1.44e+01  1.90e+00  5.02e-01  1.32e-01  -1.00
2012 06 26  0400   56104   14400  0  3.93e+02  1.93e+01  0  9.00e+02  1.57e+01  1.87e+00  4.90e-01  1.15e-01  -1.00
2012 06 26  0500   56104   18000  0  3.83e+02  2.10e+01  0  8.78e+02  1.53e+01  1.94e+00  5.34e-01  1.55e-01  -1.00
2012 06 26  0600   56104   21600  0  3.99e+02  2.12e+01  0  9.89e+02  1.69e+01  1.93e+00  5.21e-01  1.37e-01  -1.00
2012 06 26  0700   56104   25200  0  3.92e+02  2.18e+01  0  1.10e+03  1.95e+01  1.96e+00  4.60e-01  1.49e-01  -1.00
2012 06 26  0800   56104   28800  0  4.01e+02  1.98e+01  0  9.22e+02  1.59e+01  1.91e+00  6.39e-01  1.67e-01  -1.00
2012 06 26  0900   56104   32400  0  4.01e+02  1.95e+01  0  9.31e+02  1.52e+01  1.98e+00  5.31e-01  1.29e-01  -1.00
2012 06 26  1000   56104   36000  0  3.83e+02  2.12e+01  0  9.09e+02  1.61e+01  1.96e+00  5.16e-01  1.34e-01  -1.00
2012 06 26  1100   56104   39600  0  3.99e+02  1.99e+01  0  9.13e+02  1.53e+01  1.98e+00  5.50e-01  1.47e-01  -1.00
2012 06 26  1200   56104   43200  0  3.73e+02  2.18e+01  0  4.13e+03  8.36e+01  2.45e+00  5.38e-01  1.17e-01  -1.00
2012 06 26  1300   56104   46800  0  4.08e+02  2.07e+01  0  4.31e+03  5.98e+01  2.78e+00  5.29e-01  1.29e-01  -1.00
2012 06 26  1400   56104   50400  0  4.00e+02  1.92e+01  0  9.14e+02  1.56e+01  1.97e+00  5.79e-01  1.29e-01  -1.00
2012 06 26  1500   56104   54000  0  3.96e+02  2.07e+01  0  9.14e+02  1.58e+01  1.88e+00  5.56e-01  1.47e-01  -1.00
2012 06 26  1600   56104   57600  0  3.95e+02  2.14e+01  0  9.07e+02  1.65e+01  1.90e+00  5.31e-01  1.10e-01  -1.00
2012 06 26  1700   56104   61200  0  3.82e+02  2.01e+01  0  9.04e+02  1.46e+01  1.93e+00  4.87e-01  1.39e-01  -1.00
2012 06 26  1800   56104   64800  0  4.17e+02  2.01e+01  0  9.02e+02  1.47e+01  1.94e+00  5.38e-01  1.27e-01  -1.00
2012 06 26  1900   56104   68400  0  4.02e+02  2.12e+01  0  8.91e+02  1.59e+01  1.94e+00  5.00e-01  1.40e-01  -1.00
2012 06 26  2000   56104   72000  0  3.76e+02  2.11e+01  0  8.97e+02  1.59e+01  1.95e+00  5.29e-01  1.72e-01  -1.00
2012 06 26  2100   56104   75600  0  3.96e+02  2.17e+01  0  9.12e+02  1.68e+01  2.03e+00  5.82e-01  1.44e-01  -1.00
2012 06 26  2200   56104   79200  0  3.90e+02  1.99e+01  0  9.05e+02  1.92e+01  2.40e+00  6.41e-01  1.47e-01  -1.00
2012 06 26  2300   56104   82800  0  3.74e+02  2.10e+01  0  9.15e+02  1.94e+01  2.37e+00  5.89e-01  1.68e-01  -1.00
2012 06 27  0000   56105       0  0  5.75e+05  6.39e+04  0  2.55e+05  1.23e+05  3.78e+04  1.19e+04  1.60e-01  -1.00
2012 06 27  0100   56105    3600  0  3.85e+02  2.07e+01  0  8.99e+02  1.80e+01  2.34e+00  5.89e-01  1.38e-01  -1.00
2012 06 27  0200   56105    7200  0  3.78e+02  2.04e+01  0  9.05e+02  1.84e+01  2.21e+00  5.81e-01  1.69e-01  -1.00
2012 06 27  0300   56105   10800  0  3.67e+02  2.16e+01  0  8.85e+02  1.82e+01  2.19e+00  5.99e-01  1.53e-01  -1.00
2012 06 27  0400   56105   14400  0  3.83e+02  1.93e+01  0  9.14e+02  1.86e+01  2.37e+00  5.94e-01  1.75e-01  -1.00
2012 06 27  0500   56105   18000  0  3.96e+02  1.84e+01  0  9.00e+02  1.85e+01  2.25e+00  5.61e-01  1.42e-01  -1.00
2012 06 27  0600   56105   21600  0  3.86e+02  2.00e+01  0  8.99e+02  1.69e+01  1.87e+00  6.02e-01  1.28e-01  -1.00
2012 06 27  0700   56105   25200  0  3.68e+02  2.01e+01  0  8.99e+02  1.71e+01  2.26e+00  5.61e-01  1.26e-01  -1.00
2012 06 27  0800   56105   28800  0  4.02e+02  2.02e+01  0  9.11e+02  1.77e+01  2.14e+00  6.02e-01  1.37e-01  -1.00
2012 06 27  0900   56105   32400  0  4.03e+02  1.90e+01  0  9.12e+02  1.68e+01  1.96e+00  4.94e-01  1.28e-01  -1.00
2012 06 27  1000   56105   36000  0  4.23e+02  1.91e+01  0  9.14e+02  1.75e+01  2.14e+00  5.50e-01  1.40e-01  -1.00
2012 06 27  1100   56105   39600  0  3.84e+02  1.89e+01  0  8.98e+02  1.63e+01  2.14e+00  5.84e-01  1.24e-01  -1.00
2012 06 27  1200   56105   43200  0  3.87e+02  2.04e+01  0  9.07e+02  1.52e+01  2.10e+00  4.19e-01  1.14e-01  -1.00
2012 06 27  1300   56105   46800  0  4.04e+02  1.82e+01  0  8.86e+02  1.50e+01  1.73e+00  4.84e-01  1.20e-01  -1.00
2012 06 27  1400   56105   50400  0  4.00e+02  1.84e+01  0  9.12e+02  1.55e+01  1.75e+00  4.84e-01  1.20e-01  -1.00
2012 06 27  1500   56105   54000  0  3.85e+02  1.99e+01  0  9.09e+02  1.54e+01  1.90e+00  5.40e-01  1.28e-01  -1.00
2012 06 27  1600   56105   57600  0  3.94e+02  2.00e+01  0  8.96e+02  1.53e+01  1.83e+00  5.19e-01  1.31e-01  -1.00
2012 06 27  1700   56105   61200  0  3.78e+02  1.90e+01  0  8.96e+02  1.42e+01  1.89e+00  5.22e-01  1.26e-01  -1.00
2012 06 27  1800   56105   64800  0  3.92e+02  1.89e+01  0  8.95e+02  1.43e+01  1.80e+00  4.74e-01  1.05e-01  -1.00
2012 06 27  1900   56105   68400  0  3.80e+02  1.94e+01  0  8.93e+02  1.45e+01  1.82e+00  4.69e-01  1.17e-01  -1.00
2012 06 27  2000   56105   72000  0  3.86e+02  2.03e+01  0  8.93e+02  1.48e+01  1.81e+00  4.58e-01  1.17e-01  -1.00
2012 06 27  2100   56105   75600  0  1.22e+05  2.51e+01  0  9.21e+02  1.45e+01  1.69e+00  4.54e-01  1.09e-01  -1.00
2012 06 27  2200   56105   79200  0  3.75e+02  1.91e+01  0  9.03e+02  1.48e+01  1.70e+00  4.90e-01  1.20e-01  -1.00
2012 06 27  2300   56105   82800  0  3.92e+02  2.20e+01  0  9.00e+02  1.31e+01  1.64e+00  4.13e-01  9.99e-02  -1.00
2012 06 28  0000   56106       0  0  3.98e+02  2.05e+01  0  8.94e+02  1.36e+01  1.82e+00  3.93e-01  1.08e-01  -1.00
2012 06 28  0100   56106    3600  0  3.85e+02  1.86e+01  0  8.87e+02  1.43e+01  1.63e+00  4.18e-01  1.38e-01  -1.00
2012 06 28  0200   56106    7200  0  3.82e+02  2.10e+01  0  8.91e+02  1.40e+01  1.72e+00  4.73e-01  1.13e-01  -1.00
2012 06 28  0300   56106   10800  0  3.87e+02  1.79e+01  0  9.09e+02  1.45e+01  2.88e+00  4.11e-01  1.04e-01  -1.00
2012 06 28  0400   56106   14400  0  4.02e+02  2.07e+01  0  9.15e+02  1.45e+01  1.67e+00  3.98e-01  1.37e-01  -1.00
2012 06 28  0500   56106   18000  0  3.67e+02  1.90e+01  0  9.06e+02  1.44e+01  1.60e+00  4.36e-01  1.20e-01  -1.00
2012 06 28  0600   56106   21600  0  3.77e+02  1.95e+01  0  9.02e+02  1.39e+01  1.82e+00  4.07e-01  1.05e-01  -1.00
2012 06 28  0700   56106   25200  0  3.66e+02  2.03e+01  0  9.55e+02  1.52e+01  1.70e+00  4.19e-01  1.27e-01  -1.00
2012 06 28  0800   56106   28800  0  3.96e+02  1.94e+01  0  9.08e+02  1.41e+01  1.65e+00  4.37e-01  8.41e-02  -1.00
2012 06 28  0900   56106   32400  0  3.86e+02  2.04e+01  0  8.85e+02  1.33e+01  1.72e+00  4.45e-01  1.30e-01  -1.00
2012 06 28  1000   56106   36000  0  4.08e+02  1.89e+01  0  9.21e+02  1.40e+01  1.49e+00  4.80e-01  1.26e-01  -1.00
2012 06 28  1100   56106   39600  0  3.87e+02  1.95e+01  0  8.95e+02  1.38e+01  1.51e+00  4.86e-01  1.36e-01  -1.00
2012 06 28  1200   56106   43200  0  4.08e+02  1.94e+01  0  9.19e+02  1.44e+01  1.96e+00  4.25e-01  1.35e-01  -1.00
2012 06 28  1300   56106   46800  0  3.89e+02  1.93e+01  0  8.92e+02  1.47e+01  2.10e+00  5.37e-01  1.05e-01  -1.00
2012 06 28  1400   56106   50400  0  4.24e+02  1.99e+01  0  9.10e+02  1.55e+01  1.98e+00  5.16e-01  1.32e-01  -1.00
2012 06 28  1500   56106   54000  0  4.14e+02  1.89e+01  0  9.08e+02  1.60e+01  2.19e+00  4.28e-01  1.24e-01  -1.00
2012 06 28  1600   56106   57600  0  4.25e+02  1.96e+01  0  9.05e+02  1.60e+01  1.92e+00  5.32e-01  1.27e-01  -1.00
2012 06 28  1700   56106   61200  0  4.08e+02  2.10e+01  0  8.99e+02  1.53e+01  2.02e+00  5.18e-01  1.35e-01  -1.00
2012 06 28  1800   56106   64800  0  4.15e+02  2.00e+01  0  9.14e+02  1.59e+01  2.07e+00  4.77e-01  1.18e-01  -1.00
2012 06 28  1900   56106   68400  0  4.05e+02  2.02e+01  0  9.11e+02  1.68e+01  2.10e+00  5.30e-01  1.06e-01  -1.00
2012 06 28  2000   56106   72000  0  4.32e+02  2.15e+01  0  9.11e+02  1.53e+01  2.01e+00  5.50e-01  1.19e-01  -1.00
2012 06 28  2100   56106   75600  0  4.47e+02  2.15e+01  0  9.07e+02  1.54e+01  2.03e+00  6.07e-01  2.04e-01  -1.00
2012 06 28  2200   56106   79200  0  4.54e+02  2.21e+01  0  9.21e+02  1.68e+01  2.15e+00  4.99e-01  1.64e-01  -1.00
2012 06 28  2300   56106   82800  0  4.43e+02  2.14e+01  0  9.17e+02  1.68e+01  2.14e+00  4.91e-01  1.16e-01  -1.00
2012 06 29  0000   56107       0  0  4.59e+02  2.20e+01  0  9.12e+02  1.64e+01  2.13e+00  4.35e-01  1.10e-01  -1.00
2012 06 29  0100   56107    3600  0  4.86e+02  2.25e+01  0  9.28e+02  1.73e+01  1.94e+00  4.22e-01  1.18e-01  -1.00
2012 06 29  0200   56107    7200  0  5.06e+02  2.35e+01  0  9.32e+02  1.69e+01  1.91e+00  5.03e-01  1.29e-01  -1.00
2012 06 29  0300   56107   10800  0  4.63e+02  2.32e+01  0  1.12e+03  1.83e+01  2.03e+00  6.18e-01  1.25e-01  -1.00
2012 06 29  0400   56107   14400  0  5.18e+02  2.27e+01  0  9.76e+02  1.70e+01  2.06e+00  5.54e-01  1.18e-01  -1.00
2012 06 29  0500   56107   18000  0  5.05e+02  2.11e+01  0  9.35e+02  1.66e+01  1.81e+00  4.60e-01  1.14e-01  -1.00
2012 06 29  0600   56107   21600  0  5.36e+02  2.16e+01  0  9.41e+02  1.64e+01  2.08e+00  5.82e-01  1.43e-01  -1.00
2012 06 29  0700   56107   25200  0  5.25e+02  2.22e+01  0  9.06e+02  1.72e+01  2.28e+00  4.88e-01  1.57e-01  -1.00
2012 06 29  0800   56107   28800  0  5.44e+02  2.11e+01  0  9.30e+02  1.62e+01  2.01e+00  5.15e-01  1.23e-01  -1.00
2012 06 29  0900   56107   32400  0  5.52e+02  2.07e+01  0  9.21e+02  1.61e+01  1.95e+00  5.35e-01  1.08e-01  -1.00
2012 06 29  1000   56107   36000  0  5.29e+02  2.18e+01  0  9.63e+02  1.69e+01  2.03e+00  5.23e-01  9.84e-02  -1.00
2012 06 29  1100   56107   39600  0  5.36e+02  2.35e+01  0  3.27e+03  3.41e+01  2.38e+00  4.97e-01  1.34e-01  -1.00
2012 06 29  1200   56107   43200  0  5.60e+02  2.30e+01  0  1.37e+03  2.29e+01  2.19e+00  4.75e-01  1.42e-01  -1.00
2012 06 29  1300   56107   46800  0  5.61e+02  2.24e+01  0  9.68e+02  1.87e+01  2.24e+00  4.53e-01  1.33e-01  -1.00
2012 06 29  1400   56107   50400  0  5.55e+02  2.22e+01  0  9.03e+02  1.70e+01  1.98e+00  4.66e-01  1.38e-01  -1.00
2012 06 29  1500   56107   54000  0  5.95e+02  2.29e+01  0  1.01e+03  1.76e+01  2.13e+00  4.45e-01  1.01e-01  -1.00
2012 06 29  1600   56107   57600  0  5.78e+02  2.33e+01  0  1.00e+03  1.97e+01  2.11e+00  5.12e-01  1.21e-01  -1.00
2012 06 29  1700   56107   61200  0  5.55e+02  2.08e+01  0  1.22e+03  2.02e+01  2.11e+00  5.42e-01  1.39e-01  -1.00
2012 06 29  1800   56107   64800  0  5.57e+02  2.16e+01  0  9.73e+02  1.78e+01  2.19e+00  5.13e-01  1.30e-01  -1.00
2012 06 29  1900   56107   68400  0  6.57e+02  2.20e+01  0  9.36e+02  1.91e+01  2.20e+00  5.76e-01  1.26e-01  -1.00
2012 06 29  2000   56107   72000  0  8.04e+02  2.33e+01  0  9.28e+02  2.02e+01  2.40e+00  5.57e-01  1.46e-01  -1.00
2012 06 29  2100   56107   75600  0  8.74e+02  2.42e+01  0  9.69e+02  2.12e+01  2.64e+00  6.68e-01  7.31e+02  -1.00
2012 06 29  2200   56107   79200  0  9.45e+02  2.31e+01  0  9.17e+02  2.24e+01  2.74e+00  6.97e-01  1.72e-01  -1.00
2012 06 29  2300   56107   82800  0  9.86e+02  2.35e+01  0  9.36e+02  2.40e+01  3.02e+00  6.90e-01  2.11e-01  -1.00
2012 06 30  0000   56108       0  0  9.33e+02  2.30e+01  0  9.41e+02  2.53e+01  3.41e+00  7.56e-01  2.10e-01  -1.00
2012 06 30  0100   56108    3600  0  9.92e+02  2.17e+01  0  4.05e+05  7.35e+04  2.24e+04  8.74e-01  2.54e-01  -1.00
2012 06 30  0200   56108    7200  0  8.82e+02  2.30e+01  0  9.68e+02  3.20e+01  4.59e+00  9.69e-01  2.78e-01  -1.00
2012 06 30  0300   56108   10800  0  1.00e+03  2.21e+01  0  9.54e+02  2.81e+01  3.85e+00  9.67e-01  2.71e-01  -1.00
2012 06 30  0400   56108   14400  0  9.16e+02  2.41e+01  0  9.91e+02  3.60e+01  4.85e+00  1.14e+00  3.30e-01  -1.00
2012 06 30  0500   56108   18000  0  8.34e+02  2.16e+01  0  9.90e+02  3.87e+01  5.20e+00  1.29e+00  3.68e-01  -1.00
2012 06 30  0600   56108   21600  0  7.25e+02  2.11e+01  0  1.06e+03  5.47e+01  6.95e+00  1.29e+00  4.20e-01  -1.00
2012 06 30  0700   56108   25200  0  7.20e+02  2.31e+01  0  1.09e+03  6.95e+01  8.56e+00  1.79e+00  5.05e-01  -1.00
2012 06 30  0800   56108   28800  0  6.58e+02  2.36e+01  0  1.15e+03  8.35e+01  1.14e+01  2.23e+00  6.57e-01  -1.00
2012 06 30  0900   56108   32400  0  7.12e+02  2.31e+01  0  1.78e+03  2.25e+02  2.86e+01  5.29e+00  1.57e+00  -1.00
2012 06 30  1000   56108   36000  0  8.27e+02  2.23e+01  0  2.89e+03  3.58e+02  3.82e+01  7.59e+00  2.09e+00  -1.00
2012 06 30  1100   56108   39600  0  8.94e+02  2.36e+01  0  7.03e+03  7.99e+02  6.13e+01  9.80e+00  2.87e+00  -1.00
2012 06 30  1200   56108   43200  0  9.39e+02  2.57e+01  0  7.22e+03  8.16e+02  6.04e+01  9.74e+00  2.96e+00  -1.00
2012 06 30  1300   56108   46800  0  1.02e+03  2.58e+01  0  7.34e+03  7.87e+02  5.99e+01  9.68e+00  3.00e+00  -1.00
2012 06 30  1400   56108   50400  0  1.07e+03  2.68e+01  0  1.05e+04  9.73e+02  6.59e+01  1.06e+01  2.91e+00  -1.00
2012 06 30  1500   56108   54000  0  1.23e+03  2.72e+01  0  8.98e+03  1.03e+03  6.89e+01  1.06e+01  3.06e+00  -1.00
2012 06 30  1600   56108   57600  0  1.66e+03  2.74e+01  0  7.92e+03  1.05e+03  7.44e+01  1.09e+01  3.23e+00  -1.00
2012 06 30  1700   56108   61200  0  1.72e+03  2.84e+01  0  2.66e+04  2.95e+03  9.68e+01  1.07e+01  3.49e+00  -1.00
2012 06 30  1800   56108   64800  0  1.64e+03  2.60e+01  0  8.23e+03  1.00e+03  6.95e+01  1.14e+01  3.17e+00  -1.00
2012 06 30  1900   56108   68400  0  1.41e+03  2.48e+01  0  7.88e+03  1.10e+03  8.20e+01  1.27e+01  3.63e+00  -1.00
2012 06 30  2000   56108   72000  0  1.49e+03  2.50e+01  0  1.04e+04  1.48e+03  1.04e+02  1.46e+01  4.29e+00  -1.00
2012 06 30  2100   56108   75600  0  1.47e+03  2.78e+01  0  9.60e+03  1.43e+03  1.02e+02  1.59e+01  4.32e+00  -1.00
2012 06 30  2200   56108   79200  0  1.45e+03  2.72e+01  0  8.78e+03  1.40e+03  1.14e+02  1.74e+01  4.86e+00  -1.00
2012 06 30  2300   56108   82800  0  1.39e+03  2.48e+01  0  7.62e+03  1.42e+03  1.25e+02  2.04e+01  5.42e+00  -1.00
