:Product: 201410_ace_epam_1h.txt
:Issued: 2014 Oct 02 0810 UT
# Prepared by the U.S. Dept. of Commerce, NOAA, Space Weather Prediction Center
# Please send comments and suggestions to SWPC.Webmaster@noaa.gov 
# 
# Units: Differential Flux particles/cm2-s-ster-MeV
# Units: Anisotropy Index 0.0 - 2.0
# Status(S): 0 = nominal, 4,6,7,8 = bad data, unable to process, 9 = no data
# Missing data values: -1.00e+05, index = -1.00
# Source: ACE Satellite - Electron, Proton, and Alpha Monitor
#
#                      Hourly Averaged Real-time Differential Electron and Proton Flux 
# 
#                Modified Seconds ---------------------------- Differential Flux ---------------------------
# UT Date   Time  Julian  of the  ----- Electron -----   ------------------- Protons keV -------------------  Anis.
# YR MO DA  HHMM    Day    Day    S    38-53   175-315   S    47-68   115-195   310-580   795-1193 1060-1900  Index
#------------------------------------------------------------------------------------------------------------------
2014 10 01  0000   56931       0  0  3.51e+03  3.88e+01  0  1.82e+03  8.14e+01  2.69e+01  1.41e+01  4.70e+00  -1.00
2014 10 01  0100   56931    3600  0  3.42e+03  4.04e+01  0  1.82e+03  7.85e+01  2.67e+01  1.38e+01  4.78e+00  -1.00
2014 10 01  0200   56931    7200  0  3.52e+03  4.03e+01  0  1.83e+03  7.75e+01  2.63e+01  1.38e+01  4.60e+00  -1.00
2014 10 01  0300   56931   10800  0  3.52e+03  4.11e+01  0  1.84e+03  7.81e+01  2.61e+01  1.35e+01  4.37e+00  -1.00
2014 10 01  0400   56931   14400  0  3.45e+03  4.16e+01  0  1.82e+03  7.83e+01  2.65e+01  1.40e+01  4.80e+00  -1.00
2014 10 01  0500   56931   18000  0  3.51e+03  3.94e+01  0  1.81e+03  7.47e+01  2.44e+01  1.26e+01  4.65e+00  -1.00
2014 10 01  0600   56931   21600  0  3.53e+03  4.32e+01  0  1.81e+03  7.62e+01  2.48e+01  1.30e+01  4.47e+00  -1.00
2014 10 01  0700   56931   25200  0  3.60e+03  4.28e+01  0  1.82e+03  7.58e+01  2.45e+01  1.30e+01  4.29e+00  -1.00
2014 10 01  0800   56931   28800  0  3.48e+03  3.95e+01  0  1.81e+03  7.34e+01  2.45e+01  1.29e+01  4.30e+00  -1.00
2014 10 01  0900   56931   32400  0  3.55e+03  4.25e+01  0  1.82e+03  7.92e+01  2.52e+01  1.26e+01  4.48e+00  -1.00
2014 10 01  1000   56931   36000  0  3.59e+03  4.26e+01  0  1.82e+03  8.31e+01  2.68e+01  1.31e+01  4.39e+00  -1.00
2014 10 01  1100   56931   39600  0  3.63e+03  4.43e+01  0  1.83e+03  8.01e+01  2.62e+01  1.29e+01  4.34e+00  -1.00
2014 10 01  1200   56931   43200  0  3.66e+03  4.44e+01  0  1.82e+03  8.01e+01  2.65e+01  1.30e+01  4.43e+00  -1.00
2014 10 01  1300   56931   46800  0  3.67e+03  4.54e+01  0  1.79e+03  7.52e+01  2.36e+01  1.26e+01  3.97e+00  -1.00
2014 10 01  1400   56931   50400  0  3.66e+03  4.71e+01  0  1.79e+03  6.97e+01  2.22e+01  1.21e+01  3.72e+00  -1.00
2014 10 01  1500   56931   54000  0  3.67e+03  4.43e+01  0  1.82e+03  7.29e+01  2.34e+01  1.39e+01  3.78e+00  -1.00
2014 10 01  1600   56931   57600  0  3.73e+03  4.45e+01  0  1.80e+03  6.37e+01  2.08e+01  1.26e+01  3.50e+00  -1.00
2014 10 01  1700   56931   61200  0  3.55e+03  4.43e+01  0  1.79e+03  6.93e+01  2.25e+01  1.15e+01  3.63e+00  -1.00
2014 10 01  1800   56931   64800  0  3.56e+03  4.43e+01  0  1.80e+03  7.26e+01  2.29e+01  1.08e+01  3.70e+00  -1.00
2014 10 01  1900   56931   68400  0  3.60e+03  4.69e+01  0  1.79e+03  7.31e+01  2.35e+01  1.10e+01  3.77e+00  -1.00
2014 10 01  2000   56931   72000  0  3.66e+03  4.58e+01  0  1.82e+03  7.58e+01  2.31e+01  1.08e+01  3.74e+00  -1.00
2014 10 01  2100   56931   75600  0  3.67e+03  4.89e+01  0  1.84e+03  7.64e+01  2.34e+01  1.08e+01  3.77e+00  -1.00
2014 10 01  2200   56931   79200  0  3.63e+03  4.75e+01  0  1.84e+03  8.06e+01  2.43e+01  1.07e+01  3.76e+00  -1.00
2014 10 01  2300   56931   82800  0  3.80e+03  4.98e+01  0  1.84e+03  7.84e+01  2.40e+01  1.07e+01  3.52e+00  -1.00
2014 10 02  0000   56932       0  0  3.90e+03  4.78e+01  0  1.81e+03  7.65e+01  2.35e+01  1.11e+01  3.35e+00  -1.00
2014 10 02  0100   56932    3600  0  3.83e+03  4.86e+01  0  1.81e+03  7.68e+01  2.41e+01  1.07e+01  3.41e+00  -1.00
2014 10 02  0200   56932    7200  0  3.74e+03  5.03e+01  0  1.85e+03  8.02e+01  2.44e+01  1.06e+01  3.44e+00  -1.00
2014 10 02  0300   56932   10800  0  3.82e+03  4.75e+01  0  1.83e+03  8.45e+01  2.52e+01  1.06e+01  3.77e+00  -1.00
2014 10 02  0400   56932   14400  0  3.78e+03  4.99e+01  0  2.05e+03  8.77e+01  2.36e+01  9.92e+00  3.47e+00  -1.00
2014 10 02  0500   56932   18000  0  3.88e+03  4.77e+01  0  1.84e+03  8.04e+01  2.22e+01  1.02e+01  3.09e+00  -1.00
2014 10 02  0600   56932   21600  0  3.87e+03  5.07e+01  0  1.86e+03  8.06e+01  2.23e+01  9.30e+00  3.33e+00  -1.00
2014 10 02  0700   56932   25200  0  3.84e+03  4.85e+01  0  1.87e+03  7.79e+01  2.17e+01  9.58e+00  3.18e+00  -1.00
