:Data_list: 20090130_ace_sis_5m.txt
:Created: 2009 Jan 31 0011 UT
# Prepared by the U.S. Dept. of Commerce, NOAA, Space Weather Prediction Center
# Please send comments and suggestions to SWPC.Webmaster@noaa.gov 
# 
# Units: proton flux p/cs2-sec-ster
# Status(S): 0 = nominal data, 1 to 8 = bad data record, 9 = no data
# Missing data values: -1.00e+05
# Source: ACE Satellite - Solar Isotope Spectrometer
#
# 5-minute averaged Real-time Integral Flux of High-energy Solar Protons
# 
#                 Modified Seconds
# UT Date   Time   Julian  of the      ---- Integral Proton Flux ----
# YR MO DA  HHMM     Day     Day       S    > 10 MeV    S    > 30 MeV
#--------------------------------------------------------------------
2009 01 30  0000    54861       0      0    2.19e+00    0    1.53e+00
2009 01 30  0005    54861     300      0    2.21e+00    0    1.55e+00
2009 01 30  0010    54861     600      0    2.29e+00    0    1.60e+00
2009 01 30  0015    54861     900      0    2.28e+00    0    1.60e+00
2009 01 30  0020    54861    1200      0    2.26e+00    0    1.56e+00
2009 01 30  0025    54861    1500      0    2.20e+00    0    1.53e+00
2009 01 30  0030    54861    1800      0    2.26e+00    0    1.58e+00
2009 01 30  0035    54861    2100      0    2.20e+00    0    1.53e+00
2009 01 30  0040    54861    2400      0    2.21e+00    0    1.54e+00
2009 01 30  0045    54861    2700      0    2.21e+00    0    1.52e+00
2009 01 30  0050    54861    3000      0    2.20e+00    0    1.56e+00
2009 01 30  0055    54861    3300      0    2.19e+00    0    1.52e+00
2009 01 30  0100    54861    3600      0    2.25e+00    0    1.57e+00
2009 01 30  0105    54861    3900      0    2.21e+00    0    1.54e+00
2009 01 30  0110    54861    4200      0    2.18e+00    0    1.51e+00
2009 01 30  0115    54861    4500      0    2.14e+00    0    1.48e+00
2009 01 30  0120    54861    4800      0    2.23e+00    0    1.56e+00
2009 01 30  0125    54861    5100      0    2.21e+00    0    1.54e+00
2009 01 30  0130    54861    5400      0    2.27e+00    0    1.58e+00
2009 01 30  0135    54861    5700      0    2.17e+00    0    1.52e+00
2009 01 30  0140    54861    6000      0    2.24e+00    0    1.56e+00
2009 01 30  0145    54861    6300      0    2.22e+00    0    1.57e+00
2009 01 30  0150    54861    6600      0    2.18e+00    0    1.52e+00
2009 01 30  0155    54861    6900      0    2.22e+00    0    1.54e+00
2009 01 30  0200    54861    7200      0    2.19e+00    0    1.53e+00
2009 01 30  0205    54861    7500      0    2.18e+00    0    1.53e+00
2009 01 30  0210    54861    7800      0    2.19e+00    0    1.54e+00
2009 01 30  0215    54861    8100      0    2.19e+00    0    1.55e+00
2009 01 30  0220    54861    8400      0    2.17e+00    0    1.49e+00
2009 01 30  0225    54861    8700      0    2.33e+00    0    1.63e+00
2009 01 30  0230    54861    9000      0    2.31e+00    0    1.60e+00
2009 01 30  0235    54861    9300      0    2.30e+00    0    1.61e+00
2009 01 30  0240    54861    9600      0    2.22e+00    0    1.55e+00
2009 01 30  0245    54861    9900      0    2.28e+00    0    1.60e+00
2009 01 30  0250    54861   10200      0    2.17e+00    0    1.51e+00
2009 01 30  0255    54861   10500      0    2.19e+00    0    1.53e+00
2009 01 30  0300    54861   10800      0    2.21e+00    0    1.53e+00
2009 01 30  0305    54861   11100      0    2.23e+00    0    1.55e+00
2009 01 30  0310    54861   11400      0    2.20e+00    0    1.53e+00
2009 01 30  0315    54861   11700      0    2.23e+00    0    1.56e+00
2009 01 30  0320    54861   12000      0    2.23e+00    0    1.56e+00
2009 01 30  0325    54861   12300      0    2.21e+00    0    1.56e+00
2009 01 30  0330    54861   12600      0    2.22e+00    0    1.54e+00
2009 01 30  0335    54861   12900      0    2.20e+00    0    1.54e+00
2009 01 30  0340    54861   13200      0    2.20e+00    0    1.53e+00
2009 01 30  0345    54861   13500      0    2.17e+00    0    1.51e+00
2009 01 30  0350    54861   13800      0    2.23e+00    0    1.57e+00
2009 01 30  0355    54861   14100      0    2.21e+00    0    1.54e+00
2009 01 30  0400    54861   14400      0    2.24e+00    0    1.58e+00
2009 01 30  0405    54861   14700      0    2.26e+00    0    1.59e+00
2009 01 30  0410    54861   15000      0    2.19e+00    0    1.55e+00
2009 01 30  0415    54861   15300      0    2.17e+00    0    1.50e+00
2009 01 30  0420    54861   15600      0    2.25e+00    0    1.58e+00
2009 01 30  0425    54861   15900      0    2.20e+00    0    1.54e+00
2009 01 30  0430    54861   16200      0    2.20e+00    0    1.53e+00
2009 01 30  0435    54861   16500      0    2.22e+00    0    1.56e+00
2009 01 30  0440    54861   16800      0    2.30e+00    0    1.62e+00
2009 01 30  0445    54861   17100      0    2.34e+00    0    1.64e+00
2009 01 30  0450    54861   17400      0    2.28e+00    0    1.59e+00
2009 01 30  0455    54861   17700      0    2.22e+00    0    1.54e+00
2009 01 30  0500    54861   18000      0    2.18e+00    0    1.52e+00
2009 01 30  0505    54861   18300      0    2.22e+00    0    1.55e+00
2009 01 30  0510    54861   18600      0    2.19e+00    0    1.51e+00
2009 01 30  0515    54861   18900      0    2.25e+00    0    1.58e+00
2009 01 30  0520    54861   19200      0    2.18e+00    0    1.53e+00
2009 01 30  0525    54861   19500      0    2.24e+00    0    1.55e+00
2009 01 30  0530    54861   19800      0    2.22e+00    0    1.55e+00
2009 01 30  0535    54861   20100      0    2.25e+00    0    1.57e+00
2009 01 30  0540    54861   20400      0    2.19e+00    0    1.52e+00
2009 01 30  0545    54861   20700      0    2.19e+00    0    1.53e+00
2009 01 30  0550    54861   21000      0    2.19e+00    0    1.53e+00
2009 01 30  0555    54861   21300      0    2.20e+00    0    1.54e+00
2009 01 30  0600    54861   21600      0    2.20e+00    0    1.54e+00
2009 01 30  0605    54861   21900      0    2.16e+00    0    1.50e+00
2009 01 30  0610    54861   22200      0    2.22e+00    0    1.53e+00
2009 01 30  0615    54861   22500      0    2.22e+00    0    1.55e+00
2009 01 30  0620    54861   22800      0    2.18e+00    0    1.53e+00
2009 01 30  0625    54861   23100      0    2.22e+00    0    1.55e+00
2009 01 30  0630    54861   23400      0    2.18e+00    0    1.52e+00
2009 01 30  0635    54861   23700      0    2.20e+00    0    1.53e+00
2009 01 30  0640    54861   24000      0    2.22e+00    0    1.56e+00
2009 01 30  0645    54861   24300      0    2.18e+00    0    1.53e+00
2009 01 30  0650    54861   24600      0    2.16e+00    0    1.50e+00
2009 01 30  0655    54861   24900      0    2.27e+00    0    1.60e+00
2009 01 30  0700    54861   25200      0    2.36e+00    0    1.65e+00
2009 01 30  0705    54861   25500      0    2.22e+00    0    1.56e+00
2009 01 30  0710    54861   25800      0    2.26e+00    0    1.60e+00
2009 01 30  0715    54861   26100      0    2.24e+00    0    1.54e+00
2009 01 30  0720    54861   26400      0    2.28e+00    0    1.58e+00
2009 01 30  0725    54861   26700      0    2.23e+00    0    1.57e+00
2009 01 30  0730    54861   27000      0    2.19e+00    0    1.53e+00
2009 01 30  0735    54861   27300      0    2.25e+00    0    1.57e+00
2009 01 30  0740    54861   27600      0    2.20e+00    0    1.54e+00
2009 01 30  0745    54861   27900      0    2.23e+00    0    1.56e+00
2009 01 30  0750    54861   28200      0    2.24e+00    0    1.57e+00
2009 01 30  0755    54861   28500      0    2.16e+00    0    1.52e+00
2009 01 30  0800    54861   28800      0    2.23e+00    0    1.56e+00
2009 01 30  0805    54861   29100      0    2.21e+00    0    1.53e+00
2009 01 30  0810    54861   29400      0    2.23e+00    0    1.56e+00
2009 01 30  0815    54861   29700      0    2.25e+00    0    1.58e+00
2009 01 30  0820    54861   30000      0    2.16e+00    0    1.51e+00
2009 01 30  0825    54861   30300      0    2.28e+00    0    1.60e+00
2009 01 30  0830    54861   30600      0    2.19e+00    0    1.52e+00
2009 01 30  0835    54861   30900      0    2.23e+00    0    1.56e+00
2009 01 30  0840    54861   31200      0    2.20e+00    0    1.54e+00
2009 01 30  0845    54861   31500      0    2.20e+00    0    1.54e+00
2009 01 30  0850    54861   31800      0    2.23e+00    0    1.57e+00
2009 01 30  0855    54861   32100      0    2.21e+00    0    1.55e+00
2009 01 30  0900    54861   32400      0    2.22e+00    0    1.56e+00
2009 01 30  0905    54861   32700      0    2.28e+00    0    1.61e+00
2009 01 30  0910    54861   33000      0    2.18e+00    0    1.52e+00
2009 01 30  0915    54861   33300      0    2.38e+00    0    1.67e+00
2009 01 30  0920    54861   33600      0    2.35e+00    0    1.62e+00
2009 01 30  0925    54861   33900      0    2.29e+00    0    1.60e+00
2009 01 30  0930    54861   34200      0    2.26e+00    0    1.57e+00
2009 01 30  0935    54861   34500      0    2.28e+00    0    1.59e+00
2009 01 30  0940    54861   34800      0    2.28e+00    0    1.60e+00
2009 01 30  0945    54861   35100      0    2.24e+00    0    1.55e+00
2009 01 30  0950    54861   35400      0    2.26e+00    0    1.58e+00
2009 01 30  0955    54861   35700      0    2.22e+00    0    1.55e+00
2009 01 30  1000    54861   36000      0    2.23e+00    0    1.56e+00
2009 01 30  1005    54861   36300      0    2.25e+00    0    1.58e+00
2009 01 30  1010    54861   36600      0    2.23e+00    0    1.57e+00
2009 01 30  1015    54861   36900      0    2.22e+00    0    1.55e+00
2009 01 30  1020    54861   37200      0    2.23e+00    0    1.56e+00
2009 01 30  1025    54861   37500      0    2.20e+00    0    1.53e+00
2009 01 30  1030    54861   37800      0    2.23e+00    0    1.58e+00
2009 01 30  1035    54861   38100      0    2.24e+00    0    1.57e+00
2009 01 30  1040    54861   38400      0    2.25e+00    0    1.58e+00
2009 01 30  1045    54861   38700      0    2.21e+00    0    1.54e+00
2009 01 30  1050    54861   39000      0    2.23e+00    0    1.56e+00
2009 01 30  1055    54861   39300      0    2.23e+00    0    1.57e+00
2009 01 30  1100    54861   39600      0    2.23e+00    0    1.56e+00
2009 01 30  1105    54861   39900      0    2.20e+00    0    1.55e+00
2009 01 30  1110    54861   40200      0    2.18e+00    0    1.51e+00
2009 01 30  1115    54861   40500      0    2.20e+00    0    1.54e+00
2009 01 30  1120    54861   40800      0    2.22e+00    0    1.54e+00
2009 01 30  1125    54861   41100      0    2.27e+00    0    1.60e+00
2009 01 30  1130    54861   41400      0    2.28e+00    0    1.61e+00
2009 01 30  1135    54861   41700      0    2.30e+00    0    1.60e+00
2009 01 30  1140    54861   42000      0    2.24e+00    0    1.57e+00
2009 01 30  1145    54861   42300      0    2.26e+00    0    1.58e+00
2009 01 30  1150    54861   42600      0    2.27e+00    0    1.58e+00
2009 01 30  1155    54861   42900      0    2.26e+00    0    1.58e+00
2009 01 30  1200    54861   43200      0    2.28e+00    0    1.60e+00
2009 01 30  1205    54861   43500      0    2.23e+00    0    1.57e+00
2009 01 30  1210    54861   43800      0    2.19e+00    0    1.54e+00
2009 01 30  1215    54861   44100      0    2.20e+00    0    1.52e+00
2009 01 30  1220    54861   44400      0    2.26e+00    0    1.56e+00
2009 01 30  1225    54861   44700      0    2.23e+00    0    1.55e+00
2009 01 30  1230    54861   45000      0    2.25e+00    0    1.57e+00
2009 01 30  1235    54861   45300      0    2.21e+00    0    1.55e+00
2009 01 30  1240    54861   45600      0    2.26e+00    0    1.59e+00
2009 01 30  1245    54861   45900      0    2.20e+00    0    1.52e+00
2009 01 30  1250    54861   46200      0    2.21e+00    0    1.54e+00
2009 01 30  1255    54861   46500      0    2.23e+00    0    1.56e+00
2009 01 30  1300    54861   46800      0    2.19e+00    0    1.54e+00
2009 01 30  1305    54861   47100      0    2.22e+00    0    1.55e+00
2009 01 30  1310    54861   47400      0    2.21e+00    0    1.54e+00
2009 01 30  1315    54861   47700      0    2.18e+00    0    1.52e+00
2009 01 30  1320    54861   48000      0    2.23e+00    0    1.55e+00
2009 01 30  1325    54861   48300      0    2.16e+00    0    1.52e+00
2009 01 30  1330    54861   48600      0    2.20e+00    0    1.53e+00
2009 01 30  1335    54861   48900      0    2.25e+00    0    1.57e+00
2009 01 30  1340    54861   49200      0    2.19e+00    0    1.53e+00
2009 01 30  1345    54861   49500      0    2.27e+00    0    1.61e+00
2009 01 30  1350    54861   49800      0    2.34e+00    0    1.65e+00
2009 01 30  1355    54861   50100      0    2.27e+00    0    1.58e+00
2009 01 30  1400    54861   50400      0    2.27e+00    0    1.58e+00
2009 01 30  1405    54861   50700      0    2.25e+00    0    1.57e+00
2009 01 30  1410    54861   51000      0    2.21e+00    0    1.55e+00
2009 01 30  1415    54861   51300      0    2.20e+00    0    1.54e+00
2009 01 30  1420    54861   51600      0    2.24e+00    0    1.55e+00
2009 01 30  1425    54861   51900      0    2.24e+00    0    1.57e+00
2009 01 30  1430    54861   52200      0    2.20e+00    0    1.54e+00
2009 01 30  1435    54861   52500      0    2.19e+00    0    1.53e+00
2009 01 30  1440    54861   52800      0    2.21e+00    0    1.54e+00
2009 01 30  1445    54861   53100      0    2.23e+00    0    1.55e+00
2009 01 30  1450    54861   53400      0    2.30e+00    0    1.62e+00
2009 01 30  1455    54861   53700      0    2.21e+00    0    1.54e+00
2009 01 30  1500    54861   54000      0    2.26e+00    0    1.58e+00
2009 01 30  1505    54861   54300      0    2.21e+00    0    1.54e+00
2009 01 30  1510    54861   54600      0    2.19e+00    0    1.54e+00
2009 01 30  1515    54861   54900      0    2.24e+00    0    1.56e+00
2009 01 30  1520    54861   55200      0    2.26e+00    0    1.59e+00
2009 01 30  1525    54861   55500      0    2.24e+00    0    1.57e+00
2009 01 30  1530    54861   55800      0    2.19e+00    0    1.54e+00
2009 01 30  1535    54861   56100      0    2.26e+00    0    1.59e+00
2009 01 30  1540    54861   56400      0    2.25e+00    0    1.56e+00
2009 01 30  1545    54861   56700      0    2.27e+00    0    1.60e+00
2009 01 30  1550    54861   57000      0    2.22e+00    0    1.55e+00
2009 01 30  1555    54861   57300      0    2.22e+00    0    1.55e+00
2009 01 30  1600    54861   57600      0    2.21e+00    0    1.54e+00
2009 01 30  1605    54861   57900      0    2.35e+00    0    1.64e+00
2009 01 30  1610    54861   58200      0    2.29e+00    0    1.62e+00
2009 01 30  1615    54861   58500      0    2.23e+00    0    1.56e+00
2009 01 30  1620    54861   58800      0    2.15e+00    0    1.50e+00
2009 01 30  1625    54861   59100      0    2.21e+00    0    1.55e+00
2009 01 30  1630    54861   59400      0    2.22e+00    0    1.55e+00
2009 01 30  1635    54861   59700      0    2.24e+00    0    1.56e+00
2009 01 30  1640    54861   60000      0    2.21e+00    0    1.55e+00
2009 01 30  1645    54861   60300      0    2.22e+00    0    1.53e+00
2009 01 30  1650    54861   60600      0    2.25e+00    0    1.57e+00
2009 01 30  1655    54861   60900      0    2.19e+00    0    1.52e+00
2009 01 30  1700    54861   61200      0    2.19e+00    0    1.53e+00
2009 01 30  1705    54861   61500      0    2.21e+00    0    1.53e+00
2009 01 30  1710    54861   61800      0    2.23e+00    0    1.56e+00
2009 01 30  1715    54861   62100      0    2.26e+00    0    1.57e+00
2009 01 30  1720    54861   62400      0    2.21e+00    0    1.55e+00
2009 01 30  1725    54861   62700      0    2.21e+00    0    1.54e+00
2009 01 30  1730    54861   63000      0    2.17e+00    0    1.53e+00
2009 01 30  1735    54861   63300      0    2.23e+00    0    1.57e+00
2009 01 30  1740    54861   63600      0    2.21e+00    0    1.54e+00
2009 01 30  1745    54861   63900      0    2.25e+00    0    1.58e+00
2009 01 30  1750    54861   64200      0    2.21e+00    0    1.53e+00
2009 01 30  1755    54861   64500      0    2.22e+00    0    1.56e+00
2009 01 30  1800    54861   64800      0    2.23e+00    0    1.56e+00
2009 01 30  1805    54861   65100      0    2.21e+00    0    1.54e+00
2009 01 30  1810    54861   65400      0    2.24e+00    0    1.57e+00
2009 01 30  1815    54861   65700      0    2.18e+00    0    1.51e+00
2009 01 30  1820    54861   66000      0    2.26e+00    0    1.57e+00
2009 01 30  1825    54861   66300      0    2.27e+00    0    1.58e+00
2009 01 30  1830    54861   66600      0    2.18e+00    0    1.52e+00
2009 01 30  1835    54861   66900      0    2.25e+00    0    1.58e+00
2009 01 30  1840    54861   67200      0    2.21e+00    0    1.55e+00
2009 01 30  1845    54861   67500      0    2.26e+00    0    1.57e+00
2009 01 30  1850    54861   67800      0    2.21e+00    0    1.54e+00
2009 01 30  1855    54861   68100      0    2.17e+00    0    1.52e+00
2009 01 30  1900    54861   68400      0    2.22e+00    0    1.53e+00
2009 01 30  1905    54861   68700      0    2.16e+00    0    1.51e+00
2009 01 30  1910    54861   69000      0    2.17e+00    0    1.51e+00
2009 01 30  1915    54861   69300      0    2.21e+00    0    1.55e+00
2009 01 30  1920    54861   69600      0    2.22e+00    0    1.55e+00
2009 01 30  1925    54861   69900      0    2.26e+00    0    1.59e+00
2009 01 30  1930    54861   70200      0    2.20e+00    0    1.54e+00
2009 01 30  1935    54861   70500      0    2.21e+00    0    1.55e+00
2009 01 30  1940    54861   70800      0    2.23e+00    0    1.56e+00
2009 01 30  1945    54861   71100      0    2.24e+00    0    1.58e+00
2009 01 30  1950    54861   71400      0    2.19e+00    0    1.54e+00
2009 01 30  1955    54861   71700      0    2.17e+00    0    1.51e+00
2009 01 30  2000    54861   72000      0    2.20e+00    0    1.54e+00
2009 01 30  2005    54861   72300      0    2.20e+00    0    1.53e+00
2009 01 30  2010    54861   72600      0    2.21e+00    0    1.54e+00
2009 01 30  2015    54861   72900      0    2.24e+00    0    1.58e+00
2009 01 30  2020    54861   73200      0    2.18e+00    0    1.51e+00
2009 01 30  2025    54861   73500      0    2.23e+00    0    1.58e+00
2009 01 30  2030    54861   73800      0    2.24e+00    0    1.58e+00
2009 01 30  2035    54861   74100      0    2.20e+00    0    1.54e+00
2009 01 30  2040    54861   74400      0    2.29e+00    0    1.59e+00
2009 01 30  2045    54861   74700      0    2.27e+00    0    1.57e+00
2009 01 30  2050    54861   75000      0    2.17e+00    0    1.52e+00
2009 01 30  2055    54861   75300      0    2.23e+00    0    1.56e+00
2009 01 30  2100    54861   75600      0    2.23e+00    0    1.56e+00
2009 01 30  2105    54861   75900      0    2.21e+00    0    1.53e+00
2009 01 30  2110    54861   76200      0    2.26e+00    0    1.59e+00
2009 01 30  2115    54861   76500      0    2.25e+00    0    1.57e+00
2009 01 30  2120    54861   76800      0    2.22e+00    0    1.55e+00
2009 01 30  2125    54861   77100      0    2.23e+00    0    1.56e+00
2009 01 30  2130    54861   77400      0    2.24e+00    0    1.56e+00
2009 01 30  2135    54861   77700      0    2.25e+00    0    1.58e+00
2009 01 30  2140    54861   78000      0    2.23e+00    0    1.55e+00
2009 01 30  2145    54861   78300      0    2.19e+00    0    1.56e+00
2009 01 30  2150    54861   78600      0    2.19e+00    0    1.53e+00
2009 01 30  2155    54861   78900      0    2.17e+00    0    1.50e+00
2009 01 30  2200    54861   79200      0    2.23e+00    0    1.55e+00
2009 01 30  2205    54861   79500      0    2.29e+00    0    1.61e+00
2009 01 30  2210    54861   79800      0    2.25e+00    0    1.57e+00
2009 01 30  2215    54861   80100      0    2.24e+00    0    1.57e+00
2009 01 30  2220    54861   80400      0    2.20e+00    0    1.53e+00
2009 01 30  2225    54861   80700      0    2.20e+00    0    1.55e+00
2009 01 30  2230    54861   81000      0    2.18e+00    0    1.52e+00
2009 01 30  2235    54861   81300      0    2.23e+00    0    1.56e+00
2009 01 30  2240    54861   81600      0    2.20e+00    0    1.52e+00
2009 01 30  2245    54861   81900      0    2.16e+00    0    1.49e+00
2009 01 30  2250    54861   82200      0    2.23e+00    0    1.56e+00
2009 01 30  2255    54861   82500      0    2.28e+00    0    1.58e+00
2009 01 30  2300    54861   82800      0    2.17e+00    0    1.52e+00
2009 01 30  2305    54861   83100      0    2.18e+00    0    1.54e+00
2009 01 30  2310    54861   83400      0    2.21e+00    0    1.54e+00
2009 01 30  2315    54861   83700      0    2.17e+00    0    1.52e+00
2009 01 30  2320    54861   84000      0    2.21e+00    0    1.55e+00
2009 01 30  2325    54861   84300      0    2.16e+00    0    1.51e+00
2009 01 30  2330    54861   84600      0    2.17e+00    0    1.52e+00
2009 01 30  2335    54861   84900      0    2.18e+00    0    1.52e+00
2009 01 30  2340    54861   85200      0    2.19e+00    0    1.54e+00
2009 01 30  2345    54861   85500      0    2.20e+00    0    1.53e+00
2009 01 30  2350    54861   85800      0    2.17e+00    0    1.52e+00
2009 01 30  2355    54861   86100      0    2.19e+00    0    1.54e+00
