:Data_list: 20090612_ace_epam_5m.txt
:Created: 2009 Jun 13 0011 UT
# Prepared by the U.S. Dept. of Commerce, NOAA, Space Weather Prediction Center
# Please send comments and suggestions to SWPC.Webmaster@noaa.gov 
# 
# Units: Differential Flux particles/cm2-s-ster-MeV
# Units: Anisotropy Index 0.0 - 2.0
# Status(S): 0 = nominal, 4,6,7,8 = bad data, unable to process, 9 = no data
# Missing data values: -1.00e+05, index = -1.00
# Source: ACE Satellite - Electron, Proton, and Alpha Monitor
#
#
#                      5-minute averaged Real-time Differential Electron and Proton Flux 
# 
#                Modified Seconds ---------------------------- Differential Flux ---------------------------
# UT Date   Time  Julian  of the  ----- Electron -----   ------------------- Protons keV -------------------   Anis.
# YR MO DA  HHMM    Day    Day    S    38-53   175-315   S    47-68   115-195   310-580   761-1220 1060-1900   Index
#-------------------------------------------------------------------------------------------------------------------
2009 06 12  0000   54994       0  0  5.25e+02  3.20e+01  0  6.86e+02  1.85e+01  2.77e+00  6.86e-01  1.52e-01   0.57
2009 06 12  0005   54994     300  0  6.66e+02  3.59e+01  0  7.80e+02  1.94e+01  2.79e+00  9.98e-01  1.69e-01   0.19
2009 06 12  0010   54994     600  0  5.22e+02  3.55e+01  0  7.62e+02  2.11e+01  2.75e+00  5.63e-01  2.67e-01   0.50
2009 06 12  0015   54994     900  0  5.18e+02  2.80e+01  0  7.11e+02  1.80e+01  2.62e+00  5.40e-01  1.69e-01   0.62
2009 06 12  0020   54994    1200  0  5.56e+02  3.27e+01  0  7.00e+02  2.01e+01  2.26e+00  7.69e-01  2.11e-01   0.38
2009 06 12  0025   54994    1500  0  6.35e+02  3.35e+01  0  7.48e+02  1.91e+01  2.72e+00  9.50e-01  1.34e-01   0.23
2009 06 12  0030   54994    1800  0  6.28e+02  2.92e+01  0  7.48e+02  1.99e+01  2.52e+00  5.61e-01  1.47e-01   0.77
2009 06 12  0035   54994    2100  0  5.32e+02  3.12e+01  0  7.09e+02  1.96e+01  3.06e+00  6.48e-01  1.64e-01   0.61
2009 06 12  0040   54994    2400  0  6.53e+02  3.81e+01  0  7.60e+02  1.93e+01  3.16e+00  6.86e-01  1.43e-01   0.21
2009 06 12  0045   54994    2700  0  5.52e+02  3.36e+01  0  7.55e+02  1.95e+01  2.62e+00  7.28e-01  1.26e-01   0.10
2009 06 12  0050   54994    3000  0  4.80e+02  3.37e+01  0  7.01e+02  2.00e+01  1.95e+00  5.34e-01  1.69e-01   0.21
2009 06 12  0055   54994    3300  0  6.20e+02  2.94e+01  0  7.48e+02  1.80e+01  2.88e+00  8.57e-01  2.22e-01   0.54
2009 06 12  0100   54994    3600  0  4.82e+02  3.54e+01  0  7.59e+02  1.94e+01  2.69e+00  7.07e-01  1.26e-01   0.55
2009 06 12  0105   54994    3900  0  4.33e+02  2.55e+01  0  7.65e+02  1.88e+01  2.52e+00  7.43e-01  1.74e-01   0.23
2009 06 12  0110   54994    4200  0  4.87e+02  3.37e+01  0  7.00e+02  1.78e+01  2.31e+00  6.48e-01  1.35e-01   0.29
2009 06 12  0115   54994    4500  0  5.48e+02  2.89e+01  0  8.16e+02  2.13e+01  2.25e+00  7.81e-01  1.26e-01   0.25
2009 06 12  0120   54994    4800  0  4.88e+02  3.60e+01  0  7.97e+02  2.11e+01  2.64e+00  6.67e-01  1.74e-01   0.08
2009 06 12  0125   54994    5100  0  4.78e+02  3.49e+01  0  7.19e+02  1.86e+01  2.73e+00  5.14e-01  1.74e-01   0.85
2009 06 12  0130   54994    5400  0  5.74e+02  2.94e+01  0  7.48e+02  2.00e+01  2.73e+00  6.29e-01  1.64e-01   0.62
2009 06 12  0135   54994    5700  0  6.01e+02  2.92e+01  0  7.06e+02  2.19e+01  2.79e+00  5.82e-01  2.21e-01   0.42
2009 06 12  0140   54994    6000  0  4.84e+02  2.62e+01  0  6.95e+02  1.90e+01  2.76e+00  7.81e-01  1.55e-01   0.29
2009 06 12  0145   54994    6300  0  5.65e+02  3.19e+01  0  7.14e+02  2.11e+01  2.79e+00  6.48e-01  2.12e-01   0.23
2009 06 12  0150   54994    6600  0  5.44e+02  2.92e+01  0  8.27e+02  1.75e+01  2.33e+00  8.31e-01  1.69e-01   0.16
2009 06 12  0155   54994    6900  0  4.29e+02  2.75e+01  0  7.67e+02  1.99e+01  2.50e+00  8.09e-01  1.69e-01   0.54
2009 06 12  0200   54994    7200  0  5.22e+02  3.14e+01  0  7.03e+02  2.15e+01  2.79e+00  7.24e-01  8.69e-02   0.34
2009 06 12  0205   54994    7500  0  6.44e+02  3.34e+01  0  7.48e+02  2.05e+01  2.82e+00  7.48e-01  9.48e-02   0.20
2009 06 12  0210   54994    7800  0  4.81e+02  2.83e+01  0  7.38e+02  2.08e+01  2.72e+00  7.21e-01  2.05e-01   0.47
2009 06 12  0215   54994    8100  0  4.76e+02  2.74e+01  0  7.13e+02  1.97e+01  2.72e+00  6.86e-01  1.79e-01   0.51
2009 06 12  0220   54994    8400  0  5.32e+02  2.84e+01  0  7.23e+02  2.25e+01  2.29e+00  6.86e-01  1.58e-01   0.29
2009 06 12  0225   54994    8700  0  5.20e+02  2.93e+01  0  7.52e+02  1.96e+01  2.41e+00  8.62e-01  1.16e-01   0.61
2009 06 12  0230   54994    9000  0  4.31e+02  3.05e+01  0  7.93e+02  1.97e+01  2.65e+00  4.99e-01  2.00e-01   0.65
2009 06 12  0235   54994    9300  0  4.41e+02  3.14e+01  0  6.68e+02  1.82e+01  2.72e+00  6.33e-01  1.69e-01   0.17
2009 06 12  0240   54994    9600  0  5.77e+02  2.76e+01  0  7.51e+02  2.10e+01  2.33e+00  5.80e-01  2.05e-01   0.30
2009 06 12  0245   54994    9900  0  4.55e+02  3.23e+01  0  7.70e+02  2.08e+01  2.85e+00  4.78e-01  2.53e-01   0.13
2009 06 12  0250   54994   10200  0  4.55e+02  2.78e+01  0  7.66e+02  2.21e+01  2.91e+00  4.75e-01  1.60e-01   0.62
2009 06 12  0255   54994   10500  0  5.65e+02  3.21e+01  0  8.29e+02  1.98e+01  2.62e+00  6.24e-01  1.90e-01   0.76
2009 06 12  0300   54994   10800  0  5.75e+02  3.48e+01  0  7.13e+02  2.06e+01  2.43e+00  7.90e-01  1.05e-01   0.15
2009 06 12  0305   54994   11100  0  5.24e+02  2.70e+01  0  7.03e+02  1.94e+01  2.33e+00  4.93e-01  2.14e-01   0.41
2009 06 12  0310   54994   11400  0  5.56e+02  2.76e+01  0  6.75e+02  2.33e+01  2.70e+00  8.25e-01  1.04e-01   0.27
2009 06 12  0315   54994   11700  0  5.61e+02  3.12e+01  0  7.83e+02  2.06e+01  2.67e+00  6.29e-01  1.74e-01   0.21
2009 06 12  0320   54994   12000  0  4.55e+02  3.19e+01  0  7.60e+02  2.13e+01  2.52e+00  7.56e-01  2.05e-01   0.35
2009 06 12  0325   54994   12300  0  4.17e+02  3.48e+01  0  7.00e+02  1.76e+01  2.23e+00  4.99e-01  1.16e-01   0.10
2009 06 12  0330   54994   12600  0  5.20e+02  2.89e+01  0  7.66e+02  2.13e+01  2.55e+00  7.24e-01  2.32e-01   0.20
2009 06 12  0335   54994   12900  0  5.37e+02  2.83e+01  0  7.20e+02  2.27e+01  2.76e+00  6.48e-01  1.74e-01   0.35
2009 06 12  0340   54994   13200  0  6.29e+02  2.90e+01  0  7.21e+02  2.14e+01  2.59e+00  5.61e-01  2.21e-01   0.75
2009 06 12  0345   54994   13500  0  4.81e+02  2.60e+01  0  7.32e+02  2.03e+01  2.49e+00  4.95e-01  1.55e-01   0.29
2009 06 12  0350   54994   13800  0  4.68e+02  3.01e+01  0  8.03e+02  1.87e+01  2.55e+00  5.91e-01  1.74e-01   0.50
2009 06 12  0355   54994   14100  0  4.83e+02  3.21e+01  0  7.59e+02  1.92e+01  2.76e+00  8.57e-01  1.74e-01   0.57
2009 06 12  0400   54994   14400  0  4.66e+02  3.21e+01  0  7.17e+02  2.16e+01  2.97e+00  6.67e-01  1.64e-01   0.36
2009 06 12  0405   54994   14700  0  5.37e+02  3.53e+01  0  7.49e+02  2.17e+01  2.76e+00  7.24e-01  2.22e-01   0.24
2009 06 12  0410   54994   15000  0  4.32e+02  3.17e+01  0  7.30e+02  2.23e+01  2.85e+00  6.10e-01  1.64e-01   0.66
2009 06 12  0415   54994   15300  0  4.49e+02  3.17e+01  0  7.14e+02  2.15e+01  3.38e+00  6.03e-01  2.53e-01   0.29
2009 06 12  0420   54994   15600  0  5.41e+02  3.14e+01  0  7.71e+02  1.92e+01  3.00e+00  8.00e-01  2.41e-01   0.23
2009 06 12  0425   54994   15900  0  3.39e+02  3.08e+01  0  7.74e+02  2.07e+01  2.58e+00  6.86e-01  2.22e-01   0.35
2009 06 12  0430   54994   16200  0  3.79e+02  2.38e+01  0  7.53e+02  2.20e+01  3.02e+00  9.56e-01  1.58e-01   0.14
2009 06 12  0435   54994   16500  0  4.82e+02  3.12e+01  0  6.75e+02  1.77e+01  2.72e+00  6.51e-01  1.60e-01   0.10
2009 06 12  0440   54994   16800  0  5.09e+02  3.33e+01  0  7.55e+02  2.07e+01  2.49e+00  7.24e-01  1.06e-01   0.24
2009 06 12  0445   54994   17100  0  4.96e+02  2.72e+01  0  7.51e+02  2.15e+01  2.66e+00  9.15e-01  1.26e-01   0.29
2009 06 12  0450   54994   17400  0  5.45e+02  3.07e+01  0  6.80e+02  1.76e+01  2.05e+00  5.98e-01  1.26e-01   0.17
2009 06 12  0455   54994   17700  0  6.39e+02  3.00e+01  0  8.07e+02  2.00e+01  2.92e+00  5.40e-01  2.32e-01   0.13
2009 06 12  0500   54994   18000  0  4.92e+02  3.56e+01  0  7.38e+02  2.12e+01  2.66e+00  7.28e-01  2.00e-01   0.07
2009 06 12  0505   54994   18300  0  4.76e+02  4.01e+01  0  7.45e+02  2.21e+01  2.00e+00  7.04e-01  1.34e-01   0.16
2009 06 12  0510   54994   18600  0  4.65e+02  3.32e+01  0  7.06e+02  1.85e+01  2.46e+00  6.24e-01  1.47e-01   0.24
2009 06 12  0515   54994   18900  0  5.56e+02  2.98e+01  0  7.56e+02  1.96e+01  2.61e+00  7.56e-01  9.81e-02   0.41
2009 06 12  0520   54994   19200  0  4.47e+02  3.12e+01  0  7.40e+02  2.15e+01  2.83e+00  5.63e-01  2.05e-01   0.16
2009 06 12  0525   54994   19500  0  4.55e+02  2.86e+01  0  7.01e+02  2.00e+01  2.52e+00  8.11e-01  2.11e-01   0.59
2009 06 12  0530   54994   19800  0  6.04e+02  3.34e+01  0  7.36e+02  2.12e+01  2.94e+00  5.80e-01  2.41e-01   0.29
2009 06 12  0535   54994   20100  0  4.64e+02  3.13e+01  0  7.29e+02  2.16e+01  2.43e+00  8.73e-01  1.58e-01   0.32
2009 06 12  0540   54994   20400  0  4.71e+02  2.61e+01  0  7.27e+02  1.99e+01  2.62e+00  6.03e-01  1.05e-01   0.45
2009 06 12  0545   54994   20700  0  5.59e+02  3.16e+01  0  7.55e+02  1.88e+01  3.08e+00  7.21e-01  1.25e-01   0.09
2009 06 12  0550   54994   21000  0  5.57e+02  3.17e+01  0  7.31e+02  2.16e+01  2.75e+00  6.65e-01  1.58e-01   0.22
2009 06 12  0555   54994   21300  0  4.15e+02  2.67e+01  0  7.33e+02  2.19e+01  2.52e+00  5.53e-01  2.03e-01   0.24
2009 06 12  0600   54994   21600  0  4.99e+02  2.62e+01  0  6.93e+02  1.93e+01  3.00e+00  6.51e-01  1.34e-01   0.31
2009 06 12  0605   54994   21900  0  5.28e+02  3.13e+01  0  7.72e+02  2.21e+01  2.59e+00  6.24e-01  2.42e-01   0.13
2009 06 12  0610   54994   22200  0  4.73e+02  3.08e+01  0  7.58e+02  2.04e+01  2.70e+00  8.57e-01  1.74e-01   0.65
2009 06 12  0615   54994   22500  0  5.21e+02  2.92e+01  0  7.37e+02  1.88e+01  2.55e+00  6.48e-01  1.47e-01   0.21
2009 06 12  0620   54994   22800  0  6.46e+02  3.01e+01  0  7.70e+02  2.09e+01  2.29e+00  7.27e-01  2.42e-01   0.52
2009 06 12  0625   54994   23100  0  5.14e+02  2.96e+01  0  7.35e+02  2.05e+01  2.64e+00  5.91e-01  1.74e-01   0.34
2009 06 12  0630   54994   23400  0  4.79e+02  3.30e+01  0  7.04e+02  2.08e+01  2.97e+00  4.19e-01  2.32e-01   0.31
2009 06 12  0635   54994   23700  0  5.11e+02  2.52e+01  0  7.12e+02  1.96e+01  2.64e+00  6.29e-01  1.45e-01   0.51
2009 06 12  0640   54994   24000  0  5.70e+02  2.83e+01  0  8.04e+02  1.98e+01  2.73e+00  6.86e-01  1.74e-01   0.23
2009 06 12  0645   54994   24300  0  4.63e+02  2.92e+01  0  7.26e+02  1.76e+01  2.28e+00  5.14e-01  1.74e-01   0.43
2009 06 12  0650   54994   24600  0  5.62e+02  3.37e+01  0  6.87e+02  1.91e+01  2.43e+00  7.24e-01  1.93e-01   0.55
2009 06 12  0655   54994   24900  0  5.48e+02  3.09e+01  0  8.17e+02  1.85e+01  2.59e+00  6.03e-01  1.79e-01   0.75
2009 06 12  0700   54994   25200  0  5.22e+02  3.40e+01  0  7.64e+02  1.96e+01  2.97e+00  7.24e-01  2.32e-01   0.72
2009 06 12  0705   54994   25500  0  5.08e+02  3.08e+01  0  7.33e+02  2.24e+01  2.70e+00  5.14e-01  1.93e-01   0.46
2009 06 12  0710   54994   25800  0  5.32e+02  3.32e+01  0  7.72e+02  2.15e+01  2.62e+00  8.11e-01  1.90e-01   0.35
2009 06 12  0715   54994   26100  0  5.17e+02  3.42e+01  0  7.35e+02  1.84e+01  3.19e+00  5.63e-01  2.32e-01   0.18
2009 06 12  0720   54994   26400  0  4.62e+02  2.96e+01  0  7.20e+02  2.00e+01  2.73e+00  6.48e-01  1.35e-01   0.30
2009 06 12  0725   54994   26700  0  5.81e+02  3.21e+01  0  6.63e+02  2.25e+01  2.39e+00  7.07e-01  1.37e-01   0.65
2009 06 12  0730   54994   27000  0  5.40e+02  3.40e+01  0  7.47e+02  2.00e+01  2.30e+00  7.92e-01  2.05e-01   0.05
2009 06 12  0735   54994   27300  0  4.69e+02  2.59e+01  0  7.53e+02  2.18e+01  2.79e+00  4.37e-01  2.00e-01   0.34
2009 06 12  0740   54994   27600  0  4.94e+02  3.03e+01  0  6.77e+02  2.26e+01  2.07e+00  6.86e-01  1.37e-01   0.68
2009 06 12  0745   54994   27900  0  5.65e+02  3.06e+01  0  7.75e+02  2.06e+01  2.50e+00  5.80e-01  1.93e-01   0.32
2009 06 12  0750   54994   28200  0  4.06e+02  2.76e+01  0  7.11e+02  1.91e+01  2.65e+00  7.69e-01  2.74e-01   0.74
2009 06 12  0755   54994   28500  0  4.35e+02  3.19e+01  0  7.65e+02  1.98e+01  2.33e+00  6.73e-01  2.45e-01   0.55
2009 06 12  0800   54994   28800  0  4.91e+02  3.22e+01  0  7.12e+02  1.84e+01  2.88e+00  6.74e-01  1.76e-01   0.15
2009 06 12  0805   54994   29100  0  5.74e+02  3.23e+01  0  7.90e+02  2.01e+01  2.66e+00  7.69e-01  1.90e-01   0.71
2009 06 12  0810   54994   29400  0  5.98e+02  3.68e+01  0  7.63e+02  1.80e+01  2.36e+00  7.21e-01  1.87e-01   0.43
2009 06 12  0815   54994   29700  0  4.33e+02  3.23e+01  0  7.01e+02  2.18e+01  2.98e+00  5.61e-01  1.47e-01   0.62
2009 06 12  0820   54994   30000  0  5.25e+02  3.15e+01  0  7.56e+02  2.15e+01  2.62e+00  7.90e-01  2.21e-01   0.57
2009 06 12  0825   54994   30300  0  4.27e+02  3.30e+01  0  8.03e+02  2.07e+01  2.83e+00  6.68e-01  1.60e-01   0.28
2009 06 12  0830   54994   30600  0  4.49e+02  2.76e+01  0  7.38e+02  2.04e+01  2.43e+00  6.24e-01  1.69e-01   0.70
2009 06 12  0835   54994   30900  0  4.96e+02  2.96e+01  0  7.08e+02  2.21e+01  2.40e+00  5.53e-01  2.32e-01   0.47
2009 06 12  0840   54994   31200  0  4.67e+02  3.06e+01  0  7.58e+02  2.24e+01  2.75e+00  6.51e-01  1.25e-01   0.63
2009 06 12  0845   54994   31500  0  4.53e+02  3.11e+01  0  7.68e+02  1.81e+01  2.79e+00  7.69e-01  1.26e-01   0.22
2009 06 12  0850   54994   31800  0  4.60e+02  2.55e+01  0  7.11e+02  2.32e+01  2.13e+00  5.72e-01  2.12e-01   0.41
2009 06 12  0855   54994   32100  0  5.90e+02  3.51e+01  0  7.39e+02  2.25e+01  2.82e+00  5.91e-01  1.37e-01   0.51
2009 06 12  0900   54994   32400  0  4.98e+02  3.17e+01  0  7.87e+02  1.98e+01  2.52e+00  5.61e-01  2.11e-01   0.12
2009 06 12  0905   54994   32700  0  4.88e+02  3.14e+01  0  7.19e+02  2.04e+01  2.64e+00  7.24e-01  1.93e-01   0.25
2009 06 12  0910   54994   33000  0  6.18e+02  2.83e+01  0  7.58e+02  2.22e+01  2.31e+00  5.72e-01  1.64e-01   0.56
2009 06 12  0915   54994   33300  0  4.98e+02  2.94e+01  0  7.25e+02  2.07e+01  2.46e+00  5.53e-01  1.84e-01   0.41
2009 06 12  0920   54994   33600  0  4.55e+02  3.31e+01  0  7.44e+02  2.02e+01  2.58e+00  6.67e-01  1.93e-01   0.30
2009 06 12  0925   54994   33900  0  4.55e+02  2.92e+01  0  6.66e+02  1.98e+01  2.82e+00  6.86e-01  1.55e-01   0.17
2009 06 12  0930   54994   34200  0  4.93e+02  3.51e+01  0  7.95e+02  1.97e+01  2.67e+00  7.05e-01  1.83e-01   0.29
2009 06 12  0935   54994   34500  0  4.37e+02  2.96e+01  0  7.65e+02  1.81e+01  2.85e+00  6.24e-01  1.05e-01   0.54
2009 06 12  0940   54994   34800  0  5.62e+02  2.71e+01  0  7.29e+02  2.07e+01  2.79e+00  5.53e-01  2.61e-01   0.77
2009 06 12  0945   54994   35100  0  4.94e+02  3.45e+01  0  7.21e+02  1.95e+01  2.49e+00  7.81e-01  2.03e-01   0.09
2009 06 12  0950   54994   35400  0  3.86e+02  2.51e+01  0  7.68e+02  2.08e+01  3.02e+00  7.90e-01  1.79e-01   0.36
2009 06 12  0955   54994   35700  0  4.42e+02  3.22e+01  0  7.52e+02  2.37e+01  2.69e+00  7.04e-01  2.32e-01   0.19
2009 06 12  1000   54994   36000  0  4.67e+02  3.38e+01  0  7.03e+02  2.08e+01  3.03e+00  5.91e-01  1.55e-01   0.47
2009 06 12  1005   54994   36300  0  4.94e+02  3.21e+01  0  7.60e+02  1.92e+01  3.18e+00  6.44e-01  2.00e-01   0.29
2009 06 12  1010   54994   36600  0  4.47e+02  3.37e+01  0  7.57e+02  2.12e+01  2.72e+00  7.04e-01  2.05e-01   0.47
2009 06 12  1015   54994   36900  0  5.66e+02  3.13e+01  0  6.89e+02  2.26e+01  2.95e+00  6.24e-01  1.79e-01   0.30
2009 06 12  1020   54994   37200  0  5.34e+02  3.27e+01  0  7.46e+02  2.12e+01  2.49e+00  7.28e-01  1.69e-01   0.25
2009 06 12  1025   54994   37500  0  4.33e+02  2.80e+01  0  7.19e+02  2.25e+01  2.30e+00  4.40e-01  1.64e-01   0.53
2009 06 12  1030   54994   37800  0  4.64e+02  3.30e+01  0  6.91e+02  2.08e+01  2.52e+00  6.65e-01  1.90e-01   0.49
2009 06 12  1035   54994   38100  0  5.63e+02  3.01e+01  0  7.49e+02  1.86e+01  2.97e+00  8.09e-01  1.60e-01   0.16
2009 06 12  1040   54994   38400  0  4.96e+02  3.88e+01  0  7.59e+02  1.96e+01  2.33e+00  7.04e-01  1.60e-01   0.62
2009 06 12  1045   54994   38700  0  4.83e+02  2.88e+01  0  7.36e+02  2.06e+01  2.62e+00  7.48e-01  1.69e-01   0.39
2009 06 12  1050   54994   39000  0  4.10e+02  3.45e+01  0  7.26e+02  2.19e+01  2.61e+00  7.56e-01  1.16e-01   0.64
2009 06 12  1055   54994   39300  0  5.36e+02  3.11e+01  0  7.67e+02  2.01e+01  2.59e+00  6.86e-01  1.90e-01   0.29
2009 06 12  1100   54994   39600  0  4.27e+02  3.09e+01  0  7.57e+02  1.89e+01  2.82e+00  8.94e-01  1.69e-01   0.40
2009 06 12  1105   54994   39900  0  4.30e+02  2.93e+01  0  7.07e+02  2.22e+01  3.38e+00  7.21e-01  1.43e-01   0.44
2009 06 12  1110   54994   40200  0  5.45e+02  2.76e+01  0  7.26e+02  2.23e+01  3.15e+00  5.40e-01  1.79e-01   0.59
2009 06 12  1115   54994   40500  0  4.18e+02  2.85e+01  0  7.19e+02  1.94e+01  2.82e+00  8.58e-01  1.16e-01   0.13
2009 06 12  1120   54994   40800  0  4.43e+02  2.63e+01  0  7.05e+02  1.86e+01  2.16e+00  7.04e-01  1.78e-01   0.11
2009 06 12  1125   54994   41100  0  4.44e+02  3.30e+01  0  6.72e+02  1.91e+01  2.39e+00  5.61e-01  1.26e-01   0.39
2009 06 12  1130   54994   41400  0  4.56e+02  3.14e+01  0  7.40e+02  1.96e+01  2.22e+00  8.19e-01  1.84e-01   0.38
2009 06 12  1135   54994   41700  0  3.89e+02  3.17e+01  0  7.57e+02  1.98e+01  2.49e+00  6.10e-01  1.74e-01   0.12
2009 06 12  1140   54994   42000  0  4.09e+02  2.94e+01  0  6.98e+02  1.80e+01  2.49e+00  7.90e-01  1.79e-01   0.29
2009 06 12  1145   54994   42300  0  6.44e+02  3.06e+01  0  7.71e+02  2.05e+01  2.76e+00  7.24e-01  1.64e-01   0.41
2009 06 12  1150   54994   42600  0  4.40e+02  2.82e+01  0  7.48e+02  2.08e+01  2.70e+00  8.38e-01  1.93e-01   0.18
2009 06 12  1155   54994   42900  0  4.55e+02  2.83e+01  0  7.29e+02  2.12e+01  2.49e+00  6.29e-01  1.64e-01   0.61
2009 06 12  1200   54994   43200  0  5.19e+02  3.53e+01  0  7.16e+02  1.84e+01  2.82e+00  6.29e-01  1.74e-01   0.39
2009 06 12  1205   54994   43500  0  5.69e+02  3.44e+01  0  7.56e+02  1.71e+01  2.40e+00  6.48e-01  1.26e-01   1.31
2009 06 12  1210   54994   43800  0  4.18e+02  2.87e+01  0  7.40e+02  2.12e+01  2.34e+00  7.05e-01  1.79e-01   0.63
2009 06 12  1215   54994   44100  0  4.29e+02  3.25e+01  0  7.35e+02  2.07e+01  2.69e+00  8.11e-01  1.26e-01   0.14
2009 06 12  1220   54994   44400  0  5.31e+02  3.21e+01  0  7.21e+02  2.00e+01  2.88e+00  8.57e-01  1.06e-01   0.59
2009 06 12  1225   54994   44700  0  5.09e+02  3.15e+01  0  7.97e+02  2.21e+01  2.55e+00  7.43e-01  2.32e-01   0.72
2009 06 12  1230   54994   45000  0  4.17e+02  3.17e+01  0  7.16e+02  2.07e+01  2.52e+00  7.48e-01  1.69e-01   0.51
2009 06 12  1235   54994   45300  0  5.92e+02  3.11e+01  0  7.43e+02  1.94e+01  2.72e+00  8.79e-01  1.78e-01   0.17
2009 06 12  1240   54994   45600  0  5.72e+02  3.05e+01  0  7.39e+02  1.95e+01  2.31e+00  6.86e-01  2.22e-01   0.44
2009 06 12  1245   54994   45900  0  4.60e+02  3.17e+01  0  7.20e+02  1.99e+01  2.52e+00  6.24e-01  2.11e-01   0.19
2009 06 12  1250   54994   46200  0  4.81e+02  3.09e+01  0  7.12e+02  1.81e+01  3.08e+00  8.27e-01  1.25e-01   0.13
2009 06 12  1255   54994   46500  0  5.29e+02  2.69e+01  0  7.56e+02  2.26e+01  2.23e+00  5.82e-01  1.90e-01   0.64
2009 06 12  1300   54994   46800  0  5.28e+02  3.21e+01  0  6.94e+02  2.16e+01  2.62e+00  6.65e-01  1.16e-01   0.26
2009 06 12  1305   54994   47100  0  5.84e+02  3.12e+01  0  6.80e+02  1.91e+01  2.55e+00  8.62e-01  1.26e-01   0.06
2009 06 12  1310   54994   47400  0  7.31e+02  3.00e+01  0  7.55e+02  2.25e+01  2.62e+00  5.61e-01  2.74e-01   0.37
2009 06 12  1315   54994   47700  0  5.41e+02  2.88e+01  0  7.10e+02  2.14e+01  2.97e+00  5.80e-01  1.60e-01   0.28
2009 06 12  1320   54994   48000  0  6.09e+02  3.32e+01  0  7.41e+02  2.08e+01  2.11e+00  6.33e-01  1.87e-01   0.22
2009 06 12  1325   54994   48300  0  6.17e+02  3.38e+01  0  6.70e+02  1.85e+01  3.21e+00  7.48e-01  1.58e-01   0.06
2009 06 12  1330   54994   48600  0  5.62e+02  3.17e+01  0  7.76e+02  2.01e+01  2.88e+00  6.68e-01  1.87e-01   0.23
2009 06 12  1335   54994   48900  0  5.61e+02  3.29e+01  0  7.21e+02  1.99e+01  2.16e+00  7.90e-01  2.00e-01   0.51
2009 06 12  1340   54994   49200  0  5.04e+02  3.25e+01  0  7.16e+02  2.16e+01  2.46e+00  5.82e-01  1.39e-01   0.12
2009 06 12  1345   54994   49500  0  5.91e+02  2.96e+01  0  7.42e+02  2.19e+01  2.27e+00  5.28e-01  2.14e-01   0.47
2009 06 12  1350   54994   49800  0  3.99e+02  2.67e+01  0  7.62e+02  1.97e+01  2.95e+00  7.28e-01  2.00e-01   0.84
2009 06 12  1355   54994   50100  0  4.91e+02  3.08e+01  0  7.42e+02  2.05e+01  2.31e+00  6.67e-01  1.64e-01   0.21
2009 06 12  1400   54994   50400  0  7.37e+02  3.19e+01  0  7.47e+02  2.24e+01  2.22e+00  7.56e-01  1.78e-01   0.41
2009 06 12  1405   54994   50700  0  5.28e+02  3.25e+01  0  7.30e+02  2.02e+01  2.69e+00  6.03e-01  1.79e-01   0.28
2009 06 12  1410   54994   51000  0  5.67e+02  2.78e+01  0  7.08e+02  2.15e+01  2.58e+00  8.38e-01  1.45e-01   0.68
2009 06 12  1415   54994   51300  0  5.59e+02  2.92e+01  0  7.09e+02  2.02e+01  2.79e+00  8.57e-01  9.66e-02   0.26
2009 06 12  1420   54994   51600  0  5.93e+02  3.61e+01  0  7.82e+02  1.76e+01  2.82e+00  5.82e-01  2.11e-01   0.38
2009 06 12  1425   54994   51900  0  5.41e+02  3.01e+01  0  7.33e+02  1.99e+01  2.49e+00  7.81e-01  1.35e-01   0.59
2009 06 12  1430   54994   52200  0  6.10e+02  2.62e+01  0  6.98e+02  2.00e+01  2.19e+00  8.77e-01  2.03e-01   0.40
2009 06 12  1435   54994   52500  0  6.00e+02  2.99e+01  0  7.27e+02  1.99e+01  2.64e+00  7.05e-01  1.55e-01   0.30
2009 06 12  1440   54994   52800  0  4.83e+02  2.92e+01  0  6.97e+02  2.06e+01  2.43e+00  7.05e-01  1.16e-01   0.23
2009 06 12  1445   54994   53100  0  5.01e+02  3.15e+01  0  7.44e+02  2.30e+01  2.43e+00  8.58e-01  1.35e-01   0.34
2009 06 12  1450   54994   53400  0  4.99e+02  3.15e+01  0  7.45e+02  2.24e+01  3.00e+00  8.19e-01  1.45e-01   0.41
2009 06 12  1455   54994   53700  0  5.06e+02  3.19e+01  0  7.58e+02  2.27e+01  2.62e+00  7.07e-01  1.39e-01   0.56
2009 06 12  1500   54994   54000  0  4.50e+02  2.96e+01  0  7.44e+02  1.94e+01  2.37e+00  6.67e-01  2.03e-01   0.50
2009 06 12  1505   54994   54300  0  4.53e+02  3.08e+01  0  7.16e+02  2.15e+01  2.49e+00  7.24e-01  1.93e-01   0.33
2009 06 12  1510   54994   54600  0  5.56e+02  3.11e+01  0  7.38e+02  1.76e+01  2.62e+00  6.65e-01  1.58e-01   0.52
2009 06 12  1515   54994   54900  0  5.56e+02  2.98e+01  0  7.21e+02  2.28e+01  2.39e+00  4.22e-01  1.34e-01   0.34
2009 06 12  1520   54994   55200  0  4.86e+02  3.17e+01  0  7.71e+02  1.92e+01  2.73e+00  8.00e-01  1.84e-01   0.31
2009 06 12  1525   54994   55500  0  5.14e+02  2.90e+01  0  7.71e+02  1.92e+01  2.56e+00  6.24e-01  2.00e-01   0.84
2009 06 12  1530   54994   55800  0  5.74e+02  3.20e+01  0  7.50e+02  1.98e+01  2.86e+00  7.74e-01  2.03e-01   0.30
2009 06 12  1535   54994   56100  0  5.23e+02  3.00e+01  0  7.13e+02  2.22e+01  2.20e+00  6.03e-01  2.11e-01   0.39
2009 06 12  1540   54994   56400  0  4.67e+02  3.21e+01  0  7.08e+02  1.83e+01  2.88e+00  6.44e-01  1.90e-01   0.07
2009 06 12  1545   54994   56700  0  5.20e+02  3.34e+01  0  7.37e+02  2.07e+01  2.97e+00  6.33e-01  1.60e-01   0.23
2009 06 12  1550   54994   57000  0  4.11e+02  2.74e+01  0  7.46e+02  2.09e+01  2.33e+00  6.65e-01  1.26e-01   0.29
2009 06 12  1555   54994   57300  0  4.69e+02  2.75e+01  0  7.22e+02  2.27e+01  2.14e+00  7.56e-01  1.60e-01   0.15
2009 06 12  1600   54994   57600  0  6.33e+02  2.86e+01  0  7.11e+02  1.98e+01  2.75e+00  7.04e-01  1.69e-01   0.16
2009 06 12  1605   54994   57900  0  4.36e+02  3.58e+01  0  7.45e+02  1.98e+01  2.72e+00  6.24e-01  1.51e-01   0.42
2009 06 12  1610   54994   58200  0  5.20e+02  3.14e+01  0  7.20e+02  2.09e+01  2.25e+00  6.16e-01  1.25e-01   0.55
2009 06 12  1615   54994   58500  0  4.82e+02  2.88e+01  0  6.86e+02  1.88e+01  2.65e+00  7.28e-01  2.11e-01   0.26
2009 06 12  1620   54994   58800  0  5.97e+02  3.09e+01  0  7.68e+02  2.18e+01  2.82e+00  6.24e-01  2.32e-01   0.48
2009 06 12  1625   54994   59100  0  5.20e+02  2.93e+01  0  7.83e+02  2.06e+01  2.47e+00  6.51e-01  2.50e-01   0.25
2009 06 12  1630   54994   59400  0  4.87e+02  3.38e+01  0  7.14e+02  2.12e+01  2.52e+00  7.28e-01  2.21e-01   0.37
2009 06 12  1635   54994   59700  0  5.19e+02  3.38e+01  0  7.35e+02  2.06e+01  2.73e+00  6.86e-01  1.06e-01   0.31
2009 06 12  1640   54994   60000  0  4.50e+02  3.27e+01  0  7.64e+02  2.10e+01  2.75e+00  6.16e-01  1.25e-01   0.21
2009 06 12  1645   54994   60300  0  4.82e+02  3.01e+01  0  7.83e+02  2.11e+01  2.85e+00  5.61e-01  1.79e-01   0.11
2009 06 12  1650   54994   60600  0  6.17e+02  3.08e+01  0  7.57e+02  2.25e+01  2.10e+00  4.95e-01  2.32e-01   0.33
2009 06 12  1655   54994   60900  0  5.16e+02  2.98e+01  0  7.54e+02  2.04e+01  2.76e+00  6.67e-01  1.74e-01   0.35
2009 06 12  1700   54994   61200  0  4.56e+02  3.42e+01  0  7.04e+02  2.29e+01  2.26e+00  5.82e-01  2.11e-01   0.47
2009 06 12  1705   54994   61500  0  4.45e+02  3.12e+01  0  6.87e+02  2.02e+01  2.61e+00  6.67e-01  1.74e-01   0.30
2009 06 12  1710   54994   61800  0  5.39e+02  2.92e+01  0  7.46e+02  2.07e+01  2.49e+00  5.53e-01  1.55e-01   1.14
2009 06 12  1715   54994   62100  0  4.02e+02  2.98e+01  0  7.55e+02  1.92e+01  2.82e+00  7.05e-01  2.12e-01   0.11
2009 06 12  1720   54994   62400  0  4.17e+02  3.06e+01  0  7.52e+02  2.06e+01  2.52e+00  9.53e-01  1.45e-01   0.08
2009 06 12  1725   54994   62700  0  5.54e+02  2.66e+01  0  7.41e+02  2.06e+01  2.67e+00  8.38e-01  2.03e-01   0.19
2009 06 12  1730   54994   63000  0  4.65e+02  3.10e+01  0  7.32e+02  1.90e+01  2.76e+00  6.29e-01  1.35e-01   1.00
2009 06 12  1735   54994   63300  0  4.33e+02  3.42e+01  0  7.30e+02  1.96e+01  2.59e+00  6.24e-01  1.90e-01   0.50
2009 06 12  1740   54994   63600  0  4.71e+02  2.99e+01  0  6.60e+02  2.07e+01  2.85e+00  8.38e-01  1.55e-01   0.40
2009 06 12  1745   54994   63900  0  5.58e+02  2.67e+01  0  7.77e+02  1.97e+01  2.88e+00  7.05e-01  1.26e-01   0.60
2009 06 12  1750   54994   64200  0  4.76e+02  3.01e+01  0  7.44e+02  2.05e+01  2.98e+00  7.90e-01  1.79e-01   0.25
2009 06 12  1755   54994   64500  0  5.05e+02  2.63e+01  0  7.22e+02  1.98e+01  2.86e+00  6.51e-01  1.69e-01   0.34
2009 06 12  1800   54994   64800  0  5.24e+02  2.99e+01  0  7.57e+02  2.02e+01  2.49e+00  6.29e-01  2.22e-01   0.46
2009 06 12  1805   54994   65100  0  4.52e+02  3.23e+01  0  7.30e+02  2.12e+01  2.79e+00  8.11e-01  9.27e-02   0.19
2009 06 12  1810   54994   65400  0  5.24e+02  3.27e+01  0  6.99e+02  2.12e+01  2.88e+00  5.98e-01  1.96e-01   0.57
2009 06 12  1815   54994   65700  0  5.43e+02  3.03e+01  0  7.37e+02  1.94e+01  2.13e+00  6.24e-01  9.48e-02   0.39
2009 06 12  1820   54994   66000  0  5.57e+02  3.25e+01  0  7.70e+02  1.86e+01  3.05e+00  6.65e-01  1.16e-01   0.18
2009 06 12  1825   54994   66300  0  4.37e+02  2.37e+01  0  7.71e+02  2.19e+01  2.30e+00  6.68e-01  1.43e-01   0.38
2009 06 12  1830   54994   66600  0  4.46e+02  3.19e+01  0  6.73e+02  2.06e+01  2.75e+00  7.07e-01  1.37e-01   0.14
2009 06 12  1835   54994   66900  0  5.48e+02  3.25e+01  0  7.10e+02  1.96e+01  2.58e+00  4.22e-01  1.96e-01   0.48
2009 06 12  1840   54994   67200  0  4.99e+02  3.22e+01  0  7.45e+02  2.13e+01  2.27e+00  5.28e-01  1.78e-01   0.45
2009 06 12  1845   54994   67500  0  4.69e+02  2.82e+01  0  7.43e+02  1.94e+01  2.62e+00  7.28e-01  1.79e-01   0.53
2009 06 12  1850   54994   67800  0  5.04e+02  3.06e+01  0  7.56e+02  1.79e+01  2.52e+00  7.56e-01  2.05e-01   0.36
2009 06 12  1855   54994   68100  0  5.21e+02  3.09e+01  0  7.42e+02  2.16e+01  2.69e+00  7.90e-01  2.32e-01   0.22
2009 06 12  1900   54994   68400  0  4.31e+02  3.15e+01  0  7.26e+02  1.97e+01  3.24e+00  7.28e-01  9.48e-02   0.34
2009 06 12  1905   54994   68700  0  4.56e+02  3.17e+01  0  7.04e+02  1.77e+01  2.16e+00  5.98e-01  1.78e-01   0.39
2009 06 12  1910   54994   69000  0  5.16e+02  2.84e+01  0  7.56e+02  2.06e+01  2.56e+00  8.73e-01  2.63e-01   0.38
2009 06 12  1915   54994   69300  0  4.00e+02  3.14e+01  0  7.34e+02  2.06e+01  2.70e+00  6.29e-01  1.93e-01   0.19
2009 06 12  1920   54994   69600  0  4.04e+02  3.03e+01  0  7.27e+02  1.99e+01  2.47e+00  5.98e-01  1.52e-01   0.04
2009 06 12  1925   54994   69900  0  5.57e+02  2.98e+01  0  7.83e+02  2.10e+01  2.88e+00  7.48e-01  1.58e-01   0.45
2009 06 12  1930   54994   70200  0  3.66e+02  2.89e+01  0  7.58e+02  1.89e+01  2.61e+00  6.29e-01  1.58e-01   0.38
2009 06 12  1935   54994   70500  0  4.65e+02  3.17e+01  0  7.30e+02  1.93e+01  2.58e+00  5.53e-01  1.64e-01   0.64
2009 06 12  1940   54994   70800  0  4.58e+02  3.15e+01  0  7.15e+02  1.80e+01  2.66e+00  5.82e-01  1.69e-01   0.32
2009 06 12  1945   54994   71100  0  5.11e+02  3.40e+01  0  7.85e+02  2.20e+01  3.19e+00  7.24e-01  1.06e-01   0.23
2009 06 12  1950   54994   71400  0  5.22e+02  3.28e+01  0  7.65e+02  1.86e+01  2.31e+00  7.05e-01  1.93e-01   0.69
2009 06 12  1955   54994   71700  0  5.29e+02  3.05e+01  0  7.18e+02  2.15e+01  2.76e+00  7.62e-01  1.26e-01   0.51
2009 06 12  2000   54994   72000  0  5.57e+02  2.73e+01  0  7.77e+02  2.12e+01  2.43e+00  7.24e-01  2.41e-01   0.39
2009 06 12  2005   54994   72300  0  4.42e+02  3.15e+01  0  7.55e+02  1.99e+01  3.27e+00  7.05e-01  2.12e-01   0.57
2009 06 12  2010   54994   72600  0  4.71e+02  3.26e+01  0  7.47e+02  2.22e+01  2.82e+00  7.81e-01  2.03e-01   0.24
2009 06 12  2015   54994   72900  0  6.06e+02  2.94e+01  0  7.68e+02  2.11e+01  2.46e+00  4.99e-01  1.69e-01   0.47
2009 06 12  2020   54994   73200  0  5.06e+02  3.12e+01  0  8.19e+02  2.41e+01  2.16e+00  4.19e-01  1.74e-01   0.34
2009 06 12  2025   54994   73500  0  4.10e+02  3.47e+01  0  7.78e+02  2.02e+01  2.70e+00  5.72e-01  1.26e-01   0.51
2009 06 12  2030   54994   73800  0  4.03e+02  2.94e+01  0  7.16e+02  2.25e+01  2.20e+00  7.07e-01  1.58e-01   0.45
2009 06 12  2035   54994   74100  0  6.56e+02  3.50e+01  0  7.61e+02  1.97e+01  2.88e+00  7.91e-01  2.14e-01   0.58
2009 06 12  2040   54994   74400  0  4.76e+02  3.17e+01  0  7.51e+02  1.95e+01  2.70e+00  8.57e-01  1.55e-01   0.10
2009 06 12  2045   54994   74700  0  4.82e+02  3.32e+01  0  7.03e+02  1.95e+01  2.49e+00  6.86e-01  2.32e-01   0.11
2009 06 12  2050   54994   75000  0  6.01e+02  2.94e+01  0  7.47e+02  2.11e+01  2.30e+00  6.86e-01  1.69e-01   0.21
2009 06 12  2055   54994   75300  0  5.23e+02  3.25e+01  0  7.27e+02  2.12e+01  3.11e+00  8.11e-01  2.21e-01   0.19
2009 06 12  2100   54994   75600  0  5.27e+02  3.20e+01  0  7.38e+02  1.99e+01  3.17e+00  7.96e-01  1.09e-01   0.48
2009 06 12  2105   54994   75900  0  4.75e+02  2.89e+01  0  6.83e+02  2.07e+01  2.49e+00  7.81e-01  2.03e-01   0.61
2009 06 12  2110   54994   76200  0  6.38e+02  3.15e+01  0  7.73e+02  1.72e+01  2.58e+00  7.43e-01  1.84e-01   0.28
2009 06 12  2115   54994   76500  0  4.60e+02  3.25e+01  0  7.77e+02  2.01e+01  2.29e+00  5.41e-01  1.48e-01   0.30
2009 06 12  2120   54994   76800  0  4.75e+02  2.91e+01  0  7.61e+02  2.11e+01  2.39e+00  5.80e-01  1.16e-01   0.22
2009 06 12  2125   54994   77100  0  5.90e+02  3.42e+01  0  8.01e+02  2.16e+01  2.52e+00  7.07e-01  1.79e-01   0.40
2009 06 12  2130   54994   77400  0  4.74e+02  3.32e+01  0  7.61e+02  2.28e+01  2.56e+00  7.07e-01  2.21e-01   0.07
2009 06 12  2135   54994   77700  0  4.94e+02  2.81e+01  0  7.46e+02  2.24e+01  2.91e+00  7.56e-01  1.96e-01   0.58
2009 06 12  2140   54994   78000  0  4.55e+02  3.34e+01  0  7.32e+02  1.95e+01  2.23e+00  6.65e-01  1.26e-01   0.71
2009 06 12  2145   54994   78300  0  5.36e+02  3.21e+01  0  7.70e+02  1.99e+01  2.98e+00  6.03e-01  1.16e-01   0.30
2009 06 12  2150   54994   78600  0  4.20e+02  2.85e+01  0  7.57e+02  2.20e+01  3.05e+00  6.51e-01  1.60e-01   0.47
2009 06 12  2155   54994   78900  0  4.91e+02  2.96e+01  0  7.61e+02  2.15e+01  2.49e+00  6.24e-01  1.69e-01   0.69
2009 06 12  2200   54994   79200  0  5.10e+02  3.29e+01  0  7.52e+02  2.04e+01  2.61e+00  7.39e-01  1.69e-01   0.42
2009 06 12  2205   54994   79500  0  4.04e+02  3.23e+01  0  7.22e+02  2.02e+01  2.82e+00  8.73e-01  1.90e-01   0.04
2009 06 12  2210   54994   79800  0  4.29e+02  3.44e+01  0  7.39e+02  2.14e+01  2.92e+00  5.56e-01  1.88e-01   1.07
2009 06 12  2215   54994   80100  0  5.31e+02  3.19e+01  0  7.33e+02  1.72e+01  3.01e+00  9.42e-01  1.91e-01   0.06
2009 06 12  2220   54994   80400  0  5.17e+02  2.98e+01  0  8.09e+02  1.95e+01  2.52e+00  7.73e-01  1.78e-01   0.33
2009 06 12  2225   54994   80700  0  4.18e+02  2.72e+01  0  7.39e+02  2.11e+01  2.65e+00  4.36e-01  2.00e-01   0.53
2009 06 12  2230   54994   81000  0  4.53e+02  2.73e+01  0  6.77e+02  2.03e+01  2.58e+00  9.15e-01  1.43e-01   0.10
2009 06 12  2235   54994   81300  0  5.72e+02  2.80e+01  0  7.94e+02  2.04e+01  2.33e+00  6.86e-01  1.37e-01   0.70
2009 06 12  2240   54994   81600  0  4.46e+02  2.96e+01  0  7.40e+02  2.28e+01  2.40e+00  7.05e-01  1.93e-01   0.64
2009 06 12  2245   54994   81900  0  4.70e+02  2.89e+01  0  7.15e+02  2.13e+01  2.64e+00  6.29e-01  2.22e-01   0.16
2009 06 12  2250   54994   82200  0  6.19e+02  3.25e+01  0  7.64e+02  1.99e+01  2.85e+00  5.61e-01  1.79e-01   0.78
2009 06 12  2255   54994   82500  0  5.08e+02  2.89e+01  0  7.51e+02  1.91e+01  2.34e+00  6.29e-01  1.55e-01   0.41
2009 06 12  2300   54994   82800  0  4.26e+02  3.28e+01  0  7.18e+02  1.96e+01  2.40e+00  7.24e-01  1.58e-01   0.10
2009 06 12  2305   54994   83100  0  4.47e+02  3.11e+01  0  7.22e+02  2.19e+01  2.82e+00  6.03e-01  1.69e-01   0.93
2009 06 12  2310   54994   83400  0  5.65e+02  3.28e+01  0  7.58e+02  1.83e+01  2.07e+00  6.48e-01  1.16e-01   0.42
2009 06 12  2315   54994   83700  0  4.78e+02  2.92e+01  0  7.35e+02  1.98e+01  2.25e+00  6.10e-01  1.47e-01   0.56
2009 06 12  2320   54994   84000  0  5.51e+02  3.06e+01  0  6.72e+02  1.84e+01  2.70e+00  6.67e-01  1.45e-01   0.81
2009 06 12  2325   54994   84300  0  5.39e+02  3.34e+01  0  7.25e+02  2.29e+01  3.21e+00  6.86e-01  2.32e-01   0.42
2009 06 12  2330   54994   84600  0  4.93e+02  3.37e+01  0  7.73e+02  2.02e+01  2.73e+00  8.57e-01  1.45e-01   0.37
2009 06 12  2335   54994   84900  0  4.48e+02  3.45e+01  0  7.11e+02  1.87e+01  2.31e+00  5.91e-01  1.84e-01   0.20
2009 06 12  2340   54994   85200  0  5.14e+02  2.96e+01  0  7.45e+02  2.20e+01  2.72e+00  7.07e-01  1.04e-01   0.46
2009 06 12  2345   54994   85500  0  5.18e+02  3.10e+01  0  7.89e+02  1.82e+01  2.46e+00  6.86e-01  1.74e-01   0.68
2009 06 12  2350   54994   85800  0  4.51e+02  2.91e+01  0  6.98e+02  2.12e+01  2.55e+00  5.91e-01  2.32e-01   0.11
2009 06 12  2355   54994   86100  0  4.65e+02  3.25e+01  0  7.21e+02  2.05e+01  2.56e+00  7.28e-01  1.58e-01   0.32
