:Data_list: 20091025_ace_epam_5m.txt
:Created: 2009 Oct 26 0011 UT
# Prepared by the U.S. Dept. of Commerce, NOAA, Space Weather Prediction Center
# Please send comments and suggestions to SWPC.Webmaster@noaa.gov 
# 
# Units: Differential Flux particles/cm2-s-ster-MeV
# Units: Anisotropy Index 0.0 - 2.0
# Status(S): 0 = nominal, 4,6,7,8 = bad data, unable to process, 9 = no data
# Missing data values: -1.00e+05, index = -1.00
# Source: ACE Satellite - Electron, Proton, and Alpha Monitor
#
#
#                      5-minute averaged Real-time Differential Electron and Proton Flux 
# 
#                Modified Seconds ---------------------------- Differential Flux ---------------------------
# UT Date   Time  Julian  of the  ----- Electron -----   ------------------- Protons keV -------------------   Anis.
# YR MO DA  HHMM    Day    Day    S    38-53   175-315   S    47-68   115-195   310-580   761-1220 1060-1900   Index
#-------------------------------------------------------------------------------------------------------------------
2009 10 25  0000   55129       0  0  5.93e+02  3.36e+01  0  1.38e+03  2.99e+01  3.41e+00  7.90e-01  1.58e-01   0.41
2009 10 25  0005   55129     300  0  5.65e+02  3.59e+01  0  1.37e+03  3.18e+01  3.25e+00  9.15e-01  7.37e-02   0.71
2009 10 25  0010   55129     600  0  7.20e+02  3.19e+01  0  1.34e+03  2.67e+01  3.58e+00  8.09e-01  1.48e-01   0.44
2009 10 25  0015   55129     900  0  4.87e+02  2.78e+01  0  1.35e+03  3.43e+01  2.82e+00  4.78e-01  1.58e-01   0.24
2009 10 25  0020   55129    1200  0  4.85e+02  2.45e+01  0  1.35e+03  3.56e+01  2.88e+00  7.07e-01  1.58e-01   0.49
2009 10 25  0025   55129    1500  0  5.63e+02  3.42e+01  0  1.36e+03  3.51e+01  3.25e+00  8.79e-01  2.05e-01   0.44
2009 10 25  0030   55129    1800  0  6.93e+02  2.78e+01  0  1.36e+03  3.44e+01  3.70e+00  4.37e-01  2.42e-01   0.31
2009 10 25  0035   55129    2100  0  4.66e+02  2.80e+01  0  1.39e+03  3.65e+01  3.46e+00  7.24e-01  1.55e-01   0.46
2009 10 25  0040   55129    2400  0  5.82e+02  2.96e+01  0  1.31e+03  3.10e+01  2.91e+00  6.86e-01  2.12e-01   0.44
2009 10 25  0045   55129    2700  0  7.41e+02  2.94e+01  0  1.34e+03  3.26e+01  2.88e+00  7.07e-01  2.42e-01   0.43
2009 10 25  0050   55129    3000  0  5.56e+02  3.01e+01  0  1.33e+03  3.58e+01  3.88e+00  6.48e-01  1.55e-01   0.25
2009 10 25  0055   55129    3300  0  5.22e+02  3.56e+01  0  1.38e+03  3.62e+01  3.00e+00  6.86e-01  2.41e-01   0.25
2009 10 25  0100   55129    3600  0  5.74e+02  3.23e+01  0  1.26e+03  3.60e+01  3.21e+00  9.56e-01  1.69e-01   0.11
2009 10 25  0105   55129    3900  0  6.10e+02  2.96e+01  0  1.39e+03  3.47e+01  3.79e+00  6.48e-01  1.84e-01   0.31
2009 10 25  0110   55129    4200  0  4.76e+02  2.91e+01  0  1.37e+03  3.40e+01  3.18e+00  8.96e-01  2.32e-01   0.42
2009 10 25  0115   55129    4500  0  4.58e+02  2.82e+01  0  1.26e+03  3.44e+01  2.91e+00  7.81e-01  1.74e-01   0.24
2009 10 25  0120   55129    4800  0  6.48e+02  2.86e+01  0  1.65e+03  3.54e+01  3.18e+00  4.99e-01  2.11e-01   0.35
2009 10 25  0125   55129    5100  0  5.11e+02  2.82e+01  0  1.37e+03  3.44e+01  3.49e+00  7.05e-01  1.74e-01   0.43
2009 10 25  0130   55129    5400  0  4.80e+02  3.01e+01  0  1.38e+03  3.97e+01  3.46e+00  6.29e-01  2.22e-01   0.12
2009 10 25  0135   55129    5700  0  5.47e+02  3.03e+01  0  1.34e+03  3.44e+01  3.54e+00  7.28e-01  2.00e-01   0.45
2009 10 25  0140   55129    6000  0  5.32e+02  2.85e+01  0  1.51e+03  5.09e+01  4.39e+00  7.24e-01  2.41e-01   0.32
2009 10 25  0145   55129    6300  0  4.59e+02  2.41e+01  0  1.47e+03  5.26e+01  4.00e+00  8.06e-01  8.91e-02   0.05
2009 10 25  0150   55129    6600  0  5.26e+02  3.00e+01  0  1.28e+03  4.66e+01  4.16e+00  7.90e-01  3.06e-01   0.82
2009 10 25  0155   55129    6900  0  6.51e+02  3.11e+01  0  1.38e+03  4.11e+01  4.16e+00  8.09e-01  2.14e-01   0.56
2009 10 25  0200   55129    7200  0  4.69e+02  3.40e+01  0  1.40e+03  3.75e+01  3.87e+00  6.44e-01  1.69e-01   0.87
2009 10 25  0205   55129    7500  0  5.52e+02  3.11e+01  0  1.32e+03  4.00e+01  3.51e+00  5.61e-01  2.00e-01   0.88
2009 10 25  0210   55129    7800  0  6.15e+02  2.93e+01  0  1.38e+03  4.12e+01  3.33e+00  7.21e-01  1.78e-01   0.30
2009 10 25  0215   55129    8100  0  4.24e+02  2.92e+01  0  1.38e+03  3.68e+01  3.57e+00  6.03e-01  2.21e-01   0.76
2009 10 25  0220   55129    8400  0  5.19e+02  2.53e+01  0  1.40e+03  4.67e+01  4.06e+00  9.56e-01  2.53e-01   0.28
2009 10 25  0225   55129    8700  0  5.11e+02  3.27e+01  0  1.30e+03  5.03e+01  3.86e+00  7.56e-01  2.76e-01   0.22
2009 10 25  0230   55129    9000  0  6.46e+02  3.42e+01  0  1.49e+03  4.85e+01  3.97e+00  6.03e-01  1.90e-01   0.41
2009 10 25  0235   55129    9300  0  5.33e+02  2.75e+01  0  1.38e+03  4.63e+01  3.91e+00  8.97e-01  1.96e-01   0.21
2009 10 25  0240   55129    9600  0  5.50e+02  2.94e+01  0  1.32e+03  4.85e+01  3.87e+00  9.56e-01  2.42e-01   0.13
2009 10 25  0245   55129    9900  0  7.12e+02  3.27e+01  0  1.47e+03  4.66e+01  4.06e+00  7.90e-01  2.11e-01   0.20
2009 10 25  0250   55129   10200  0  4.76e+02  3.32e+01  0  1.37e+03  4.95e+01  4.05e+00  7.21e-01  2.41e-01   0.48
2009 10 25  0255   55129   10500  0  3.90e+02  2.80e+01  0  1.43e+03  5.04e+01  3.61e+00  8.94e-01  2.32e-01   0.25
2009 10 25  0300   55129   10800  0  5.57e+02  3.13e+01  0  1.46e+03  6.78e+01  5.77e+00  9.77e-01  1.69e-01   0.31
2009 10 25  0305   55129   11100  0  5.47e+02  3.03e+01  0  1.60e+03  7.15e+01  5.69e+00  7.04e-01  2.76e-01   0.19
2009 10 25  0310   55129   11400  0  6.13e+02  3.69e+01  0  1.50e+03  6.75e+01  5.83e+00  9.56e-01  2.95e-01   0.70
2009 10 25  0315   55129   11700  0  4.91e+02  2.98e+01  0  1.60e+03  7.78e+01  5.71e+00  6.86e-01  2.12e-01   0.81
2009 10 25  0320   55129   12000  0  6.28e+02  3.06e+01  0  1.58e+03  7.13e+01  5.83e+00  8.38e-01  3.28e-01   0.40
2009 10 25  0325   55129   12300  0  4.85e+02  3.13e+01  0  1.61e+03  8.62e+01  6.03e+00  9.77e-01  2.63e-01   0.32
2009 10 25  0330   55129   12600  0  4.04e+02  3.12e+01  0  1.61e+03  8.16e+01  5.86e+00  8.19e-01  1.58e-01   0.43
2009 10 25  0335   55129   12900  0  6.04e+02  3.08e+01  0  1.67e+03  8.38e+01  5.68e+00  5.53e-01  2.41e-01   0.37
2009 10 25  0340   55129   13200  0  5.34e+02  3.21e+01  0  1.66e+03  8.08e+01  6.39e+00  6.44e-01  3.27e-01   0.47
2009 10 25  0345   55129   13500  0  5.43e+02  3.58e+01  0  1.55e+03  7.58e+01  4.66e+00  8.38e-01  1.93e-01   0.48
2009 10 25  0350   55129   13800  0  5.31e+02  2.87e+01  0  1.47e+03  6.82e+01  4.84e+00  8.96e-01  2.22e-01   0.68
2009 10 25  0355   55129   14100  0  5.65e+02  2.80e+01  0  1.64e+03  6.89e+01  5.95e+00  6.10e-01  2.12e-01   0.77
2009 10 25  0400   55129   14400  0  4.92e+02  2.65e+01  0  1.65e+03  8.22e+01  6.13e+00  8.11e-01  1.79e-01   0.21
2009 10 25  0405   55129   14700  0  5.24e+02  3.01e+01  0  1.63e+03  7.79e+01  5.98e+00  7.62e-01  1.45e-01   0.26
2009 10 25  0410   55129   15000  0  5.82e+02  3.08e+01  0  1.57e+03  7.40e+01  5.62e+00  6.67e-01  2.22e-01   0.18
2009 10 25  0415   55129   15300  0  5.47e+02  3.21e+01  0  1.59e+03  7.16e+01  6.03e+00  6.44e-01  2.42e-01   0.32
2009 10 25  0420   55129   15600  0  5.14e+02  2.96e+01  0  1.59e+03  6.97e+01  5.38e+00  7.43e-01  1.83e-01   0.36
2009 10 25  0425   55129   15900  0  5.40e+02  2.91e+01  0  1.46e+03  7.71e+01  4.87e+00  7.62e-01  2.51e-01   0.14
2009 10 25  0430   55129   16200  0  5.86e+02  3.19e+01  0  1.60e+03  7.56e+01  5.64e+00  8.32e-01  1.79e-01   0.08
2009 10 25  0435   55129   16500  0  4.46e+02  3.24e+01  0  1.66e+03  8.42e+01  5.85e+00  6.51e-01  3.21e-01   0.34
2009 10 25  0440   55129   16800  0  4.76e+02  3.01e+01  0  1.57e+03  7.37e+01  5.02e+00  7.90e-01  1.58e-01   0.35
2009 10 25  0445   55129   17100  0  6.17e+02  2.92e+01  0  1.58e+03  7.05e+01  5.05e+00  7.28e-01  2.11e-01   0.38
2009 10 25  0450   55129   17400  0  5.51e+02  3.07e+01  0  1.64e+03  8.09e+01  5.80e+00  8.44e-01  2.41e-01   0.46
2009 10 25  0455   55129   17700  0  4.40e+02  2.55e+01  0  1.69e+03  8.29e+01  5.38e+00  8.52e-01  2.11e-01   0.03
2009 10 25  0500   55129   18000  0  6.40e+02  2.92e+01  0  1.66e+03  8.64e+01  6.00e+00  5.40e-01  2.42e-01   0.12
2009 10 25  0505   55129   18300  0  5.49e+02  3.38e+01  0  1.68e+03  8.42e+01  6.30e+00  8.44e-01  1.87e-01   0.36
2009 10 25  0510   55129   18600  0  4.73e+02  2.69e+01  0  1.63e+03  7.90e+01  6.23e+00  7.90e-01  2.42e-01   0.73
2009 10 25  0515   55129   18900  0  5.08e+02  2.75e+01  0  1.57e+03  8.41e+01  6.13e+00  8.09e-01  2.59e-01   0.24
2009 10 25  0520   55129   19200  0  6.20e+02  3.56e+01  0  1.72e+03  8.31e+01  6.39e+00  4.78e-01  2.74e-01   0.61
2009 10 25  0525   55129   19500  0  4.08e+02  2.98e+01  0  1.66e+03  8.19e+01  5.45e+00  5.59e-01  3.35e-01   0.55
2009 10 25  0530   55129   19800  0  4.64e+02  2.75e+01  0  1.59e+03  8.59e+01  5.02e+00  7.21e-01  1.69e-01   0.53
2009 10 25  0535   55129   20100  0  6.93e+02  3.44e+01  0  1.68e+03  8.39e+01  5.38e+00  7.69e-01  3.27e-01   0.34
2009 10 25  0540   55129   20400  0  5.38e+02  2.94e+01  0  1.60e+03  6.54e+01  4.88e+00  8.11e-01  2.53e-01   0.45
2009 10 25  0545   55129   20700  0  5.11e+02  2.81e+01  0  1.53e+03  7.09e+01  5.44e+00  8.27e-01  2.50e-01   0.55
2009 10 25  0550   55129   21000  0  5.08e+02  2.74e+01  0  1.45e+03  6.63e+01  5.11e+00  7.48e-01  1.69e-01   0.20
2009 10 25  0555   55129   21300  0  5.13e+02  2.48e+01  0  1.64e+03  8.30e+01  4.63e+00  8.77e-01  2.41e-01   0.58
2009 10 25  0600   55129   21600  0  4.89e+02  3.21e+01  0  1.70e+03  8.37e+01  5.11e+00  7.24e-01  2.03e-01   0.46
2009 10 25  0605   55129   21900  0  5.01e+02  3.30e+01  0  1.68e+03  8.81e+01  5.57e+00  8.11e-01  2.74e-01   0.17
2009 10 25  0610   55129   22200  0  6.28e+02  3.38e+01  0  1.63e+03  7.02e+01  4.78e+00  8.00e-01  3.19e-01   0.15
2009 10 25  0615   55129   22500  0  4.99e+02  2.82e+01  0  1.52e+03  5.79e+01  4.15e+00  8.77e-01  2.80e-01   0.47
2009 10 25  0620   55129   22800  0  4.74e+02  2.59e+01  0  1.53e+03  5.00e+01  5.24e+00  6.24e-01  1.69e-01   0.38
2009 10 25  0625   55129   23100  0  5.75e+02  3.42e+01  0  1.50e+03  6.64e+01  4.72e+00  8.38e-01  1.26e-01   0.23
2009 10 25  0630   55129   23400  0  5.80e+02  3.28e+01  0  1.59e+03  7.34e+01  4.96e+00  8.96e-01  2.22e-01   0.52
2009 10 25  0635   55129   23700  0  4.43e+02  3.10e+01  0  1.54e+03  7.17e+01  5.08e+00  8.57e-01  7.73e-02   0.34
2009 10 25  0640   55129   24000  0  4.71e+02  2.78e+01  0  1.53e+03  8.32e+01  6.23e+00  5.82e-01  1.37e-01   0.16
2009 10 25  0645   55129   24300  0  7.24e+02  2.62e+01  0  1.81e+03  9.38e+01  5.59e+00  8.57e-01  2.80e-01   0.04
2009 10 25  0650   55129   24600  0  4.73e+02  3.47e+01  0  1.71e+03  8.63e+01  5.47e+00  9.53e-01  2.12e-01   0.23
2009 10 25  0655   55129   24900  0  5.07e+02  2.55e+01  0  1.65e+03  8.50e+01  5.80e+00  6.86e-01  2.32e-01   0.22
2009 10 25  0700   55129   25200  0  6.24e+02  2.44e+01  0  1.72e+03  8.95e+01  5.86e+00  6.67e-01  2.61e-01   0.51
2009 10 25  0705   55129   25500  0  5.57e+02  2.30e+01  0  1.72e+03  8.36e+01  5.74e+00  7.62e-01  1.93e-01   0.25
2009 10 25  0710   55129   25800  0  5.74e+02  2.90e+01  0  1.58e+03  7.56e+01  5.90e+00  7.69e-01  2.00e-01   0.06
2009 10 25  0715   55129   26100  0  5.60e+02  3.07e+01  0  1.63e+03  8.46e+01  5.94e+00  8.09e-01  2.23e-01   0.21
2009 10 25  0720   55129   26400  0  6.10e+02  2.63e+01  0  1.72e+03  8.31e+01  5.41e+00  8.52e-01  2.11e-01   0.28
2009 10 25  0725   55129   26700  0  4.94e+02  3.11e+01  0  1.66e+03  7.70e+01  7.44e+00  4.99e-01  2.00e-01   0.26
2009 10 25  0730   55129   27000  0  5.91e+02  3.07e+01  0  1.58e+03  7.60e+01  4.88e+00  5.45e-01  2.14e-01   0.11
2009 10 25  0735   55129   27300  0  6.22e+02  3.03e+01  0  1.66e+03  7.68e+01  5.28e+00  6.44e-01  2.32e-01   0.48
2009 10 25  0740   55129   27600  0  5.38e+02  3.30e+01  0  1.64e+03  7.89e+01  5.74e+00  9.35e-01  1.16e-01   0.17
2009 10 25  0745   55129   27900  0  6.03e+02  3.06e+01  0  1.59e+03  7.67e+01  5.38e+00  7.56e-01  2.32e-01   0.08
2009 10 25  0750   55129   28200  0  5.83e+02  2.67e+01  0  1.56e+03  7.63e+01  5.08e+00  8.73e-01  1.05e-01   0.38
2009 10 25  0755   55129   28500  0  5.45e+02  2.70e+01  0  1.66e+03  7.91e+01  5.30e+00  6.86e-01  1.96e-01   0.48
2009 10 25  0800   55129   28800  0  4.74e+02  3.25e+01  0  1.68e+03  7.71e+01  5.61e+00  6.86e-01  1.69e-01   0.59
2009 10 25  0805   55129   29100  0  6.73e+02  3.77e+01  0  1.52e+03  8.00e+01  5.51e+00  8.73e-01  2.53e-01   0.32
2009 10 25  0810   55129   29400  0  5.81e+02  2.89e+01  0  1.60e+03  7.86e+01  5.57e+00  9.15e-01  2.14e-01   0.35
2009 10 25  0815   55129   29700  0  4.76e+02  3.01e+01  0  1.58e+03  7.61e+01  5.74e+00  9.98e-01  2.32e-01   0.12
2009 10 25  0820   55129   30000  0  4.54e+02  3.52e+01  0  1.66e+03  7.14e+01  5.57e+00  9.98e-01  2.63e-01   0.48
2009 10 25  0825   55129   30300  0  5.94e+02  2.99e+01  0  1.63e+03  7.72e+01  6.02e+00  5.63e-01  2.23e-01   0.16
2009 10 25  0830   55129   30600  0  4.91e+02  2.34e+01  0  1.94e+03  1.03e+02  6.88e+00  8.31e-01  2.42e-01   0.29
2009 10 25  0835   55129   30900  0  6.40e+02  3.70e+01  0  2.70e+03  1.18e+02  6.94e+00  9.72e-01  2.51e-01   0.30
2009 10 25  0840   55129   31200  0  6.02e+02  2.83e+01  0  1.79e+03  8.84e+01  5.29e+00  8.19e-01  1.64e-01   0.44
2009 10 25  0845   55129   31500  0  5.97e+02  2.94e+01  0  1.72e+03  8.40e+01  6.33e+00  7.69e-01  2.21e-01   0.14
2009 10 25  0850   55129   31800  0  4.83e+02  3.01e+01  0  1.67e+03  8.66e+01  5.29e+00  5.91e-01  1.74e-01   0.47
2009 10 25  0855   55129   32100  0  5.85e+02  3.01e+01  0  2.02e+03  9.44e+01  6.31e+00  8.77e-01  3.77e-01   0.19
2009 10 25  0900   55129   32400  0  5.68e+02  2.69e+01  0  1.90e+03  9.75e+01  6.85e+00  7.28e-01  2.11e-01   0.67
2009 10 25  0905   55129   32700  0  5.18e+02  2.46e+01  0  2.19e+03  9.84e+01  6.55e+00  6.86e-01  1.84e-01   0.33
2009 10 25  0910   55129   33000  0  4.96e+02  3.10e+01  0  1.75e+03  9.39e+01  6.28e+00  8.38e-01  2.80e-01   0.35
2009 10 25  0915   55129   33300  0  5.26e+02  3.56e+01  0  1.77e+03  8.57e+01  5.47e+00  6.10e-01  3.19e-01   0.31
2009 10 25  0920   55129   33600  0  5.86e+02  2.63e+01  0  1.98e+03  8.37e+01  6.10e+00  9.56e-01  2.84e-01   0.36
2009 10 25  0925   55129   33900  0  4.98e+02  3.14e+01  0  1.77e+03  7.95e+01  4.93e+00  8.38e-01  2.61e-01   0.10
2009 10 25  0930   55129   34200  0  5.18e+02  2.96e+01  0  1.87e+03  8.38e+01  6.10e+00  8.77e-01  2.80e-01   0.09
2009 10 25  0935   55129   34500  0  6.49e+02  2.98e+01  0  2.23e+03  9.22e+01  5.74e+00  6.86e-01  2.42e-01   0.24
2009 10 25  0940   55129   34800  0  5.21e+02  3.37e+01  0  1.81e+03  8.78e+01  6.58e+00  7.24e-01  2.80e-01   0.19
2009 10 25  0945   55129   35100  0  5.27e+02  3.14e+01  0  2.01e+03  8.47e+01  6.01e+00  9.53e-01  2.90e-01   0.14
2009 10 25  0950   55129   35400  0  5.34e+02  2.84e+01  0  1.70e+03  8.14e+01  4.85e+00  6.65e-01  2.21e-01   0.70
2009 10 25  0955   55129   35700  0  5.17e+02  2.70e+01  0  1.75e+03  8.09e+01  5.02e+00  7.39e-01  1.69e-01   0.26
2009 10 25  1000   55129   36000  0  4.92e+02  3.52e+01  0  1.69e+03  7.47e+01  4.98e+00  6.86e-01  1.62e-01   0.31
2009 10 25  1005   55129   36300  0  4.60e+02  2.76e+01  0  1.60e+03  7.47e+01  4.88e+00  6.24e-01  1.47e-01   0.44
2009 10 25  1010   55129   36600  0  6.30e+02  2.86e+01  0  1.60e+03  7.01e+01  5.33e+00  6.16e-01  3.66e-01   0.68
2009 10 25  1015   55129   36900  0  4.80e+02  3.30e+01  0  1.82e+03  7.78e+01  5.97e+00  8.73e-01  1.26e-01   0.17
2009 10 25  1020   55129   37200  0  5.27e+02  3.23e+01  0  1.75e+03  9.54e+01  5.74e+00  9.15e-01  1.90e-01   0.43
2009 10 25  1025   55129   37500  0  5.42e+02  2.93e+01  0  1.69e+03  8.59e+01  5.85e+00  6.86e-01  1.87e-01   0.64
2009 10 25  1030   55129   37800  0  3.88e+02  3.09e+01  0  1.68e+03  7.95e+01  5.28e+00  1.10e+00  1.69e-01   0.29
2009 10 25  1035   55129   38100  0  4.88e+02  2.89e+01  0  1.74e+03  8.78e+01  5.60e+00  9.15e-01  2.76e-01   0.31
2009 10 25  1040   55129   38400  0  4.98e+02  3.15e+01  0  1.59e+03  7.98e+01  6.10e+00  7.28e-01  2.00e-01   0.79
2009 10 25  1045   55129   38700  0  5.92e+02  2.96e+01  0  1.77e+03  8.21e+01  5.70e+00  7.07e-01  1.69e-01   0.11
2009 10 25  1050   55129   39000  0  4.81e+02  3.38e+01  0  1.83e+03  8.75e+01  5.38e+00  7.39e-01  2.23e-01   0.45
2009 10 25  1055   55129   39300  0  4.85e+02  3.34e+01  0  1.72e+03  8.78e+01  5.15e+00  7.90e-01  2.32e-01   0.23
2009 10 25  1100   55129   39600  0  6.60e+02  3.38e+01  0  1.76e+03  8.02e+01  5.38e+00  7.90e-01  1.90e-01   0.49
2009 10 25  1105   55129   39900  0  5.08e+02  3.16e+01  0  1.65e+03  7.44e+01  5.82e+00  9.85e-01  1.96e-01   0.48
2009 10 25  1110   55129   40200  0  5.23e+02  3.17e+01  0  1.67e+03  7.17e+01  5.18e+00  9.77e-01  2.00e-01   0.20
2009 10 25  1115   55129   40500  0  5.24e+02  2.80e+01  0  1.57e+03  7.71e+01  5.38e+00  9.34e-01  1.93e-01   0.20
2009 10 25  1120   55129   40800  0  5.87e+02  2.73e+01  0  1.63e+03  6.79e+01  5.14e+00  9.34e-01  2.12e-01   0.31
2009 10 25  1125   55129   41100  0  4.38e+02  3.05e+01  0  1.60e+03  7.60e+01  4.82e+00  6.86e-01  2.21e-01   0.64
2009 10 25  1130   55129   41400  0  5.29e+02  2.96e+01  0  1.52e+03  8.01e+01  5.11e+00  7.62e-01  2.03e-01   0.55
2009 10 25  1135   55129   41700  0  6.27e+02  3.31e+01  0  1.71e+03  7.79e+01  5.98e+00  8.19e-01  1.64e-01   0.62
2009 10 25  1140   55129   42000  0  5.86e+02  3.29e+01  0  1.67e+03  8.39e+01  5.67e+00  7.48e-01  2.11e-01   0.45
2009 10 25  1145   55129   42300  0  5.11e+02  2.89e+01  0  1.88e+03  1.02e+02  5.41e+00  8.38e-01  3.19e-01   0.09
2009 10 25  1150   55129   42600  0  5.56e+02  3.21e+01  0  1.80e+03  1.04e+02  7.03e+00  7.62e-01  3.09e-01   0.65
2009 10 25  1155   55129   42900  0  5.19e+02  3.42e+01  0  1.76e+03  1.03e+02  6.01e+00  7.62e-01  2.32e-01   0.28
2009 10 25  1200   55129   43200  0  5.00e+02  2.94e+01  0  1.76e+03  9.80e+01  6.49e+00  5.40e-01  2.95e-01   0.41
2009 10 25  1205   55129   43500  0  5.01e+02  3.03e+01  0  1.68e+03  9.84e+01  6.70e+00  7.81e-01  2.41e-01   0.14
2009 10 25  1210   55129   43800  0  6.70e+02  2.64e+01  0  1.78e+03  9.63e+01  6.07e+00  8.19e-01  2.32e-01   0.30
2009 10 25  1215   55129   44100  0  5.61e+02  2.84e+01  0  1.68e+03  8.55e+01  5.74e+00  9.56e-01  2.00e-01   0.34
2009 10 25  1220   55129   44400  0  5.32e+02  3.10e+01  0  1.64e+03  8.82e+01  6.28e+00  8.00e-01  2.61e-01   0.31
2009 10 25  1225   55129   44700  0  6.99e+02  3.68e+01  0  1.76e+03  8.43e+01  5.29e+00  6.48e-01  2.80e-01   0.78
2009 10 25  1230   55129   45000  0  5.05e+02  3.00e+01  0  1.67e+03  8.05e+01  6.62e+00  9.35e-01  1.90e-01   0.41
2009 10 25  1235   55129   45300  0  3.79e+02  2.91e+01  0  1.70e+03  8.72e+01  5.71e+00  6.51e-01  2.05e-01   0.47
2009 10 25  1240   55129   45600  0  4.49e+02  2.84e+01  0  1.68e+03  8.60e+01  5.57e+00  6.86e-01  1.26e-01   0.20
2009 10 25  1245   55129   45900  0  5.18e+02  3.09e+01  0  1.81e+03  9.41e+01  6.20e+00  7.48e-01  2.11e-01   0.41
2009 10 25  1250   55129   46200  0  4.89e+02  2.60e+01  0  1.76e+03  9.32e+01  5.96e+00  8.62e-01  2.32e-01   0.52
2009 10 25  1255   55129   46500  0  3.91e+02  2.84e+01  0  1.71e+03  9.36e+01  5.93e+00  7.07e-01  3.06e-01   0.48
2009 10 25  1300   55129   46800  0  5.36e+02  3.38e+01  0  1.87e+03  1.03e+02  6.30e+00  7.04e-01  2.32e-01   0.37
2009 10 25  1305   55129   47100  0  5.03e+02  3.58e+01  0  1.84e+03  9.55e+01  6.20e+00  6.86e-01  2.32e-01   0.36
2009 10 25  1310   55129   47400  0  4.51e+02  2.90e+01  0  1.80e+03  8.62e+01  5.47e+00  6.65e-01  2.00e-01   0.18
2009 10 25  1315   55129   47700  0  7.13e+02  2.96e+01  0  1.80e+03  9.22e+01  5.63e+00  5.98e-01  2.67e-01   0.24
2009 10 25  1320   55129   48000  0  5.41e+02  2.98e+01  0  1.85e+03  1.01e+02  6.23e+00  8.11e-01  2.42e-01   0.21
2009 10 25  1325   55129   48300  0  5.34e+02  2.76e+01  0  1.80e+03  1.06e+02  5.41e+00  8.11e-01  1.90e-01   0.32
2009 10 25  1330   55129   48600  0  4.88e+02  2.76e+01  0  1.68e+03  1.01e+02  5.71e+00  6.33e-01  1.34e-01   0.65
2009 10 25  1335   55129   48900  0  4.83e+02  2.71e+01  0  1.83e+03  9.71e+01  6.23e+00  4.99e-01  2.53e-01   0.37
2009 10 25  1340   55129   49200  0  5.39e+02  3.12e+01  0  1.82e+03  9.45e+01  6.01e+00  5.89e-01  2.12e-01   0.44
2009 10 25  1345   55129   49500  0  4.08e+02  2.73e+01  0  1.67e+03  9.53e+01  5.50e+00  7.24e-01  2.41e-01   0.35
2009 10 25  1350   55129   49800  0  6.13e+02  3.48e+01  0  1.74e+03  9.65e+01  5.74e+00  6.86e-01  2.32e-01   0.38
2009 10 25  1355   55129   50100  0  5.14e+02  3.38e+01  0  1.68e+03  8.58e+01  5.08e+00  7.81e-01  1.64e-01   0.43
2009 10 25  1400   55129   50400  0  4.37e+02  2.82e+01  0  1.72e+03  8.12e+01  5.26e+00  7.24e-01  1.74e-01   0.31
2009 10 25  1405   55129   50700  0  6.10e+02  3.38e+01  0  1.79e+03  9.23e+01  6.00e+00  7.90e-01  2.74e-01   0.36
2009 10 25  1410   55129   51000  0  6.18e+02  2.78e+01  0  1.79e+03  8.70e+01  5.88e+00  8.01e-01  1.91e-01   0.57
2009 10 25  1415   55129   51300  0  5.05e+02  2.78e+01  0  1.81e+03  9.64e+01  6.19e+00  7.90e-01  3.16e-01   0.16
2009 10 25  1420   55129   51600  0  5.24e+02  2.92e+01  0  1.67e+03  1.02e+02  6.40e+00  7.05e-01  2.32e-01   0.28
2009 10 25  1425   55129   51900  0  6.30e+02  2.40e+01  0  1.84e+03  9.59e+01  5.90e+00  8.52e-01  1.37e-01   0.63
2009 10 25  1430   55129   52200  0  5.29e+02  2.96e+01  0  1.81e+03  9.99e+01  6.01e+00  8.95e-01  2.22e-01   0.39
2009 10 25  1435   55129   52500  0  5.44e+02  3.12e+01  0  1.70e+03  8.58e+01  5.83e+00  7.43e-01  2.80e-01   0.28
2009 10 25  1440   55129   52800  0  5.32e+02  2.98e+01  0  1.68e+03  7.83e+01  6.52e+00  9.56e-01  1.69e-01   0.29
2009 10 25  1445   55129   53100  0  5.24e+02  3.77e+01  0  1.69e+03  8.64e+01  5.29e+00  7.62e-01  2.22e-01   0.43
2009 10 25  1450   55129   53400  0  5.34e+02  3.03e+01  0  1.67e+03  8.53e+01  6.01e+00  8.00e-01  2.41e-01   0.13
2009 10 25  1455   55129   53700  0  7.12e+02  3.05e+01  0  1.69e+03  8.84e+01  5.93e+00  7.90e-01  2.42e-01   0.35
2009 10 25  1500   55129   54000  0  6.67e+02  3.42e+01  0  1.73e+03  8.80e+01  5.74e+00  7.56e-01  2.50e-01   0.31
2009 10 25  1505   55129   54300  0  5.34e+02  3.03e+01  0  1.87e+03  9.75e+01  5.70e+00  9.35e-01  2.74e-01   0.24
2009 10 25  1510   55129   54600  0  5.32e+02  3.77e+01  0  1.71e+03  9.10e+01  5.97e+00  8.94e-01  2.00e-01   0.47
2009 10 25  1515   55129   54900  0  5.22e+02  2.85e+01  0  1.84e+03  9.63e+01  5.94e+00  6.86e-01  2.67e-01   0.96
2009 10 25  1520   55129   55200  0  4.74e+02  3.15e+01  0  1.87e+03  1.06e+02  7.34e+00  9.98e-01  2.53e-01   0.20
2009 10 25  1525   55129   55500  0  5.12e+02  2.80e+01  0  1.78e+03  9.54e+01  6.39e+00  6.65e-01  2.21e-01   0.16
2009 10 25  1530   55129   55800  0  5.08e+02  3.09e+01  0  1.71e+03  9.08e+01  5.02e+00  9.67e-01  2.14e-01   0.07
2009 10 25  1535   55129   56100  0  6.51e+02  2.76e+01  0  1.85e+03  9.67e+01  5.93e+00  7.28e-01  2.11e-01   0.25
2009 10 25  1540   55129   56400  0  6.10e+02  3.03e+01  0  1.82e+03  9.89e+01  6.21e+00  8.09e-01  2.14e-01   0.42
2009 10 25  1545   55129   56700  0  4.71e+02  2.55e+01  0  1.79e+03  1.09e+02  5.61e+00  1.08e+00  2.74e-01   0.09
2009 10 25  1550   55129   57000  0  6.98e+02  3.15e+01  0  1.86e+03  1.01e+02  6.98e+00  8.52e-01  2.42e-01   0.29
2009 10 25  1555   55129   57300  0  4.67e+02  3.11e+01  0  1.83e+03  1.06e+02  5.85e+00  5.98e-01  1.96e-01   0.20
2009 10 25  1600   55129   57600  0  5.16e+02  2.82e+01  0  1.81e+03  9.58e+01  7.31e+00  5.82e-01  2.42e-01   0.62
2009 10 25  1605   55129   57900  0  7.36e+02  2.53e+01  0  1.84e+03  1.25e+02  8.69e+00  6.03e-01  2.74e-01   0.06
2009 10 25  1610   55129   58200  0  5.94e+02  3.01e+01  0  1.86e+03  1.06e+02  7.21e+00  6.68e-01  2.67e-01   0.44
2009 10 25  1615   55129   58500  0  5.75e+02  3.21e+01  0  1.79e+03  8.98e+01  6.52e+00  9.35e-01  2.11e-01   0.20
2009 10 25  1620   55129   58800  0  4.99e+02  3.47e+01  0  1.67e+03  8.86e+01  6.01e+00  9.15e-01  2.32e-01   0.33
2009 10 25  1625   55129   59100  0  5.54e+02  2.41e+01  0  2.01e+03  9.48e+01  5.80e+00  7.81e-01  2.12e-01   0.76
2009 10 25  1630   55129   59400  0  5.43e+02  3.21e+01  0  3.54e+03  1.05e+02  6.39e+00  9.15e-01  2.21e-01   0.41
2009 10 25  1635   55129   59700  0  5.18e+02  3.05e+01  0  8.76e+03  1.51e+02  6.10e+00  6.48e-01  1.55e-01   0.03
2009 10 25  1640   55129   60000  0  7.31e+02  4.07e+01  0  1.11e+04  1.47e+02  5.89e+00  8.58e-01  2.61e-01   0.37
2009 10 25  1645   55129   60300  0  5.08e+02  2.86e+01  0  1.12e+04  1.20e+02  5.67e+00  7.07e-01  2.11e-01   0.73
2009 10 25  1650   55129   60600  0  5.34e+02  3.03e+01  0  1.17e+04  1.10e+02  5.74e+00  4.95e-01  1.84e-01   0.52
2009 10 25  1655   55129   60900  0  5.57e+02  2.87e+01  0  7.99e+03  1.03e+02  5.53e+00  8.57e-01  1.74e-01   0.37
2009 10 25  1700   55129   61200  0  8.22e+02  2.98e+01  0  2.49e+03  7.42e+01  5.44e+00  8.77e-01  2.03e-01   0.15
2009 10 25  1705   55129   61500  0  5.18e+02  3.07e+01  0  3.29e+03  7.78e+01  5.01e+00  7.90e-01  2.11e-01   0.53
2009 10 25  1710   55129   61800  0  4.81e+02  2.99e+01  0  1.54e+03  6.77e+01  4.60e+00  6.86e-01  2.41e-01   0.31
2009 10 25  1715   55129   62100  0  6.20e+02  2.53e+01  0  1.86e+03  7.47e+01  5.62e+00  8.76e-01  1.64e-01   0.32
2009 10 25  1720   55129   62400  0  5.34e+02  2.74e+01  0  2.04e+03  7.97e+01  5.01e+00  8.73e-01  3.06e-01   0.32
2009 10 25  1725   55129   62700  0  4.78e+02  3.21e+01  0  2.03e+03  7.36e+01  5.38e+00  7.43e-01  3.09e-01   0.21
2009 10 25  1730   55129   63000  0  5.62e+02  3.03e+01  0  1.82e+03  7.81e+01  5.32e+00  9.15e-01  2.22e-01   0.49
2009 10 25  1735   55129   63300  0  6.13e+02  3.40e+01  0  2.15e+03  7.88e+01  5.31e+00  7.28e-01  3.06e-01   0.06
2009 10 25  1740   55129   63600  0  5.81e+02  2.99e+01  0  1.93e+03  7.57e+01  5.61e+00  6.78e-01  2.01e-01   0.03
2009 10 25  1745   55129   63900  0  5.10e+02  2.88e+01  0  2.04e+03  7.98e+01  5.77e+00  7.07e-01  1.79e-01   0.23
2009 10 25  1750   55129   64200  0  7.14e+02  3.59e+01  0  1.89e+03  8.75e+01  5.31e+00  8.94e-01  1.79e-01   0.33
2009 10 25  1755   55129   64500  0  5.62e+02  2.85e+01  0  1.80e+03  8.73e+01  5.52e+00  7.39e-01  2.32e-01   0.33
2009 10 25  1800   55129   64800  0  4.83e+02  3.01e+01  0  1.78e+03  8.97e+01  5.87e+00  5.40e-01  1.48e-01   0.30
2009 10 25  1805   55129   65100  0  5.46e+02  2.42e+01  0  1.78e+03  7.59e+01  4.69e+00  7.28e-01  1.79e-01   0.69
2009 10 25  1810   55129   65400  0  6.25e+02  3.11e+01  0  2.05e+03  8.57e+01  5.82e+00  7.74e-01  2.94e-01   0.44
2009 10 25  1815   55129   65700  0  5.16e+02  2.45e+01  0  2.97e+03  9.02e+01  6.75e+00  8.94e-01  2.53e-01   0.52
2009 10 25  1820   55129   66000  0  5.80e+02  3.35e+01  0  4.47e+03  1.01e+02  5.88e+00  7.39e-01  2.05e-01   0.17
2009 10 25  1825   55129   66300  0  7.23e+02  2.59e+01  0  4.77e+03  9.20e+01  6.46e+00  8.94e-01  2.53e-01   0.43
2009 10 25  1830   55129   66600  0  5.63e+02  2.96e+01  0  6.35e+03  9.96e+01  6.95e+00  7.90e-01  2.11e-01   0.36
2009 10 25  1835   55129   66900  0  5.59e+02  3.27e+01  0  7.19e+03  1.02e+02  5.52e+00  1.00e+00  2.23e-01   0.42
2009 10 25  1840   55129   67200  0  6.55e+02  3.15e+01  0  9.61e+03  1.08e+02  6.03e+00  5.61e-01  2.11e-01   0.54
2009 10 25  1845   55129   67500  0  5.29e+02  3.44e+01  0  1.08e+04  1.10e+02  6.03e+00  8.32e-01  2.74e-01   0.31
2009 10 25  1850   55129   67800  0  5.07e+02  2.91e+01  0  2.46e+03  1.05e+02  6.63e+00  7.56e-01  1.34e-01   0.16
2009 10 25  1855   55129   68100  0  5.14e+02  3.05e+01  0  2.04e+03  1.04e+02  6.85e+00  6.24e-01  3.06e-01   0.21
2009 10 25  1900   55129   68400  0  6.51e+02  2.62e+01  0  2.63e+03  1.08e+02  6.25e+00  7.62e-01  2.80e-01   0.11
2009 10 25  1905   55129   68700  0  4.65e+02  3.77e+01  0  3.49e+03  1.04e+02  5.83e+00  7.24e-01  1.74e-01   0.25
2009 10 25  1910   55129   69000  0  5.30e+02  3.11e+01  0  2.30e+03  1.04e+02  5.64e+00  8.52e-01  2.53e-01   0.57
2009 10 25  1915   55129   69300  0  6.05e+02  2.94e+01  0  1.91e+03  1.06e+02  6.25e+00  7.62e-01  2.03e-01   0.28
2009 10 25  1920   55129   69600  0  4.22e+02  3.21e+01  0  1.85e+03  8.85e+01  5.71e+00  8.96e-01  3.09e-01   0.27
2009 10 25  1925   55129   69900  0  5.43e+02  2.82e+01  0  1.72e+03  8.86e+01  5.31e+00  5.82e-01  2.42e-01   0.27
2009 10 25  1930   55129   70200  0  5.72e+02  2.53e+01  0  1.65e+03  7.69e+01  6.01e+00  1.03e+00  2.12e-01   0.14
2009 10 25  1935   55129   70500  0  5.12e+02  2.94e+01  0  1.92e+03  7.05e+01  4.36e+00  5.91e-01  8.43e-02   0.77
2009 10 25  1940   55129   70800  0  4.91e+02  3.19e+01  0  2.10e+03  7.95e+01  4.75e+00  8.58e-01  1.55e-01   0.45
2009 10 25  1945   55129   71100  0  5.47e+02  3.30e+01  0  1.74e+03  9.08e+01  5.74e+00  7.69e-01  1.69e-01   0.87
2009 10 25  1950   55129   71400  0  6.51e+02  2.57e+01  0  1.67e+03  8.25e+01  4.96e+00  8.19e-01  1.84e-01   0.39
2009 10 25  1955   55129   71700  0  4.87e+02  2.91e+01  0  1.64e+03  7.48e+01  5.02e+00  8.19e-01  1.45e-01   0.45
2009 10 25  2000   55129   72000  0  3.97e+02  2.71e+01  0  1.69e+03  8.98e+01  5.97e+00  6.65e-01  2.53e-01   0.20
2009 10 25  2005   55129   72300  0  6.32e+02  3.08e+01  0  2.09e+03  9.46e+01  6.46e+00  8.57e-01  2.70e-01   0.24
2009 10 25  2010   55129   72600  0  5.57e+02  3.10e+01  0  1.77e+03  8.31e+01  5.11e+00  1.01e+00  1.74e-01   0.13
2009 10 25  2015   55129   72900  0  5.27e+02  3.48e+01  0  1.59e+03  8.06e+01  5.24e+00  6.86e-01  2.42e-01   0.45
2009 10 25  2020   55129   73200  0  4.96e+02  2.42e+01  0  1.61e+03  8.48e+01  6.10e+00  8.09e-01  2.32e-01   0.41
2009 10 25  2025   55129   73500  0  5.44e+02  2.86e+01  0  1.81e+03  9.19e+01  5.93e+00  7.28e-01  2.74e-01   0.65
2009 10 25  2030   55129   73800  0  5.18e+02  3.19e+01  0  1.80e+03  9.94e+01  6.13e+00  7.69e-01  2.74e-01   0.53
2009 10 25  2035   55129   74100  0  4.88e+02  2.52e+01  0  1.79e+03  1.08e+02  6.41e+00  6.51e-01  1.87e-01   0.28
2009 10 25  2040   55129   74400  0  7.70e+02  3.77e+01  0  1.89e+03  1.07e+02  8.00e+00  8.94e-01  4.00e-01   0.28
2009 10 25  2045   55129   74700  0  4.82e+02  3.32e+01  0  1.91e+03  1.19e+02  6.16e+00  7.48e-01  2.21e-01   0.13
2009 10 25  2050   55129   75000  0  5.85e+02  2.86e+01  0  3.07e+03  1.21e+02  6.16e+00  1.06e+00  1.34e-01   0.34
2009 10 25  2055   55129   75300  0  6.17e+02  2.71e+01  0  4.43e+03  7.62e+01  5.51e+00  9.77e-01  2.84e-01   0.49
2009 10 25  2100   55129   75600  0  5.07e+02  2.73e+01  0  5.45e+03  7.87e+01  5.19e+00  9.85e-01  1.87e-01   0.28
2009 10 25  2105   55129   75900  0  6.13e+02  2.98e+01  0  8.41e+03  8.54e+01  5.24e+00  6.65e-01  2.21e-01   0.42
2009 10 25  2110   55129   76200  0  6.06e+02  2.78e+01  0  3.83e+03  9.48e+01  5.83e+00  7.90e-01  1.79e-01   0.69
2009 10 25  2115   55129   76500  0  6.70e+02  2.71e+01  0  2.58e+03  8.67e+01  5.95e+00  1.09e+00  3.19e-01   0.50
2009 10 25  2120   55129   76800  9 -1.00e+05 -1.00e+05  9 -1.00e+05 -1.00e+05 -1.00e+05 -1.00e+05 -1.00e+05  -1.00
2009 10 25  2125   55129   77100  0  5.19e+02  3.22e+01  0  9.53e+03  1.03e+02  5.20e+00  7.65e-01  3.20e-01   0.21
2009 10 25  2130   55129   77400  0  5.67e+02  3.27e+01  0  1.05e+04  1.11e+02  5.91e+00  9.38e-01  2.32e-01   0.21
2009 10 25  2135   55129   77700  0  5.47e+02  4.12e+01  0  1.43e+04  1.28e+02  6.46e+00  6.94e-01  2.02e-01   0.22
2009 10 25  2140   55129   78000  0  4.89e+02  2.99e+01  0  9.66e+03  1.27e+02  5.92e+00  9.72e-01  3.48e-01   0.08
2009 10 25  2145   55129   78300  0  5.83e+02  3.15e+01  0  5.45e+03  9.75e+01  6.19e+00  4.95e-01  2.03e-01   0.52
2009 10 25  2150   55129   78600  0  6.60e+02  3.50e+01  0  2.36e+03  8.85e+01  4.33e+00  8.73e-01  2.21e-01   0.06
2009 10 25  2155   55129   78900  0  5.52e+02  2.57e+01  0  1.86e+03  8.97e+01  5.41e+00  6.86e-01  2.12e-01   0.25
2009 10 25  2200   55129   79200  0  4.98e+02  2.83e+01  0  1.78e+03  9.84e+01  5.41e+00  7.05e-01  1.26e-01   0.56
2009 10 25  2205   55129   79500  0  7.18e+02  3.15e+01  0  1.88e+03  9.60e+01  6.00e+00  8.11e-01  2.63e-01   0.54
2009 10 25  2210   55129   79800  0  5.24e+02  2.96e+01  0  1.84e+03  9.91e+01  5.32e+00  9.53e-01  2.22e-01   0.30
2009 10 25  2215   55129   80100  0  5.72e+02  3.15e+01  0  1.85e+03  1.06e+02  5.92e+00  9.34e-01  2.70e-01   0.27
2009 10 25  2220   55129   80400  0  6.25e+02  2.92e+01  0  2.07e+03  1.05e+02  6.76e+00  8.38e-01  3.28e-01   0.60
2009 10 25  2225   55129   80700  0  5.92e+02  2.80e+01  0  1.88e+03  9.89e+01  6.82e+00  1.06e+00  2.11e-01   0.54
2009 10 25  2230   55129   81000  0  6.79e+02  3.21e+01  0  1.79e+03  1.06e+02  5.20e+00  5.72e-01  9.27e-02   0.58
2009 10 25  2235   55129   81300  0  5.22e+02  2.99e+01  0  1.77e+03  9.55e+01  6.82e+00  9.91e-01  2.51e-01   0.36
2009 10 25  2240   55129   81600  0  6.75e+02  3.17e+01  0  1.85e+03  1.02e+02  5.38e+00  7.90e-01  2.21e-01   0.20
2009 10 25  2245   55129   81900  0  4.60e+02  2.71e+01  0  1.83e+03  9.85e+01  6.10e+00  6.86e-01  2.90e-01   0.29
2009 10 25  2250   55129   82200  0  5.49e+02  3.05e+01  0  1.86e+03  9.79e+01  5.80e+00  8.96e-01  2.61e-01   0.40
2009 10 25  2255   55129   82500  0  5.90e+02  2.78e+01  0  1.74e+03  9.88e+01  5.87e+00  8.73e-01  1.58e-01   0.38
2009 10 25  2300   55129   82800  0  5.70e+02  3.11e+01  0  1.79e+03  8.62e+01  5.85e+00  6.68e-01  1.78e-01   0.26
2009 10 25  2305   55129   83100  0  5.40e+02  3.01e+01  0  1.70e+03  7.90e+01  4.79e+00  7.69e-01  1.47e-01   0.21
2009 10 25  2310   55129   83400  0  4.46e+02  2.67e+01  0  1.61e+03  8.98e+01  5.90e+00  8.52e-01  2.84e-01   0.11
2009 10 25  2315   55129   83700  0  5.83e+02  3.24e+01  0  1.83e+03  9.15e+01  5.80e+00  7.39e-01  2.94e-01   0.08
2009 10 25  2320   55129   84000  0  5.99e+02  2.69e+01  0  1.80e+03  8.50e+01  6.42e+00  7.28e-01  2.21e-01   0.59
2009 10 25  2325   55129   84300  0  5.21e+02  2.96e+01  0  1.70e+03  8.60e+01  5.70e+00  8.31e-01  2.11e-01   0.36
2009 10 25  2330   55129   84600  0  6.30e+02  2.89e+01  0  1.77e+03  8.36e+01  5.55e+00  8.44e-01  2.76e-01   0.11
2009 10 25  2335   55129   84900  0  4.87e+02  3.03e+01  0  1.74e+03  8.49e+01  5.21e+00  8.11e-01  2.21e-01   0.31
2009 10 25  2340   55129   85200  0  4.94e+02  3.12e+01  0  1.72e+03  9.20e+01  6.57e+00  7.74e-01  2.76e-01   0.41
2009 10 25  2345   55129   85500  0  5.63e+02  3.36e+01  0  1.78e+03  1.06e+02  7.61e+00  8.11e-01  2.63e-01   0.63
2009 10 25  2350   55129   85800  0  5.32e+02  3.56e+01  0  2.02e+03  1.12e+02  7.01e+00  7.07e-01  2.11e-01   0.47
2009 10 25  2355   55129   86100  0  4.49e+02  2.21e+01  0  2.05e+03  1.02e+02  7.13e+00  6.68e-01  2.50e-01   0.68
