:Data_list: 20090407_ace_epam_5m.txt
:Created: 2009 Apr 08 0011 UT
# Prepared by the U.S. Dept. of Commerce, NOAA, Space Weather Prediction Center
# Please send comments and suggestions to SWPC.Webmaster@noaa.gov 
# 
# Units: Differential Flux particles/cm2-s-ster-MeV
# Units: Anisotropy Index 0.0 - 2.0
# Status(S): 0 = nominal, 4,6,7,8 = bad data, unable to process, 9 = no data
# Missing data values: -1.00e+05, index = -1.00
# Source: ACE Satellite - Electron, Proton, and Alpha Monitor
#
#
#                      5-minute averaged Real-time Differential Electron and Proton Flux 
# 
#                Modified Seconds ---------------------------- Differential Flux ---------------------------
# UT Date   Time  Julian  of the  ----- Electron -----   ------------------- Protons keV -------------------   Anis.
# YR MO DA  HHMM    Day    Day    S    38-53   175-315   S    47-68   115-195   310-580   761-1220 1060-1900   Index
#-------------------------------------------------------------------------------------------------------------------
2009 04 07  0000   54928       0  0  8.15e+02  2.78e+01  0  1.12e+03  2.49e+01  2.55e+00  7.74e-01  2.14e-01   0.14
2009 04 07  0005   54928     300  0  6.46e+02  2.72e+01  0  1.09e+03  2.14e+01  3.47e+00  5.61e-01  1.16e-01   0.85
2009 04 07  0010   54928     600  0  5.75e+02  2.61e+01  0  1.09e+03  2.30e+01  2.66e+00  7.48e-01  1.26e-01   0.34
2009 04 07  0015   54928     900  0  7.26e+02  3.09e+01  0  1.01e+03  2.39e+01  2.41e+00  6.68e-01  1.69e-01   0.21
2009 04 07  0020   54928    1200  0  9.34e+02  2.94e+01  0  1.16e+03  1.91e+01  2.98e+00  8.94e-01  1.47e-01   0.09
2009 04 07  0025   54928    1500  0  7.77e+02  2.72e+01  0  1.04e+03  2.39e+01  2.75e+00  7.90e-01  9.48e-02   0.42
2009 04 07  0030   54928    1800  0  6.65e+02  2.78e+01  0  9.95e+02  2.25e+01  2.58e+00  7.04e-01  1.07e-01   0.51
2009 04 07  0035   54928    2100  0  9.42e+02  3.13e+01  0  1.11e+03  2.27e+01  3.31e+00  7.28e-01  1.79e-01   0.20
2009 04 07  0040   54928    2400  0  6.35e+02  2.76e+01  0  1.07e+03  2.25e+01  2.75e+00  5.98e-01  8.43e-02   0.38
2009 04 07  0045   54928    2700  0  6.33e+02  3.34e+01  0  1.19e+03  2.74e+01  3.24e+00  8.32e-01  1.37e-01   0.35
2009 04 07  0050   54928    3000  0  6.75e+02  3.07e+01  0  1.14e+03  2.54e+01  2.75e+00  9.77e-01  2.21e-01   0.10
2009 04 07  0055   54928    3300  0  6.62e+02  3.22e+01  0  1.55e+03  2.58e+01  3.36e+00  7.39e-01  1.25e-01   0.53
2009 04 07  0100   54928    3600  0  6.92e+02  3.15e+01  0  1.10e+03  2.28e+01  2.62e+00  7.28e-01  2.09e-01   0.41
2009 04 07  0105   54928    3900  0  5.97e+02  3.03e+01  0  9.99e+02  2.51e+01  2.72e+00  6.65e-01  1.58e-01   0.18
2009 04 07  0110   54928    4200  0  8.18e+02  3.06e+01  0  1.07e+03  2.41e+01  2.88e+00  7.21e-01  9.81e-02   0.46
2009 04 07  0115   54928    4500  0  5.81e+02  3.21e+01  0  1.08e+03  2.25e+01  2.10e+00  6.03e-01  8.11e-02   0.14
2009 04 07  0120   54928    4800  0  6.66e+02  3.44e+01  0  1.06e+03  2.37e+01  2.94e+00  7.24e-01  1.64e-01   0.82
2009 04 07  0125   54928    5100  0  7.70e+02  2.66e+01  0  1.13e+03  2.25e+01  2.82e+00  5.91e-01  2.21e-01   0.33
2009 04 07  0130   54928    5400  0  6.20e+02  3.52e+01  0  1.12e+03  2.17e+01  2.88e+00  7.28e-01  6.32e-02   0.68
2009 04 07  0135   54928    5700  0  7.32e+02  2.94e+01  0  1.10e+03  2.43e+01  2.82e+00  8.00e-01  9.48e-02   0.09
2009 04 07  0140   54928    6000  0  5.92e+02  3.10e+01  0  1.02e+03  1.89e+01  2.88e+00  8.38e-01  1.16e-01   0.35
2009 04 07  0145   54928    6300  0  7.05e+02  3.17e+01  0  1.11e+03  2.38e+01  2.52e+00  5.40e-01  9.48e-02   0.10
2009 04 07  0150   54928    6600  0  5.70e+02  2.87e+01  0  1.09e+03  2.50e+01  3.00e+00  6.67e-01  2.03e-01   0.36
2009 04 07  0155   54928    6900  0  6.93e+02  3.22e+01  0  1.04e+03  2.15e+01  2.49e+00  8.19e-01  1.45e-01   0.30
2009 04 07  0200   54928    7200  0  9.16e+02  2.98e+01  0  1.09e+03  2.34e+01  3.19e+00  4.95e-01  1.74e-01   0.46
2009 04 07  0205   54928    7500  0  7.32e+02  3.09e+01  0  1.05e+03  2.43e+01  2.75e+00  7.48e-01  1.79e-01   0.77
2009 04 07  0210   54928    7800  0  6.76e+02  2.82e+01  0  1.07e+03  2.15e+01  3.28e+00  8.19e-01  1.55e-01   0.04
2009 04 07  0215   54928    8100  0  9.11e+02  3.14e+01  0  1.03e+03  2.32e+01  2.40e+00  5.72e-01  2.12e-01   0.38
2009 04 07  0220   54928    8400  0  9.58e+02  3.46e+01  0  1.06e+03  1.94e+01  3.21e+00  6.65e-01  1.79e-01   0.09
2009 04 07  0225   54928    8700  0  6.37e+02  3.58e+01  0  1.09e+03  2.72e+01  2.43e+00  6.10e-01  1.84e-01   0.44
2009 04 07  0230   54928    9000  0  6.35e+02  3.24e+01  0  1.02e+03  2.29e+01  2.67e+00  5.91e-01  1.55e-01   0.33
2009 04 07  0235   54928    9300  0  7.27e+02  3.38e+01  0  1.08e+03  2.28e+01  2.79e+00  7.48e-01  1.37e-01   0.32
2009 04 07  0240   54928    9600  0  6.15e+02  3.09e+01  0  1.05e+03  2.03e+01  2.41e+00  6.68e-01  2.59e-01   0.14
2009 04 07  0245   54928    9900  0  5.75e+02  2.59e+01  0  1.07e+03  2.31e+01  3.08e+00  8.11e-01  1.47e-01   0.06
2009 04 07  0250   54928   10200  0  7.30e+02  2.98e+01  0  1.09e+03  2.12e+01  2.88e+00  7.07e-01  2.21e-01   0.15
2009 04 07  0255   54928   10500  0  6.67e+02  3.12e+01  0  1.09e+03  2.25e+01  2.97e+00  6.68e-01  1.87e-01   0.56
2009 04 07  0300   54928   10800  0  7.11e+02  3.29e+01  0  1.08e+03  2.22e+01  2.62e+00  6.86e-01  1.79e-01   0.63
2009 04 07  0305   54928   11100  0  7.07e+02  2.76e+01  0  9.76e+02  2.22e+01  3.18e+00  6.86e-01  1.37e-01   0.14
2009 04 07  0310   54928   11400  0  8.15e+02  2.94e+01  0  1.13e+03  2.30e+01  2.94e+00  6.51e-01  1.52e-01   0.55
2009 04 07  0315   54928   11700  0  8.44e+02  3.05e+01  0  1.08e+03  2.32e+01  2.49e+00  7.07e-01  1.58e-01   0.31
2009 04 07  0320   54928   12000  0  8.85e+02  2.89e+01  0  1.08e+03  2.36e+01  2.97e+00  7.56e-01  1.96e-01   0.46
2009 04 07  0325   54928   12300  0  9.42e+02  2.51e+01  0  1.03e+03  2.18e+01  2.59e+00  5.40e-01  2.21e-01   0.38
2009 04 07  0330   54928   12600  0  6.62e+02  3.58e+01  0  1.07e+03  1.98e+01  3.21e+00  4.99e-01  2.11e-01   0.56
2009 04 07  0335   54928   12900  0  6.93e+02  2.93e+01  0  1.08e+03  2.42e+01  2.86e+00  7.21e-01  1.25e-01   0.26
2009 04 07  0340   54928   13200  0  5.97e+02  2.80e+01  0  1.06e+03  2.65e+01  3.21e+00  5.82e-01  1.16e-01   0.30
2009 04 07  0345   54928   13500  0  6.87e+02  2.67e+01  0  1.11e+03  2.20e+01  2.69e+00  5.40e-01  2.21e-01   0.25
2009 04 07  0350   54928   13800  0  6.72e+02  3.32e+01  0  1.18e+03  2.11e+01  2.94e+00  6.51e-01  3.12e-01   0.32
2009 04 07  0355   54928   14100  0  6.58e+02  2.76e+01  0  9.52e+02  2.20e+01  3.24e+00  8.73e-01  1.58e-01   0.30
2009 04 07  0400   54928   14400  0  1.04e+03  3.33e+01  0  1.10e+03  2.45e+01  3.43e+00  8.19e-01  1.26e-01   0.14
2009 04 07  0405   54928   14700  0  6.35e+02  2.76e+01  0  1.05e+03  2.15e+01  2.61e+00  6.29e-01  1.45e-01   0.16
2009 04 07  0410   54928   15000  0  7.25e+02  2.74e+01  0  1.06e+03  2.14e+01  2.29e+00  4.57e-01  1.79e-01   0.35
2009 04 07  0415   54928   15300  0  6.38e+02  3.22e+01  0  1.04e+03  2.08e+01  2.82e+00  7.05e-01  1.64e-01   0.39
2009 04 07  0420   54928   15600  0  7.16e+02  3.15e+01  0  1.08e+03  2.59e+01  2.01e+00  6.10e-01  1.35e-01   0.34
2009 04 07  0425   54928   15900  0  6.84e+02  2.90e+01  0  1.02e+03  2.00e+01  2.46e+00  6.03e-01  1.69e-01   0.63
2009 04 07  0430   54928   16200  0  7.21e+02  3.14e+01  0  9.92e+02  2.35e+01  2.70e+00  7.81e-01  1.93e-01   0.30
2009 04 07  0435   54928   16500  0  8.68e+02  2.96e+01  0  1.07e+03  2.13e+01  2.64e+00  5.53e-01  1.55e-01   0.37
2009 04 07  0440   54928   16800  0  6.84e+02  3.33e+01  0  1.09e+03  2.20e+01  3.06e+00  8.19e-01  2.51e-01   0.26
2009 04 07  0445   54928   17100  0  6.48e+02  3.38e+01  0  1.06e+03  2.36e+01  3.31e+00  7.48e-01  2.42e-01   0.13
2009 04 07  0450   54928   17400  0  7.56e+02  3.19e+01  0  1.05e+03  2.28e+01  2.58e+00  6.48e-01  2.03e-01   0.38
2009 04 07  0455   54928   17700  0  5.44e+02  2.91e+01  0  1.08e+03  2.26e+01  2.82e+00  8.19e-01  1.16e-01   0.21
2009 04 07  0500   54928   18000  0  5.77e+02  3.27e+01  0  1.03e+03  2.18e+01  3.25e+00  7.07e-01  1.05e-01   0.04
2009 04 07  0505   54928   18300  0  6.10e+02  2.60e+01  0  9.62e+02  2.22e+01  2.82e+00  8.00e-01  1.84e-01   0.07
2009 04 07  0510   54928   18600  0  7.77e+02  2.78e+01  0  1.17e+03  2.12e+01  1.92e+00  8.38e-01  1.74e-01   0.38
2009 04 07  0515   54928   18900  0  5.97e+02  2.96e+01  0  1.08e+03  2.00e+01  2.95e+00  6.86e-01  2.21e-01   0.42
2009 04 07  0520   54928   19200  0  5.70e+02  2.93e+01  0  1.03e+03  2.23e+01  2.55e+00  4.40e-01  1.96e-01   0.58
2009 04 07  0525   54928   19500  0  8.26e+02  3.19e+01  0  1.07e+03  2.22e+01  2.95e+00  7.07e-01  1.26e-01   0.18
2009 04 07  0530   54928   19800  0  7.00e+02  3.05e+01  0  1.09e+03  2.21e+01  2.75e+00  6.44e-01  1.26e-01   0.11
2009 04 07  0535   54928   20100  0  7.49e+02  3.24e+01  0  1.06e+03  2.25e+01  2.86e+00  8.79e-01  3.12e-01   0.46
2009 04 07  0540   54928   20400  0  7.56e+02  3.21e+01  0  1.05e+03  2.16e+01  2.79e+00  6.65e-01  1.69e-01   0.98
2009 04 07  0545   54928   20700  0  8.48e+02  3.13e+01  0  1.09e+03  2.19e+01  2.43e+00  6.44e-01  1.58e-01   0.33
2009 04 07  0550   54928   21000  0  6.96e+02  2.55e+01  0  1.09e+03  2.50e+01  2.88e+00  7.39e-01  1.43e-01   0.68
2009 04 07  0555   54928   21300  0  7.76e+02  3.32e+01  0  9.99e+02  2.20e+01  2.52e+00  6.03e-01  2.11e-01   0.18
2009 04 07  0600   54928   21600  0  8.71e+02  3.32e+01  0  1.06e+03  2.19e+01  2.75e+00  6.86e-01  1.78e-01   0.21
2009 04 07  0605   54928   21900  0  6.82e+02  3.42e+01  0  1.13e+03  2.06e+01  2.82e+00  7.90e-01  2.74e-01   0.40
2009 04 07  0610   54928   22200  0  6.31e+02  2.88e+01  0  1.04e+03  2.18e+01  2.85e+00  8.11e-01  1.05e-01   0.09
2009 04 07  0615   54928   22500  0  7.10e+02  2.92e+01  0  1.17e+03  2.18e+01  2.46e+00  5.61e-01  2.00e-01   0.31
2009 04 07  0620   54928   22800  0  6.51e+02  2.67e+01  0  1.11e+03  2.51e+01  2.56e+00  6.24e-01  1.58e-01   0.08
2009 04 07  0625   54928   23100  0  6.15e+02  2.98e+01  0  1.03e+03  2.11e+01  2.72e+00  6.03e-01  1.48e-01   0.37
2009 04 07  0630   54928   23400  0  5.54e+02  2.89e+01  0  9.76e+02  2.22e+01  2.77e+00  6.86e-01  2.59e-01   0.31
2009 04 07  0635   54928   23700  0  7.21e+02  3.29e+01  0  1.09e+03  2.39e+01  2.46e+00  7.28e-01  1.58e-01   0.55
2009 04 07  0640   54928   24000  0  5.90e+02  2.89e+01  0  1.12e+03  2.00e+01  2.13e+00  4.76e-01  2.12e-01   0.65
2009 04 07  0645   54928   24300  0  6.15e+02  2.73e+01  0  1.02e+03  2.49e+01  2.97e+00  9.34e-01  2.32e-01   0.35
2009 04 07  0650   54928   24600  0  7.66e+02  3.25e+01  0  1.05e+03  2.08e+01  2.75e+00  5.61e-01  9.48e-02   0.79
2009 04 07  0655   54928   24900  0  5.30e+02  3.51e+01  0  1.02e+03  2.19e+01  2.73e+00  6.48e-01  1.47e-01   0.07
2009 04 07  0700   54928   25200  0  5.74e+02  3.06e+01  0  1.05e+03  2.39e+01  2.70e+00  4.38e-01  1.55e-01   0.58
2009 04 07  0705   54928   25500  0  5.77e+02  3.30e+01  0  1.02e+03  2.19e+01  2.82e+00  8.52e-01  2.21e-01   0.44
2009 04 07  0710   54928   25800  0  7.51e+02  2.85e+01  0  1.14e+03  2.51e+01  3.00e+00  7.43e-01  1.06e-01   0.52
2009 04 07  0715   54928   26100  0  6.17e+02  3.21e+01  0  1.06e+03  2.16e+01  2.40e+00  6.29e-01  1.16e-01   0.28
2009 04 07  0720   54928   26400  0  6.27e+02  3.21e+01  0  9.89e+02  2.35e+01  2.64e+00  7.05e-01  2.03e-01   0.41
2009 04 07  0725   54928   26700  0  8.37e+02  3.09e+01  0  1.11e+03  2.48e+01  2.62e+00  5.61e-01  1.58e-01   0.16
2009 04 07  0730   54928   27000  0  7.69e+02  2.82e+01  0  1.11e+03  2.02e+01  2.58e+00  6.67e-01  2.12e-01   0.27
2009 04 07  0735   54928   27300  0  7.71e+02  3.44e+01  0  1.11e+03  2.26e+01  2.49e+00  8.57e-01  2.12e-01   0.19
2009 04 07  0740   54928   27600  0  7.89e+02  3.29e+01  0  1.05e+03  2.19e+01  2.82e+00  4.37e-01  1.37e-01   0.31
2009 04 07  0745   54928   27900  0  8.50e+02  2.91e+01  0  1.07e+03  2.23e+01  3.12e+00  8.19e-01  1.74e-01   0.33
2009 04 07  0750   54928   28200  0  7.79e+02  2.82e+01  0  1.09e+03  2.15e+01  3.55e+00  6.48e-01  2.41e-01   0.12
2009 04 07  0755   54928   28500  0  8.48e+02  2.96e+01  0  1.01e+03  2.22e+01  2.75e+00  4.78e-01  1.58e-01   0.57
2009 04 07  0800   54928   28800  0  9.45e+02  2.68e+01  0  1.07e+03  2.31e+01  3.00e+00  8.09e-01  1.52e-01   0.16
2009 04 07  0805   54928   29100  0  7.52e+02  3.21e+01  0  1.10e+03  2.41e+01  3.11e+00  8.31e-01  1.39e-01   0.25
2009 04 07  0810   54928   29400  0  7.09e+02  3.23e+01  0  1.01e+03  2.49e+01  2.69e+00  5.20e-01  1.05e-01   0.20
2009 04 07  0815   54928   29700  0  7.19e+02  3.29e+01  0  1.06e+03  2.00e+01  2.77e+00  4.40e-01  1.78e-01   0.23
2009 04 07  0820   54928   30000  0  6.21e+02  2.90e+01  0  1.07e+03  2.12e+01  3.21e+00  7.07e-01  1.26e-01   0.18
2009 04 07  0825   54928   30300  0  6.13e+02  3.34e+01  0  1.06e+03  2.25e+01  2.72e+00  6.24e-01  1.58e-01   0.28
2009 04 07  0830   54928   30600  0  7.25e+02  3.47e+01  0  9.77e+02  2.42e+01  3.25e+00  6.86e-01  1.78e-01   0.47
2009 04 07  0835   54928   30900  0  9.22e+02  3.48e+01  0  1.12e+03  2.14e+01  3.05e+00  5.82e-01  1.37e-01   0.97
2009 04 07  0840   54928   31200  0  7.02e+02  3.01e+01  0  1.14e+03  2.32e+01  3.77e+00  8.27e-01  1.87e-01   0.34
2009 04 07  0845   54928   31500  0  6.08e+02  2.90e+01  0  1.01e+03  2.26e+01  2.85e+00  8.94e-01  1.58e-01   0.31
2009 04 07  0850   54928   31800  0  7.00e+02  2.82e+01  0  1.19e+03  2.01e+01  2.95e+00  5.61e-01  1.26e-01   0.23
2009 04 07  0855   54928   32100  0  5.60e+02  3.16e+01  0  1.02e+03  2.16e+01  2.36e+00  6.68e-01  1.43e-01   0.27
2009 04 07  0900   54928   32400  0  6.33e+02  2.86e+01  0  1.07e+03  2.06e+01  2.29e+00  6.86e-01  2.53e-01   0.34
2009 04 07  0905   54928   32700  0  7.82e+02  3.21e+01  0  1.10e+03  2.29e+01  2.79e+00  7.28e-01  1.51e-01   0.32
2009 04 07  0910   54928   33000  0  7.16e+02  2.99e+01  0  1.11e+03  2.30e+01  2.61e+00  6.16e-01  1.60e-01   0.19
2009 04 07  0915   54928   33300  0  6.22e+02  2.96e+01  0  1.09e+03  2.19e+01  2.43e+00  7.28e-01  1.90e-01   0.28
2009 04 07  0920   54928   33600  0  5.14e+02  3.05e+01  0  9.70e+02  2.35e+01  3.00e+00  8.77e-01  1.55e-01   0.31
2009 04 07  0925   54928   33900  0  8.02e+02  3.22e+01  0  1.11e+03  2.25e+01  2.70e+00  8.00e-01  2.41e-01   0.38
2009 04 07  0930   54928   34200  0  5.56e+02  2.69e+01  0  1.11e+03  2.02e+01  2.23e+00  6.03e-01  2.63e-01   0.43
2009 04 07  0935   54928   34500  0  6.35e+02  2.89e+01  0  1.07e+03  2.02e+01  2.88e+00  5.14e-01  1.26e-01   0.29
2009 04 07  0940   54928   34800  0  6.90e+02  2.76e+01  0  1.08e+03  2.07e+01  2.94e+00  4.57e-01  1.64e-01   0.15
2009 04 07  0945   54928   35100  0  6.01e+02  2.78e+01  0  1.02e+03  2.07e+01  3.15e+00  8.52e-01  1.16e-01   0.08
2009 04 07  0950   54928   35400  0  5.70e+02  3.19e+01  0  1.08e+03  1.93e+01  3.37e+00  6.24e-01  2.32e-01   0.38
2009 04 07  0955   54928   35700  0  5.79e+02  2.94e+01  0  9.97e+02  2.27e+01  2.82e+00  5.34e-01  1.74e-01   0.27
2009 04 07  1000   54928   36000  0  7.29e+02  2.38e+01  0  1.12e+03  2.17e+01  2.95e+00  6.86e-01  1.37e-01   0.32
2009 04 07  1005   54928   36300  0  7.40e+02  2.65e+01  0  1.15e+03  2.02e+01  1.97e+00  7.48e-01  2.42e-01   0.23
2009 04 07  1010   54928   36600  0  6.18e+02  2.88e+01  0  1.03e+03  2.27e+01  3.00e+00  7.56e-01  2.05e-01   0.24
2009 04 07  1015   54928   36900  0  7.23e+02  3.32e+01  0  1.06e+03  1.99e+01  2.20e+00  8.11e-01  1.90e-01   0.79
2009 04 07  1020   54928   37200  0  6.12e+02  3.15e+01  0  1.03e+03  2.36e+01  2.73e+00  7.43e-01  1.45e-01   0.08
2009 04 07  1025   54928   37500  0  5.53e+02  3.05e+01  0  1.04e+03  2.07e+01  2.85e+00  5.91e-01  1.16e-01   0.53
2009 04 07  1030   54928   37800  0  6.15e+02  3.05e+01  0  1.01e+03  1.95e+01  3.18e+00  6.86e-01  2.53e-01   0.26
2009 04 07  1035   54928   38100  0  7.75e+02  2.68e+01  0  1.13e+03  1.86e+01  2.61e+00  5.34e-01  2.22e-01   0.29
2009 04 07  1040   54928   38400  0  6.73e+02  2.50e+01  0  1.06e+03  2.38e+01  2.70e+00  4.57e-01  1.16e-01   0.69
2009 04 07  1045   54928   38700  0  5.79e+02  2.74e+01  0  1.03e+03  2.20e+01  3.02e+00  8.31e-01  1.90e-01   0.33
2009 04 07  1050   54928   39000  0  7.09e+02  2.99e+01  0  1.10e+03  2.33e+01  2.61e+00  8.38e-01  1.26e-01   0.37
2009 04 07  1055   54928   39300  0  6.08e+02  2.60e+01  0  1.08e+03  2.58e+01  2.88e+00  6.48e-01  3.09e-01   0.43
2009 04 07  1100   54928   39600  0  5.49e+02  2.82e+01  0  1.04e+03  2.17e+01  3.03e+00  8.19e-01  1.84e-01   0.16
2009 04 07  1105   54928   39900  0  7.02e+02  3.00e+01  0  1.03e+03  2.16e+01  2.66e+00  6.44e-01  1.69e-01   0.41
2009 04 07  1110   54928   40200  0  7.52e+02  3.26e+01  0  1.16e+03  2.41e+01  2.61e+00  5.91e-01  1.64e-01   0.29
2009 04 07  1115   54928   40500  0  6.71e+02  2.70e+01  0  1.03e+03  2.40e+01  2.61e+00  7.36e-01  1.81e-01   0.42
2009 04 07  1120   54928   40800  0  7.07e+02  3.40e+01  0  9.69e+02  2.28e+01  3.37e+00  6.10e-01  2.21e-01   0.09
2009 04 07  1125   54928   41100  0  8.05e+02  3.08e+01  0  1.06e+03  2.13e+01  2.85e+00  9.53e-01  2.12e-01   0.40
2009 04 07  1130   54928   41400  0  6.05e+02  2.92e+01  0  1.10e+03  2.55e+01  3.28e+00  6.48e-01  2.03e-01   0.14
2009 04 07  1135   54928   41700  0  6.39e+02  2.88e+01  0  1.02e+03  2.15e+01  2.29e+00  6.24e-01  1.69e-01   0.59
2009 04 07  1140   54928   42000  0  8.75e+02  3.12e+01  0  1.06e+03  2.14e+01  3.02e+00  6.68e-01  1.25e-01   0.61
2009 04 07  1145   54928   42300  0  7.00e+02  2.78e+01  0  1.08e+03  1.75e+01  2.95e+00  7.28e-01  1.90e-01   0.11
2009 04 07  1150   54928   42600  0  6.75e+02  3.48e+01  0  1.09e+03  2.16e+01  3.08e+00  3.53e-01  2.42e-01   0.40
2009 04 07  1155   54928   42900  0  7.49e+02  3.45e+01  0  1.01e+03  2.35e+01  2.75e+00  6.33e-01  2.85e-01   0.53
2009 04 07  1200   54928   43200  0  7.61e+02  3.44e+01  0  1.10e+03  2.38e+01  2.62e+00  7.90e-01  1.79e-01   0.23
2009 04 07  1205   54928   43500  0  6.15e+02  3.42e+01  0  1.07e+03  2.56e+01  2.92e+00  7.48e-01  2.00e-01   0.76
2009 04 07  1210   54928   43800  0  6.00e+02  3.40e+01  0  1.01e+03  2.25e+01  2.61e+00  6.16e-01  1.07e-01   0.35
2009 04 07  1215   54928   44100  0  6.98e+02  3.17e+01  0  1.13e+03  2.51e+01  2.85e+00  8.52e-01  1.79e-01   0.54
2009 04 07  1220   54928   44400  0  5.92e+02  3.17e+01  0  1.06e+03  2.03e+01  3.22e+00  5.80e-01  1.52e-01   0.64
2009 04 07  1225   54928   44700  0  6.22e+02  2.96e+01  0  1.07e+03  2.30e+01  2.88e+00  7.69e-01  2.00e-01   0.37
2009 04 07  1230   54928   45000  0  6.89e+02  3.01e+01  0  1.05e+03  2.17e+01  2.88e+00  6.24e-01  2.53e-01   0.32
2009 04 07  1235   54928   45300  0  6.69e+02  2.83e+01  0  1.10e+03  2.04e+01  2.94e+00  5.28e-01  1.16e-01   0.38
2009 04 07  1240   54928   45600  0  7.58e+02  3.01e+01  0  1.06e+03  2.30e+01  2.62e+00  6.65e-01  1.79e-01   0.15
2009 04 07  1245   54928   45900  0  6.60e+02  3.03e+01  0  1.07e+03  2.29e+01  2.95e+00  7.48e-01  2.53e-01   0.29
2009 04 07  1250   54928   46200  0  7.66e+02  3.01e+01  0  1.11e+03  2.08e+01  2.80e+00  6.33e-01  2.41e-01   0.38
2009 04 07  1255   54928   46500  0  6.62e+02  2.78e+01  0  1.06e+03  2.52e+01  2.52e+00  5.40e-01  2.53e-01   0.08
2009 04 07  1300   54928   46800  0  6.75e+02  3.17e+01  0  1.08e+03  2.31e+01  2.85e+00  8.57e-01  2.12e-01   0.28
2009 04 07  1305   54928   47100  0  9.39e+02  3.22e+01  0  1.10e+03  2.20e+01  2.67e+00  6.86e-01  1.45e-01   0.40
2009 04 07  1310   54928   47400  0  7.32e+02  3.23e+01  0  1.10e+03  2.23e+01  2.69e+00  7.07e-01  2.21e-01   0.27
2009 04 07  1315   54928   47700  0  7.32e+02  3.44e+01  0  1.08e+03  2.09e+01  2.94e+00  6.48e-01  2.41e-01   0.12
2009 04 07  1320   54928   48000  0  7.80e+02  3.33e+01  0  1.00e+03  2.26e+01  2.52e+00  7.43e-01  2.41e-01   0.24
2009 04 07  1325   54928   48300  0  8.80e+02  3.23e+01  0  1.08e+03  2.59e+01  2.85e+00  6.86e-01  1.90e-01   0.53
2009 04 07  1330   54928   48600  0  6.68e+02  2.60e+01  0  1.08e+03  2.28e+01  3.12e+00  7.62e-01  1.26e-01   0.45
2009 04 07  1335   54928   48900  0  6.64e+02  3.01e+01  0  1.00e+03  2.29e+01  2.79e+00  4.95e-01  1.35e-01   0.45
2009 04 07  1340   54928   49200  0  7.67e+02  2.99e+01  0  1.07e+03  2.18e+01  2.73e+00  8.77e-01  1.79e-01   0.13
2009 04 07  1345   54928   49500  0  5.48e+02  3.03e+01  0  1.05e+03  2.25e+01  2.88e+00  9.35e-01  2.21e-01   0.50
2009 04 07  1350   54928   49800  0  4.55e+02  2.57e+01  0  1.08e+03  2.12e+01  3.46e+00  8.38e-01  1.16e-01   0.44
2009 04 07  1355   54928   50100  0  5.49e+02  2.75e+01  0  9.92e+02  2.30e+01  3.40e+00  6.48e-01  2.51e-01   0.20
2009 04 07  1400   54928   50400  0  5.54e+02  2.94e+01  0  1.11e+03  2.32e+01  2.75e+00  8.31e-01  2.00e-01   0.34
2009 04 07  1405   54928   50700  0  5.31e+02  2.50e+01  0  1.08e+03  2.37e+01  3.21e+00  6.10e-01  1.55e-01   0.15
2009 04 07  1410   54928   51000  0  4.94e+02  2.98e+01  0  1.02e+03  2.13e+01  2.79e+00  6.67e-01  2.51e-01   0.51
2009 04 07  1415   54928   51300  0  6.76e+02  2.78e+01  0  1.10e+03  2.48e+01  3.31e+00  8.73e-01  9.48e-02   0.09
2009 04 07  1420   54928   51600  0  6.14e+02  3.07e+01  0  1.03e+03  2.35e+01  2.22e+00  7.21e-01  2.59e-01   0.34
2009 04 07  1425   54928   51900  0  5.56e+02  3.13e+01  0  1.06e+03  2.07e+01  2.59e+00  6.65e-01  1.69e-01   0.13
2009 04 07  1430   54928   52200  0  6.94e+02  3.14e+01  0  1.06e+03  1.83e+01  2.70e+00  6.86e-01  2.46e-01   0.17
2009 04 07  1435   54928   52500  0  7.28e+02  2.80e+01  0  1.12e+03  2.33e+01  2.66e+00  6.16e-01  2.41e-01   0.07
2009 04 07  1440   54928   52800  0  6.26e+02  2.65e+01  0  1.09e+03  2.06e+01  2.52e+00  8.11e-01  1.26e-01   0.23
2009 04 07  1445   54928   53100  0  6.61e+02  3.25e+01  0  9.35e+02  2.08e+01  2.49e+00  7.69e-01  2.11e-01   0.19
2009 04 07  1450   54928   53400  0  7.36e+02  3.14e+01  0  1.07e+03  2.04e+01  2.83e+00  8.44e-01  1.78e-01   0.18
2009 04 07  1455   54928   53700  0  6.23e+02  2.84e+01  0  1.03e+03  2.32e+01  2.75e+00  5.82e-01  2.42e-01   0.49
2009 04 07  1500   54928   54000  0  5.94e+02  2.91e+01  0  9.90e+02  1.88e+01  2.30e+00  7.04e-01  1.43e-01   0.35
2009 04 07  1505   54928   54300  0  7.79e+02  3.21e+01  0  1.07e+03  2.05e+01  2.69e+00  4.99e-01  2.21e-01   0.69
2009 04 07  1510   54928   54600  0  6.73e+02  3.05e+01  0  1.10e+03  2.21e+01  2.82e+00  6.03e-01  2.00e-01   0.29
2009 04 07  1515   54928   54900  0  6.41e+02  3.14e+01  0  1.05e+03  2.13e+01  2.14e+00  7.21e-01  2.76e-01   0.09
2009 04 07  1520   54928   55200  0  5.74e+02  3.25e+01  0  1.00e+03  2.26e+01  3.34e+00  7.90e-01  2.42e-01   0.44
2009 04 07  1525   54928   55500  0  7.36e+02  3.15e+01  0  1.10e+03  2.31e+01  2.29e+00  5.20e-01  1.37e-01   0.34
2009 04 07  1530   54928   55800  0  6.32e+02  3.25e+01  0  1.05e+03  2.25e+01  2.63e+00  5.98e-01  1.43e-01   0.43
2009 04 07  1535   54928   56100  0  6.57e+02  3.29e+01  0  1.03e+03  2.20e+01  2.69e+00  5.61e-01  1.26e-01   0.39
2009 04 07  1540   54928   56400  0  7.23e+02  3.47e+01  0  1.12e+03  2.35e+01  2.46e+00  5.53e-01  1.35e-01   0.41
2009 04 07  1545   54928   56700  0  6.48e+02  2.62e+01  0  1.06e+03  2.09e+01  3.15e+00  5.91e-01  1.64e-01   0.35
2009 04 07  1550   54928   57000  0  6.64e+02  2.65e+01  0  1.05e+03  2.21e+01  2.72e+00  6.03e-01  2.00e-01   0.31
2009 04 07  1555   54928   57300  0  9.05e+02  2.94e+01  0  1.05e+03  2.33e+01  2.64e+00  6.86e-01  1.74e-01   0.28
2009 04 07  1600   54928   57600  0  6.81e+02  2.96e+01  0  1.07e+03  2.10e+01  2.76e+00  7.24e-01  1.74e-01   0.41
2009 04 07  1605   54928   57900  0  6.40e+02  3.21e+01  0  1.07e+03  2.28e+01  3.21e+00  6.03e-01  2.21e-01   0.42
2009 04 07  1610   54928   58200  0  6.80e+02  2.53e+01  0  9.84e+02  2.44e+01  2.91e+00  7.62e-01  1.16e-01   0.16
2009 04 07  1615   54928   58500  0  7.82e+02  2.99e+01  0  1.16e+03  2.41e+01  2.82e+00  7.43e-01  2.12e-01   0.42
2009 04 07  1620   54928   58800  0  6.25e+02  3.37e+01  0  1.06e+03  2.41e+01  2.64e+00  5.72e-01  2.70e-01   0.38
2009 04 07  1625   54928   59100  0  6.40e+02  2.82e+01  0  1.02e+03  2.14e+01  2.39e+00  9.15e-01  1.58e-01   0.20
2009 04 07  1630   54928   59400  0  7.59e+02  2.76e+01  0  1.10e+03  2.33e+01  3.61e+00  6.29e-01  1.45e-01   0.13
2009 04 07  1635   54928   59700  0  6.49e+02  2.89e+01  0  1.08e+03  2.11e+01  2.81e+00  5.72e-01  1.51e-01   0.52
2009 04 07  1640   54928   60000  0  5.48e+02  3.34e+01  0  1.02e+03  2.25e+01  2.20e+00  1.06e+00  1.58e-01   0.58
2009 04 07  1645   54928   60300  0  5.84e+02  3.15e+01  0  1.01e+03  2.20e+01  3.12e+00  4.95e-01  1.26e-01   0.55
2009 04 07  1650   54928   60600  0  5.77e+02  3.06e+01  0  1.07e+03  2.49e+01  2.76e+00  8.38e-01  1.74e-01   0.20
2009 04 07  1655   54928   60900  0  5.77e+02  2.82e+01  0  1.07e+03  2.25e+01  3.05e+00  6.65e-01  1.37e-01   0.44
2009 04 07  1700   54928   61200  0  5.51e+02  2.96e+01  0  1.03e+03  2.26e+01  2.91e+00  3.69e-01  1.96e-01   0.64
2009 04 07  1705   54928   61500  0  6.85e+02  2.74e+01  0  1.13e+03  2.32e+01  2.79e+00  8.11e-01  3.69e-01   0.05
2009 04 07  1710   54928   61800  0  6.10e+02  3.03e+01  0  1.04e+03  2.23e+01  2.26e+00  7.48e-01  1.79e-01   0.08
2009 04 07  1715   54928   62100  0  6.44e+02  3.03e+01  0  1.09e+03  2.15e+01  2.88e+00  5.28e-01  1.87e-01   0.91
2009 04 07  1720   54928   62400  0  6.65e+02  2.73e+01  0  1.07e+03  2.15e+01  2.29e+00  9.15e-01  1.48e-01   0.14
2009 04 07  1725   54928   62700  0  6.23e+02  2.69e+01  0  1.01e+03  2.12e+01  2.92e+00  7.69e-01  1.79e-01   0.40
2009 04 07  1730   54928   63000  0  6.47e+02  3.06e+01  0  1.11e+03  2.27e+01  2.97e+00  7.39e-01  1.16e-01   0.27
2009 04 07  1735   54928   63300  0  6.10e+02  2.84e+01  0  1.04e+03  2.21e+01  2.39e+00  8.52e-01  1.58e-01   0.12
2009 04 07  1740   54928   63600  0  7.57e+02  3.03e+01  0  1.08e+03  2.40e+01  3.19e+00  7.39e-01  2.14e-01   0.44
2009 04 07  1745   54928   63900  0  6.19e+02  3.00e+01  0  1.04e+03  2.07e+01  2.69e+00  6.03e-01  1.58e-01   0.49
2009 04 07  1750   54928   64200  0  6.55e+02  2.38e+01  0  1.05e+03  2.64e+01  3.38e+00  8.11e-01  2.00e-01   0.36
2009 04 07  1755   54928   64500  0  6.93e+02  3.40e+01  0  1.07e+03  2.37e+01  2.86e+00  5.80e-01  1.78e-01   0.16
2009 04 07  1800   54928   64800  0  6.78e+02  2.74e+01  0  1.02e+03  2.20e+01  2.75e+00  5.40e-01  1.79e-01   0.51
2009 04 07  1805   54928   65100  0  5.41e+02  3.23e+01  0  1.06e+03  2.18e+01  2.56e+00  1.04e+00  1.37e-01   0.38
2009 04 07  1810   54928   65400  0  6.65e+02  3.11e+01  0  9.49e+02  2.15e+01  3.05e+00  7.21e-01  2.41e-01   0.49
2009 04 07  1815   54928   65700  0  8.26e+02  2.86e+01  0  1.10e+03  2.01e+01  2.13e+00  6.03e-01  1.69e-01   0.24
2009 04 07  1820   54928   66000  0  6.76e+02  3.49e+01  0  1.08e+03  2.24e+01  2.91e+00  6.67e-01  1.45e-01   0.13
2009 04 07  1825   54928   66300  0  6.86e+02  3.01e+01  0  1.01e+03  2.19e+01  2.34e+00  6.29e-01  1.26e-01   0.56
2009 04 07  1830   54928   66600  0  8.32e+02  3.19e+01  0  1.03e+03  2.18e+01  2.49e+00  5.82e-01  1.58e-01   0.54
2009 04 07  1835   54928   66900  0  6.56e+02  2.78e+01  0  1.02e+03  2.16e+01  2.64e+00  6.86e-01  1.26e-01   0.55
2009 04 07  1840   54928   67200  0  5.64e+02  3.30e+01  0  1.11e+03  2.04e+01  2.37e+00  8.38e-01  1.93e-01   0.13
2009 04 07  1845   54928   67500  0  6.55e+02  2.66e+01  0  9.98e+02  1.97e+01  2.86e+00  6.38e-01  2.41e-01   0.53
2009 04 07  1850   54928   67800  9 -1.00e+05 -1.00e+05  9 -1.00e+05 -1.00e+05 -1.00e+05 -1.00e+05 -1.00e+05  -1.00
2009 04 07  1855   54928   68100  9 -1.00e+05 -1.00e+05  9 -1.00e+05 -1.00e+05 -1.00e+05 -1.00e+05 -1.00e+05  -1.00
2009 04 07  1900   54928   68400  9 -1.00e+05 -1.00e+05  9 -1.00e+05 -1.00e+05 -1.00e+05 -1.00e+05 -1.00e+05  -1.00
2009 04 07  1905   54928   68700  0  5.29e+02  3.33e+01  0  1.00e+03  2.11e+01  2.28e+00  5.34e-01  1.16e-01   0.29
2009 04 07  1910   54928   69000  0  6.58e+02  2.80e+01  0  1.05e+03  2.16e+01  3.25e+00  6.67e-01  1.48e-01   0.52
2009 04 07  1915   54928   69300  0  6.11e+02  3.31e+01  0  1.06e+03  2.31e+01  2.55e+00  5.91e-01  9.48e-02   0.16
2009 04 07  1920   54928   69600  0  7.34e+02  3.27e+01  0  1.01e+03  1.98e+01  2.88e+00  6.44e-01  9.27e-02   0.13
2009 04 07  1925   54928   69900  0  7.04e+02  3.42e+01  0  1.05e+03  2.08e+01  3.00e+00  9.15e-01  1.55e-01   0.53
2009 04 07  1930   54928   70200  0  6.28e+02  2.92e+01  0  1.01e+03  2.39e+01  3.24e+00  6.67e-01  1.93e-01   0.37
2009 04 07  1935   54928   70500  0  6.48e+02  2.86e+01  0  9.93e+02  2.14e+01  2.66e+00  7.48e-01  2.21e-01   0.38
2009 04 07  1940   54928   70800  0  7.23e+02  3.25e+01  0  1.11e+03  2.41e+01  2.80e+00  7.21e-01  2.05e-01   0.38
2009 04 07  1945   54928   71100  0  5.66e+02  2.69e+01  0  1.09e+03  2.15e+01  2.88e+00  6.86e-01  8.43e-02   0.18
2009 04 07  1950   54928   71400  0  4.89e+02  2.49e+01  0  1.04e+03  2.30e+01  2.62e+00  9.56e-01  1.26e-01   0.21
2009 04 07  1955   54928   71700  0  7.03e+02  2.81e+01  0  1.07e+03  2.06e+01  2.16e+00  6.68e-01  1.06e-01   0.24
2009 04 07  2000   54928   72000  0  7.05e+02  2.96e+01  0  1.07e+03  2.20e+01  3.18e+00  7.07e-01  1.05e-01   0.36
2009 04 07  2005   54928   72300  0  5.67e+02  3.00e+01  0  1.05e+03  1.99e+01  2.56e+00  6.86e-01  1.74e-01   0.06
2009 04 07  2010   54928   72600  0  7.01e+02  2.85e+01  0  9.86e+02  2.36e+01  2.52e+00  5.63e-01  1.69e-01   0.68
2009 04 07  2015   54928   72900  0  5.68e+02  2.88e+01  0  1.11e+03  2.15e+01  2.69e+00  5.40e-01  1.69e-01   0.54
2009 04 07  2020   54928   73200  0  5.62e+02  2.83e+01  0  1.06e+03  2.00e+01  2.52e+00  7.74e-01  2.05e-01   0.40
2009 04 07  2025   54928   73500  0  6.66e+02  3.46e+01  0  1.04e+03  2.09e+01  2.65e+00  8.11e-01  2.53e-01   0.31
2009 04 07  2030   54928   73800  0  6.62e+02  2.84e+01  0  1.06e+03  2.09e+01  2.95e+00  6.86e-01  1.69e-01   0.63
2009 04 07  2035   54928   74100  0  5.95e+02  2.89e+01  0  1.08e+03  2.19e+01  2.83e+00  6.86e-01  2.32e-01   0.57
2009 04 07  2040   54928   74400  0  5.34e+02  3.05e+01  0  1.13e+03  1.98e+01  2.56e+00  4.99e-01  1.79e-01   0.60
2009 04 07  2045   54928   74700  0  6.08e+02  2.94e+01  0  9.91e+02  2.12e+01  2.88e+00  6.65e-01  1.79e-01   0.31
2009 04 07  2050   54928   75000  0  6.62e+02  3.09e+01  0  1.08e+03  2.27e+01  2.41e+00  8.27e-01  1.07e-01   0.10
2009 04 07  2055   54928   75300  0  5.84e+02  3.17e+01  0  1.03e+03  1.95e+01  2.56e+00  7.90e-01  1.90e-01   0.16
2009 04 07  2100   54928   75600  0  5.87e+02  3.14e+01  0  9.89e+02  2.06e+01  2.82e+00  7.81e-01  1.64e-01   0.41
2009 04 07  2105   54928   75900  0  6.78e+02  2.80e+01  0  1.10e+03  2.12e+01  2.34e+00  7.05e-01  1.64e-01   0.70
2009 04 07  2110   54928   76200  0  6.08e+02  3.27e+01  0  1.06e+03  2.07e+01  3.08e+00  5.82e-01  1.37e-01   0.35
2009 04 07  2115   54928   76500  0  5.69e+02  3.06e+01  0  1.07e+03  2.40e+01  2.40e+00  9.91e-01  2.41e-01   0.12
2009 04 07  2120   54928   76800  0  8.17e+02  3.14e+01  0  1.07e+03  2.36e+01  2.64e+00  7.81e-01  1.55e-01   0.55
2009 04 07  2125   54928   77100  0  6.51e+02  3.17e+01  0  1.05e+03  1.91e+01  2.92e+00  7.07e-01  2.42e-01   0.40
2009 04 07  2130   54928   77400  0  6.96e+02  2.98e+01  0  1.04e+03  2.32e+01  2.85e+00  7.05e-01  1.16e-01   0.14
2009 04 07  2135   54928   77700  0  6.75e+02  2.59e+01  0  9.92e+02  2.39e+01  2.94e+00  8.58e-01  1.64e-01   0.13
2009 04 07  2140   54928   78000  0  7.39e+02  2.91e+01  0  1.14e+03  1.94e+01  2.76e+00  8.57e-01  2.41e-01   0.36
2009 04 07  2145   54928   78300  0  6.60e+02  2.78e+01  0  1.08e+03  2.05e+01  2.20e+00  7.90e-01  1.79e-01   0.45
2009 04 07  2150   54928   78600  0  7.11e+02  3.15e+01  0  1.02e+03  1.99e+01  2.34e+00  6.86e-01  1.55e-01   0.44
2009 04 07  2155   54928   78900  0  7.16e+02  2.82e+01  0  1.07e+03  1.88e+01  2.94e+00  8.57e-01  1.06e-01   0.15
2009 04 07  2200   54928   79200  0  6.85e+02  3.00e+01  0  1.04e+03  2.33e+01  2.59e+00  6.86e-01  2.32e-01   0.23
2009 04 07  2205   54928   79500  0  6.38e+02  3.53e+01  0  1.04e+03  1.91e+01  2.40e+00  5.34e-01  1.45e-01   0.54
2009 04 07  2210   54928   79800  0  7.41e+02  3.19e+01  0  9.97e+02  2.07e+01  2.61e+00  6.29e-01  1.93e-01   0.14
2009 04 07  2215   54928   80100  0  7.47e+02  2.96e+01  0  1.07e+03  2.29e+01  2.59e+00  4.16e-01  2.21e-01   0.57
2009 04 07  2220   54928   80400  0  6.85e+02  2.91e+01  0  1.07e+03  2.21e+01  2.77e+00  5.45e-01  1.69e-01   0.46
2009 04 07  2225   54928   80700  0  5.95e+02  3.25e+01  0  9.80e+02  2.07e+01  2.88e+00  7.69e-01  2.00e-01   0.45
2009 04 07  2230   54928   81000  0  6.82e+02  3.11e+01  0  1.11e+03  2.12e+01  2.75e+00  9.35e-01  2.11e-01   0.25
2009 04 07  2235   54928   81300  0  5.46e+02  2.86e+01  0  1.08e+03  2.21e+01  2.41e+00  6.68e-01  1.52e-01   0.32
2009 04 07  2240   54928   81600  0  6.17e+02  3.29e+01  0  1.07e+03  2.35e+01  2.62e+00  7.07e-01  1.69e-01   0.76
2009 04 07  2245   54928   81900  0  7.94e+02  2.92e+01  0  1.03e+03  2.23e+01  2.92e+00  8.31e-01  1.90e-01   0.40
2009 04 07  2250   54928   82200  0  6.81e+02  2.75e+01  0  1.06e+03  2.17e+01  2.55e+00  7.04e-01  1.64e-01   0.37
2009 04 07  2255   54928   82500  0  5.89e+02  3.17e+01  0  1.07e+03  2.33e+01  3.15e+00  7.07e-01  1.90e-01   0.50
2009 04 07  2300   54928   82800  0  6.29e+02  3.11e+01  0  9.98e+02  1.92e+01  2.97e+00  4.75e-01  1.87e-01   0.28
2009 04 07  2305   54928   83100  0  8.30e+02  3.07e+01  0  1.09e+03  2.13e+01  1.93e+00  7.28e-01  1.69e-01   0.62
2009 04 07  2310   54928   83400  0  6.31e+02  3.30e+01  0  1.07e+03  2.19e+01  2.82e+00  4.57e-01  1.58e-01   1.38
2009 04 07  2315   54928   83700  0  6.43e+02  3.43e+01  0  1.03e+03  2.12e+01  2.86e+00  5.63e-01  1.43e-01   0.56
2009 04 07  2320   54928   84000  0  6.94e+02  3.42e+01  0  1.11e+03  2.26e+01  2.85e+00  6.65e-01  2.95e-01   0.64
2009 04 07  2325   54928   84300  0  5.68e+02  2.94e+01  0  1.06e+03  2.07e+01  2.46e+00  5.61e-01  1.37e-01   0.18
2009 04 07  2330   54928   84600  0  6.04e+02  3.11e+01  0  1.02e+03  2.20e+01  2.91e+00  6.33e-01  1.87e-01   0.15
2009 04 07  2335   54928   84900  0  6.55e+02  2.82e+01  0  1.02e+03  2.08e+01  3.05e+00  9.56e-01  2.63e-01   0.18
2009 04 07  2340   54928   85200  0  8.01e+02  2.89e+01  0  1.03e+03  2.01e+01  2.31e+00  7.24e-01  2.41e-01   0.28
2009 04 07  2345   54928   85500  0  6.51e+02  3.08e+01  0  1.01e+03  2.14e+01  2.64e+00  6.67e-01  2.03e-01   0.19
2009 04 07  2350   54928   85800  0  5.75e+02  2.65e+01  0  9.70e+02  2.15e+01  3.08e+00  5.82e-01  1.90e-01   0.27
2009 04 07  2355   54928   86100  0  6.51e+02  3.15e+01  0  1.07e+03  2.54e+01  2.91e+00  5.91e-01  1.84e-01   0.25
