:Data_list: 20091002_ace_epam_5m.txt
:Created: 2009 Oct 03 0011 UT
# Prepared by the U.S. Dept. of Commerce, NOAA, Space Weather Prediction Center
# Please send comments and suggestions to SWPC.Webmaster@noaa.gov 
# 
# Units: Differential Flux particles/cm2-s-ster-MeV
# Units: Anisotropy Index 0.0 - 2.0
# Status(S): 0 = nominal, 4,6,7,8 = bad data, unable to process, 9 = no data
# Missing data values: -1.00e+05, index = -1.00
# Source: ACE Satellite - Electron, Proton, and Alpha Monitor
#
#
#                      5-minute averaged Real-time Differential Electron and Proton Flux 
# 
#                Modified Seconds ---------------------------- Differential Flux ---------------------------
# UT Date   Time  Julian  of the  ----- Electron -----   ------------------- Protons keV -------------------   Anis.
# YR MO DA  HHMM    Day    Day    S    38-53   175-315   S    47-68   115-195   310-580   761-1220 1060-1900   Index
#-------------------------------------------------------------------------------------------------------------------
2009 10 02  0000   55106       0  0  5.07e+02  3.09e+01  0  9.79e+02  2.08e+01  2.59e+00  8.52e-01  2.74e-01   0.37
2009 10 02  0005   55106     300  0  6.71e+02  3.44e+01  0  1.04e+03  2.04e+01  2.20e+00  7.48e-01  1.69e-01   0.29
2009 10 02  0010   55106     600  0  6.59e+02  3.37e+01  0  1.01e+03  2.06e+01  2.55e+00  8.97e-01  1.69e-01   0.46
2009 10 02  0015   55106     900  0  6.31e+02  3.07e+01  0  1.09e+03  2.22e+01  2.66e+00  6.44e-01  2.21e-01   0.51
2009 10 02  0020   55106    1200  0  5.18e+02  3.42e+01  0  9.67e+02  1.85e+01  2.92e+00  5.82e-01  1.79e-01   0.55
2009 10 02  0025   55106    1500  0  5.45e+02  2.93e+01  0  1.04e+03  1.90e+01  2.69e+00  9.50e-01  1.87e-01   0.23
2009 10 02  0030   55106    1800  0  4.38e+02  2.90e+01  0  1.02e+03  2.29e+01  1.97e+00  6.44e-01  2.11e-01   0.35
2009 10 02  0035   55106    2100  0  4.89e+02  2.91e+01  0  9.74e+02  2.00e+01  3.03e+00  7.62e-01  1.93e-01   0.17
2009 10 02  0040   55106    2400  0  6.33e+02  2.78e+01  0  1.02e+03  2.17e+01  2.52e+00  8.57e-01  1.84e-01   0.31
2009 10 02  0045   55106    2700  0  5.83e+02  3.00e+01  0  1.04e+03  1.79e+01  2.52e+00  5.61e-01  2.21e-01   0.81
2009 10 02  0050   55106    3000  0  5.54e+02  3.21e+01  0  1.05e+03  2.03e+01  2.43e+00  8.19e-01  1.45e-01   0.44
2009 10 02  0055   55106    3300  0  5.97e+02  2.68e+01  0  1.07e+03  1.87e+01  3.34e+00  6.48e-01  2.22e-01   0.28
2009 10 02  0100   55106    3600  0  5.00e+02  2.78e+01  0  1.05e+03  2.26e+01  2.72e+00  5.40e-01  1.90e-01   0.23
2009 10 02  0105   55106    3900  0  5.09e+02  3.22e+01  0  1.02e+03  2.16e+01  2.94e+00  9.34e-01  2.12e-01   0.42
2009 10 02  0110   55106    4200  0  4.61e+02  2.25e+01  0  9.86e+02  1.98e+01  3.22e+00  6.48e-01  1.93e-01   0.23
2009 10 02  0115   55106    4500  0  6.73e+02  2.91e+01  0  1.12e+03  2.00e+01  2.34e+00  8.00e-01  2.03e-01   0.24
2009 10 02  0120   55106    4800  0  4.60e+02  2.72e+01  0  1.07e+03  2.17e+01  2.79e+00  6.03e-01  1.69e-01   0.11
2009 10 02  0125   55106    5100  0  4.53e+02  3.26e+01  0  1.02e+03  2.03e+01  2.40e+00  1.09e+00  1.64e-01   0.36
2009 10 02  0130   55106    5400  0  6.37e+02  2.66e+01  0  1.06e+03  1.66e+01  3.28e+00  6.10e-01  1.42e-01   0.47
2009 10 02  0135   55106    5700  0  4.54e+02  2.96e+01  0  1.03e+03  1.60e+01  2.52e+00  7.28e-01  2.42e-01   0.16
2009 10 02  0140   55106    6000  0  4.45e+02  3.01e+01  0  1.07e+03  2.02e+01  2.19e+00  6.67e-01  1.35e-01   0.11
2009 10 02  0145   55106    6300  0  4.76e+02  3.17e+01  0  9.83e+02  2.21e+01  3.03e+00  9.91e-01  1.74e-01   0.34
2009 10 02  0150   55106    6600  0  5.97e+02  3.27e+01  0  1.10e+03  1.73e+01  2.79e+00  7.28e-01  1.90e-01   0.45
2009 10 02  0155   55106    6900  0  4.46e+02  2.98e+01  0  1.09e+03  2.12e+01  2.47e+00  7.56e-01  1.78e-01   0.48
2009 10 02  0200   55106    7200  0  5.03e+02  3.36e+01  0  9.79e+02  2.01e+01  2.88e+00  8.94e-01  1.79e-01   0.58
2009 10 02  0205   55106    7500  0  5.54e+02  3.01e+01  0  1.06e+03  1.77e+01  2.20e+00  6.44e-01  1.58e-01   0.24
2009 10 02  0210   55106    7800  0  4.41e+02  2.98e+01  0  1.04e+03  1.97e+01  2.83e+00  1.06e+00  2.14e-01   0.12
2009 10 02  0215   55106    8100  0  3.97e+02  2.63e+01  0  1.05e+03  2.38e+01  2.72e+00  6.65e-01  1.58e-01   0.67
2009 10 02  0220   55106    8400  0  4.73e+02  3.34e+01  0  1.01e+03  2.09e+01  2.75e+00  9.15e-01  2.53e-01   0.86
2009 10 02  0225   55106    8700  0  4.79e+02  2.75e+01  0  1.10e+03  1.93e+01  2.27e+00  5.98e-01  1.69e-01   0.30
2009 10 02  0230   55106    9000  0  4.31e+02  3.27e+01  0  1.04e+03  2.02e+01  3.08e+00  7.48e-01  2.11e-01   0.26
2009 10 02  0235   55106    9300  0  4.46e+02  2.71e+01  0  9.75e+02  2.08e+01  2.88e+00  7.39e-01  1.25e-01   0.17
2009 10 02  0240   55106    9600  0  6.21e+02  3.36e+01  0  1.13e+03  2.10e+01  2.66e+00  7.69e-01  1.79e-01   0.26
2009 10 02  0245   55106    9900  0  4.94e+02  3.15e+01  0  1.04e+03  1.90e+01  3.28e+00  7.07e-01  2.32e-01   0.53
2009 10 02  0250   55106   10200  0  5.13e+02  3.29e+01  0  1.08e+03  1.92e+01  2.97e+00  9.32e-01  8.92e-02   0.11
2009 10 02  0255   55106   10500  0  6.10e+02  2.86e+01  0  1.63e+03  2.42e+01  2.72e+00  6.24e-01  1.90e-01   0.66
2009 10 02  0300   55106   10800  0  5.18e+02  3.55e+01  0  1.88e+03  2.53e+01  2.24e+00  7.55e-01  2.20e-01   0.87
2009 10 02  0305   55106   11100  0  5.69e+02  2.69e+01  0  1.56e+03  2.30e+01  4.67e+00  1.37e+00  2.32e-01   1.14
2009 10 02  0310   55106   11400  0  5.47e+02  3.00e+01  0  1.09e+03  1.99e+01  2.79e+00  7.07e-01  2.42e-01   0.37
2009 10 02  0315   55106   11700  0  6.60e+02  2.73e+01  0  1.10e+03  2.02e+01  2.67e+00  7.62e-01  1.35e-01   0.28
2009 10 02  0320   55106   12000  0  4.18e+02  2.78e+01  0  1.44e+03  2.19e+01  2.67e+00  6.67e-01  2.03e-01   0.33
2009 10 02  0325   55106   12300  0  4.78e+02  2.92e+01  0  1.97e+03  2.11e+01  2.72e+00  6.44e-01  1.26e-01   0.37
2009 10 02  0330   55106   12600  0  5.19e+02  2.92e+01  0  1.82e+03  2.18e+01  2.82e+00  7.43e-01  8.69e-02   0.19
2009 10 02  0335   55106   12900  0  4.99e+02  2.98e+01  0  2.18e+03  2.26e+01  2.94e+00  7.05e-01  1.84e-01   0.57
2009 10 02  0340   55106   13200  0  5.57e+02  2.96e+01  0  1.94e+03  2.33e+01  2.23e+00  9.15e-01  2.32e-01   0.24
2009 10 02  0345   55106   13500  0  5.75e+02  2.92e+01  0  2.27e+03  2.50e+01  3.06e+00  7.43e-01  2.12e-01   0.13
2009 10 02  0350   55106   13800  0  5.54e+02  3.15e+01  0  2.18e+03  2.24e+01  2.13e+00  7.43e-01  2.22e-01   0.40
2009 10 02  0355   55106   14100  0  5.86e+02  3.56e+01  0  2.15e+03  2.32e+01  3.06e+00  6.10e-01  2.32e-01   0.20
2009 10 02  0400   55106   14400  0  5.09e+02  3.19e+01  0  1.84e+03  2.79e+01  2.69e+00  7.90e-01  2.32e-01   0.48
2009 10 02  0405   55106   14700  0  6.30e+02  3.26e+01  0  1.15e+03  2.83e+01  2.52e+00  6.29e-01  2.80e-01   0.24
2009 10 02  0410   55106   15000  0  4.58e+02  2.83e+01  0  1.26e+03  2.47e+01  2.58e+00  6.67e-01  2.03e-01   0.10
2009 10 02  0415   55106   15300  0  4.62e+02  2.63e+01  0  7.79e+03  3.63e+01  2.52e+00  8.11e-01  2.11e-01   0.34
2009 10 02  0420   55106   15600  0  5.85e+02  3.21e+01  0  1.18e+04  5.36e+01  2.82e+00  8.57e-01  2.03e-01   0.53
2009 10 02  0425   55106   15900  0  4.75e+02  2.78e+01  0  6.50e+03  5.67e+01  3.55e+00  8.96e-01  1.64e-01   0.22
2009 10 02  0430   55106   16200  0  4.82e+02  3.29e+01  0  5.09e+03  5.27e+01  3.28e+00  7.90e-01  1.90e-01   0.64
2009 10 02  0435   55106   16500  0  4.53e+02  2.86e+01  0  3.52e+03  4.49e+01  2.80e+00  4.05e-01  1.52e-01   0.23
2009 10 02  0440   55106   16800  0  5.50e+02  2.69e+01  0  1.82e+03  3.48e+01  2.69e+00  7.07e-01  2.00e-01   0.44
2009 10 02  0445   55106   17100  0  4.83e+02  2.80e+01  0  1.32e+03  3.04e+01  2.98e+00  8.11e-01  2.00e-01   0.31
2009 10 02  0450   55106   17400  0  5.27e+02  2.70e+01  0  1.30e+03  2.59e+01  2.50e+00  8.97e-01  1.07e-01   0.33
2009 10 02  0455   55106   17700  0  6.17e+02  2.59e+01  0  1.40e+03  2.98e+01  2.69e+00  8.73e-01  2.42e-01   0.07
2009 10 02  0500   55106   18000  0  5.25e+02  3.21e+01  0  1.12e+03  2.36e+01  2.79e+00  7.48e-01  2.63e-01   0.27
2009 10 02  0505   55106   18300  0  4.50e+02  3.07e+01  0  1.06e+03  2.02e+01  3.11e+00  6.86e-01  2.85e-01   0.24
2009 10 02  0510   55106   18600  0  5.10e+02  3.46e+01  0  1.05e+03  2.15e+01  2.88e+00  8.73e-01  1.79e-01   0.43
2009 10 02  0515   55106   18900  0  5.88e+02  2.88e+01  0  1.14e+03  2.35e+01  2.77e+00  8.09e-01  1.25e-01   0.33
2009 10 02  0520   55106   19200  0  4.53e+02  2.69e+01  0  1.03e+03  2.33e+01  2.85e+00  5.82e-01  1.37e-01   0.69
2009 10 02  0525   55106   19500  0  5.19e+02  3.32e+01  0  1.01e+03  2.04e+01  2.79e+00  6.86e-01  2.00e-01   0.67
2009 10 02  0530   55106   19800  0  5.44e+02  3.05e+01  0  1.10e+03  1.75e+01  3.02e+00  7.27e-01  2.11e-01   0.43
2009 10 02  0535   55106   20100  0  5.48e+02  3.27e+01  0  1.06e+03  2.05e+01  2.82e+00  6.24e-01  1.90e-01   0.13
2009 10 02  0540   55106   20400  0  4.31e+02  2.67e+01  0  1.02e+03  2.02e+01  2.62e+00  6.03e-01  1.69e-01   0.20
2009 10 02  0545   55106   20700  0  4.67e+02  2.16e+01  0  1.08e+03  2.17e+01  2.77e+00  7.03e-01  1.60e-01   0.21
2009 10 02  0550   55106   21000  0  4.35e+02  3.19e+01  0  1.06e+03  2.08e+01  2.62e+00  7.69e-01  1.79e-01   0.05
2009 10 02  0555   55106   21300  0  4.68e+02  2.82e+01  0  1.06e+03  2.20e+01  2.82e+00  7.81e-01  1.35e-01   0.46
2009 10 02  0600   55106   21600  0  4.60e+02  2.98e+01  0  9.77e+02  1.96e+01  2.52e+00  7.62e-01  2.03e-01   0.33
2009 10 02  0605   55106   21900  0  6.71e+02  3.23e+01  0  1.12e+03  1.92e+01  2.56e+00  7.90e-01  2.11e-01   0.58
2009 10 02  0610   55106   22200  0  4.53e+02  2.29e+01  0  1.07e+03  1.99e+01  2.64e+00  7.05e-01  2.03e-01   0.17
2009 10 02  0615   55106   22500  0  4.35e+02  3.24e+01  0  9.94e+02  2.01e+01  2.46e+00  8.00e-01  1.74e-01   0.15
2009 10 02  0620   55106   22800  0  5.93e+02  3.00e+01  0  1.08e+03  2.14e+01  2.10e+00  6.24e-01  3.06e-01   0.22
2009 10 02  0625   55106   23100  0  5.06e+02  3.12e+01  0  1.10e+03  2.06e+01  2.88e+00  6.48e-01  2.41e-01   0.35
2009 10 02  0630   55106   23400  0  4.43e+02  2.78e+01  0  1.04e+03  1.73e+01  3.12e+00  7.43e-01  2.03e-01   0.55
2009 10 02  0635   55106   23700  0  4.28e+02  2.53e+01  0  1.04e+03  2.11e+01  2.52e+00  5.53e-01  2.12e-01   0.29
2009 10 02  0640   55106   24000  0  5.14e+02  2.98e+01  0  1.10e+03  2.16e+01  2.23e+00  8.11e-01  1.79e-01   0.36
2009 10 02  0645   55106   24300  0  4.83e+02  3.17e+01  0  1.10e+03  2.03e+01  2.82e+00  8.96e-01  1.55e-01   0.14
2009 10 02  0650   55106   24600  0  4.66e+02  2.91e+01  0  1.05e+03  1.94e+01  3.22e+00  7.81e-01  1.16e-01   0.04
2009 10 02  0655   55106   24900  0  6.49e+02  3.50e+01  0  1.05e+03  2.27e+01  3.11e+00  8.11e-01  2.95e-01   0.14
2009 10 02  0700   55106   25200  0  4.71e+02  3.60e+01  0  1.03e+03  2.33e+01  2.61e+00  7.24e-01  9.66e-02   0.34
2009 10 02  0705   55106   25500  0  4.70e+02  2.85e+01  0  1.04e+03  2.11e+01  3.16e+00  7.05e-01  1.26e-01   0.28
2009 10 02  0710   55106   25800  0  4.78e+02  2.94e+01  0  1.07e+03  2.19e+01  2.75e+00  9.56e-01  1.69e-01   0.29
2009 10 02  0715   55106   26100  0  4.81e+02  3.50e+01  0  1.08e+03  2.17e+01  3.25e+00  8.62e-01  2.67e-01   0.10
2009 10 02  0720   55106   26400  0  4.53e+02  2.84e+01  0  1.03e+03  1.83e+01  2.36e+00  7.07e-01  2.84e-01   0.73
2009 10 02  0725   55106   26700  0  4.36e+02  3.23e+01  0  9.96e+02  2.08e+01  3.08e+00  8.31e-01  1.79e-01   0.65
2009 10 02  0730   55106   27000  0  6.01e+02  2.93e+01  0  1.18e+03  2.13e+01  2.83e+00  7.56e-01  2.32e-01   0.46
2009 10 02  0735   55106   27300  0  5.09e+02  3.19e+01  0  1.17e+03  2.22e+01  2.49e+00  8.94e-01  1.48e-01   0.21
2009 10 02  0740   55106   27600  0  3.99e+02  2.69e+01  0  1.03e+03  1.93e+01  2.62e+00  7.90e-01  1.58e-01   0.38
2009 10 02  0745   55106   27900  0  4.88e+02  2.22e+01  0  1.15e+03  2.22e+01  2.75e+00  6.33e-01  1.43e-01   0.34
2009 10 02  0750   55106   28200  0  4.65e+02  3.36e+01  0  1.19e+03  2.12e+01  2.92e+00  6.86e-01  1.79e-01   0.16
2009 10 02  0755   55106   28500  0  4.78e+02  3.12e+01  0  1.07e+03  2.08e+01  2.41e+00  7.04e-01  2.32e-01   0.61
2009 10 02  0800   55106   28800  0  4.31e+02  3.15e+01  0  1.29e+03  2.28e+01  2.26e+00  9.77e-01  1.90e-01   0.13
2009 10 02  0805   55106   29100  0  6.24e+02  3.52e+01  0  1.44e+03  2.37e+01  3.34e+00  7.07e-01  2.63e-01   0.47
2009 10 02  0810   55106   29400  0  4.88e+02  3.06e+01  0  1.22e+03  2.32e+01  3.22e+00  7.04e-01  2.32e-01   0.15
2009 10 02  0815   55106   29700  0  4.44e+02  2.57e+01  0  1.04e+03  1.81e+01  2.03e+00  5.82e-01  1.37e-01   0.64
2009 10 02  0820   55106   30000  0  5.66e+02  2.74e+01  0  1.14e+03  2.35e+01  2.26e+00  5.82e-01  1.37e-01   0.31
2009 10 02  0825   55106   30300  0  5.11e+02  3.63e+01  0  1.20e+03  2.02e+01  3.00e+00  1.02e+00  2.32e-01   0.20
2009 10 02  0830   55106   30600  0  4.64e+02  3.25e+01  0  1.09e+03  1.92e+01  2.95e+00  8.52e-01  1.26e-01   0.14
2009 10 02  0835   55106   30900  0  4.65e+02  2.62e+01  0  1.03e+03  2.17e+01  3.18e+00  7.05e-01  1.74e-01   0.18
2009 10 02  0840   55106   31200  0  6.17e+02  3.40e+01  0  1.12e+03  1.99e+01  2.91e+00  8.38e-01  1.74e-01   0.25
2009 10 02  0845   55106   31500  0  4.74e+02  3.03e+01  0  1.08e+03  1.87e+01  2.69e+00  5.82e-01  1.47e-01   0.23
2009 10 02  0850   55106   31800  0  5.41e+02  3.88e+01  0  1.01e+03  2.06e+01  2.82e+00  6.67e-01  1.16e-01   0.14
2009 10 02  0855   55106   32100  0  5.80e+02  3.38e+01  0  1.09e+03  1.98e+01  3.03e+00  9.91e-01  3.09e-01   0.30
2009 10 02  0900   55106   32400  0  4.46e+02  3.71e+01  0  1.10e+03  2.09e+01  2.26e+00  5.61e-01  1.90e-01   0.23
2009 10 02  0905   55106   32700  0  6.20e+02  2.98e+01  0  1.08e+03  2.00e+01  2.43e+00  8.77e-01  1.64e-01   0.35
2009 10 02  0910   55106   33000  0  6.10e+02  2.98e+01  0  1.10e+03  2.12e+01  2.88e+00  8.00e-01  1.93e-01   0.40
2009 10 02  0915   55106   33300  0  6.99e+02  3.30e+01  0  1.00e+03  2.22e+01  2.46e+00  7.43e-01  2.22e-01   0.38
2009 10 02  0920   55106   33600  0  4.92e+02  2.94e+01  0  1.06e+03  2.10e+01  2.66e+00  9.15e-01  1.79e-01   0.03
2009 10 02  0925   55106   33900  0  4.55e+02  3.12e+01  0  9.46e+02  1.85e+01  3.03e+00  4.95e-01  2.03e-01   0.75
2009 10 02  0930   55106   34200  0  6.77e+02  3.01e+01  0  1.05e+03  2.19e+01  2.13e+00  7.43e-01  1.58e-01   0.52
2009 10 02  0935   55106   34500  0  4.31e+02  2.61e+01  0  1.06e+03  1.91e+01  2.98e+00  7.48e-01  1.69e-01   0.31
2009 10 02  0940   55106   34800  0  4.52e+02  3.18e+01  0  1.03e+03  2.08e+01  3.11e+00  7.49e-01  1.90e-01   0.13
2009 10 02  0945   55106   35100  0  6.05e+02  3.21e+01  0  1.08e+03  2.20e+01  3.40e+00  6.86e-01  1.16e-01   0.21
2009 10 02  0950   55106   35400  0  4.04e+02  2.28e+01  0  1.06e+03  2.18e+01  2.56e+00  7.28e-01  1.47e-01   0.35
2009 10 02  0955   55106   35700  0  4.55e+02  3.07e+01  0  1.01e+03  2.09e+01  2.36e+00  6.68e-01  2.32e-01   0.44
2009 10 02  1000   55106   36000  0  5.24e+02  3.25e+01  0  9.87e+02  2.36e+01  3.44e+00  8.31e-01  1.26e-01   0.24
2009 10 02  1005   55106   36300  0  4.71e+02  3.25e+01  0  1.12e+03  2.30e+01  2.46e+00  5.40e-01  2.00e-01   0.23
2009 10 02  1010   55106   36600  0  4.75e+02  2.94e+01  0  1.05e+03  2.05e+01  2.66e+00  7.39e-01  2.14e-01   0.23
2009 10 02  1015   55106   36900  0  5.86e+02  2.82e+01  0  9.80e+02  1.88e+01  2.29e+00  6.03e-01  2.11e-01   0.32
2009 10 02  1020   55106   37200  0  5.86e+02  2.65e+01  0  1.09e+03  1.92e+01  2.69e+00  9.36e-01  2.00e-01   0.36
2009 10 02  1025   55106   37500  0  4.41e+02  2.81e+01  0  1.07e+03  1.99e+01  3.16e+00  6.68e-01  1.52e-01   0.10
2009 10 02  1030   55106   37800  0  4.98e+02  3.01e+01  0  1.05e+03  2.02e+01  2.75e+00  8.94e-01  1.79e-01   0.48
2009 10 02  1035   55106   38100  0  5.03e+02  2.99e+01  0  1.03e+03  2.18e+01  2.22e+00  7.56e-01  6.76e-02   0.11
2009 10 02  1040   55106   38400  0  4.94e+02  2.95e+01  0  1.10e+03  2.01e+01  3.28e+00  6.40e-01  2.45e-01   0.22
2009 10 02  1045   55106   38700  0  4.15e+02  2.13e+01  0  1.06e+03  1.98e+01  2.85e+00  6.65e-01  2.32e-01   0.52
2009 10 02  1050   55106   39000  0  4.27e+02  2.73e+01  0  9.88e+02  2.22e+01  3.00e+00  7.74e-01  2.41e-01   0.28
2009 10 02  1055   55106   39300  0  7.07e+02  3.19e+01  0  1.14e+03  1.97e+01  2.75e+00  1.18e+00  2.53e-01   0.38
2009 10 02  1100   55106   39600  0  4.55e+02  2.32e+01  0  1.07e+03  2.28e+01  2.36e+00  8.52e-01  1.16e-01   0.10
2009 10 02  1105   55106   39900  0  4.75e+02  3.16e+01  0  1.02e+03  1.96e+01  2.97e+00  7.56e-01  2.41e-01   0.21
2009 10 02  1110   55106   40200  0  5.00e+02  2.86e+01  0  1.03e+03  2.01e+01  2.88e+00  6.86e-01  2.42e-01   0.09
2009 10 02  1115   55106   40500  0  3.22e+02  2.34e+01  0  1.08e+03  1.91e+01  2.34e+00  6.48e-01  1.27e-01   0.63
2009 10 02  1120   55106   40800  0  4.25e+02  2.67e+01  0  1.05e+03  2.01e+01  2.46e+00  7.43e-01  2.03e-01   0.58
2009 10 02  1125   55106   41100  0  4.64e+02  2.82e+01  0  1.01e+03  2.11e+01  2.52e+00  8.52e-01  2.53e-01   0.27
2009 10 02  1130   55106   41400  0  4.64e+02  2.78e+01  0  1.16e+03  2.21e+01  2.58e+00  6.67e-01  8.43e-02   0.71
2009 10 02  1135   55106   41700  0  5.36e+02  3.17e+01  0  1.07e+03  2.06e+01  3.12e+00  6.67e-01  2.41e-01   0.32
2009 10 02  1140   55106   42000  0  5.53e+02  2.61e+01  0  9.85e+02  1.94e+01  2.92e+00  7.48e-01  2.53e-01   0.51
2009 10 02  1145   55106   42300  0  5.71e+02  3.81e+01  0  1.05e+03  2.39e+01  2.73e+00  7.43e-01  1.93e-01   0.52
2009 10 02  1150   55106   42600  0  4.55e+02  2.96e+01  0  1.06e+03  2.18e+01  3.64e+00  6.48e-01  2.32e-01   0.35
2009 10 02  1155   55106   42900  0  4.69e+02  3.10e+01  0  1.03e+03  2.14e+01  2.88e+00  8.95e-01  1.93e-01   0.52
2009 10 02  1200   55106   43200  0  3.93e+02  2.40e+01  0  1.01e+03  2.20e+01  2.66e+00  6.86e-01  1.79e-01   0.53
2009 10 02  1205   55106   43500  0  5.21e+02  2.92e+01  0  1.14e+03  2.31e+01  2.91e+00  8.96e-01  2.12e-01   0.29
2009 10 02  1210   55106   43800  0  4.91e+02  3.44e+01  0  1.37e+03  2.74e+01  2.94e+00  7.62e-01  1.35e-01   0.29
2009 10 02  1215   55106   44100  0  4.92e+02  3.13e+01  0  1.19e+03  2.70e+01  2.59e+00  4.78e-01  1.74e-01   0.70
2009 10 02  1220   55106   44400  0  5.52e+02  2.48e+01  0  1.21e+03  2.52e+01  3.22e+00  6.48e-01  1.45e-01   0.42
2009 10 02  1225   55106   44700  0  4.89e+02  3.28e+01  0  1.06e+03  2.02e+01  2.70e+00  7.24e-01  2.32e-01   0.19
2009 10 02  1230   55106   45000  0  4.33e+02  3.83e+01  0  1.05e+03  2.05e+01  2.79e+00  9.15e-01  9.48e-02   0.55
2009 10 02  1235   55106   45300  0  5.04e+02  2.99e+01  0  1.09e+03  2.33e+01  3.13e+00  7.56e-01  1.52e-01   0.38
2009 10 02  1240   55106   45600  0  4.15e+02  2.84e+01  0  1.07e+03  2.10e+01  2.52e+00  8.52e-01  1.26e-01   0.17
2009 10 02  1245   55106   45900  0  3.55e+02  2.98e+01  0  1.00e+03  2.01e+01  3.06e+00  7.56e-01  2.10e-01   0.47
2009 10 02  1250   55106   46200  0  5.36e+02  3.17e+01  0  9.86e+02  2.22e+01  2.41e+00  7.74e-01  2.41e-01   0.19
2009 10 02  1255   55106   46500  0  5.45e+02  2.94e+01  0  1.10e+03  2.19e+01  2.59e+00  7.48e-01  2.53e-01   0.33
2009 10 02  1300   55106   46800  0  4.67e+02  2.49e+01  0  1.13e+03  2.15e+01  2.75e+00  7.07e-01  1.29e-01   0.39
2009 10 02  1305   55106   47100  0  5.14e+02  3.04e+01  0  9.58e+02  2.06e+01  2.69e+00  7.56e-01  1.34e-01   0.68
2009 10 02  1310   55106   47400  0  6.15e+02  3.34e+01  0  1.05e+03  2.10e+01  2.59e+00  6.65e-01  1.16e-01   0.20
2009 10 02  1315   55106   47700  0  5.22e+02  2.88e+01  0  1.05e+03  1.86e+01  2.50e+00  7.91e-01  2.32e-01   0.65
2009 10 02  1320   55106   48000  0  4.05e+02  2.94e+01  0  1.01e+03  1.87e+01  3.25e+00  6.24e-01  1.97e-01   0.35
2009 10 02  1325   55106   48300  0  5.10e+02  3.48e+01  0  1.00e+03  2.00e+01  2.62e+00  7.90e-01  2.11e-01   0.59
2009 10 02  1330   55106   48600  0  5.04e+02  3.16e+01  0  1.12e+03  1.93e+01  2.86e+00  8.79e-01  9.66e-02   0.27
2009 10 02  1335   55106   48900  0  4.92e+02  2.72e+01  0  1.07e+03  2.26e+01  2.66e+00  5.61e-01  2.00e-01   0.57
2009 10 02  1340   55106   49200  0  4.36e+02  2.94e+01  0  9.98e+02  2.27e+01  2.79e+00  9.77e-01  1.37e-01   0.34
2009 10 02  1345   55106   49500  0  6.26e+02  3.29e+01  0  1.05e+03  2.20e+01  2.91e+00  7.92e-01  1.60e-01   0.24
2009 10 02  1350   55106   49800  0  4.35e+02  3.11e+01  0  1.08e+03  2.18e+01  3.38e+00  7.07e-01  1.58e-01   0.32
2009 10 02  1355   55106   50100  0  4.58e+02  3.24e+01  0  1.04e+03  2.06e+01  2.82e+00  7.05e-01  1.26e-01   0.33
2009 10 02  1400   55106   50400  0  5.34e+02  3.31e+01  0  1.08e+03  1.85e+01  2.94e+00  4.19e-01  2.70e-01   0.48
2009 10 02  1405   55106   50700  0  5.70e+02  3.48e+01  0  1.06e+03  1.86e+01  2.75e+00  8.11e-01  1.37e-01   0.47
2009 10 02  1410   55106   51000  0  5.13e+02  2.83e+01  0  1.00e+03  2.16e+01  2.64e+00  8.00e-01  1.35e-01   0.52
2009 10 02  1415   55106   51300  0  4.76e+02  2.78e+01  0  9.71e+02  2.00e+01  2.76e+00  7.24e-01  1.55e-01   0.78
2009 10 02  1420   55106   51600  0  7.18e+02  2.90e+01  0  1.08e+03  1.88e+01  2.20e+00  8.11e-01  2.53e-01   0.25
2009 10 02  1425   55106   51900  0  5.03e+02  3.17e+01  0  1.07e+03  1.88e+01  3.18e+00  6.48e-01  1.26e-01   0.74
2009 10 02  1430   55106   52200  0  4.47e+02  3.14e+01  0  1.00e+03  1.97e+01  3.00e+00  7.81e-01  1.93e-01   0.21
2009 10 02  1435   55106   52500  0  6.48e+02  3.06e+01  0  1.07e+03  1.75e+01  3.49e+00  5.34e-01  2.03e-01   0.61
2009 10 02  1440   55106   52800  0  4.76e+02  2.76e+01  0  1.04e+03  1.94e+01  3.08e+00  8.11e-01  2.21e-01   0.33
2009 10 02  1445   55106   53100  0  4.38e+02  2.83e+01  0  1.05e+03  2.24e+01  2.43e+00  8.38e-01  1.74e-01   0.43
2009 10 02  1450   55106   53400  0  5.11e+02  3.12e+01  0  1.00e+03  1.98e+01  2.34e+00  1.26e+00  2.03e-01   0.25
2009 10 02  1455   55106   53700  0  4.71e+02  3.59e+01  0  1.09e+03  2.19e+01  2.49e+00  5.82e-01  2.21e-01   0.18
2009 10 02  1500   55106   54000  0  4.51e+02  2.50e+01  0  1.00e+03  2.09e+01  2.55e+00  5.91e-01  1.45e-01   0.77
2009 10 02  1505   55106   54300  0  4.70e+02  3.10e+01  0  9.80e+02  1.76e+01  2.52e+00  8.19e-01  2.90e-01   0.40
2009 10 02  1510   55106   54600  0  5.54e+02  3.17e+01  0  1.09e+03  1.98e+01  2.36e+00  7.48e-01  2.21e-01   0.52
2009 10 02  1515   55106   54900  0  5.33e+02  3.73e+01  0  1.05e+03  2.02e+01  2.39e+00  7.39e-01  1.60e-01   0.14
2009 10 02  1520   55106   55200  0  5.63e+02  3.56e+01  0  1.02e+03  2.16e+01  2.88e+00  7.90e-01  2.00e-01   0.16
2009 10 02  1525   55106   55500  0  5.00e+02  3.17e+01  0  1.06e+03  1.95e+01  3.08e+00  6.24e-01  1.37e-01   0.34
2009 10 02  1530   55106   55800  0  4.59e+02  2.58e+01  0  1.05e+03  2.15e+01  2.86e+00  8.97e-01  2.32e-01   0.16
2009 10 02  1535   55106   56100  0  4.38e+02  3.21e+01  0  1.05e+03  1.96e+01  2.49e+00  8.73e-01  1.90e-01   0.32
2009 10 02  1540   55106   56400  0  4.17e+02  3.12e+01  0  9.58e+02  1.85e+01  2.48e+00  4.57e-01  2.70e-01   0.66
2009 10 02  1545   55106   56700  9 -1.00e+05 -1.00e+05  9 -1.00e+05 -1.00e+05 -1.00e+05 -1.00e+05 -1.00e+05  -1.00
2009 10 02  1550   55106   57000  9 -1.00e+05 -1.00e+05  9 -1.00e+05 -1.00e+05 -1.00e+05 -1.00e+05 -1.00e+05  -1.00
2009 10 02  1555   55106   57300  9 -1.00e+05 -1.00e+05  9 -1.00e+05 -1.00e+05 -1.00e+05 -1.00e+05 -1.00e+05  -1.00
2009 10 02  1600   55106   57600  9 -1.00e+05 -1.00e+05  9 -1.00e+05 -1.00e+05 -1.00e+05 -1.00e+05 -1.00e+05  -1.00
2009 10 02  1605   55106   57900  9 -1.00e+05 -1.00e+05  9 -1.00e+05 -1.00e+05 -1.00e+05 -1.00e+05 -1.00e+05  -1.00
2009 10 02  1610   55106   58200  9 -1.00e+05 -1.00e+05  9 -1.00e+05 -1.00e+05 -1.00e+05 -1.00e+05 -1.00e+05  -1.00
2009 10 02  1615   55106   58500  0  7.34e+02  3.40e+01  0  1.25e+03  2.60e+01  2.88e+00  2.61e-01  1.32e-01   2.00
2009 10 02  1620   55106   58800  0  5.68e+02  3.02e+01  0  1.14e+03  1.90e+01  2.80e+00  5.72e-01  1.55e-01   0.23
2009 10 02  1625   55106   59100  0  4.27e+02  2.93e+01  0  1.16e+03  1.90e+01  2.72e+00  7.39e-01  2.14e-01   0.31
2009 10 02  1630   55106   59400  0  5.18e+02  3.48e+01  0  1.02e+03  2.25e+01  2.43e+00  7.90e-01  2.11e-01   0.50
2009 10 02  1635   55106   59700  0  7.21e+02  3.45e+01  0  1.08e+03  2.11e+01  2.67e+00  8.57e-01  1.84e-01   0.28
2009 10 02  1640   55106   60000  0  4.73e+02  3.31e+01  0  1.02e+03  1.90e+01  2.79e+00  8.00e-01  1.45e-01   0.34
2009 10 02  1645   55106   60300  0  3.99e+02  2.55e+01  0  1.06e+03  2.21e+01  2.82e+00  6.03e-01  1.97e-01   0.65
2009 10 02  1650   55106   60600  0  5.75e+02  3.30e+01  0  1.08e+03  1.77e+01  2.58e+00  4.95e-01  2.12e-01   0.27
2009 10 02  1655   55106   60900  0  5.42e+02  3.10e+01  0  1.09e+03  1.94e+01  2.58e+00  4.00e-01  2.41e-01   0.68
2009 10 02  1700   55106   61200  0  5.12e+02  2.80e+01  0  1.04e+03  1.90e+01  2.82e+00  7.90e-01  2.00e-01   0.45
2009 10 02  1705   55106   61500  0  4.20e+02  3.06e+01  0  9.78e+02  1.99e+01  2.76e+00  8.19e-01  2.03e-01   0.31
2009 10 02  1710   55106   61800  0  5.46e+02  3.54e+01  0  1.06e+03  2.03e+01  2.73e+00  6.86e-01  1.93e-01   0.58
2009 10 02  1715   55106   62100  0  4.17e+02  2.66e+01  0  1.08e+03  1.76e+01  2.55e+00  7.62e-01  1.84e-01   0.36
2009 10 02  1720   55106   62400  0  4.17e+02  2.90e+01  0  9.91e+02  2.10e+01  3.02e+00  8.52e-01  1.90e-01   0.46
2009 10 02  1725   55106   62700  0  5.85e+02  2.91e+01  0  1.11e+03  2.19e+01  3.00e+00  8.00e-01  1.16e-01   0.27
2009 10 02  1730   55106   63000  0  4.94e+02  2.75e+01  0  1.01e+03  2.18e+01  2.64e+00  6.86e-01  2.12e-01   0.38
2009 10 02  1735   55106   63300  0  4.65e+02  2.90e+01  0  1.06e+03  2.10e+01  3.15e+00  7.07e-01  1.69e-01   0.04
2009 10 02  1740   55106   63600  0  4.53e+02  3.61e+01  0  9.57e+02  2.01e+01  2.52e+00  9.15e-01  2.03e-01   0.34
2009 10 02  1745   55106   63900  0  6.27e+02  2.64e+01  0  1.13e+03  2.13e+01  2.49e+00  7.24e-01  2.32e-01   0.36
2009 10 02  1750   55106   64200  0  4.33e+02  2.26e+01  0  1.10e+03  2.04e+01  2.75e+00  6.44e-01  1.58e-01   0.07
2009 10 02  1755   55106   64500  0  4.73e+02  3.12e+01  0  9.75e+02  2.23e+01  2.36e+00  5.98e-01  2.23e-01   0.09
2009 10 02  1800   55106   64800  0  4.85e+02  2.22e+01  0  1.07e+03  1.98e+01  2.00e+00  6.86e-01  8.43e-02   0.41
2009 10 02  1805   55106   65100  0  5.38e+02  3.00e+01  0  1.06e+03  2.01e+01  2.88e+00  6.44e-01  2.00e-01   0.31
2009 10 02  1810   55106   65400  0  4.11e+02  2.91e+01  0  1.03e+03  1.90e+01  2.72e+00  5.63e-01  1.60e-01   0.05
2009 10 02  1815   55106   65700  0  4.96e+02  2.98e+01  0  1.02e+03  1.76e+01  2.56e+00  7.07e-01  1.37e-01   0.43
2009 10 02  1820   55106   66000  0  5.47e+02  2.94e+01  0  1.06e+03  2.16e+01  2.72e+00  5.20e-01  1.69e-01   0.50
2009 10 02  1825   55106   66300  0  4.17e+02  2.68e+01  0  1.10e+03  1.87e+01  2.75e+00  7.39e-01  1.34e-01   0.19
2009 10 02  1830   55106   66600  0  5.03e+02  3.01e+01  0  9.91e+02  2.08e+01  2.43e+00  6.65e-01  2.32e-01   0.20
2009 10 02  1835   55106   66900  0  5.72e+02  2.76e+01  0  1.06e+03  1.98e+01  2.61e+00  5.63e-01  1.96e-01   0.44
2009 10 02  1840   55106   67200  0  5.00e+02  3.38e+01  0  1.04e+03  1.90e+01  2.03e+00  7.28e-01  2.11e-01   0.78
2009 10 02  1845   55106   67500  0  5.30e+02  3.05e+01  0  1.01e+03  2.27e+01  2.82e+00  7.69e-01  1.48e-01   0.37
2009 10 02  1850   55106   67800  0  6.04e+02  2.76e+01  0  1.10e+03  1.93e+01  2.33e+00  7.04e-01  1.96e-01   0.59
2009 10 02  1855   55106   68100  0  5.38e+02  3.38e+01  0  1.08e+03  1.94e+01  2.95e+00  8.11e-01  1.47e-01   0.24
2009 10 02  1900   55106   68400  0  4.73e+02  3.54e+01  0  1.07e+03  1.98e+01  2.52e+00  5.61e-01  3.79e-01   0.39
2009 10 02  1905   55106   68700  0  3.74e+02  2.67e+01  0  9.86e+02  2.02e+01  2.44e+00  7.92e-01  1.52e-01   0.63
2009 10 02  1910   55106   69000  0  5.97e+02  2.94e+01  0  1.07e+03  2.00e+01  2.75e+00  7.48e-01  2.32e-01   0.53
2009 10 02  1915   55106   69300  0  5.42e+02  3.22e+01  0  1.05e+03  2.16e+01  3.22e+00  8.19e-01  2.80e-01   0.12
2009 10 02  1920   55106   69600  0  4.76e+02  2.87e+01  0  1.01e+03  1.79e+01  2.70e+00  9.34e-01  1.64e-01   0.32
2009 10 02  1925   55106   69900  0  7.22e+02  3.30e+01  0  1.15e+03  2.14e+01  3.46e+00  5.95e-01  1.97e-01   0.30
2009 10 02  1930   55106   70200  0  4.18e+02  2.57e+01  0  1.04e+03  2.28e+01  2.64e+00  6.67e-01  1.35e-01   0.54
2009 10 02  1935   55106   70500  0  4.47e+02  3.06e+01  0  1.05e+03  1.85e+01  2.79e+00  6.48e-01  7.38e-02   0.41
2009 10 02  1940   55106   70800  0  4.86e+02  3.40e+01  0  1.01e+03  2.06e+01  3.15e+00  8.94e-01  2.00e-01   0.34
2009 10 02  1945   55106   71100  0  4.61e+02  2.75e+01  0  1.06e+03  2.21e+01  2.52e+00  6.48e-01  1.45e-01   0.10
2009 10 02  1950   55106   71400  0  6.43e+02  2.99e+01  0  1.06e+03  1.93e+01  3.00e+00  5.53e-01  1.93e-01   0.51
2009 10 02  1955   55106   71700  0  5.60e+02  3.42e+01  0  9.67e+02  1.91e+01  2.67e+00  6.86e-01  9.27e-02   0.59
2009 10 02  2000   55106   72000  0  6.17e+02  3.09e+01  0  1.11e+03  2.04e+01  2.69e+00  7.90e-01  1.48e-01   0.57
2009 10 02  2005   55106   72300  0  4.70e+02  2.85e+01  0  1.05e+03  2.07e+01  2.66e+00  4.75e-01  1.16e-01   0.69
2009 10 02  2010   55106   72600  0  4.38e+02  2.80e+01  0  1.00e+03  2.01e+01  2.43e+00  6.44e-01  1.47e-01   0.41
2009 10 02  2015   55106   72900  0  6.30e+02  2.59e+01  0  1.02e+03  2.17e+01  3.15e+00  8.11e-01  2.00e-01   0.24
2009 10 02  2020   55106   73200  0  5.47e+02  2.86e+01  0  1.06e+03  2.30e+01  2.58e+00  9.32e-01  1.96e-01   0.07
2009 10 02  2025   55106   73500  0  4.56e+02  2.92e+01  0  1.14e+03  1.91e+01  2.43e+00  6.86e-01  9.48e-02   0.08
2009 10 02  2030   55106   73800  0  4.11e+02  2.70e+01  0  1.01e+03  2.12e+01  2.58e+00  5.63e-01  1.87e-01   0.43
2009 10 02  2035   55106   74100  0  5.52e+02  3.00e+01  0  1.07e+03  1.80e+01  2.82e+00  7.07e-01  2.00e-01   0.17
2009 10 02  2040   55106   74400  0  4.56e+02  3.17e+01  0  1.02e+03  2.11e+01  2.49e+00  6.44e-01  1.69e-01   0.15
2009 10 02  2045   55106   74700  0  4.76e+02  2.73e+01  0  1.07e+03  2.20e+01  2.83e+00  7.74e-01  1.69e-01   0.30
2009 10 02  2050   55106   75000  0  6.92e+02  3.11e+01  0  1.02e+03  2.00e+01  3.47e+00  8.94e-01  2.32e-01   0.65
2009 10 02  2055   55106   75300  0  4.76e+02  2.78e+01  0  1.01e+03  2.39e+01  2.69e+00  7.07e-01  2.11e-01   0.24
2009 10 02  2100   55106   75600  0  5.05e+02  3.50e+01  0  9.83e+02  1.99e+01  2.68e+00  7.05e-01  3.14e-01   0.35
2009 10 02  2105   55106   75900  0  5.10e+02  2.85e+01  0  1.01e+03  2.13e+01  2.64e+00  4.40e-01  2.00e-01   0.47
2009 10 02  2110   55106   76200  0  5.04e+02  2.73e+01  0  1.13e+03  2.10e+01  2.58e+00  4.95e-01  1.64e-01   0.08
2009 10 02  2115   55106   76500  0  4.93e+02  3.29e+01  0  1.05e+03  2.16e+01  2.70e+00  8.19e-01  1.55e-01   0.17
2009 10 02  2120   55106   76800  0  4.67e+02  2.92e+01  0  9.44e+02  2.16e+01  2.43e+00  7.07e-01  2.11e-01   0.52
2009 10 02  2125   55106   77100  0  5.26e+02  2.64e+01  0  1.02e+03  2.12e+01  3.09e+00  5.91e-01  1.26e-01   0.53
2009 10 02  2130   55106   77400  0  4.20e+02  2.62e+01  0  1.06e+03  2.22e+01  2.34e+00  6.29e-01  1.64e-01   0.45
2009 10 02  2135   55106   77700  0  5.10e+02  3.83e+01  0  1.04e+03  2.32e+01  2.95e+00  7.27e-01  2.11e-01   0.42
2009 10 02  2140   55106   78000  0  6.15e+02  2.89e+01  0  1.01e+03  2.12e+01  2.37e+00  6.67e-01  1.26e-01   0.18
2009 10 02  2145   55106   78300  0  4.33e+02  2.48e+01  0  1.04e+03  2.11e+01  3.18e+00  5.72e-01  1.45e-01   0.29
2009 10 02  2150   55106   78600  0  4.66e+02  2.69e+01  0  1.02e+03  2.25e+01  2.61e+00  5.91e-01  2.12e-01   0.12
2009 10 02  2155   55106   78900  0  3.51e+02  2.74e+01  0  9.77e+02  1.92e+01  2.39e+00  6.65e-01  1.26e-01   0.41
2009 10 02  2200   55106   79200  0  6.00e+02  3.33e+01  0  1.05e+03  2.02e+01  2.37e+00  6.29e-01  1.55e-01   0.63
2009 10 02  2205   55106   79500  0  5.13e+02  3.12e+01  0  1.10e+03  2.05e+01  2.55e+00  7.05e-01  1.74e-01   0.34
2009 10 02  2210   55106   79800  0  4.40e+02  2.84e+01  0  1.04e+03  2.05e+01  3.11e+00  7.69e-01  2.21e-01   0.33
2009 10 02  2215   55106   80100  0  5.90e+02  3.31e+01  0  1.11e+03  2.30e+01  2.70e+00  7.81e-01  1.45e-01   0.33
2009 10 02  2220   55106   80400  0  5.04e+02  3.45e+01  0  1.05e+03  2.02e+01  2.82e+00  6.29e-01  1.93e-01   0.20
2009 10 02  2225   55106   80700  0  4.80e+02  3.03e+01  0  1.07e+03  2.04e+01  2.82e+00  7.07e-01  1.69e-01   0.54
2009 10 02  2230   55106   81000  0  5.60e+02  3.78e+01  0  1.00e+03  1.99e+01  2.27e+00  9.15e-01  1.69e-01   0.39
2009 10 02  2235   55106   81300  0  6.37e+02  3.34e+01  0  1.09e+03  1.96e+01  2.62e+00  6.65e-01  2.21e-01   0.25
2009 10 02  2240   55106   81600  0  5.01e+02  3.25e+01  0  1.08e+03  2.14e+01  2.69e+00  8.31e-01  2.32e-01   0.66
2009 10 02  2245   55106   81900  0  4.50e+02  3.01e+01  0  1.00e+03  2.27e+01  2.50e+00  7.56e-01  1.52e-01   0.32
2009 10 02  2250   55106   82200  0  5.99e+02  3.17e+01  0  1.08e+03  2.22e+01  2.26e+00  7.07e-01  1.90e-01   0.18
2009 10 02  2255   55106   82500  0  4.27e+02  3.01e+01  0  1.10e+03  2.14e+01  2.46e+00  6.24e-01  1.79e-01   0.51
2009 10 02  2300   55106   82800  0  4.58e+02  3.30e+01  0  1.03e+03  2.00e+01  2.36e+00  8.09e-01  1.43e-01   0.82
2009 10 02  2305   55106   83100  0  5.39e+02  3.56e+01  0  1.04e+03  2.14e+01  2.92e+00  7.90e-01  1.69e-01   0.27
2009 10 02  2310   55106   83400  0  4.49e+02  2.52e+01  0  1.08e+03  2.21e+01  2.36e+00  7.21e-01  1.78e-01   0.33
2009 10 02  2315   55106   83700  0  4.56e+02  3.21e+01  0  1.06e+03  1.88e+01  2.92e+00  7.90e-01  1.58e-01   0.12
2009 10 02  2320   55106   84000  0  4.42e+02  2.88e+01  0  9.90e+02  2.38e+01  3.18e+00  7.90e-01  1.79e-01   0.10
2009 10 02  2325   55106   84300  0  5.28e+02  3.24e+01  0  1.09e+03  2.08e+01  2.69e+00  7.39e-01  2.59e-01   0.25
2009 10 02  2330   55106   84600  0  5.01e+02  3.09e+01  0  1.08e+03  2.07e+01  3.05e+00  6.03e-01  1.90e-01   0.33
2009 10 02  2335   55106   84900  0  4.64e+02  3.23e+01  0  1.06e+03  2.02e+01  2.36e+00  5.61e-01  2.11e-01   0.53
2009 10 02  2340   55106   85200  0  5.56e+02  3.34e+01  0  1.10e+03  2.13e+01  2.94e+00  6.86e-01  1.60e-01   0.50
2009 10 02  2345   55106   85500  0  4.69e+02  2.78e+01  0  1.08e+03  2.18e+01  3.05e+00  5.61e-01  6.32e-02   0.24
2009 10 02  2350   55106   85800  0  4.00e+02  2.53e+01  0  1.09e+03  1.95e+01  3.25e+00  5.72e-01  7.73e-02   0.34
2009 10 02  2355   55106   86100  0  4.98e+02  2.85e+01  0  1.04e+03  2.17e+01  2.85e+00  1.01e+00  1.45e-01   0.60
