:Data_list: 20090413_ace_epam_5m.txt
:Created: 2009 Apr 14 0011 UT
# Prepared by the U.S. Dept. of Commerce, NOAA, Space Weather Prediction Center
# Please send comments and suggestions to SWPC.Webmaster@noaa.gov 
# 
# Units: Differential Flux particles/cm2-s-ster-MeV
# Units: Anisotropy Index 0.0 - 2.0
# Status(S): 0 = nominal, 4,6,7,8 = bad data, unable to process, 9 = no data
# Missing data values: -1.00e+05, index = -1.00
# Source: ACE Satellite - Electron, Proton, and Alpha Monitor
#
#
#                      5-minute averaged Real-time Differential Electron and Proton Flux 
# 
#                Modified Seconds ---------------------------- Differential Flux ---------------------------
# UT Date   Time  Julian  of the  ----- Electron -----   ------------------- Protons keV -------------------   Anis.
# YR MO DA  HHMM    Day    Day    S    38-53   175-315   S    47-68   115-195   310-580   761-1220 1060-1900   Index
#-------------------------------------------------------------------------------------------------------------------
2009 04 13  0000   54934       0  0  5.99e+02  2.78e+01  0  1.00e+03  1.95e+01  2.97e+00  5.34e-01  1.64e-01   1.09
2009 04 13  0005   54934     300  0  5.31e+02  2.75e+01  0  1.02e+03  1.81e+01  2.40e+00  5.34e-01  2.03e-01   0.19
2009 04 13  0010   54934     600  0  5.24e+02  3.26e+01  0  9.16e+02  2.27e+01  2.25e+00  8.96e-01  1.55e-01   0.30
2009 04 13  0015   54934     900  0  7.57e+02  3.44e+01  0  1.00e+03  2.02e+01  2.28e+00  5.91e-01  1.06e-01   0.24
2009 04 13  0020   54934    1200  0  6.05e+02  3.56e+01  0  9.99e+02  1.92e+01  2.79e+00  5.34e-01  1.74e-01   0.17
2009 04 13  0025   54934    1500  0  5.12e+02  2.67e+01  0  9.30e+02  1.68e+01  2.29e+00  5.61e-01  1.05e-01   0.21
2009 04 13  0030   54934    1800  0  8.43e+02  3.30e+01  0  1.03e+03  1.62e+01  2.73e+00  7.05e-01  2.51e-01   0.54
2009 04 13  0035   54934    2100  0  6.19e+02  2.71e+01  0  9.57e+02  2.00e+01  2.43e+00  4.76e-01  6.32e-02   0.37
2009 04 13  0040   54934    2400  0  6.17e+02  3.15e+01  0  9.81e+02  2.07e+01  2.29e+00  5.20e-01  1.90e-01   0.27
2009 04 13  0045   54934    2700  0  6.07e+02  2.57e+01  0  9.69e+02  2.06e+01  2.16e+00  5.63e-01  2.14e-01   0.41
2009 04 13  0050   54934    3000  0  6.80e+02  2.80e+01  0  1.01e+03  1.86e+01  2.85e+00  5.34e-01  2.12e-01   0.70
2009 04 13  0055   54934    3300  0  6.69e+02  2.61e+01  0  1.02e+03  2.00e+01  2.62e+00  7.07e-01  2.00e-01   0.17
2009 04 13  0100   54934    3600  0  6.22e+02  3.45e+01  0  9.81e+02  1.92e+01  2.30e+00  6.16e-01  2.12e-01   0.63
2009 04 13  0105   54934    3900  0  6.82e+02  2.69e+01  0  1.01e+03  1.67e+01  2.43e+00  7.28e-01  2.00e-01   0.39
2009 04 13  0110   54934    4200  0  5.63e+02  2.90e+01  0  9.30e+02  2.11e+01  2.59e+00  8.52e-01  1.37e-01   0.39
2009 04 13  0115   54934    4500  0  5.95e+02  2.62e+01  0  9.56e+02  1.83e+01  2.52e+00  4.93e-01  2.23e-01   0.60
2009 04 13  0120   54934    4800  0  6.82e+02  2.76e+01  0  9.47e+02  2.21e+01  3.11e+00  5.26e-01  1.79e-01   0.57
2009 04 13  0125   54934    5100  0  7.51e+02  2.58e+01  0  1.05e+03  1.97e+01  2.47e+00  7.04e-01  2.67e-01   0.14
2009 04 13  0130   54934    5400  0  6.38e+02  2.44e+01  0  1.04e+03  1.85e+01  2.44e+00  7.04e-01  1.78e-01   0.14
2009 04 13  0135   54934    5700  0  6.17e+02  2.76e+01  0  9.14e+02  2.27e+01  2.65e+00  7.69e-01  1.90e-01   0.14
2009 04 13  0140   54934    6000  0  5.83e+02  2.76e+01  0  9.78e+02  1.89e+01  2.91e+00  7.04e-01  9.81e-02   0.39
2009 04 13  0145   54934    6300  0  6.28e+02  2.61e+01  0  9.91e+02  2.27e+01  2.29e+00  6.86e-01  1.26e-01   0.27
2009 04 13  0150   54934    6600  0  6.02e+02  3.44e+01  0  9.57e+02  1.75e+01  2.79e+00  5.61e-01  2.11e-01   0.34
2009 04 13  0155   54934    6900  0  6.94e+02  2.73e+01  0  9.94e+02  2.22e+01  2.39e+00  5.98e-01  1.43e-01   0.26
2009 04 13  0200   54934    7200  0  6.65e+02  3.23e+01  0  9.87e+02  1.99e+01  2.43e+00  8.32e-01  1.62e-01   0.40
2009 04 13  0205   54934    7500  0  5.77e+02  2.94e+01  0  9.57e+02  1.95e+01  2.64e+00  6.86e-01  1.55e-01   0.41
2009 04 13  0210   54934    7800  0  5.84e+02  3.17e+01  0  9.27e+02  1.89e+01  2.47e+00  7.04e-01  8.43e-02   0.28
2009 04 13  0215   54934    8100  0  6.19e+02  2.69e+01  0  1.04e+03  2.07e+01  2.52e+00  5.40e-01  1.51e-01   0.53
2009 04 13  0220   54934    8400  0  5.93e+02  3.17e+01  0  1.00e+03  2.04e+01  2.67e+00  8.57e-01  2.53e-01   0.34
2009 04 13  0225   54934    8700  0  6.20e+02  2.89e+01  0  9.65e+02  1.85e+01  2.73e+00  8.00e-01  2.12e-01   0.09
2009 04 13  0230   54934    9000  0  7.02e+02  3.54e+01  0  9.87e+02  2.10e+01  2.33e+00  7.69e-01  2.53e-01   0.08
2009 04 13  0235   54934    9300  0  6.71e+02  3.03e+01  0  9.67e+02  1.99e+01  2.91e+00  7.62e-01  1.16e-01   0.21
2009 04 13  0240   54934    9600  0  6.20e+02  3.06e+01  0  9.52e+02  2.09e+01  2.79e+00  9.91e-01  1.45e-01   0.28
2009 04 13  0245   54934    9900  0  6.35e+02  2.66e+01  0  9.85e+02  1.91e+01  2.34e+00  6.29e-01  1.79e-01   0.28
2009 04 13  0250   54934   10200  0  5.72e+02  2.89e+01  0  1.01e+03  2.04e+01  2.85e+00  6.29e-01  1.90e-01   0.82
2009 04 13  0255   54934   10500  0  6.15e+02  2.37e+01  0  1.06e+03  1.89e+01  2.64e+00  6.29e-01  1.74e-01   0.34
2009 04 13  0300   54934   10800  0  5.42e+02  3.17e+01  0  9.00e+02  2.36e+01  2.67e+00  6.67e-01  2.03e-01   0.71
2009 04 13  0305   54934   11100  0  6.94e+02  2.94e+01  0  1.03e+03  1.91e+01  2.95e+00  6.24e-01  7.38e-02   0.35
2009 04 13  0310   54934   11400  0  5.66e+02  2.98e+01  0  9.81e+02  2.43e+01  2.52e+00  6.10e-01  2.41e-01   0.79
2009 04 13  0315   54934   11700  0  6.22e+02  3.19e+01  0  9.84e+02  1.91e+01  2.25e+00  5.34e-01  2.03e-01   0.42
2009 04 13  0320   54934   12000  0  6.44e+02  2.49e+01  0  9.57e+02  1.90e+01  2.16e+00  4.16e-01  1.37e-01   0.35
2009 04 13  0325   54934   12300  0  7.46e+02  3.22e+01  0  1.00e+03  1.74e+01  2.75e+00  1.23e+00  1.64e-01   0.17
2009 04 13  0330   54934   12600  0  6.33e+02  3.47e+01  0  9.98e+02  2.37e+01  2.73e+00  8.19e-01  2.03e-01   0.34
2009 04 13  0335   54934   12900  0  5.50e+02  2.80e+01  0  8.93e+02  1.70e+01  2.46e+00  5.61e-01  2.21e-01   0.07
2009 04 13  0340   54934   13200  0  7.63e+02  3.47e+01  0  9.65e+02  2.19e+01  2.86e+00  7.74e-01  2.59e-01   0.46
2009 04 13  0345   54934   13500  0  5.12e+02  2.45e+01  0  9.64e+02  1.68e+01  2.36e+00  4.37e-01  1.79e-01   0.29
2009 04 13  0350   54934   13800  0  5.81e+02  2.57e+01  0  9.34e+02  1.80e+01  2.69e+00  6.65e-01  1.58e-01   0.62
2009 04 13  0355   54934   14100  0  6.44e+02  2.80e+01  0  9.59e+02  1.92e+01  2.52e+00  5.63e-01  1.16e-01   0.35
2009 04 13  0400   54934   14400  0  5.92e+02  2.94e+01  0  1.02e+03  1.90e+01  3.44e+00  9.35e-01  1.79e-01   0.49
2009 04 13  0405   54934   14700  0  5.66e+02  2.91e+01  0  9.82e+02  2.11e+01  2.63e+00  6.51e-01  1.43e-01   0.08
2009 04 13  0410   54934   15000  0  6.40e+02  2.70e+01  0  9.50e+02  1.88e+01  2.44e+00  6.51e-01  2.14e-01   0.44
2009 04 13  0415   54934   15300  0  6.76e+02  3.19e+01  0  9.97e+02  2.06e+01  2.36e+00  7.48e-01  1.26e-01   0.13
2009 04 13  0420   54934   15600  0  5.74e+02  3.07e+01  0  1.01e+03  2.16e+01  3.11e+00  5.80e-01  9.48e-02   0.21
2009 04 13  0425   54934   15900  0  5.36e+02  2.76e+01  0  8.89e+02  2.15e+01  2.88e+00  5.20e-01  6.62e-02   0.56
2009 04 13  0430   54934   16200  0  6.78e+02  3.05e+01  0  1.04e+03  2.10e+01  2.75e+00  6.86e-01  1.79e-01   0.36
2009 04 13  0435   54934   16500  0  6.26e+02  3.19e+01  0  1.08e+03  2.25e+01  2.61e+00  6.33e-01  8.92e-02   0.16
2009 04 13  0440   54934   16800  0  6.01e+02  3.03e+01  0  1.12e+03  2.42e+01  2.36e+00  6.17e-01  2.42e-01   0.32
2009 04 13  0445   54934   17100  0  6.30e+02  2.82e+01  0  1.07e+03  2.06e+01  2.43e+00  5.91e-01  1.64e-01   0.31
2009 04 13  0450   54934   17400  0  7.01e+02  2.83e+01  0  1.01e+03  2.27e+01  2.66e+00  7.21e-01  1.25e-01   0.30
2009 04 13  0455   54934   17700  0  5.54e+02  2.63e+01  0  9.42e+02  1.95e+01  2.46e+00  6.65e-01  8.43e-02   0.05
2009 04 13  0500   54934   18000  0  7.64e+02  2.91e+01  0  9.43e+02  1.80e+01  1.92e+00  5.34e-01  1.35e-01   0.30
2009 04 13  0505   54934   18300  0  7.97e+02  2.69e+01  0  9.72e+02  1.97e+01  2.82e+00  2.86e-01  1.84e-01   1.17
2009 04 13  0510   54934   18600  0  6.06e+02  3.40e+01  0  1.05e+03  1.95e+01  2.59e+00  4.99e-01  1.26e-01   0.26
2009 04 13  0515   54934   18900  0  6.27e+02  2.53e+01  0  1.06e+03  1.90e+01  3.09e+00  5.33e-01  3.09e-01   0.27
2009 04 13  0520   54934   19200  0  8.15e+02  2.78e+01  0  1.00e+03  1.92e+01  2.55e+00  7.62e-01  1.55e-01   0.18
2009 04 13  0525   54934   19500  0  6.00e+02  2.50e+01  0  9.97e+02  2.10e+01  2.10e+00  7.24e-01  2.61e-01   0.61
2009 04 13  0530   54934   19800  0  5.94e+02  2.82e+01  0  9.96e+02  1.85e+01  2.28e+00  5.53e-01  1.93e-01   0.55
2009 04 13  0535   54934   20100  0  5.85e+02  3.56e+01  0  9.51e+02  2.06e+01  2.79e+00  8.77e-01  1.84e-01   0.13
2009 04 13  0540   54934   20400  0  7.32e+02  3.21e+01  0  1.05e+03  2.10e+01  2.79e+00  5.14e-01  1.83e-01   0.13
2009 04 13  0545   54934   20700  0  5.75e+02  2.49e+01  0  1.01e+03  1.94e+01  2.66e+00  5.82e-01  1.37e-01   0.45
2009 04 13  0550   54934   21000  0  6.52e+02  2.75e+01  0  9.66e+02  2.03e+01  2.82e+00  4.76e-01  1.64e-01   0.59
2009 04 13  0555   54934   21300  0  5.67e+02  2.60e+01  0  9.87e+02  2.14e+01  2.43e+00  6.48e-01  1.26e-01   0.61
2009 04 13  0600   54934   21600  0  5.87e+02  2.72e+01  0  9.77e+02  1.97e+01  2.49e+00  8.11e-01  1.26e-01   0.19
2009 04 13  0605   54934   21900  0  6.01e+02  3.29e+01  0  9.96e+02  1.98e+01  2.58e+00  6.56e-01  1.25e-01   0.43
2009 04 13  0610   54934   22200  0  7.16e+02  3.01e+01  0  1.07e+03  2.34e+01  2.22e+00  7.24e-01  2.12e-01   0.31
2009 04 13  0615   54934   22500  0  6.95e+02  2.80e+01  0  1.07e+03  2.33e+01  2.75e+00  5.37e-01  2.23e-01   0.69
2009 04 13  0620   54934   22800  0  5.97e+02  3.70e+01  0  1.08e+03  2.15e+01  2.61e+00  6.68e-01  2.14e-01   0.60
2009 04 13  0625   54934   23100  0  5.01e+02  2.71e+01  0  1.00e+03  1.86e+01  2.62e+00  6.86e-01  1.37e-01   0.54
2009 04 13  0630   54934   23400  0  7.31e+02  3.54e+01  0  1.05e+03  1.97e+01  2.23e+00  5.61e-01  1.58e-01   0.16
2009 04 13  0635   54934   23700  0  5.80e+02  2.76e+01  0  9.89e+02  1.87e+01  2.91e+00  8.80e-01  1.78e-01   0.23
2009 04 13  0640   54934   24000  0  5.36e+02  3.44e+01  0  9.76e+02  1.89e+01  2.20e+00  3.95e-01  1.79e-01   0.76
2009 04 13  0645   54934   24300  0  7.10e+02  3.42e+01  0  1.01e+03  1.94e+01  2.94e+00  8.09e-01  2.76e-01   0.53
2009 04 13  0650   54934   24600  0  6.41e+02  2.57e+01  0  1.03e+03  2.13e+01  2.50e+00  7.04e-01  2.32e-01   0.17
2009 04 13  0655   54934   24900  0  5.77e+02  2.69e+01  0  9.86e+02  2.07e+01  2.43e+00  4.57e-01  1.05e-01   0.21
2009 04 13  0700   54934   25200  0  5.68e+02  3.24e+01  0  1.01e+03  2.33e+01  2.08e+00  7.21e-01  1.87e-01   0.23
2009 04 13  0705   54934   25500  0  7.29e+02  3.38e+01  0  1.22e+03  2.19e+01  2.75e+00  7.90e-01  2.00e-01   0.44
2009 04 13  0710   54934   25800  0  4.74e+02  2.32e+01  0  1.06e+03  2.07e+01  2.29e+00  6.03e-01  1.90e-01   0.87
2009 04 13  0715   54934   26100  0  5.56e+02  2.88e+01  0  9.64e+02  2.15e+01  2.44e+00  5.45e-01  1.60e-01   0.50
2009 04 13  0720   54934   26400  0  6.28e+02  3.21e+01  0  9.70e+02  1.85e+01  2.36e+00  5.82e-01  2.11e-01   0.16
2009 04 13  0725   54934   26700  0  5.79e+02  3.17e+01  0  1.01e+03  2.01e+01  2.58e+00  7.24e-01  1.74e-01   0.16
2009 04 13  0730   54934   27000  0  4.87e+02  2.99e+01  0  1.15e+03  2.49e+01  2.77e+00  8.44e-01  2.05e-01   0.20
2009 04 13  0735   54934   27300  0  5.84e+02  3.61e+01  0  1.21e+03  2.57e+01  2.33e+00  6.03e-01  2.00e-01   0.37
2009 04 13  0740   54934   27600  0  6.56e+02  3.26e+01  0  1.25e+03  2.35e+01  2.67e+00  7.81e-01  2.12e-01   0.20
2009 04 13  0745   54934   27900  0  5.94e+02  2.80e+01  0  1.02e+03  2.14e+01  2.16e+00  7.62e-01  1.55e-01   0.23
2009 04 13  0750   54934   28200  0  6.87e+02  2.76e+01  0  1.09e+03  2.01e+01  2.52e+00  6.24e-01  2.42e-01   0.22
2009 04 13  0755   54934   28500  0  7.40e+02  3.26e+01  0  1.06e+03  2.11e+01  2.64e+00  5.91e-01  2.32e-01   0.35
2009 04 13  0800   54934   28800  0  5.75e+02  2.60e+01  0  1.12e+03  2.01e+01  2.01e+00  5.91e-01  1.26e-01   0.38
2009 04 13  0805   54934   29100  0  7.31e+02  3.15e+01  0  1.25e+03  2.25e+01  2.58e+00  7.62e-01  1.26e-01   0.20
2009 04 13  0810   54934   29400  0  5.47e+02  3.84e+01  0  9.40e+02  1.86e+01  2.70e+00  7.81e-01  1.74e-01   0.53
2009 04 13  0815   54934   29700  0  5.77e+02  3.03e+01  0  1.02e+03  2.05e+01  2.43e+00  4.95e-01  1.45e-01   1.01
2009 04 13  0820   54934   30000  0  5.84e+02  2.94e+01  0  1.02e+03  1.88e+01  2.16e+00  4.95e-01  2.12e-01   0.24
2009 04 13  0825   54934   30300  0  5.63e+02  3.11e+01  0  9.24e+02  2.12e+01  2.23e+00  4.57e-01  1.90e-01   0.49
2009 04 13  0830   54934   30600  0  6.45e+02  2.92e+01  0  1.08e+03  1.94e+01  2.58e+00  7.62e-01  1.93e-01   0.55
2009 04 13  0835   54934   30900  0  5.47e+02  2.53e+01  0  1.09e+03  2.05e+01  2.46e+00  7.43e-01  2.12e-01   0.42
2009 04 13  0840   54934   31200  0  6.22e+02  2.88e+01  0  9.62e+02  2.22e+01  2.29e+00  5.20e-01  8.43e-02   0.27
2009 04 13  0845   54934   31500  0  6.78e+02  2.35e+01  0  1.00e+03  1.98e+01  2.36e+00  4.93e-01  1.43e-01   0.57
2009 04 13  0850   54934   31800  0  6.05e+02  3.08e+01  0  1.01e+03  2.08e+01  2.46e+00  8.96e-01  2.12e-01   0.12
2009 04 13  0855   54934   32100  0  5.42e+02  2.90e+01  0  9.74e+02  2.14e+01  2.43e+00  7.07e-01  1.47e-01   0.28
2009 04 13  0900   54934   32400  0  6.53e+02  2.94e+01  0  9.62e+02  1.95e+01  2.55e+00  6.16e-01  1.78e-01   0.09
2009 04 13  0905   54934   32700  0  5.77e+02  3.56e+01  0  9.89e+02  1.89e+01  2.82e+00  6.65e-01  1.47e-01   0.27
2009 04 13  0910   54934   33000  0  5.86e+02  3.07e+01  0  9.97e+02  2.06e+01  2.85e+00  5.61e-01  2.42e-01   0.11
2009 04 13  0915   54934   33300  0  6.40e+02  2.86e+01  0  9.23e+02  1.93e+01  2.61e+00  9.32e-01  2.32e-01   0.35
2009 04 13  0920   54934   33600  0  7.57e+02  2.96e+01  0  1.02e+03  2.26e+01  2.75e+00  8.73e-01  1.48e-01   0.62
2009 04 13  0925   54934   33900  0  5.85e+02  2.86e+01  0  9.62e+02  1.93e+01  2.50e+00  5.10e-01  1.96e-01   0.33
2009 04 13  0930   54934   34200  0  5.75e+02  2.88e+01  0  1.01e+03  2.18e+01  2.55e+00  5.10e-01  2.67e-01   0.60
2009 04 13  0935   54934   34500  0  5.48e+02  2.80e+01  0  9.17e+02  1.81e+01  2.49e+00  7.07e-01  1.90e-01   0.54
2009 04 13  0940   54934   34800  0  6.29e+02  3.35e+01  0  1.04e+03  2.07e+01  2.41e+00  7.21e-01  1.87e-01   0.33
2009 04 13  0945   54934   35100  0  5.74e+02  3.21e+01  0  9.99e+02  1.90e+01  3.02e+00  4.78e-01  1.16e-01   0.38
2009 04 13  0950   54934   35400  0  5.20e+02  3.25e+01  0  9.10e+02  2.16e+01  2.75e+00  7.07e-01  1.69e-01   0.64
2009 04 13  0955   54934   35700  0  6.58e+02  3.27e+01  0  1.02e+03  2.13e+01  2.22e+00  6.86e-01  1.43e-01   0.30
2009 04 13  1000   54934   36000  0  6.60e+02  3.40e+01  0  9.90e+02  2.19e+01  2.79e+00  5.61e-01  2.21e-01   0.41
2009 04 13  1005   54934   36300  0  6.15e+02  3.44e+01  0  1.01e+03  2.09e+01  2.82e+00  5.91e-01  2.22e-01   0.38
2009 04 13  1010   54934   36600  0  5.00e+02  3.17e+01  0  9.92e+02  1.88e+01  2.83e+00  7.74e-01  2.32e-01   0.29
2009 04 13  1015   54934   36900  0  6.48e+02  3.36e+01  0  1.00e+03  1.67e+01  2.95e+00  6.86e-01  2.53e-01   0.48
2009 04 13  1020   54934   37200  0  5.08e+02  2.48e+01  0  1.02e+03  2.19e+01  2.46e+00  7.62e-01  1.64e-01   0.50
2009 04 13  1025   54934   37500  0  5.03e+02  3.06e+01  0  9.10e+02  1.76e+01  2.19e+00  9.15e-01  1.55e-01   0.07
2009 04 13  1030   54934   37800  0  7.34e+02  2.96e+01  0  1.04e+03  2.00e+01  2.00e+00  5.40e-01  2.42e-01   0.39
2009 04 13  1035   54934   38100  0  4.89e+02  3.15e+01  0  1.02e+03  1.96e+01  2.46e+00  5.53e-01  1.93e-01   0.74
2009 04 13  1040   54934   38400  0  6.47e+02  3.26e+01  0  9.24e+02  2.12e+01  2.34e+00  6.10e-01  2.03e-01   0.55
2009 04 13  1045   54934   38700  0  5.77e+02  3.17e+01  0  9.91e+02  1.99e+01  2.64e+00  6.67e-01  1.64e-01   0.28
2009 04 13  1050   54934   39000  0  4.15e+02  2.94e+01  0  1.02e+03  2.21e+01  2.34e+00  6.67e-01  8.69e-02   0.18
2009 04 13  1055   54934   39300  0  4.20e+02  2.96e+01  0  9.60e+02  2.03e+01  2.07e+00  5.72e-01  1.16e-01   0.75
2009 04 13  1100   54934   39600  0  5.52e+02  3.24e+01  0  9.26e+02  2.34e+01  2.67e+00  7.24e-01  1.84e-01   0.65
2009 04 13  1105   54934   39900  0  5.86e+02  3.36e+01  0  9.57e+02  2.10e+01  2.82e+00  5.61e-01  2.00e-01   0.33
2009 04 13  1110   54934   40200  0  4.27e+02  2.20e+01  0  1.02e+03  1.74e+01  2.34e+00  5.53e-01  1.64e-01   0.76
2009 04 13  1115   54934   40500  0  4.81e+02  2.59e+01  0  8.88e+02  1.95e+01  2.55e+00  8.76e-01  2.03e-01   0.38
2009 04 13  1120   54934   40800  0  5.86e+02  3.07e+01  0  1.03e+03  2.08e+01  2.29e+00  5.82e-01  1.05e-01   0.27
2009 04 13  1125   54934   41100  0  4.84e+02  2.75e+01  0  9.99e+02  2.12e+01  2.83e+00  5.98e-01  1.60e-01   0.23
2009 04 13  1130   54934   41400  0  5.24e+02  3.08e+01  0  9.89e+02  1.97e+01  2.34e+00  5.34e-01  1.93e-01   0.52
2009 04 13  1135   54934   41700  0  6.20e+02  3.00e+01  0  9.58e+02  2.02e+01  2.29e+00  5.82e-01  1.37e-01   0.33
2009 04 13  1140   54934   42000  0  5.22e+02  3.17e+01  0  9.98e+02  1.85e+01  2.86e+00  6.68e-01  1.35e-01   0.15
2009 04 13  1145   54934   42300  0  6.06e+02  2.90e+01  0  9.30e+02  1.99e+01  2.62e+00  8.31e-01  2.42e-01   0.44
2009 04 13  1150   54934   42600  0  4.94e+02  2.80e+01  0  9.39e+02  2.31e+01  2.59e+00  5.20e-01  8.43e-02   0.51
2009 04 13  1155   54934   42900  0  6.61e+02  2.76e+01  0  1.01e+03  1.78e+01  2.52e+00  5.80e-01  9.81e-02   0.74
2009 04 13  1200   54934   43200  0  5.19e+02  2.88e+01  0  9.76e+02  1.85e+01  2.75e+00  5.82e-01  2.53e-01   0.19
2009 04 13  1205   54934   43500  0  4.99e+02  2.63e+01  0  9.08e+02  1.95e+01  2.86e+00  7.39e-01  1.96e-01   0.64
2009 04 13  1210   54934   43800  0  6.81e+02  2.85e+01  0  9.81e+02  1.77e+01  2.52e+00  7.03e-01  1.87e-01   0.42
2009 04 13  1215   54934   44100  0  6.24e+02  2.88e+01  0  9.91e+02  2.17e+01  1.93e+00  6.24e-01  1.48e-01   0.50
2009 04 13  1220   54934   44400  0  6.62e+02  3.16e+01  0  9.77e+02  1.89e+01  3.00e+00  7.74e-01  1.25e-01   0.35
2009 04 13  1225   54934   44700  0  5.12e+02  2.78e+01  0  9.51e+02  2.08e+01  2.43e+00  5.61e-01  1.48e-01   1.07
2009 04 13  1230   54934   45000  0  7.09e+02  3.36e+01  0  1.04e+03  2.20e+01  2.72e+00  4.78e-01  1.27e-01   0.06
2009 04 13  1235   54934   45300  0  6.64e+02  2.31e+01  0  1.06e+03  2.21e+01  2.83e+00  5.80e-01  2.14e-01   0.36
2009 04 13  1240   54934   45600  0  4.80e+02  3.09e+01  0  9.38e+02  2.01e+01  2.56e+00  6.44e-01  2.32e-01   0.19
2009 04 13  1245   54934   45900  0  5.41e+02  3.05e+01  0  9.66e+02  1.87e+01  2.46e+00  4.38e-01  1.35e-01   0.59
2009 04 13  1250   54934   46200  0  4.37e+02  2.73e+01  0  1.03e+03  1.90e+01  2.75e+00  7.91e-01  7.38e-02   0.31
2009 04 13  1255   54934   46500  0  5.34e+02  2.90e+01  0  1.02e+03  1.63e+01  2.65e+00  3.95e-01  1.48e-01   0.24
2009 04 13  1300   54934   46800  0  5.07e+02  2.36e+01  0  9.40e+02  2.03e+01  2.40e+00  4.95e-01  1.55e-01   0.36
2009 04 13  1305   54934   47100  0  6.38e+02  3.22e+01  0  9.89e+02  1.76e+01  2.52e+00  6.67e-01  1.55e-01   0.65
2009 04 13  1310   54934   47400  0  5.16e+02  2.84e+01  0  1.00e+03  2.09e+01  2.36e+00  6.24e-01  2.00e-01   0.21
2009 04 13  1315   54934   47700  0  6.48e+02  3.42e+01  0  9.19e+02  2.07e+01  2.76e+00  6.86e-01  1.93e-01   0.52
2009 04 13  1320   54934   48000  0  5.77e+02  2.78e+01  0  1.01e+03  2.03e+01  2.55e+00  7.81e-01  2.03e-01   0.05
2009 04 13  1325   54934   48300  0  6.53e+02  3.17e+01  0  1.02e+03  2.04e+01  2.88e+00  8.57e-01  1.55e-01   0.49
2009 04 13  1330   54934   48600  0  5.41e+02  3.17e+01  0  9.81e+02  2.04e+01  2.37e+00  7.05e-01  1.26e-01   0.48
2009 04 13  1335   54934   48900  0  5.66e+02  2.85e+01  0  9.75e+02  2.05e+01  2.94e+00  6.10e-01  1.64e-01   0.36
2009 04 13  1340   54934   49200  0  4.99e+02  3.03e+01  0  9.50e+02  1.96e+01  2.52e+00  6.10e-01  1.35e-01   0.44
2009 04 13  1345   54934   49500  0  5.21e+02  2.72e+01  0  9.68e+02  1.99e+01  1.74e+00  6.86e-01  1.90e-01   0.04
2009 04 13  1350   54934   49800  0  5.37e+02  2.83e+01  0  9.42e+02  2.06e+01  2.13e+00  6.10e-01  1.64e-01   0.67
2009 04 13  1355   54934   50100  0  7.59e+02  3.31e+01  0  1.00e+03  2.06e+01  2.61e+00  7.62e-01  1.45e-01   0.68
2009 04 13  1400   54934   50400  0  4.76e+02  3.00e+01  0  9.82e+02  1.99e+01  2.56e+00  7.69e-01  1.90e-01   0.73
2009 04 13  1405   54934   50700  0  5.42e+02  3.16e+01  0  9.70e+02  2.25e+01  3.00e+00  7.74e-01  2.41e-01   0.54
2009 04 13  1410   54934   51000  0  5.11e+02  2.59e+01  0  9.15e+02  1.91e+01  2.73e+00  7.24e-01  1.35e-01   0.56
2009 04 13  1415   54934   51300  0  4.78e+02  2.78e+01  0  9.32e+02  2.19e+01  3.08e+00  7.69e-01  2.00e-01   0.24
2009 04 13  1420   54934   51600  0  4.40e+02  3.34e+01  0  9.85e+02  1.79e+01  2.61e+00  5.28e-01  8.92e-02   0.40
2009 04 13  1425   54934   51900  0  5.56e+02  2.86e+01  0  9.22e+02  2.16e+01  2.82e+00  8.31e-01  1.79e-01   0.34
2009 04 13  1430   54934   52200  0  7.59e+02  2.63e+01  0  1.03e+03  2.01e+01  2.23e+00  8.73e-01  1.69e-01   0.15
2009 04 13  1435   54934   52500  0  3.86e+02  2.09e+01  0  9.63e+02  2.05e+01  2.80e+00  5.63e-01  8.92e-02   0.47
2009 04 13  1440   54934   52800  0  6.57e+02  3.42e+01  0  9.22e+02  1.81e+01  2.43e+00  6.24e-01  1.62e-01   0.29
2009 04 13  1445   54934   53100  0  5.77e+02  3.04e+01  0  9.19e+02  2.10e+01  2.39e+00  4.05e-01  8.02e-02   0.35
2009 04 13  1450   54934   53400  0  5.19e+02  2.91e+01  0  1.01e+03  1.96e+01  2.14e+00  4.57e-01  2.03e-01   0.07
2009 04 13  1455   54934   53700  0  5.48e+02  3.00e+01  0  9.53e+02  1.89e+01  2.26e+00  7.48e-01  1.47e-01   0.20
2009 04 13  1500   54934   54000  0  6.14e+02  3.24e+01  0  9.58e+02  1.92e+01  2.33e+00  6.86e-01  1.52e-01   0.15
2009 04 13  1505   54934   54300  0  5.59e+02  3.25e+01  0  9.93e+02  2.30e+01  3.05e+00  4.78e-01  2.11e-01   0.61
2009 04 13  1510   54934   54600  0  5.25e+02  3.05e+01  0  9.77e+02  2.06e+01  2.62e+00  6.44e-01  2.11e-01   0.42
2009 04 13  1515   54934   54900  0  6.82e+02  3.01e+01  0  9.25e+02  2.04e+01  2.47e+00  7.92e-01  1.34e-01   0.38
2009 04 13  1520   54934   55200  0  6.96e+02  3.29e+01  0  1.00e+03  1.85e+01  2.66e+00  6.24e-01  1.16e-01   0.05
2009 04 13  1525   54934   55500  0  5.06e+02  3.05e+01  0  9.89e+02  1.88e+01  2.37e+00  6.48e-01  1.55e-01   0.29
2009 04 13  1530   54934   55800  0  5.45e+02  3.19e+01  0  9.74e+02  1.94e+01  2.55e+00  8.27e-01  1.60e-01   0.51
2009 04 13  1535   54934   56100  0  6.53e+02  3.00e+01  0  1.06e+03  2.21e+01  2.88e+00  9.56e-01  2.21e-01   0.14
2009 04 13  1540   54934   56400  0  5.44e+02  3.01e+01  0  9.43e+02  2.25e+01  2.31e+00  5.14e-01  1.45e-01   0.62
2009 04 13  1545   54934   56700  0  5.39e+02  2.62e+01  0  9.72e+02  2.20e+01  2.10e+00  7.05e-01  1.06e-01   0.69
2009 04 13  1550   54934   57000  0  6.24e+02  2.72e+01  0  9.30e+02  2.11e+01  2.59e+00  6.03e-01  1.16e-01   0.24
2009 04 13  1555   54934   57300  0  5.19e+02  2.20e+01  0  9.91e+02  1.71e+01  2.79e+00  7.81e-01  1.35e-01   0.44
2009 04 13  1600   54934   57600  0  4.80e+02  2.78e+01  0  1.04e+03  2.09e+01  2.58e+00  6.48e-01  1.47e-01   0.56
2009 04 13  1605   54934   57900  0  5.36e+02  2.30e+01  0  9.00e+02  1.89e+01  2.46e+00  4.57e-01  1.06e-01   0.44
2009 04 13  1610   54934   58200  0  5.69e+02  2.59e+01  0  1.01e+03  2.05e+01  2.43e+00  4.95e-01  1.45e-01   0.55
2009 04 13  1615   54934   58500  0  6.46e+02  2.96e+01  0  9.68e+02  2.12e+01  2.40e+00  7.43e-01  2.03e-01   0.29
2009 04 13  1620   54934   58800  0  7.97e+02  2.69e+01  0  9.99e+02  1.72e+01  1.65e+00  1.01e+00  2.03e-01   0.27
2009 04 13  1625   54934   59100  0  5.48e+02  2.71e+01  0  1.01e+03  1.93e+01  2.59e+00  4.78e-01  1.37e-01   0.18
2009 04 13  1630   54934   59400  0  6.42e+02  2.87e+01  0  9.94e+02  1.93e+01  3.00e+00  6.48e-01  2.03e-01   0.32
2009 04 13  1635   54934   59700  0  5.16e+02  2.99e+01  0  9.03e+02  1.92e+01  2.64e+00  7.81e-01  1.55e-01   0.76
2009 04 13  1640   54934   60000  0  5.79e+02  2.88e+01  0  8.89e+02  2.02e+01  2.72e+00  7.48e-01  1.16e-01   0.28
2009 04 13  1645   54934   60300  0  7.14e+02  2.85e+01  0  1.02e+03  1.98e+01  2.50e+00  6.86e-01  1.78e-01   0.24
2009 04 13  1650   54934   60600  0  6.09e+02  2.73e+01  0  9.85e+02  1.94e+01  2.52e+00  6.86e-01  8.69e-02   0.18
2009 04 13  1655   54934   60900  0  5.74e+02  2.61e+01  0  9.64e+02  2.12e+01  2.82e+00  6.24e-01  1.79e-01   0.10
2009 04 13  1700   54934   61200  0  7.23e+02  3.03e+01  0  9.77e+02  1.91e+01  2.91e+00  5.63e-01  2.05e-01   0.26
2009 04 13  1705   54934   61500  0  5.20e+02  2.73e+01  0  9.72e+02  2.11e+01  2.10e+00  4.99e-01  1.79e-01   0.88
2009 04 13  1710   54934   61800  0  4.31e+02  2.91e+01  0  9.67e+02  1.94e+01  2.50e+00  5.28e-01  9.48e-02   0.62
2009 04 13  1715   54934   62100  0  5.89e+02  2.71e+01  0  8.89e+02  1.77e+01  2.80e+00  7.04e-01  1.43e-01   0.25
2009 04 13  1720   54934   62400  0  6.91e+02  2.19e+01  0  9.56e+02  1.79e+01  2.30e+00  4.52e-01  6.87e-02   0.42
2009 04 13  1725   54934   62700  0  5.11e+02  2.94e+01  0  9.83e+02  1.85e+01  2.61e+00  5.80e-01  9.66e-02   0.21
2009 04 13  1730   54934   63000  0  5.64e+02  2.72e+01  0  9.16e+02  1.99e+01  2.46e+00  7.90e-01  5.15e-02   0.49
2009 04 13  1735   54934   63300  0  7.48e+02  2.82e+01  0  1.01e+03  2.15e+01  2.75e+00  6.24e-01  1.04e-01   0.41
2009 04 13  1740   54934   63600  0  4.79e+02  3.25e+01  0  9.60e+02  2.13e+01  2.63e+00  6.86e-01  1.52e-01   0.52
2009 04 13  1745   54934   63900  0  4.44e+02  2.82e+01  0  1.00e+03  1.71e+01  2.46e+00  4.99e-01  1.47e-01   0.35
2009 04 13  1750   54934   64200  0  5.41e+02  3.38e+01  0  9.72e+02  1.87e+01  2.64e+00  6.29e-01  1.26e-01   0.29
2009 04 13  1755   54934   64500  0  5.74e+02  2.68e+01  0  1.04e+03  1.95e+01  2.22e+00  4.92e-01  9.81e-02   0.18
2009 04 13  1800   54934   64800  0  5.73e+02  3.37e+01  0  9.76e+02  2.13e+01  2.70e+00  6.86e-01  1.30e-01   0.13
2009 04 13  1805   54934   65100  0  5.82e+02  2.98e+01  0  9.47e+02  2.07e+01  1.97e+00  6.72e-01  1.40e-01   0.35
2009 04 13  1810   54934   65400  0  6.27e+02  2.78e+01  0  1.01e+03  1.96e+01  2.76e+00  5.72e-01  2.32e-01   0.45
2009 04 13  1815   54934   65700  0  5.18e+02  2.63e+01  0  9.67e+02  2.08e+01  2.88e+00  6.24e-01  2.11e-01   0.33
2009 04 13  1820   54934   66000  0  5.03e+02  2.13e+01  0  9.78e+02  2.03e+01  2.70e+00  7.05e-01  1.45e-01   0.51
2009 04 13  1825   54934   66300  0  5.99e+02  3.10e+01  0  1.01e+03  1.83e+01  2.46e+00  6.29e-01  2.61e-01   0.26
2009 04 13  1830   54934   66600  0  5.52e+02  2.71e+01  0  9.77e+02  2.18e+01  2.04e+00  7.81e-01  1.55e-01   0.11
2009 04 13  1835   54934   66900  0  5.72e+02  2.87e+01  0  9.82e+02  2.11e+01  2.67e+00  6.29e-01  1.26e-01   0.28
2009 04 13  1840   54934   67200  0  4.80e+02  2.87e+01  0  9.37e+02  2.12e+01  2.52e+00  5.32e-01  1.92e-01   0.89
2009 04 13  1845   54934   67500  0  7.23e+02  3.15e+01  0  9.85e+02  2.25e+01  3.02e+00  7.69e-01  1.79e-01   0.24
2009 04 13  1850   54934   67800  0  6.40e+02  2.82e+01  0  1.03e+03  2.06e+01  2.23e+00  6.24e-01  1.58e-01   0.20
2009 04 13  1855   54934   68100  0  6.43e+02  2.71e+01  0  9.35e+02  2.02e+01  2.37e+00  6.48e-01  1.64e-01   0.11
2009 04 13  1900   54934   68400  0  6.89e+02  3.08e+01  0  9.86e+02  2.22e+01  2.69e+00  5.70e-01  1.26e-01   0.64
2009 04 13  1905   54934   68700  0  5.38e+02  3.05e+01  0  9.61e+02  1.71e+01  2.29e+00  6.65e-01  1.90e-01   0.81
2009 04 13  1910   54934   69000  0  5.37e+02  3.19e+01  0  1.02e+03  2.01e+01  2.22e+00  7.56e-01  1.16e-01   0.34
2009 04 13  1915   54934   69300  0  6.82e+02  3.30e+01  0  8.97e+02  2.22e+01  1.97e+00  8.11e-01  1.05e-01   0.15
2009 04 13  1920   54934   69600  0  6.80e+02  3.29e+01  0  9.63e+02  1.80e+01  2.63e+00  6.10e-01  1.49e-01   0.41
2009 04 13  1925   54934   69900  0  5.05e+02  2.53e+01  0  1.03e+03  1.96e+01  2.36e+00  6.86e-01  2.05e-01   0.28
2009 04 13  1930   54934   70200  0  5.43e+02  2.59e+01  0  9.08e+02  1.85e+01  2.72e+00  8.11e-01  2.00e-01   0.43
2009 04 13  1935   54934   70500  0  5.85e+02  2.94e+01  0  9.75e+02  2.13e+01  2.11e+00  6.51e-01  1.25e-01   0.47
2009 04 13  1940   54934   70800  0  4.76e+02  3.01e+01  0  1.05e+03  1.89e+01  2.46e+00  6.86e-01  1.47e-01   0.24
2009 04 13  1945   54934   71100  0  5.38e+02  2.80e+01  0  9.83e+02  2.07e+01  2.72e+00  5.61e-01  1.47e-01   0.30
2009 04 13  1950   54934   71400  0  5.54e+02  3.55e+01  0  9.67e+02  1.97e+01  2.66e+00  7.56e-01  8.69e-02   0.32
2009 04 13  1955   54934   71700  0  5.24e+02  2.92e+01  0  9.62e+02  1.88e+01  3.11e+00  9.15e-01  2.53e-01   0.35
2009 04 13  2000   54934   72000  0  5.03e+02  3.27e+01  0  9.50e+02  2.25e+01  2.62e+00  7.07e-01  1.58e-01   0.41
2009 04 13  2005   54934   72300  0  4.49e+02  2.31e+01  0  9.26e+02  1.76e+01  2.41e+00  9.50e-01  1.43e-01   0.40
2009 04 13  2010   54934   72600  0  5.16e+02  2.86e+01  0  1.05e+03  2.29e+01  2.26e+00  6.24e-01  1.79e-01   0.59
2009 04 13  2015   54934   72900  9 -1.00e+05 -1.00e+05  9 -1.00e+05 -1.00e+05 -1.00e+05 -1.00e+05 -1.00e+05  -1.00
2009 04 13  2020   54934   73200  9 -1.00e+05 -1.00e+05  9 -1.00e+05 -1.00e+05 -1.00e+05 -1.00e+05 -1.00e+05  -1.00
2009 04 13  2025   54934   73500  9 -1.00e+05 -1.00e+05  9 -1.00e+05 -1.00e+05 -1.00e+05 -1.00e+05 -1.00e+05  -1.00
2009 04 13  2030   54934   73800  9 -1.00e+05 -1.00e+05  9 -1.00e+05 -1.00e+05 -1.00e+05 -1.00e+05 -1.00e+05  -1.00
2009 04 13  2035   54934   74100  9 -1.00e+05 -1.00e+05  9 -1.00e+05 -1.00e+05 -1.00e+05 -1.00e+05 -1.00e+05  -1.00
2009 04 13  2040   54934   74400  0  3.97e+02  2.55e+01  0  8.53e+02  2.92e+01  0.00e+00 -1.00e+05 -1.00e+05  -1.00
2009 04 13  2045   54934   74700  0  7.78e+02  3.89e+01  0  9.61e+02  1.95e+01  2.78e+00  8.54e-01  1.60e-01   0.45
2009 04 13  2050   54934   75000  0  5.87e+02  3.06e+01  0  1.01e+03  1.91e+01  2.19e+00  6.10e-01  1.93e-01   0.95
2009 04 13  2055   54934   75300  0  6.94e+02  3.38e+01  0  9.07e+02  2.04e+01  2.79e+00  8.96e-01  2.41e-01   0.16
2009 04 13  2100   54934   75600  0  6.57e+02  2.71e+01  0  9.72e+02  1.81e+01  2.66e+00  5.82e-01  1.37e-01   0.63
2009 04 13  2105   54934   75900  0  6.33e+02  3.17e+01  0  9.35e+02  1.95e+01  3.02e+00  7.48e-01  1.69e-01   0.31
2009 04 13  2110   54934   76200  0  5.32e+02  2.98e+01  0  1.00e+03  2.12e+01  2.55e+00  5.72e-01  2.12e-01   0.19
2009 04 13  2115   54934   76500  0  6.87e+02  2.78e+01  0  9.55e+02  1.89e+01  2.79e+00  6.86e-01  9.27e-02   0.62
2009 04 13  2120   54934   76800  0  6.94e+02  2.50e+01  0  1.06e+03  1.88e+01  2.85e+00  6.67e-01  1.55e-01   0.32
2009 04 13  2125   54934   77100  0  7.41e+02  3.79e+01  0  9.69e+02  1.94e+01  2.85e+00  8.57e-01  2.32e-01   0.14
2009 04 13  2130   54934   77400  0  5.28e+02  2.32e+01  0  8.76e+02  1.97e+01  2.46e+00  4.99e-01  2.42e-01   0.30
2009 04 13  2135   54934   77700  0  6.53e+02  2.94e+01  0  1.02e+03  1.82e+01  2.97e+00  4.92e-01  1.87e-01   0.12
2009 04 13  2140   54934   78000  0  5.70e+02  2.91e+01  0  9.53e+02  1.83e+01  2.77e+00  6.78e-01  1.68e-01   0.49
2009 04 13  2145   54934   78300  0  6.02e+02  3.65e+01  0  9.66e+02  2.17e+01  2.87e+00  8.29e-01  1.52e-01   0.75
2009 04 13  2150   54934   78600  0  6.63e+02  2.91e+01  0  1.07e+03  2.09e+01  2.04e+00  8.34e-01  1.89e-01   0.50
2009 04 13  2155   54934   78900  0  5.42e+02  3.21e+01  0  9.49e+02  1.67e+01  1.94e+00  1.16e+00  2.69e-01   0.64
2009 04 13  2200   54934   79200  0  6.24e+02  2.47e+01  0  9.99e+02  1.98e+01  2.88e+00  5.61e-01  1.47e-01   0.36
2009 04 13  2205   54934   79500  0  5.82e+02  2.89e+01  0  9.00e+02  1.80e+01  2.14e+00  6.86e-01  1.43e-01   0.45
2009 04 13  2210   54934   79800  0  6.69e+02  2.53e+01  0  9.63e+02  2.27e+01  2.75e+00  7.48e-01  1.26e-01   0.50
2009 04 13  2215   54934   80100  0  6.55e+02  2.94e+01  0  9.69e+02  2.12e+01  1.86e+00  7.04e-01  2.76e-01   0.33
2009 04 13  2220   54934   80400  0  6.17e+02  3.05e+01  0  9.42e+02  2.08e+01  2.72e+00  5.61e-01  1.47e-01   0.55
2009 04 13  2225   54934   80700  0  5.88e+02  2.88e+01  0  9.74e+02  1.92e+01  2.29e+00  6.24e-01  2.11e-01   0.35
2009 04 13  2230   54934   81000  0  4.53e+02  2.60e+01  0  9.63e+02  1.93e+01  2.41e+00  6.86e-01  1.52e-01   0.60
2009 04 13  2235   54934   81300  0  4.86e+02  2.92e+01  0  9.86e+02  2.10e+01  2.26e+00  8.31e-01  1.74e-01   0.22
2009 04 13  2240   54934   81600  0  4.33e+02  2.78e+01  0  9.60e+02  2.41e+01  2.69e+00  5.61e-01  1.79e-01   0.64
2009 04 13  2245   54934   81900  0  5.65e+02  3.04e+01  0  9.91e+02  2.06e+01  2.83e+00  5.45e-01  1.69e-01   0.27
2009 04 13  2250   54934   82200  0  6.94e+02  3.25e+01  0  1.03e+03  2.07e+01  2.13e+00  1.04e+00  1.04e-01   0.15
2009 04 13  2255   54934   82500  0  5.92e+02  3.01e+01  0  1.01e+03  1.93e+01  2.52e+00  4.00e-01  1.06e-01   0.76
2009 04 13  2300   54934   82800  0  7.09e+02  2.64e+01  0  9.67e+02  2.02e+01  2.97e+00  6.10e-01  1.45e-01   0.31
2009 04 13  2305   54934   83100  0  5.16e+02  3.19e+01  0  9.92e+02  1.77e+01  3.11e+00  6.03e-01  1.79e-01   0.23
2009 04 13  2310   54934   83400  0  5.41e+02  3.61e+01  0  1.30e+03  2.63e+01  2.76e+00  4.95e-01  2.12e-01   0.18
2009 04 13  2315   54934   83700  0  5.75e+02  2.62e+01  0  1.68e+03  2.83e+01  2.10e+00  5.14e-01  1.45e-01   0.72
2009 04 13  2320   54934   84000  0  5.56e+02  2.47e+01  0  1.44e+03  2.36e+01  2.20e+00  6.65e-01  1.47e-01   0.55
2009 04 13  2325   54934   84300  0  5.30e+02  2.89e+01  0  1.20e+03  2.43e+01  2.91e+00  6.10e-01  1.16e-01   0.40
2009 04 13  2330   54934   84600  0  5.29e+02  3.05e+01  0  1.08e+03  2.06e+01  2.46e+00  6.29e-01  1.45e-01   0.68
2009 04 13  2335   54934   84900  0  7.06e+02  3.05e+01  0  1.02e+03  2.26e+01  2.37e+00  6.29e-01  1.35e-01   0.20
2009 04 13  2340   54934   85200  0  5.30e+02  2.80e+01  0  9.56e+02  2.12e+01  2.20e+00  8.32e-01  2.32e-01   0.26
2009 04 13  2345   54934   85500  0  5.51e+02  2.96e+01  0  9.16e+02  2.06e+01  2.49e+00  5.53e-01  1.35e-01   0.05
2009 04 13  2350   54934   85800  0  5.22e+02  2.92e+01  0  9.63e+02  2.09e+01  2.73e+00  5.34e-01  2.61e-01   0.31
2009 04 13  2355   54934   86100  0  5.14e+02  2.61e+01  0  9.71e+02  2.09e+01  2.23e+00  5.82e-01  1.69e-01   0.14
