:Data_list: 20101105_ace_epam_5m.txt
:Created: 2010 Nov 06 0011 UT
# Prepared by the U.S. Dept. of Commerce, NOAA, Space Weather Prediction Center
# Please send comments and suggestions to SWPC.Webmaster@noaa.gov 
# 
# Units: Differential Flux particles/cm2-s-ster-MeV
# Units: Anisotropy Index 0.0 - 2.0
# Status(S): 0 = nominal, 4,6,7,8 = bad data, unable to process, 9 = no data
# Missing data values: -1.00e+05, index = -1.00
# Source: ACE Satellite - Electron, Proton, and Alpha Monitor
#
#
#                      5-minute averaged Real-time Differential Electron and Proton Flux 
# 
#                Modified Seconds ---------------------------- Differential Flux ---------------------------
# UT Date   Time  Julian  of the  ----- Electron -----   ------------------- Protons keV -------------------   Anis.
# YR MO DA  HHMM    Day    Day    S    38-53   175-315   S    47-68   115-195   310-580   795-1193 1060-1900   Index
#-------------------------------------------------------------------------------------------------------------------
2010 11 05  0000   55505       0  0  5.00e+02  2.80e+01  0  1.39e+03  1.80e+01  2.56e+00  6.65e-01  1.37e-01   0.53
2010 11 05  0005   55505     300  0  5.65e+02  2.69e+01  0  1.34e+03  1.78e+01  2.46e+00  6.48e-01  1.45e-01   0.74
2010 11 05  0010   55505     600  0  6.18e+02  2.85e+01  0  1.38e+03  1.79e+01  2.40e+00  6.10e-01  2.32e-01   0.45
2010 11 05  0015   55505     900  0  4.78e+02  3.00e+01  0  1.35e+03  1.63e+01  2.46e+00  7.90e-01  9.48e-02   0.11
2010 11 05  0020   55505    1200  0  5.77e+02  2.37e+01  0  1.42e+03  1.84e+01  2.61e+00  7.24e-01  1.45e-01   0.83
2010 11 05  0025   55505    1500  0  6.51e+02  2.91e+01  0  1.30e+03  1.73e+01  2.58e+00  6.86e-01  1.93e-01   0.50
2010 11 05  0030   55505    1800  0  6.04e+02  2.42e+01  0  1.41e+03  1.95e+01  2.62e+00  5.40e-01  2.74e-01   0.26
2010 11 05  0035   55505    2100  0  5.49e+02  2.83e+01  0  1.40e+03  1.51e+01  2.25e+00  9.67e-01  2.23e-01   0.02
2010 11 05  0040   55505    2400  0  5.56e+02  2.96e+01  0  1.23e+03  1.81e+01  2.33e+00  7.07e-01  2.00e-01   0.57
2010 11 05  0045   55505    2700  0  7.14e+02  2.76e+01  0  1.42e+03  1.98e+01  2.46e+00  7.48e-01  2.21e-01   0.26
2010 11 05  0050   55505    3000  0  5.30e+02  2.27e+01  0  1.35e+03  1.92e+01  2.39e+00  7.21e-01  2.05e-01   0.71
2010 11 05  0055   55505    3300  0  4.78e+02  2.65e+01  0  1.32e+03  1.81e+01  1.87e+00  9.15e-01  1.69e-01   0.59
2010 11 05  0100   55505    3600  0  5.93e+02  2.51e+01  0  1.35e+03  1.55e+01  2.20e+00  6.86e-01  1.90e-01   0.05
2010 11 05  0105   55505    3900  0  6.78e+02  2.39e+01  0  1.38e+03  1.95e+01  2.19e+00  5.28e-01  1.60e-01   0.06
2010 11 05  0110   55505    4200  0  4.27e+02  2.57e+01  0  1.39e+03  1.79e+01  2.82e+00  6.65e-01  1.58e-01   0.42
2010 11 05  0115   55505    4500  0  5.21e+02  2.96e+01  0  1.28e+03  1.70e+01  2.80e+00  6.33e-01  1.69e-01   0.60
2010 11 05  0120   55505    4800  0  6.62e+02  2.82e+01  0  1.42e+03  1.66e+01  2.16e+00  8.11e-01  9.48e-02   0.99
2010 11 05  0125   55505    5100  0  4.92e+02  2.59e+01  0  1.40e+03  1.81e+01  2.29e+00  5.82e-01  1.47e-01   0.39
2010 11 05  0130   55505    5400  0  4.69e+02  2.45e+01  0  1.32e+03  1.88e+01  2.39e+00  8.09e-01  1.87e-01   0.17
2010 11 05  0135   55505    5700  0  7.02e+02  3.09e+01  0  1.36e+03  1.67e+01  2.62e+00  6.65e-01  1.69e-01   0.13
2010 11 05  0140   55505    6000  0  5.58e+02  2.65e+01  0  1.35e+03  1.84e+01  2.26e+00  9.35e-01  1.27e-01   0.54
2010 11 05  0145   55505    6300  0  5.49e+02  2.60e+01  0  1.36e+03  1.85e+01  2.47e+00  5.10e-01  1.60e-01   0.33
2010 11 05  0150   55505    6600  0  5.45e+02  2.59e+01  0  1.30e+03  1.83e+01  2.56e+00  6.65e-01  1.79e-01   0.33
2010 11 05  0155   55505    6900  0  6.35e+02  2.29e+01  0  1.39e+03  1.76e+01  2.82e+00  5.34e-01  1.93e-01   0.21
2010 11 05  0200   55505    7200  0  5.47e+02  2.71e+01  0  1.38e+03  1.96e+01  2.22e+00  5.72e-01  1.74e-01   0.88
2010 11 05  0205   55505    7500  0  5.66e+02  3.05e+01  0  1.30e+03  1.85e+01  2.36e+00  6.86e-01  2.00e-01   0.25
2010 11 05  0210   55505    7800  0  7.42e+02  2.85e+01  0  1.42e+03  1.71e+01  2.40e+00  4.57e-01  2.22e-01   0.64
2010 11 05  0215   55505    8100  0  5.75e+02  2.59e+01  0  1.40e+03  1.77e+01  2.55e+00  8.19e-01  2.03e-01   0.20
2010 11 05  0220   55505    8400  0  5.84e+02  2.40e+01  0  1.34e+03  1.94e+01  2.33e+00  4.99e-01  2.11e-01   1.09
2010 11 05  0225   55505    8700  0  6.63e+02  2.36e+01  0  1.33e+03  1.86e+01  2.67e+00  7.05e-01  1.93e-01   0.56
2010 11 05  0230   55505    9000  0  6.33e+02  2.04e+01  0  1.41e+03  1.98e+01  1.98e+00  4.76e-01  1.93e-01   0.35
2010 11 05  0235   55505    9300  0  5.51e+02  2.50e+01  0  1.33e+03  1.96e+01  3.19e+00  7.62e-01  1.06e-01   0.59
2010 11 05  0240   55505    9600  0  5.47e+02  2.32e+01  0  1.25e+03  1.70e+01  2.59e+00  5.20e-01  1.79e-01   0.40
2010 11 05  0245   55505    9900  0  7.29e+02  2.66e+01  0  1.39e+03  1.93e+01  2.31e+00  4.57e-01  1.26e-01   0.66
2010 11 05  0250   55505   10200  0  5.67e+02  3.12e+01  0  1.35e+03  1.89e+01  2.37e+00  7.62e-01  2.03e-01   0.18
2010 11 05  0255   55505   10500  0  5.74e+02  2.40e+01  0  1.31e+03  1.75e+01  2.52e+00  7.48e-01  1.48e-01   0.33
2010 11 05  0300   55505   10800  0  6.45e+02  2.64e+01  0  1.43e+03  1.88e+01  2.28e+00  7.24e-01  2.41e-01   0.08
2010 11 05  0305   55505   11100  0  6.35e+02  2.07e+01  0  1.36e+03  1.69e+01  2.19e+00  7.43e-01  1.45e-01   0.41
2010 11 05  0310   55505   11400  0  5.40e+02  2.72e+01  0  1.36e+03  1.99e+01  2.56e+00  5.61e-01  1.05e-01   0.09
2010 11 05  0315   55505   11700  0  6.29e+02  2.65e+01  0  1.30e+03  1.75e+01  2.55e+00  7.21e-01  1.16e-01   0.21
2010 11 05  0320   55505   12000  0  5.90e+02  2.69e+01  0  1.39e+03  1.83e+01  2.56e+00  8.11e-01  1.58e-01   0.47
2010 11 05  0325   55505   12300  0  6.01e+02  2.82e+01  0  1.41e+03  1.85e+01  2.88e+00  6.24e-01  2.42e-01   0.30
2010 11 05  0330   55505   12600  0  5.39e+02  2.44e+01  0  1.28e+03  1.73e+01  1.83e+00  6.86e-01  1.52e-01   0.40
2010 11 05  0335   55505   12900  0  7.36e+02  2.44e+01  0  1.38e+03  1.86e+01  2.16e+00  7.69e-01  1.58e-01   0.25
2010 11 05  0340   55505   13200  0  6.19e+02  2.84e+01  0  1.28e+03  1.55e+01  2.62e+00  6.44e-01  1.26e-01   0.52
2010 11 05  0345   55505   13500  0  4.63e+02  2.81e+01  0  1.34e+03  1.74e+01  2.47e+00  7.04e-01  2.23e-01   0.43
2010 11 05  0350   55505   13800  0  5.72e+02  2.63e+01  0  1.29e+03  1.79e+01  3.05e+00  5.20e-01  1.90e-01   0.61
2010 11 05  0355   55505   14100  0  6.72e+02  2.50e+01  0  1.37e+03  1.73e+01  2.33e+00  4.40e-01  1.78e-01   0.15
2010 11 05  0400   55505   14400  0  6.75e+02  2.49e+01  0  1.34e+03  1.96e+01  2.33e+00  6.65e-01  2.21e-01   0.56
2010 11 05  0405   55505   14700  0  5.93e+02  2.30e+01  0  1.26e+03  1.65e+01  2.52e+00  6.44e-01  1.79e-01   0.07
2010 11 05  0410   55505   15000  0  7.25e+02  2.32e+01  0  1.35e+03  1.96e+01  2.50e+00  6.68e-01  1.78e-01   0.33
2010 11 05  0415   55505   15300  0  5.14e+02  2.18e+01  0  1.42e+03  1.99e+01  2.59e+00  4.16e-01  1.48e-01   0.78
2010 11 05  0420   55505   15600  0  5.50e+02  2.47e+01  0  1.31e+03  1.78e+01  2.00e+00  4.78e-01  1.79e-01   0.35
2010 11 05  0425   55505   15900  0  6.99e+02  2.32e+01  0  1.35e+03  1.90e+01  2.36e+00  5.63e-01  1.52e-01   0.13
2010 11 05  0430   55505   16200  0  5.65e+02  2.51e+01  0  1.36e+03  1.89e+01  2.03e+00  5.20e-01  1.37e-01   0.30
2010 11 05  0435   55505   16500  0  4.93e+02  2.83e+01  0  1.36e+03  1.84e+01  2.28e+00  7.24e-01  1.64e-01   0.43
2010 11 05  0440   55505   16800  0  5.65e+02  2.29e+01  0  1.25e+03  1.85e+01  2.49e+00  8.00e-01  1.06e-01   0.35
2010 11 05  0445   55505   17100  0  6.15e+02  2.76e+01  0  1.36e+03  1.65e+01  2.43e+00  5.61e-01  1.04e-01   0.24
2010 11 05  0450   55505   17400  0  5.22e+02  2.73e+01  0  1.36e+03  1.70e+01  2.25e+00  6.29e-01  1.45e-01   0.15
2010 11 05  0455   55505   17700  0  5.72e+02  2.71e+01  0  1.27e+03  2.03e+01  3.09e+00  7.81e-01  2.51e-01   0.05
2010 11 05  0500   55505   18000  0  6.84e+02  2.59e+01  0  1.38e+03  1.83e+01  1.87e+00  7.69e-01  1.69e-01   0.31
2010 11 05  0505   55505   18300  0  6.00e+02  3.03e+01  0  1.33e+03  1.59e+01  2.34e+00  6.67e-01  1.93e-01   0.41
2010 11 05  0510   55505   18600  0  6.27e+02  2.73e+01  0  1.37e+03  1.78e+01  2.58e+00  7.24e-01  1.35e-01   0.18
2010 11 05  0515   55505   18900  0  5.90e+02  2.43e+01  0  1.31e+03  1.64e+01  2.67e+00  6.48e-01  1.74e-01   0.36
2010 11 05  0520   55505   19200  0  6.44e+02  2.88e+01  0  1.42e+03  2.04e+01  2.10e+00  7.69e-01  1.26e-01   0.37
2010 11 05  0525   55505   19500  0  5.94e+02  2.43e+01  0  1.43e+03  1.95e+01  2.40e+00  7.43e-01  1.84e-01   0.37
2010 11 05  0530   55505   19800  0  5.62e+02  2.64e+01  0  1.26e+03  1.97e+01  2.34e+00  5.53e-01  1.55e-01   0.62
2010 11 05  0535   55505   20100  0  6.71e+02  2.61e+01  0  1.42e+03  1.73e+01  2.16e+00  6.24e-01  1.90e-01   0.68
2010 11 05  0540   55505   20400  0  6.20e+02  2.64e+01  0  1.37e+03  1.86e+01  2.22e+00  6.67e-01  1.84e-01   0.69
2010 11 05  0545   55505   20700  0  6.12e+02  2.29e+01  0  1.38e+03  1.82e+01  2.25e+00  7.62e-01  2.32e-01   0.08
2010 11 05  0550   55505   21000  0  6.17e+02  2.71e+01  0  1.37e+03  1.75e+01  2.66e+00  8.11e-01  1.58e-01   0.44
2010 11 05  0555   55505   21300  0  5.77e+02  2.78e+01  0  1.40e+03  1.93e+01  2.39e+00  5.63e-01  1.96e-01   0.09
2010 11 05  0600   55505   21600  0  5.19e+02  2.40e+01  0  1.34e+03  1.69e+01  2.39e+00  6.03e-01  1.37e-01   0.26
2010 11 05  0605   55505   21900  0  5.39e+02  2.69e+01  0  1.26e+03  1.88e+01  2.10e+00  9.77e-01  2.11e-01   0.42
2010 11 05  0610   55505   22200  0  7.01e+02  2.57e+01  0  1.43e+03  1.87e+01  3.33e+00  5.98e-01  1.60e-01   0.15
2010 11 05  0615   55505   22500  0  6.62e+02  2.55e+01  0  1.36e+03  1.81e+01  2.43e+00  6.65e-01  1.90e-01   0.30
2010 11 05  0620   55505   22800  0  5.04e+02  2.18e+01  0  1.29e+03  1.85e+01  2.43e+00  9.77e-01  1.27e-01   0.44
2010 11 05  0625   55505   23100  0  6.68e+02  2.52e+01  0  1.43e+03  1.93e+01  2.44e+00  5.63e-01  1.34e-01   0.46
2010 11 05  0630   55505   23400  0  5.86e+02  2.61e+01  0  1.32e+03  1.96e+01  2.46e+00  5.20e-01  2.21e-01   0.67
2010 11 05  0635   55505   23700  0  5.25e+02  2.44e+01  0  1.27e+03  1.59e+01  2.52e+00  5.45e-01  2.32e-01   0.13
2010 11 05  0640   55505   24000  0  5.56e+02  2.30e+01  0  1.31e+03  1.83e+01  2.82e+00  6.86e-01  1.90e-01   0.09
2010 11 05  0645   55505   24300  0  5.86e+02  2.28e+01  0  1.43e+03  2.01e+01  2.52e+00  8.32e-01  1.69e-01   0.43
2010 11 05  0650   55505   24600  0  5.37e+02  2.70e+01  0  1.37e+03  1.78e+01  3.08e+00  7.39e-01  1.60e-01   0.52
2010 11 05  0655   55505   24900  0  4.83e+02  2.18e+01  0  1.30e+03  1.81e+01  2.36e+00  8.31e-01  2.74e-01   0.23
2010 11 05  0700   55505   25200  0  7.27e+02  2.28e+01  0  1.41e+03  1.65e+01  1.84e+00  5.20e-01  1.48e-01   0.43
2010 11 05  0705   55505   25500  0  5.45e+02  2.32e+01  0  1.36e+03  1.91e+01  2.69e+00  4.93e-01  1.69e-01   0.53
2010 11 05  0710   55505   25800  0  5.41e+02  2.47e+01  0  1.37e+03  1.67e+01  2.36e+00  5.40e-01  2.21e-01   0.47
2010 11 05  0715   55505   26100  0  6.12e+02  2.80e+01  0  1.36e+03  1.61e+01  2.31e+00  7.24e-01  1.64e-01   0.74
2010 11 05  0720   55505   26400  0  5.94e+02  2.55e+01  0  1.37e+03  1.93e+01  2.55e+00  8.19e-01  2.22e-01   0.19
2010 11 05  0725   55505   26700  0  5.30e+02  2.69e+01  0  1.33e+03  1.96e+01  2.26e+00  6.44e-01  1.90e-01   0.45
2010 11 05  0730   55505   27000  0  5.57e+02  2.60e+01  0  1.23e+03  1.67e+01  2.19e+00  8.57e-01  1.74e-01   0.39
2010 11 05  0735   55505   27300  0  6.71e+02  2.64e+01  0  1.41e+03  1.95e+01  2.40e+00  7.81e-01  1.58e-01   0.19
2010 11 05  0740   55505   27600  0  5.24e+02  2.74e+01  0  1.33e+03  2.02e+01  2.39e+00  6.65e-01  1.37e-01   0.21
2010 11 05  0745   55505   27900  0  5.21e+02  2.57e+01  0  1.34e+03  1.84e+01  2.34e+00  5.53e-01  1.16e-01   0.13
2010 11 05  0750   55505   28200  0  6.60e+02  2.41e+01  0  1.37e+03  1.81e+01  2.85e+00  6.29e-01  1.55e-01   0.87
2010 11 05  0755   55505   28500  0  5.69e+02  2.60e+01  0  1.35e+03  1.93e+01  3.09e+00  7.24e-01  1.64e-01   0.43
2010 11 05  0800   55505   28800  0  4.82e+02  2.34e+01  0  1.39e+03  1.73e+01  2.43e+00  9.15e-01  1.48e-01   0.16
2010 11 05  0805   55505   29100  0  5.69e+02  2.85e+01  0  1.25e+03  1.78e+01  2.49e+00  8.00e-01  2.12e-01   0.47
2010 11 05  0810   55505   29400  0  6.55e+02  2.83e+01  0  1.39e+03  2.00e+01  2.55e+00  7.43e-01  2.22e-01   0.55
2010 11 05  0815   55505   29700  0  6.06e+02  2.69e+01  0  1.36e+03  1.97e+01  2.10e+00  5.61e-01  2.42e-01   0.17
2010 11 05  0820   55505   30000  0  5.80e+02  2.68e+01  0  1.33e+03  1.57e+01  2.64e+00  5.53e-01  2.03e-01   0.34
2010 11 05  0825   55505   30300  0  6.94e+02  2.82e+01  0  1.40e+03  1.82e+01  2.49e+00  8.38e-01  1.45e-01   0.61
2010 11 05  0830   55505   30600  0  5.48e+02  2.74e+01  0  1.34e+03  1.78e+01  2.98e+00  8.32e-01  2.11e-01   0.46
2010 11 05  0835   55505   30900  0  5.22e+02  3.17e+01  0  1.31e+03  1.78e+01  2.83e+00  6.33e-01  1.69e-01   0.13
2010 11 05  0840   55505   31200  0  6.40e+02  2.59e+01  0  1.32e+03  1.84e+01  2.79e+00  7.07e-01  2.21e-01   0.28
2010 11 05  0845   55505   31500  0  6.46e+02  2.26e+01  0  1.36e+03  1.89e+01  2.95e+00  7.69e-01  1.58e-01   0.37
2010 11 05  0850   55505   31800  0  5.68e+02  2.73e+01  0  1.34e+03  2.08e+01  2.94e+00  6.68e-01  8.92e-02   0.36
2010 11 05  0855   55505   32100  0  5.50e+02  2.13e+01  0  1.22e+03  1.96e+01  2.66e+00  8.11e-01  1.79e-01   0.21
2010 11 05  0900   55505   32400  0  7.16e+02  2.28e+01  0  1.35e+03  1.92e+01  2.62e+00  6.03e-01  2.00e-01   0.11
2010 11 05  0905   55505   32700  0  5.63e+02  2.94e+01  0  1.36e+03  1.81e+01  2.86e+00  8.97e-01  2.14e-01   0.30
2010 11 05  0910   55505   33000  0  5.01e+02  2.44e+01  0  1.31e+03  1.87e+01  2.52e+00  6.65e-01  2.11e-01   0.60
2010 11 05  0915   55505   33300  0  5.92e+02  2.49e+01  0  1.35e+03  2.19e+01  3.16e+00  7.03e-01  2.23e-01   0.02
2010 11 05  0920   55505   33600  0  5.12e+02  2.82e+01  0  1.34e+03  1.88e+01  3.08e+00  5.82e-01  2.00e-01   0.54
2010 11 05  0925   55505   33900  0  5.29e+02  2.51e+01  0  1.35e+03  1.73e+01  2.39e+00  6.65e-01  1.69e-01   0.41
2010 11 05  0930   55505   34200  0  5.92e+02  2.73e+01  0  1.23e+03  1.81e+01  2.80e+00  8.79e-01  2.50e-01   0.51
2010 11 05  0935   55505   34500  0  6.66e+02  2.84e+01  0  1.41e+03  1.86e+01  2.49e+00  6.86e-01  1.37e-01   0.01
2010 11 05  0940   55505   34800  0  5.18e+02  2.61e+01  0  1.37e+03  1.96e+01  2.69e+00  5.61e-01  1.90e-01   0.12
2010 11 05  0945   55505   35100  0  5.08e+02  2.73e+01  0  1.30e+03  2.06e+01  2.30e+00  5.45e-01  1.87e-01   0.52
2010 11 05  0950   55505   35400  0  6.37e+02  2.22e+01  0  1.43e+03  1.96e+01  2.56e+00  6.65e-01  1.69e-01   0.43
2010 11 05  0955   55505   35700  0  5.03e+02  2.87e+01  0  1.43e+03  2.10e+01  2.25e+00  6.29e-01  2.03e-01   0.77
2010 11 05  1000   55505   36000  0  5.11e+02  2.48e+01  0  1.39e+03  1.95e+01  2.64e+00  4.57e-01  1.35e-01   1.00
2010 11 05  1005   55505   36300  0  5.88e+02  2.47e+01  0  1.25e+03  1.79e+01  2.46e+00  7.28e-01  2.32e-01   0.18
2010 11 05  1010   55505   36600  0  6.15e+02  2.09e+01  0  1.41e+03  1.93e+01  2.67e+00  7.24e-01  1.45e-01   0.34
2010 11 05  1015   55505   36900  0  5.77e+02  2.76e+01  0  1.40e+03  2.01e+01  2.13e+00  6.10e-01  2.12e-01   0.56
2010 11 05  1020   55505   37200  0  5.45e+02  2.78e+01  0  1.25e+03  1.86e+01  2.26e+00  7.90e-01  2.11e-01   0.27
2010 11 05  1025   55505   37500  0  7.24e+02  2.85e+01  0  1.37e+03  1.76e+01  2.52e+00  6.10e-01  2.12e-01   0.49
2010 11 05  1030   55505   37800  0  5.24e+02  2.59e+01  0  1.34e+03  1.82e+01  2.25e+00  6.48e-01  1.55e-01   0.52
2010 11 05  1035   55505   38100  0  5.36e+02  2.57e+01  0  1.31e+03  1.87e+01  1.95e+00  8.00e-01  1.93e-01   0.43
2010 11 05  1040   55505   38400  0  6.01e+02  2.72e+01  0  1.40e+03  2.20e+01  2.95e+00  8.11e-01  2.11e-01   0.43
2010 11 05  1045   55505   38700  0  5.97e+02  2.96e+01  0  1.41e+03  1.83e+01  2.70e+00  6.86e-01  2.80e-01   0.38
2010 11 05  1050   55505   39000  0  5.06e+02  2.89e+01  0  1.31e+03  1.85e+01  2.88e+00  8.00e-01  1.84e-01   0.31
2010 11 05  1055   55505   39300  0  4.74e+02  2.71e+01  0  1.24e+03  1.84e+01  2.59e+00  5.40e-01  2.42e-01   0.16
2010 11 05  1100   55505   39600  0  6.91e+02  2.64e+01  0  1.40e+03  1.90e+01  1.74e+00  6.29e-01  2.22e-01   0.75
2010 11 05  1105   55505   39900  0  5.16e+02  2.62e+01  0  1.36e+03  1.94e+01  2.82e+00  7.24e-01  9.66e-02   0.39
2010 11 05  1110   55505   40200  0  5.57e+02  2.96e+01  0  1.30e+03  1.77e+01  2.85e+00  5.61e-01  2.42e-01   0.40
2010 11 05  1115   55505   40500  0  6.79e+02  2.65e+01  0  1.36e+03  2.00e+01  2.30e+00  8.79e-01  1.78e-01   0.61
2010 11 05  1120   55505   40800  0  5.48e+02  2.42e+01  0  1.33e+03  2.04e+01  2.13e+00  8.11e-01  1.79e-01   0.21
2010 11 05  1125   55505   41100  0  5.65e+02  2.65e+01  0  1.34e+03  1.70e+01  2.13e+00  7.28e-01  1.58e-01   0.23
2010 11 05  1130   55505   41400  0  5.32e+02  2.57e+01  0  1.31e+03  1.69e+01  2.86e+00  6.86e-01  2.23e-01   0.10
2010 11 05  1135   55505   41700  0  7.11e+02  2.76e+01  0  1.40e+03  1.91e+01  2.62e+00  7.07e-01  2.21e-01   0.40
2010 11 05  1140   55505   42000  0  5.28e+02  2.67e+01  0  1.34e+03  2.05e+01  2.33e+00  8.52e-01  2.42e-01   0.19
2010 11 05  1145   55505   42300  0  5.13e+02  2.17e+01  0  1.28e+03  1.77e+01  2.50e+00  6.33e-01  1.52e-01   0.41
2010 11 05  1150   55505   42600  0  7.92e+02  2.57e+01  0  1.38e+03  1.83e+01  2.59e+00  5.82e-01  3.37e-01   0.32
2010 11 05  1155   55505   42900  0  5.68e+02  2.09e+01  0  1.35e+03  1.74e+01  2.83e+00  6.51e-01  1.16e-01   0.46
2010 11 05  1200   55505   43200  0  5.14e+02  2.72e+01  0  1.37e+03  1.71e+01  2.38e+00  5.65e-01  2.52e-01   0.72
2010 11 05  1205   55505   43500  0  5.88e+02  2.76e+01  0  1.34e+03  2.11e+01  2.48e+00  6.03e-01  2.74e-01   0.19
2010 11 05  1210   55505   43800  0  6.04e+02  2.47e+01  0  1.40e+03  1.99e+01  2.98e+00  6.36e-01  1.46e-01   0.47
2010 11 05  1215   55505   44100  0  6.26e+02  2.88e+01  0  1.36e+03  1.80e+01  2.36e+00  5.82e-01  1.37e-01   0.43
2010 11 05  1220   55505   44400  0  5.86e+02  2.63e+01  0  1.28e+03  1.65e+01  2.66e+00  7.90e-01  2.11e-01   0.10
2010 11 05  1225   55505   44700  0  6.41e+02  2.44e+01  0  1.34e+03  2.04e+01  2.47e+00  6.33e-01  1.52e-01   0.21
2010 11 05  1230   55505   45000  0  6.53e+02  2.32e+01  0  1.46e+03  1.88e+01  2.26e+00  7.32e-01  1.74e-01   0.53
2010 11 05  1235   55505   45300  0  5.92e+02  2.85e+01  0  1.29e+03  1.77e+01  2.94e+00  6.86e-01  2.41e-01   0.17
2010 11 05  1240   55505   45600  0  7.19e+02  2.29e+01  0  1.42e+03  1.90e+01  2.58e+00  4.76e-01  2.41e-01   0.70
2010 11 05  1245   55505   45900  0  6.39e+02  2.38e+01  0  1.36e+03  1.57e+01  2.13e+00  6.03e-01  1.90e-01   0.14
2010 11 05  1250   55505   46200  0  5.43e+02  2.57e+01  0  1.37e+03  1.82e+01  2.58e+00  8.64e-01  2.04e-01   0.06
2010 11 05  1255   55505   46500  0  6.00e+02  2.80e+01  0  1.29e+03  2.10e+01  2.76e+00  6.67e-01  1.74e-01   0.50
2010 11 05  1300   55505   46800  0  7.45e+02  2.39e+01  0  1.39e+03  1.93e+01  2.71e+00  5.23e-01  1.77e-01   0.24
2010 11 05  1305   55505   47100  0  5.92e+02  2.47e+01  0  1.41e+03  1.92e+01  2.29e+00  5.34e-01  2.08e-01   0.69
2010 11 05  1310   55505   47400  0  5.64e+02  2.23e+01  0  1.34e+03  1.95e+01  2.91e+00  6.67e-01  1.84e-01   0.33
2010 11 05  1315   55505   47700  0  7.06e+02  2.25e+01  0  1.45e+03  1.70e+01  2.56e+00  8.00e-01  2.78e-01   0.12
2010 11 05  1320   55505   48000  0  5.45e+02  2.47e+01  0  1.33e+03  1.76e+01  2.72e+00  8.94e-01  1.79e-01   0.35
2010 11 05  1325   55505   48300  0  5.63e+02  2.43e+01  0  1.34e+03  1.82e+01  3.09e+00  5.53e-01  1.64e-01   0.87
2010 11 05  1330   55505   48600  0  6.30e+02  2.15e+01  0  1.35e+03  1.84e+01  2.41e+00  7.44e-01  1.83e-01   0.20
2010 11 05  1335   55505   48900  0  6.37e+02  2.55e+01  0  1.37e+03  1.80e+01  2.45e+00  9.66e-01  2.06e-01   0.66
2010 11 05  1340   55505   49200  0  5.79e+02  2.51e+01  0  1.41e+03  1.98e+01  2.59e+00  8.09e-01  1.80e-01   0.44
2010 11 05  1345   55505   49500  0  5.75e+02  2.46e+01  0  1.20e+03  1.72e+01  2.25e+00  6.03e-01  1.94e-01   0.37
2010 11 05  1350   55505   49800  0  6.41e+02  2.02e+01  0  1.44e+03  1.84e+01  2.79e+00  9.30e-01  1.78e-01   0.58
2010 11 05  1355   55505   50100  0  5.60e+02  2.11e+01  0  1.38e+03  1.94e+01  2.69e+00  6.86e-01  1.87e-01   0.19
2010 11 05  1400   55505   50400  0  5.12e+02  2.38e+01  0  1.35e+03  1.77e+01  2.66e+00  7.90e-01  1.47e-01   0.32
2010 11 05  1405   55505   50700  0  5.79e+02  2.30e+01  0  1.35e+03  1.79e+01  2.69e+00  7.90e-01  1.79e-01   0.21
2010 11 05  1410   55505   51000  0  5.69e+02  2.19e+01  0  1.33e+03  2.06e+01  3.05e+00  7.39e-01  8.92e-02   0.69
2010 11 05  1415   55505   51300  0  5.05e+02  2.84e+01  0  1.34e+03  1.92e+01  2.66e+00  7.07e-01  2.11e-01   0.33
2010 11 05  1420   55505   51600  0  5.86e+02  2.29e+01  0  1.32e+03  1.95e+01  2.37e+00  7.73e-01  2.22e-01   0.31
2010 11 05  1425   55505   51900  0  6.96e+02  2.78e+01  0  1.40e+03  1.91e+01  2.78e+00  6.31e-01  2.02e-01   0.46
2010 11 05  1430   55505   52200  0  5.82e+02  3.02e+01  0  1.29e+03  1.71e+01  2.26e+00  7.49e-01  1.42e-01   0.73
2010 11 05  1435   55505   52500  0  5.53e+02  2.35e+01  0  1.26e+03  1.81e+01  2.12e+00  8.34e-01  1.91e-01   0.25
2010 11 05  1440   55505   52800  0  6.98e+02  2.26e+01  0  1.40e+03  1.84e+01  2.72e+00  7.90e-01  1.47e-01   0.34
2010 11 05  1445   55505   53100  0  5.43e+02  2.48e+01  0  1.29e+03  2.11e+01  2.35e+00  9.79e-01  2.87e-01   0.24
2010 11 05  1450   55505   53400  0  4.72e+02  2.76e+01  0  1.35e+03  2.03e+01  2.06e+00  7.42e-01  1.52e-01   0.41
2010 11 05  1455   55505   53700  0  5.56e+02  2.54e+01  0  1.21e+03  1.86e+01  2.51e+00  7.56e-01  1.95e-01   0.71
2010 11 05  1500   55505   54000  0  6.58e+02  2.30e+01  0  1.35e+03  1.77e+01  2.52e+00  7.97e-01  1.19e-01   0.32
2010 11 05  1505   55505   54300  0  5.39e+02  2.52e+01  0  1.40e+03  1.76e+01  2.03e+00  9.48e-01  1.37e-01   0.42
2010 11 05  1510   55505   54600  0  5.15e+02  2.46e+01  0  1.28e+03  1.90e+01  2.39e+00  6.34e-01  1.24e-01   0.41
2010 11 05  1515   55505   54900  0  6.01e+02  2.80e+01  0  1.44e+03  1.59e+01  3.17e+00  4.37e-01  9.43e-02   0.96
2010 11 05  1520   55505   55200  0  5.28e+02  2.34e+01  0  1.34e+03  1.79e+01  2.37e+00  6.73e-01  2.62e-01   0.52
2010 11 05  1525   55505   55500  0  4.62e+02  2.08e+01  0  1.30e+03  1.71e+01  2.14e+00  7.38e-01  9.43e-02   0.79
2010 11 05  1530   55505   55800  0  5.92e+02  2.44e+01  0  1.31e+03  1.82e+01  2.72e+00  5.70e-01  9.83e-02   0.33
2010 11 05  1535   55505   56100  0  6.60e+02  2.39e+01  0  1.39e+03  1.94e+01  2.53e+00  6.95e-01  1.10e-01   0.36
2010 11 05  1540   55505   56400  0  6.08e+02  2.44e+01  0  1.35e+03  1.77e+01  1.87e+00  9.77e-01  2.21e-01   0.08
2010 11 05  1545   55505   56700  0  5.29e+02  2.44e+01  0  1.30e+03  1.63e+01  2.31e+00  8.19e-01  1.93e-01   0.18
2010 11 05  1550   55505   57000  0  6.80e+02  2.66e+01  0  1.36e+03  1.43e+01  2.88e+00  4.57e-01  1.45e-01   0.98
2010 11 05  1555   55505   57300  9 -1.00e+05 -1.00e+05  9 -1.00e+05 -1.00e+05 -1.00e+05 -1.00e+05 -1.00e+05  -1.00
2010 11 05  1600   55505   57600  9 -1.00e+05 -1.00e+05  9 -1.00e+05 -1.00e+05 -1.00e+05 -1.00e+05 -1.00e+05  -1.00
2010 11 05  1605   55505   57900  9 -1.00e+05 -1.00e+05  9 -1.00e+05 -1.00e+05 -1.00e+05 -1.00e+05 -1.00e+05  -1.00
2010 11 05  1610   55505   58200  0  6.65e+02  1.70e+01  0  1.30e+03  1.58e+01  2.70e+00  4.57e-01  5.80e-02   1.36
2010 11 05  1615   55505   58500  0  5.84e+02  2.65e+01  0  1.33e+03  1.69e+01  2.49e+00  7.07e-01  1.26e-01   0.06
2010 11 05  1620   55505   58800  0  5.64e+02  2.89e+01  0  1.27e+03  1.73e+01  1.89e+00  6.67e-01  1.26e-01   0.20
2010 11 05  1625   55505   59100  0  6.45e+02  2.80e+01  0  1.44e+03  1.92e+01  2.64e+00  7.62e-01  1.26e-01   0.50
2010 11 05  1630   55505   59400  0  5.54e+02  2.45e+01  0  1.39e+03  1.71e+01  2.52e+00  6.44e-01  1.79e-01   0.08
2010 11 05  1635   55505   59700  0  5.39e+02  2.53e+01  0  1.36e+03  1.74e+01  2.19e+00  6.51e-01  2.05e-01   0.65
2010 11 05  1640   55505   60000  0  6.42e+02  2.28e+01  0  1.38e+03  1.88e+01  2.16e+00  5.40e-01  1.90e-01   0.24
2010 11 05  1645   55505   60300  0  5.14e+02  2.78e+01  0  1.37e+03  1.83e+01  2.43e+00  6.44e-01  2.11e-01   0.44
2010 11 05  1650   55505   60600  0  5.40e+02  2.34e+01  0  1.38e+03  1.68e+01  2.58e+00  6.86e-01  1.43e-01   0.65
2010 11 05  1655   55505   60900  0  6.12e+02  2.96e+01  0  1.34e+03  1.87e+01  2.39e+00  7.69e-01  2.11e-01   0.10
2010 11 05  1700   55505   61200  0  6.45e+02  3.01e+01  0  1.37e+03  1.89e+01  2.16e+00  5.82e-01  2.00e-01   0.35
2010 11 05  1705   55505   61500  0  4.80e+02  2.89e+01  0  1.38e+03  1.38e+01  2.02e+00  7.39e-01  1.93e-01   0.68
2010 11 05  1710   55505   61800  0  5.05e+02  2.78e+01  0  1.24e+03  1.79e+01  2.46e+00  7.07e-01  1.16e-01   0.21
2010 11 05  1715   55505   62100  0  6.21e+02  2.68e+01  0  1.36e+03  1.81e+01  2.41e+00  4.05e-01  1.87e-01   0.60
2010 11 05  1720   55505   62400  0  4.89e+02  2.86e+01  0  1.39e+03  1.84e+01  2.72e+00  7.69e-01  1.26e-01   0.44
2010 11 05  1725   55505   62700  0  6.10e+02  2.49e+01  0  1.34e+03  1.91e+01  2.39e+00  5.82e-01  1.90e-01   0.44
2010 11 05  1730   55505   63000  0  6.20e+02  2.52e+01  0  1.83e+03  2.50e+01  2.47e+00  6.86e-01  1.78e-01   0.40
2010 11 05  1735   55505   63300  0  5.95e+02  2.47e+01  0  2.66e+03  4.40e+01  2.72e+00  7.28e-01  1.05e-01   0.36
2010 11 05  1740   55505   63600  0  6.26e+02  2.92e+01  0  1.35e+03  1.96e+01  2.56e+00  6.03e-01  2.32e-01   0.40
2010 11 05  1745   55505   63900  0  5.23e+02  2.34e+01  0  1.32e+03  1.76e+01  2.30e+00  6.51e-01  1.78e-01   0.21
2010 11 05  1750   55505   64200  0  6.71e+02  2.34e+01  0  1.47e+03  1.66e+01  2.23e+00  4.16e-01  1.69e-01   0.60
2010 11 05  1755   55505   64500  0  5.77e+02  2.53e+01  0  1.41e+03  1.67e+01  2.91e+00  8.96e-01  1.74e-01   0.28
2010 11 05  1800   55505   64800  0  5.24e+02  2.13e+01  0  1.28e+03  1.83e+01  2.37e+00  4.57e-01  1.84e-01   0.99
2010 11 05  1805   55505   65100  0  7.64e+02  2.74e+01  0  1.44e+03  1.92e+01  2.19e+00  7.55e-01  1.97e-01   0.39
2010 11 05  1810   55505   65400  0  4.83e+02  2.57e+01  0  1.32e+03  1.92e+01  2.75e+00  4.38e-01  1.16e-01   0.86
2010 11 05  1815   55505   65700  0  5.22e+02  2.53e+01  0  1.35e+03  1.92e+01  2.22e+00  7.24e-01  1.84e-01   0.18
2010 11 05  1820   55505   66000  0  5.54e+02  2.42e+01  0  1.27e+03  1.87e+01  2.20e+00  6.24e-01  1.69e-01   0.31
2010 11 05  1825   55505   66300  0  6.76e+02  2.41e+01  0  1.40e+03  1.82e+01  2.43e+00  5.72e-01  1.64e-01   0.70
2010 11 05  1830   55505   66600  0  5.46e+02  3.10e+01  0  1.41e+03  1.85e+01  2.79e+00  5.53e-01  1.64e-01   0.34
2010 11 05  1835   55505   66900  0  5.46e+02  2.89e+01  0  1.26e+03  1.64e+01  2.04e+00  5.34e-01  1.45e-01   0.09
2010 11 05  1840   55505   67200  0  6.96e+02  2.15e+01  0  1.36e+03  1.72e+01  2.78e+00  6.10e-01  1.71e-01   0.33
2010 11 05  1845   55505   67500  0  5.52e+02  2.57e+01  0  1.39e+03  1.78e+01  2.28e+00  7.24e-01  1.93e-01   0.30
2010 11 05  1850   55505   67800  0  5.37e+02  2.39e+01  0  1.37e+03  1.94e+01  2.34e+00  7.05e-01  1.26e-01   0.25
2010 11 05  1855   55505   68100  0  6.51e+02  2.59e+01  0  1.35e+03  1.84e+01  2.33e+00  7.48e-01  1.69e-01   0.08
2010 11 05  1900   55505   68400  0  5.97e+02  2.82e+01  0  1.43e+03  1.67e+01  3.25e+00  5.91e-01  1.26e-01   0.18
2010 11 05  1905   55505   68700  0  5.44e+02  2.82e+01  0  1.38e+03  1.79e+01  2.07e+00  5.91e-01  1.06e-01   0.11
2010 11 05  1910   55505   69000  0  5.61e+02  2.65e+01  0  1.27e+03  1.81e+01  2.66e+00  6.86e-01  2.63e-01   0.24
2010 11 05  1915   55505   69300  0  7.02e+02  3.04e+01  0  1.39e+03  1.79e+01  2.58e+00  9.15e-01  1.69e-01   0.37
2010 11 05  1920   55505   69600  0  5.25e+02  2.88e+01  0  1.43e+03  1.58e+01  2.20e+00  6.86e-01  2.42e-01   0.18
2010 11 05  1925   55505   69900  0  6.62e+02  2.18e+01  0  1.33e+03  1.83e+01  2.36e+00  4.99e-01  2.32e-01   0.70
2010 11 05  1930   55505   70200  0  7.02e+02  2.80e+01  0  1.40e+03  1.72e+01  2.72e+00  7.21e-01  1.43e-01   0.37
2010 11 05  1935   55505   70500  0  4.56e+02  2.62e+01  0  1.33e+03  1.91e+01  2.48e+00  6.86e-01  2.06e-01   0.42
2010 11 05  1940   55505   70800  0  5.97e+02  2.75e+01  0  1.37e+03  1.91e+01  2.36e+00  5.23e-01  8.83e-02   0.51
2010 11 05  1945   55505   71100  0  6.11e+02  2.68e+01  0  1.33e+03  1.59e+01  2.47e+00  7.21e-01  1.25e-01   0.09
2010 11 05  1950   55505   71400  0  6.73e+02  2.67e+01  0  1.36e+03  2.01e+01  2.75e+00  6.65e-01  1.90e-01   0.46
2010 11 05  1955   55505   71700  0  5.21e+02  2.81e+01  0  1.37e+03  1.96e+01  2.58e+00  6.68e-01  1.25e-01   0.45
2010 11 05  2000   55505   72000  0  5.14e+02  2.44e+01  0  1.29e+03  1.90e+01  2.66e+00  7.69e-01  2.00e-01   0.29
2010 11 05  2005   55505   72300  0  6.47e+02  2.69e+01  0  1.42e+03  1.82e+01  2.10e+00  5.28e-01  1.35e-01   0.29
2010 11 05  2010   55505   72600  0  6.04e+02  2.32e+01  0  1.35e+03  1.84e+01  2.55e+00  8.27e-01  1.60e-01   0.43
2010 11 05  2015   55505   72900  0  4.98e+02  2.75e+01  0  1.33e+03  1.70e+01  2.52e+00  6.10e-01  6.40e-02   0.08
2010 11 05  2020   55505   73200  0  5.77e+02  2.55e+01  0  1.37e+03  1.90e+01  2.52e+00  6.65e-01  1.90e-01   0.31
2010 11 05  2025   55505   73500  0  5.74e+02  3.07e+01  0  1.44e+03  1.94e+01  2.63e+00  7.56e-01  1.43e-01   0.48
2010 11 05  2030   55505   73800  0  5.38e+02  2.30e+01  0  1.38e+03  2.14e+01  2.33e+00  6.24e-01  1.48e-01   0.44
2010 11 05  2035   55505   74100  0  5.64e+02  2.71e+01  0  1.32e+03  1.73e+01  2.64e+00  4.95e-01  7.73e-02   0.54
2010 11 05  2040   55505   74400  0  6.85e+02  2.76e+01  0  1.38e+03  1.73e+01  2.52e+00  6.29e-01  1.37e-01   0.43
2010 11 05  2045   55505   74700  0  5.85e+02  2.42e+01  0  1.36e+03  1.78e+01  2.52e+00  7.28e-01  1.16e-01   0.70
2010 11 05  2050   55505   75000  0  5.19e+02  2.44e+01  0  1.32e+03  1.75e+01  2.31e+00  5.91e-01  2.03e-01   0.15
2010 11 05  2055   55505   75300  0  7.11e+02  2.18e+01  0  1.39e+03  1.86e+01  2.34e+00  9.15e-01  1.26e-01   0.31
2010 11 05  2100   55505   75600  0  5.45e+02  2.94e+01  0  1.34e+03  2.04e+01  2.69e+00  8.11e-01  1.47e-01   0.09
2010 11 05  2105   55505   75900  0  5.54e+02  2.83e+01  0  1.33e+03  1.93e+01  2.73e+00  6.48e-01  2.12e-01   0.63
2010 11 05  2110   55505   76200  0  5.84e+02  2.85e+01  0  1.27e+03  1.94e+01  2.31e+00  8.38e-01  1.84e-01   0.41
2010 11 05  2115   55505   76500  0  7.49e+02  2.85e+01  0  1.42e+03  1.93e+01  2.40e+00  7.24e-01  1.84e-01   0.23
2010 11 05  2120   55505   76800  0  5.00e+02  2.78e+01  0  1.38e+03  2.06e+01  2.66e+00  7.48e-01  1.79e-01   0.52
2010 11 05  2125   55505   77100  0  4.93e+02  2.37e+01  0  1.26e+03  1.79e+01  2.91e+00  4.19e-01  1.55e-01   0.37
2010 11 05  2130   55505   77400  0  6.50e+02  2.64e+01  0  1.42e+03  1.66e+01  2.31e+00  8.19e-01  1.55e-01   0.38
2010 11 05  2135   55505   77700  0  4.65e+02  3.01e+01  0  1.34e+03  1.87e+01  2.66e+00  8.94e-01  1.47e-01   0.34
2010 11 05  2140   55505   78000  0  5.52e+02  2.48e+01  0  1.39e+03  1.90e+01  2.49e+00  8.96e-01  2.12e-01   0.17
2010 11 05  2145   55505   78300  0  5.79e+02  2.69e+01  0  1.27e+03  1.75e+01  2.85e+00  7.81e-01  1.64e-01   0.08
2010 11 05  2150   55505   78600  0  5.95e+02  2.44e+01  0  1.43e+03  1.96e+01  2.59e+00  7.69e-01  1.69e-01   0.57
2010 11 05  2155   55505   78900  0  5.59e+02  2.60e+01  0  1.36e+03  1.86e+01  3.01e+00  8.11e-01  1.82e-01   0.45
2010 11 05  2200   55505   79200  0  5.77e+02  2.49e+01  0  1.28e+03  1.78e+01  2.46e+00  4.86e-01  7.04e-02   0.19
2010 11 05  2205   55505   79500  0  6.48e+02  2.76e+01  0  1.43e+03  1.88e+01  2.20e+00  8.52e-01  1.69e-01   0.51
2010 11 05  2210   55505   79800  0  5.05e+02  2.52e+01  0  1.36e+03  1.72e+01  2.36e+00  7.56e-01  2.14e-01   0.46
2010 11 05  2215   55505   80100  0  5.48e+02  2.40e+01  0  1.34e+03  1.86e+01  2.33e+00  8.31e-01  1.79e-01   0.24
2010 11 05  2220   55505   80400  0  6.58e+02  2.71e+01  0  1.37e+03  1.90e+01  2.39e+00  5.40e-01  2.00e-01   0.56
2010 11 05  2225   55505   80700  0  5.82e+02  2.44e+01  0  1.41e+03  1.81e+01  2.63e+00  8.27e-01  1.96e-01   0.33
2010 11 05  2230   55505   81000  0  5.81e+02  3.01e+01  0  1.37e+03  2.02e+01  2.88e+00  5.20e-01  1.90e-01   0.57
2010 11 05  2235   55505   81300  0  5.63e+02  2.71e+01  0  1.27e+03  1.98e+01  2.44e+00  4.75e-01  1.34e-01   0.39
2010 11 05  2240   55505   81600  0  7.27e+02  2.26e+01  0  1.46e+03  1.91e+01  2.49e+00  6.03e-01  2.00e-01   0.31
2010 11 05  2245   55505   81900  0  5.48e+02  2.51e+01  0  1.34e+03  1.73e+01  2.79e+00  6.24e-01  1.58e-01   0.52
2010 11 05  2250   55505   82200  0  5.45e+02  2.68e+01  0  1.34e+03  1.79e+01  2.22e+00  6.33e-01  1.60e-01   0.24
2010 11 05  2255   55505   82500  0  6.84e+02  2.57e+01  0  1.37e+03  2.14e+01  2.52e+00  7.28e-01  1.37e-01   0.55
2010 11 05  2300   55505   82800  0  6.06e+02  2.51e+01  0  1.37e+03  1.86e+01  2.82e+00  6.65e-01  1.26e-01   0.60
2010 11 05  2305   55505   83100  0  5.59e+02  2.71e+01  0  1.36e+03  1.85e+01  2.61e+00  6.86e-01  2.14e-01   0.37
2010 11 05  2310   55505   83400  0  5.65e+02  2.71e+01  0  1.32e+03  1.96e+01  2.88e+00  4.37e-01  1.16e-01   0.65
2010 11 05  2315   55505   83700  0  6.86e+02  3.01e+01  0  1.39e+03  1.95e+01  3.19e+00  8.76e-01  2.58e-02   0.31
2010 11 05  2320   55505   84000  0  5.70e+02  2.20e+01  0  1.41e+03  1.84e+01  2.43e+00  5.91e-01  2.90e-01   0.44
2010 11 05  2325   55505   84300  0  5.41e+02  2.78e+01  0  1.25e+03  1.98e+01  2.59e+00  5.61e-01  2.42e-01   0.35
2010 11 05  2330   55505   84600  0  7.31e+02  2.52e+01  0  1.41e+03  1.84e+01  2.49e+00  6.48e-01  2.12e-01   0.14
2010 11 05  2335   55505   84900  0  6.32e+02  2.36e+01  0  1.36e+03  1.85e+01  2.58e+00  7.43e-01  1.74e-01   0.04
2010 11 05  2340   55505   85200  0  6.37e+02  2.42e+01  0  1.38e+03  1.84e+01  2.16e+00  6.44e-01  2.53e-01   0.21
2010 11 05  2345   55505   85500  0  5.42e+02  2.53e+01  0  1.30e+03  1.82e+01  2.91e+00  6.48e-01  1.93e-01   0.18
2010 11 05  2350   55505   85800  0  5.57e+02  2.46e+01  0  1.40e+03  2.06e+01  2.19e+00  8.38e-01  2.22e-01   0.18
2010 11 05  2355   55505   86100  0  5.57e+02  2.94e+01  0  1.36e+03  1.97e+01  2.37e+00  8.00e-01  2.12e-01   0.14
