:Data_list: 20101017_ace_sis_5m.txt
:Created: 2010 Oct 18 0011 UT
# Prepared by the U.S. Dept. of Commerce, NOAA, Space Weather Prediction Center
# Please send comments and suggestions to SWPC.Webmaster@noaa.gov 
# 
# Units: proton flux p/cs2-sec-ster
# Status(S): 0 = nominal data, 1 to 8 = bad data record, 9 = no data
# Missing data values: -1.00e+05
# Source: ACE Satellite - Solar Isotope Spectrometer
#
# 5-minute averaged Real-time Integral Flux of High-energy Solar Protons
# 
#                 Modified Seconds
# UT Date   Time   Julian  of the      ---- Integral Proton Flux ----
# YR MO DA  HHMM     Day     Day       S    > 10 MeV    S    > 30 MeV
#--------------------------------------------------------------------
2010 10 17  0000    55486       0      0    1.86e+00    0    1.31e+00
2010 10 17  0005    55486     300      0    1.92e+00    0    1.34e+00
2010 10 17  0010    55486     600      0    1.91e+00    0    1.33e+00
2010 10 17  0015    55486     900      0    1.92e+00    0    1.34e+00
2010 10 17  0020    55486    1200      0    1.88e+00    0    1.31e+00
2010 10 17  0025    55486    1500      0    1.90e+00    0    1.34e+00
2010 10 17  0030    55486    1800      0    1.90e+00    0    1.34e+00
2010 10 17  0035    55486    2100      0    1.88e+00    0    1.32e+00
2010 10 17  0040    55486    2400      0    1.92e+00    0    1.33e+00
2010 10 17  0045    55486    2700      0    1.90e+00    0    1.32e+00
2010 10 17  0050    55486    3000      0    1.89e+00    0    1.34e+00
2010 10 17  0055    55486    3300      0    1.88e+00    0    1.32e+00
2010 10 17  0100    55486    3600      0    1.91e+00    0    1.33e+00
2010 10 17  0105    55486    3900      0    1.91e+00    0    1.33e+00
2010 10 17  0110    55486    4200      0    1.93e+00    0    1.35e+00
2010 10 17  0115    55486    4500      0    1.94e+00    0    1.36e+00
2010 10 17  0120    55486    4800      0    1.88e+00    0    1.31e+00
2010 10 17  0125    55486    5100      0    1.88e+00    0    1.31e+00
2010 10 17  0130    55486    5400      0    1.90e+00    0    1.33e+00
2010 10 17  0135    55486    5700      0    1.87e+00    0    1.32e+00
2010 10 17  0140    55486    6000      0    1.87e+00    0    1.32e+00
2010 10 17  0145    55486    6300      0    1.87e+00    0    1.33e+00
2010 10 17  0150    55486    6600      0    1.93e+00    0    1.34e+00
2010 10 17  0155    55486    6900      0    1.88e+00    0    1.32e+00
2010 10 17  0200    55486    7200      0    1.88e+00    0    1.32e+00
2010 10 17  0205    55486    7500      0    1.95e+00    0    1.36e+00
2010 10 17  0210    55486    7800      0    1.87e+00    0    1.32e+00
2010 10 17  0215    55486    8100      0    1.89e+00    0    1.31e+00
2010 10 17  0220    55486    8400      0    1.89e+00    0    1.31e+00
2010 10 17  0225    55486    8700      0    1.89e+00    0    1.31e+00
2010 10 17  0230    55486    9000      0    1.85e+00    0    1.30e+00
2010 10 17  0235    55486    9300      0    1.89e+00    0    1.33e+00
2010 10 17  0240    55486    9600      0    1.92e+00    0    1.35e+00
2010 10 17  0245    55486    9900      0    1.88e+00    0    1.30e+00
2010 10 17  0250    55486   10200      0    1.83e+00    0    1.28e+00
2010 10 17  0255    55486   10500      0    1.86e+00    0    1.29e+00
2010 10 17  0300    55486   10800      0    1.88e+00    0    1.31e+00
2010 10 17  0305    55486   11100      0    1.90e+00    0    1.34e+00
2010 10 17  0310    55486   11400      0    1.87e+00    0    1.31e+00
2010 10 17  0315    55486   11700      0    1.88e+00    0    1.31e+00
2010 10 17  0320    55486   12000      0    1.87e+00    0    1.32e+00
2010 10 17  0325    55486   12300      0    1.86e+00    0    1.30e+00
2010 10 17  0330    55486   12600      0    1.83e+00    0    1.28e+00
2010 10 17  0335    55486   12900      0    1.87e+00    0    1.30e+00
2010 10 17  0340    55486   13200      0    1.87e+00    0    1.30e+00
2010 10 17  0345    55486   13500      0    1.92e+00    0    1.33e+00
2010 10 17  0350    55486   13800      0    1.88e+00    0    1.30e+00
2010 10 17  0355    55486   14100      0    1.86e+00    0    1.31e+00
2010 10 17  0400    55486   14400      0    1.88e+00    0    1.32e+00
2010 10 17  0405    55486   14700      0    1.89e+00    0    1.31e+00
2010 10 17  0410    55486   15000      0    1.86e+00    0    1.29e+00
2010 10 17  0415    55486   15300      0    1.86e+00    0    1.31e+00
2010 10 17  0420    55486   15600      0    1.86e+00    0    1.29e+00
2010 10 17  0425    55486   15900      0    1.89e+00    0    1.32e+00
2010 10 17  0430    55486   16200      0    1.87e+00    0    1.30e+00
2010 10 17  0435    55486   16500      0    1.86e+00    0    1.31e+00
2010 10 17  0440    55486   16800      0    1.88e+00    0    1.31e+00
2010 10 17  0445    55486   17100      0    1.89e+00    0    1.31e+00
2010 10 17  0450    55486   17400      0    1.87e+00    0    1.31e+00
2010 10 17  0455    55486   17700      0    1.86e+00    0    1.31e+00
2010 10 17  0500    55486   18000      0    1.91e+00    0    1.32e+00
2010 10 17  0505    55486   18300      0    1.89e+00    0    1.31e+00
2010 10 17  0510    55486   18600      0    1.88e+00    0    1.30e+00
2010 10 17  0515    55486   18900      0    1.89e+00    0    1.31e+00
2010 10 17  0520    55486   19200      0    1.86e+00    0    1.29e+00
2010 10 17  0525    55486   19500      0    1.86e+00    0    1.30e+00
2010 10 17  0530    55486   19800      0    1.93e+00    0    1.35e+00
2010 10 17  0535    55486   20100      0    1.89e+00    0    1.33e+00
2010 10 17  0540    55486   20400      0    1.91e+00    0    1.34e+00
2010 10 17  0545    55486   20700      0    1.86e+00    0    1.29e+00
2010 10 17  0550    55486   21000      0    1.91e+00    0    1.34e+00
2010 10 17  0555    55486   21300      0    1.88e+00    0    1.31e+00
2010 10 17  0600    55486   21600      0    1.88e+00    0    1.31e+00
2010 10 17  0605    55486   21900      0    1.91e+00    0    1.34e+00
2010 10 17  0610    55486   22200      0    1.92e+00    0    1.34e+00
2010 10 17  0615    55486   22500      0    1.89e+00    0    1.33e+00
2010 10 17  0620    55486   22800      0    1.93e+00    0    1.35e+00
2010 10 17  0625    55486   23100      0    1.86e+00    0    1.30e+00
2010 10 17  0630    55486   23400      0    1.87e+00    0    1.31e+00
2010 10 17  0635    55486   23700      0    1.89e+00    0    1.32e+00
2010 10 17  0640    55486   24000      0    1.88e+00    0    1.31e+00
2010 10 17  0645    55486   24300      0    1.93e+00    0    1.35e+00
2010 10 17  0650    55486   24600      0    1.91e+00    0    1.34e+00
2010 10 17  0655    55486   24900      0    1.91e+00    0    1.33e+00
2010 10 17  0700    55486   25200      0    1.90e+00    0    1.32e+00
2010 10 17  0705    55486   25500      0    1.88e+00    0    1.31e+00
2010 10 17  0710    55486   25800      0    1.86e+00    0    1.30e+00
2010 10 17  0715    55486   26100      0    1.88e+00    0    1.31e+00
2010 10 17  0720    55486   26400      0    1.88e+00    0    1.32e+00
2010 10 17  0725    55486   26700      0    1.91e+00    0    1.35e+00
2010 10 17  0730    55486   27000      0    1.96e+00    0    1.35e+00
2010 10 17  0735    55486   27300      0    1.89e+00    0    1.31e+00
2010 10 17  0740    55486   27600      0    1.89e+00    0    1.33e+00
2010 10 17  0745    55486   27900      0    1.87e+00    0    1.31e+00
2010 10 17  0750    55486   28200      0    1.95e+00    0    1.38e+00
2010 10 17  0755    55486   28500      0    1.90e+00    0    1.33e+00
2010 10 17  0800    55486   28800      0    1.95e+00    0    1.36e+00
2010 10 17  0805    55486   29100      0    1.90e+00    0    1.33e+00
2010 10 17  0810    55486   29400      0    1.90e+00    0    1.32e+00
2010 10 17  0815    55486   29700      0    1.86e+00    0    1.29e+00
2010 10 17  0820    55486   30000      0    1.88e+00    0    1.31e+00
2010 10 17  0825    55486   30300      0    1.89e+00    0    1.32e+00
2010 10 17  0830    55486   30600      0    1.91e+00    0    1.34e+00
2010 10 17  0835    55486   30900      0    1.94e+00    0    1.37e+00
2010 10 17  0840    55486   31200      0    1.91e+00    0    1.33e+00
2010 10 17  0845    55486   31500      0    1.89e+00    0    1.31e+00
2010 10 17  0850    55486   31800      0    1.91e+00    0    1.33e+00
2010 10 17  0855    55486   32100      0    1.88e+00    0    1.32e+00
2010 10 17  0900    55486   32400      0    1.91e+00    0    1.35e+00
2010 10 17  0905    55486   32700      0    1.90e+00    0    1.32e+00
2010 10 17  0910    55486   33000      0    1.91e+00    0    1.33e+00
2010 10 17  0915    55486   33300      0    1.89e+00    0    1.32e+00
2010 10 17  0920    55486   33600      0    1.94e+00    0    1.35e+00
2010 10 17  0925    55486   33900      0    1.90e+00    0    1.34e+00
2010 10 17  0930    55486   34200      0    1.85e+00    0    1.29e+00
2010 10 17  0935    55486   34500      0    1.87e+00    0    1.30e+00
2010 10 17  0940    55486   34800      0    1.89e+00    0    1.32e+00
2010 10 17  0945    55486   35100      0    1.86e+00    0    1.29e+00
2010 10 17  0950    55486   35400      0    1.87e+00    0    1.30e+00
2010 10 17  0955    55486   35700      0    1.91e+00    0    1.33e+00
2010 10 17  1000    55486   36000      0    1.88e+00    0    1.31e+00
2010 10 17  1005    55486   36300      0    1.87e+00    0    1.31e+00
2010 10 17  1010    55486   36600      0    1.88e+00    0    1.32e+00
2010 10 17  1015    55486   36900      0    1.86e+00    0    1.30e+00
2010 10 17  1020    55486   37200      0    1.88e+00    0    1.31e+00
2010 10 17  1025    55486   37500      0    1.87e+00    0    1.31e+00
2010 10 17  1030    55486   37800      0    1.90e+00    0    1.35e+00
2010 10 17  1035    55486   38100      0    1.88e+00    0    1.32e+00
2010 10 17  1040    55486   38400      0    1.88e+00    0    1.31e+00
2010 10 17  1045    55486   38700      0    1.88e+00    0    1.31e+00
2010 10 17  1050    55486   39000      0    1.86e+00    0    1.30e+00
2010 10 17  1055    55486   39300      0    1.91e+00    0    1.33e+00
2010 10 17  1100    55486   39600      0    1.87e+00    0    1.31e+00
2010 10 17  1105    55486   39900      0    1.87e+00    0    1.29e+00
2010 10 17  1110    55486   40200      0    1.89e+00    0    1.31e+00
2010 10 17  1115    55486   40500      0    1.85e+00    0    1.30e+00
2010 10 17  1120    55486   40800      0    1.93e+00    0    1.35e+00
2010 10 17  1125    55486   41100      0    1.91e+00    0    1.33e+00
2010 10 17  1130    55486   41400      0    1.90e+00    0    1.32e+00
2010 10 17  1135    55486   41700      0    1.94e+00    0    1.36e+00
2010 10 17  1140    55486   42000      0    1.90e+00    0    1.33e+00
2010 10 17  1145    55486   42300      0    1.93e+00    0    1.36e+00
2010 10 17  1150    55486   42600      0    1.85e+00    0    1.30e+00
2010 10 17  1155    55486   42900      0    1.88e+00    0    1.32e+00
2010 10 17  1200    55486   43200      0    1.88e+00    0    1.32e+00
2010 10 17  1205    55486   43500      0    1.88e+00    0    1.30e+00
2010 10 17  1210    55486   43800      0    1.91e+00    0    1.34e+00
2010 10 17  1215    55486   44100      0    1.86e+00    0    1.30e+00
2010 10 17  1220    55486   44400      0    1.88e+00    0    1.31e+00
2010 10 17  1225    55486   44700      0    1.89e+00    0    1.33e+00
2010 10 17  1230    55486   45000      0    1.86e+00    0    1.29e+00
2010 10 17  1235    55486   45300      0    1.88e+00    0    1.31e+00
2010 10 17  1240    55486   45600      0    1.90e+00    0    1.32e+00
2010 10 17  1245    55486   45900      0    1.93e+00    0    1.35e+00
2010 10 17  1250    55486   46200      0    1.87e+00    0    1.32e+00
2010 10 17  1255    55486   46500      0    1.88e+00    0    1.31e+00
2010 10 17  1300    55486   46800      0    1.92e+00    0    1.34e+00
2010 10 17  1305    55486   47100      0    1.89e+00    0    1.33e+00
2010 10 17  1310    55486   47400      0    1.89e+00    0    1.31e+00
2010 10 17  1315    55486   47700      0    1.91e+00    0    1.33e+00
2010 10 17  1320    55486   48000      0    1.90e+00    0    1.34e+00
2010 10 17  1325    55486   48300      0    1.88e+00    0    1.32e+00
2010 10 17  1330    55486   48600      0    1.87e+00    0    1.32e+00
2010 10 17  1335    55486   48900      0    1.91e+00    0    1.32e+00
2010 10 17  1340    55486   49200      0    1.89e+00    0    1.32e+00
2010 10 17  1345    55486   49500      0    1.90e+00    0    1.34e+00
2010 10 17  1350    55486   49800      0    1.88e+00    0    1.32e+00
2010 10 17  1355    55486   50100      0    1.87e+00    0    1.32e+00
2010 10 17  1400    55486   50400      0    1.89e+00    0    1.32e+00
2010 10 17  1405    55486   50700      0    1.85e+00    0    1.28e+00
2010 10 17  1410    55486   51000      0    1.85e+00    0    1.29e+00
2010 10 17  1415    55486   51300      0    1.86e+00    0    1.31e+00
2010 10 17  1420    55486   51600      0    1.85e+00    0    1.29e+00
2010 10 17  1425    55486   51900      0    1.88e+00    0    1.31e+00
2010 10 17  1430    55486   52200      0    1.93e+00    0    1.36e+00
2010 10 17  1435    55486   52500      0    1.86e+00    0    1.29e+00
2010 10 17  1440    55486   52800      0    1.86e+00    0    1.28e+00
2010 10 17  1445    55486   53100      0    1.85e+00    0    1.29e+00
2010 10 17  1450    55486   53400      0    1.88e+00    0    1.32e+00
2010 10 17  1455    55486   53700      0    1.89e+00    0    1.31e+00
2010 10 17  1500    55486   54000      0    1.88e+00    0    1.32e+00
2010 10 17  1505    55486   54300      0    1.88e+00    0    1.31e+00
2010 10 17  1510    55486   54600      0    1.86e+00    0    1.30e+00
2010 10 17  1515    55486   54900      0    1.86e+00    0    1.30e+00
2010 10 17  1520    55486   55200      0    1.86e+00    0    1.30e+00
2010 10 17  1525    55486   55500      0    1.93e+00    0    1.35e+00
2010 10 17  1530    55486   55800      0    1.97e+00    0    1.40e+00
2010 10 17  1535    55486   56100      0    1.91e+00    0    1.33e+00
2010 10 17  1540    55486   56400      0    1.87e+00    0    1.30e+00
2010 10 17  1545    55486   56700      0    1.86e+00    0    1.28e+00
2010 10 17  1550    55486   57000      0    1.90e+00    0    1.34e+00
2010 10 17  1555    55486   57300      0    1.87e+00    0    1.29e+00
2010 10 17  1600    55486   57600      0    1.94e+00    0    1.36e+00
2010 10 17  1605    55486   57900      0    1.87e+00    0    1.30e+00
2010 10 17  1610    55486   58200      0    1.88e+00    0    1.31e+00
2010 10 17  1615    55486   58500      0    1.94e+00    0    1.35e+00
2010 10 17  1620    55486   58800      0    1.88e+00    0    1.31e+00
2010 10 17  1625    55486   59100      0    1.90e+00    0    1.33e+00
2010 10 17  1630    55486   59400      0    1.86e+00    0    1.31e+00
2010 10 17  1635    55486   59700      0    1.91e+00    0    1.33e+00
2010 10 17  1640    55486   60000      0    1.87e+00    0    1.31e+00
2010 10 17  1645    55486   60300      0    1.87e+00    0    1.30e+00
2010 10 17  1650    55486   60600      0    1.88e+00    0    1.31e+00
2010 10 17  1655    55486   60900      0    1.85e+00    0    1.29e+00
2010 10 17  1700    55486   61200      0    1.90e+00    0    1.33e+00
2010 10 17  1705    55486   61500      0    1.86e+00    0    1.30e+00
2010 10 17  1710    55486   61800      0    1.88e+00    0    1.33e+00
2010 10 17  1715    55486   62100      0    1.84e+00    0    1.29e+00
2010 10 17  1720    55486   62400      0    1.86e+00    0    1.31e+00
2010 10 17  1725    55486   62700      0    1.87e+00    0    1.29e+00
2010 10 17  1730    55486   63000      0    1.89e+00    0    1.32e+00
2010 10 17  1735    55486   63300      0    1.88e+00    0    1.31e+00
2010 10 17  1740    55486   63600      0    1.86e+00    0    1.29e+00
2010 10 17  1745    55486   63900      0    1.87e+00    0    1.30e+00
2010 10 17  1750    55486   64200      0    1.87e+00    0    1.30e+00
2010 10 17  1755    55486   64500      0    1.89e+00    0    1.33e+00
2010 10 17  1800    55486   64800      0    1.85e+00    0    1.30e+00
2010 10 17  1805    55486   65100      0    1.87e+00    0    1.30e+00
2010 10 17  1810    55486   65400      0    1.86e+00    0    1.28e+00
2010 10 17  1815    55486   65700      0    1.86e+00    0    1.29e+00
2010 10 17  1820    55486   66000      0    1.89e+00    0    1.33e+00
2010 10 17  1825    55486   66300      0    1.91e+00    0    1.33e+00
2010 10 17  1830    55486   66600      0    1.83e+00    0    1.27e+00
2010 10 17  1835    55486   66900      0    1.83e+00    0    1.27e+00
2010 10 17  1840    55486   67200      0    1.85e+00    0    1.29e+00
2010 10 17  1845    55486   67500      0    1.85e+00    0    1.29e+00
2010 10 17  1850    55486   67800      0    1.87e+00    0    1.31e+00
2010 10 17  1855    55486   68100      0    1.84e+00    0    1.29e+00
2010 10 17  1900    55486   68400      0    1.87e+00    0    1.30e+00
2010 10 17  1905    55486   68700      0    1.84e+00    0    1.29e+00
2010 10 17  1910    55486   69000      0    1.87e+00    0    1.30e+00
2010 10 17  1915    55486   69300      0    1.87e+00    0    1.31e+00
2010 10 17  1920    55486   69600      0    1.86e+00    0    1.30e+00
2010 10 17  1925    55486   69900      0    1.86e+00    0    1.29e+00
2010 10 17  1930    55486   70200      0    1.91e+00    0    1.33e+00
2010 10 17  1935    55486   70500      0    1.88e+00    0    1.30e+00
2010 10 17  1940    55486   70800      0    1.89e+00    0    1.31e+00
2010 10 17  1945    55486   71100      0    1.89e+00    0    1.34e+00
2010 10 17  1950    55486   71400      0    1.86e+00    0    1.31e+00
2010 10 17  1955    55486   71700      0    1.92e+00    0    1.34e+00
2010 10 17  2000    55486   72000      0    1.89e+00    0    1.30e+00
2010 10 17  2005    55486   72300      0    1.86e+00    0    1.30e+00
2010 10 17  2010    55486   72600      0    1.90e+00    0    1.32e+00
2010 10 17  2015    55486   72900      0    1.87e+00    0    1.30e+00
2010 10 17  2020    55486   73200      0    1.90e+00    0    1.32e+00
2010 10 17  2025    55486   73500      0    1.92e+00    0    1.34e+00
2010 10 17  2030    55486   73800      0    1.88e+00    0    1.31e+00
2010 10 17  2035    55486   74100      0    1.90e+00    0    1.32e+00
2010 10 17  2040    55486   74400      0    1.85e+00    0    1.28e+00
2010 10 17  2045    55486   74700      0    1.88e+00    0    1.31e+00
2010 10 17  2050    55486   75000      0    1.92e+00    0    1.34e+00
2010 10 17  2055    55486   75300      0    1.85e+00    0    1.30e+00
2010 10 17  2100    55486   75600      0    1.85e+00    0    1.30e+00
2010 10 17  2105    55486   75900      0    1.88e+00    0    1.31e+00
2010 10 17  2110    55486   76200      0    1.87e+00    0    1.31e+00
2010 10 17  2115    55486   76500      0    1.89e+00    0    1.32e+00
2010 10 17  2120    55486   76800      0    1.78e+00    0    1.23e+00
2010 10 17  2125    55486   77100      0    1.85e+00    0    1.28e+00
2010 10 17  2130    55486   77400      0    1.92e+00    0    1.34e+00
2010 10 17  2135    55486   77700      0    1.85e+00    0    1.28e+00
2010 10 17  2140    55486   78000      0    1.90e+00    0    1.34e+00
2010 10 17  2145    55486   78300      0    1.87e+00    0    1.31e+00
2010 10 17  2150    55486   78600      0    1.85e+00    0    1.29e+00
2010 10 17  2155    55486   78900      0    1.85e+00    0    1.28e+00
2010 10 17  2200    55486   79200      0    1.84e+00    0    1.28e+00
2010 10 17  2205    55486   79500      0    1.88e+00    0    1.32e+00
2010 10 17  2210    55486   79800      0    1.87e+00    0    1.31e+00
2010 10 17  2215    55486   80100      0    1.88e+00    0    1.30e+00
2010 10 17  2220    55486   80400      0    1.86e+00    0    1.30e+00
2010 10 17  2225    55486   80700      0    1.87e+00    0    1.31e+00
2010 10 17  2230    55486   81000      0    1.86e+00    0    1.30e+00
2010 10 17  2235    55486   81300      0    1.87e+00    0    1.31e+00
2010 10 17  2240    55486   81600      0    1.86e+00    0    1.31e+00
2010 10 17  2245    55486   81900      0    1.87e+00    0    1.30e+00
2010 10 17  2250    55486   82200      0    1.90e+00    0    1.32e+00
2010 10 17  2255    55486   82500      0    1.88e+00    0    1.32e+00
2010 10 17  2300    55486   82800      0    1.87e+00    0    1.30e+00
2010 10 17  2305    55486   83100      0    1.87e+00    0    1.31e+00
2010 10 17  2310    55486   83400      0    1.88e+00    0    1.30e+00
2010 10 17  2315    55486   83700      0    1.87e+00    0    1.30e+00
2010 10 17  2320    55486   84000      0    1.83e+00    0    1.29e+00
2010 10 17  2325    55486   84300      0    1.89e+00    0    1.33e+00
2010 10 17  2330    55486   84600      0    1.84e+00    0    1.28e+00
2010 10 17  2335    55486   84900      0    1.83e+00    0    1.27e+00
2010 10 17  2340    55486   85200      0    1.87e+00    0    1.30e+00
2010 10 17  2345    55486   85500      0    1.84e+00    0    1.29e+00
2010 10 17  2350    55486   85800      0    1.83e+00    0    1.27e+00
2010 10 17  2355    55486   86100      0    1.86e+00    0    1.29e+00
