:Data_list: 20101006_ace_sis_5m.txt
:Created: 2010 Oct 07 0011 UT
# Prepared by the U.S. Dept. of Commerce, NOAA, Space Weather Prediction Center
# Please send comments and suggestions to SWPC.Webmaster@noaa.gov 
# 
# Units: proton flux p/cs2-sec-ster
# Status(S): 0 = nominal data, 1 to 8 = bad data record, 9 = no data
# Missing data values: -1.00e+05
# Source: ACE Satellite - Solar Isotope Spectrometer
#
# 5-minute averaged Real-time Integral Flux of High-energy Solar Protons
# 
#                 Modified Seconds
# UT Date   Time   Julian  of the      ---- Integral Proton Flux ----
# YR MO DA  HHMM     Day     Day       S    > 10 MeV    S    > 30 MeV
#--------------------------------------------------------------------
2010 10 06  0000    55475       0      0    1.90e+00    0    1.33e+00
2010 10 06  0005    55475     300      0    1.87e+00    0    1.31e+00
2010 10 06  0010    55475     600      0    1.92e+00    0    1.34e+00
2010 10 06  0015    55475     900      0    1.89e+00    0    1.32e+00
2010 10 06  0020    55475    1200      9   -1.00e+05    9   -1.00e+05
2010 10 06  0025    55475    1500      0    1.85e+00    0    1.30e+00
2010 10 06  0030    55475    1800      0    1.88e+00    0    1.31e+00
2010 10 06  0035    55475    2100      0    1.88e+00    0    1.32e+00
2010 10 06  0040    55475    2400      0    1.87e+00    0    1.30e+00
2010 10 06  0045    55475    2700      0    1.91e+00    0    1.32e+00
2010 10 06  0050    55475    3000      0    1.91e+00    0    1.34e+00
2010 10 06  0055    55475    3300      0    1.88e+00    0    1.33e+00
2010 10 06  0100    55475    3600      0    1.86e+00    0    1.32e+00
2010 10 06  0105    55475    3900      0    1.85e+00    0    1.30e+00
2010 10 06  0110    55475    4200      0    1.90e+00    0    1.34e+00
2010 10 06  0115    55475    4500      0    1.90e+00    0    1.33e+00
2010 10 06  0120    55475    4800      0    1.86e+00    0    1.28e+00
2010 10 06  0125    55475    5100      0    1.79e+00    0    1.25e+00
2010 10 06  0130    55475    5400      0    1.92e+00    0    1.36e+00
2010 10 06  0135    55475    5700      0    1.93e+00    0    1.36e+00
2010 10 06  0140    55475    6000      0    1.90e+00    0    1.33e+00
2010 10 06  0145    55475    6300      0    1.89e+00    0    1.31e+00
2010 10 06  0150    55475    6600      0    1.89e+00    0    1.32e+00
2010 10 06  0155    55475    6900      0    1.88e+00    0    1.32e+00
2010 10 06  0200    55475    7200      0    1.90e+00    0    1.33e+00
2010 10 06  0205    55475    7500      0    1.89e+00    0    1.32e+00
2010 10 06  0210    55475    7800      0    1.89e+00    0    1.32e+00
2010 10 06  0215    55475    8100      0    1.89e+00    0    1.32e+00
2010 10 06  0220    55475    8400      0    1.90e+00    0    1.33e+00
2010 10 06  0225    55475    8700      0    1.92e+00    0    1.34e+00
2010 10 06  0230    55475    9000      0    1.90e+00    0    1.32e+00
2010 10 06  0235    55475    9300      0    1.87e+00    0    1.31e+00
2010 10 06  0240    55475    9600      0    1.90e+00    0    1.34e+00
2010 10 06  0245    55475    9900      0    1.88e+00    0    1.32e+00
2010 10 06  0250    55475   10200      0    1.91e+00    0    1.32e+00
2010 10 06  0255    55475   10500      0    1.88e+00    0    1.31e+00
2010 10 06  0300    55475   10800      0    1.88e+00    0    1.32e+00
2010 10 06  0305    55475   11100      0    1.86e+00    0    1.29e+00
2010 10 06  0310    55475   11400      0    1.91e+00    0    1.33e+00
2010 10 06  0315    55475   11700      0    1.90e+00    0    1.34e+00
2010 10 06  0320    55475   12000      0    1.85e+00    0    1.30e+00
2010 10 06  0325    55475   12300      0    1.86e+00    0    1.30e+00
2010 10 06  0330    55475   12600      0    1.90e+00    0    1.34e+00
2010 10 06  0335    55475   12900      0    1.86e+00    0    1.31e+00
2010 10 06  0340    55475   13200      0    1.88e+00    0    1.32e+00
2010 10 06  0345    55475   13500      0    1.89e+00    0    1.33e+00
2010 10 06  0350    55475   13800      0    1.86e+00    0    1.29e+00
2010 10 06  0355    55475   14100      0    1.86e+00    0    1.31e+00
2010 10 06  0400    55475   14400      0    1.86e+00    0    1.30e+00
2010 10 06  0405    55475   14700      0    1.86e+00    0    1.30e+00
2010 10 06  0410    55475   15000      0    1.87e+00    0    1.31e+00
2010 10 06  0415    55475   15300      0    1.89e+00    0    1.32e+00
2010 10 06  0420    55475   15600      0    1.85e+00    0    1.30e+00
2010 10 06  0425    55475   15900      0    1.90e+00    0    1.33e+00
2010 10 06  0430    55475   16200      0    1.86e+00    0    1.31e+00
2010 10 06  0435    55475   16500      0    1.88e+00    0    1.31e+00
2010 10 06  0440    55475   16800      0    1.86e+00    0    1.30e+00
2010 10 06  0445    55475   17100      0    1.88e+00    0    1.32e+00
2010 10 06  0450    55475   17400      0    1.87e+00    0    1.31e+00
2010 10 06  0455    55475   17700      0    1.88e+00    0    1.31e+00
2010 10 06  0500    55475   18000      0    1.86e+00    0    1.30e+00
2010 10 06  0505    55475   18300      0    1.86e+00    0    1.30e+00
2010 10 06  0510    55475   18600      0    1.86e+00    0    1.30e+00
2010 10 06  0515    55475   18900      0    1.86e+00    0    1.28e+00
2010 10 06  0520    55475   19200      0    1.86e+00    0    1.31e+00
2010 10 06  0525    55475   19500      0    1.86e+00    0    1.31e+00
2010 10 06  0530    55475   19800      0    1.85e+00    0    1.30e+00
2010 10 06  0535    55475   20100      0    1.91e+00    0    1.34e+00
2010 10 06  0540    55475   20400      0    1.86e+00    0    1.30e+00
2010 10 06  0545    55475   20700      0    1.87e+00    0    1.32e+00
2010 10 06  0550    55475   21000      0    1.86e+00    0    1.29e+00
2010 10 06  0555    55475   21300      0    1.88e+00    0    1.33e+00
2010 10 06  0600    55475   21600      0    1.83e+00    0    1.28e+00
2010 10 06  0605    55475   21900      0    1.92e+00    0    1.35e+00
2010 10 06  0610    55475   22200      0    1.87e+00    0    1.31e+00
2010 10 06  0615    55475   22500      0    1.88e+00    0    1.32e+00
2010 10 06  0620    55475   22800      0    1.88e+00    0    1.32e+00
2010 10 06  0625    55475   23100      0    1.84e+00    0    1.27e+00
2010 10 06  0630    55475   23400      0    1.84e+00    0    1.29e+00
2010 10 06  0635    55475   23700      0    1.87e+00    0    1.31e+00
2010 10 06  0640    55475   24000      0    1.89e+00    0    1.32e+00
2010 10 06  0645    55475   24300      0    1.83e+00    0    1.28e+00
2010 10 06  0650    55475   24600      0    1.84e+00    0    1.29e+00
2010 10 06  0655    55475   24900      0    1.87e+00    0    1.32e+00
2010 10 06  0700    55475   25200      0    1.89e+00    0    1.32e+00
2010 10 06  0705    55475   25500      0    1.89e+00    0    1.32e+00
2010 10 06  0710    55475   25800      0    1.82e+00    0    1.28e+00
2010 10 06  0715    55475   26100      0    1.87e+00    0    1.30e+00
2010 10 06  0720    55475   26400      0    1.92e+00    0    1.33e+00
2010 10 06  0725    55475   26700      0    1.84e+00    0    1.29e+00
2010 10 06  0730    55475   27000      0    1.89e+00    0    1.34e+00
2010 10 06  0735    55475   27300      0    1.71e+00    0    1.19e+00
2010 10 06  0740    55475   27600      0    1.88e+00    0    1.31e+00
2010 10 06  0745    55475   27900      0    1.83e+00    0    1.27e+00
2010 10 06  0750    55475   28200      0    1.84e+00    0    1.28e+00
2010 10 06  0755    55475   28500      0    1.85e+00    0    1.28e+00
2010 10 06  0800    55475   28800      0    1.86e+00    0    1.30e+00
2010 10 06  0805    55475   29100      0    1.90e+00    0    1.32e+00
2010 10 06  0810    55475   29400      0    1.88e+00    0    1.30e+00
2010 10 06  0815    55475   29700      0    1.84e+00    0    1.28e+00
2010 10 06  0820    55475   30000      0    1.88e+00    0    1.33e+00
2010 10 06  0825    55475   30300      0    1.83e+00    0    1.28e+00
2010 10 06  0830    55475   30600      0    1.84e+00    0    1.29e+00
2010 10 06  0835    55475   30900      0    1.89e+00    0    1.33e+00
2010 10 06  0840    55475   31200      0    1.83e+00    0    1.28e+00
2010 10 06  0845    55475   31500      0    1.87e+00    0    1.30e+00
2010 10 06  0850    55475   31800      0    1.84e+00    0    1.28e+00
2010 10 06  0855    55475   32100      0    1.86e+00    0    1.30e+00
2010 10 06  0900    55475   32400      0    1.80e+00    0    1.26e+00
2010 10 06  0905    55475   32700      0    1.89e+00    0    1.33e+00
2010 10 06  0910    55475   33000      0    1.86e+00    0    1.30e+00
2010 10 06  0915    55475   33300      0    1.83e+00    0    1.27e+00
2010 10 06  0920    55475   33600      0    1.88e+00    0    1.31e+00
2010 10 06  0925    55475   33900      0    1.86e+00    0    1.30e+00
2010 10 06  0930    55475   34200      0    1.88e+00    0    1.32e+00
2010 10 06  0935    55475   34500      0    1.91e+00    0    1.34e+00
2010 10 06  0940    55475   34800      0    1.91e+00    0    1.32e+00
2010 10 06  0945    55475   35100      0    1.87e+00    0    1.31e+00
2010 10 06  0950    55475   35400      0    1.88e+00    0    1.32e+00
2010 10 06  0955    55475   35700      0    1.86e+00    0    1.31e+00
2010 10 06  1000    55475   36000      0    1.84e+00    0    1.30e+00
2010 10 06  1005    55475   36300      0    1.86e+00    0    1.30e+00
2010 10 06  1010    55475   36600      0    1.87e+00    0    1.31e+00
2010 10 06  1015    55475   36900      0    1.89e+00    0    1.32e+00
2010 10 06  1020    55475   37200      0    1.87e+00    0    1.31e+00
2010 10 06  1025    55475   37500      0    1.87e+00    0    1.32e+00
2010 10 06  1030    55475   37800      0    1.88e+00    0    1.32e+00
2010 10 06  1035    55475   38100      0    1.86e+00    0    1.30e+00
2010 10 06  1040    55475   38400      0    1.91e+00    0    1.34e+00
2010 10 06  1045    55475   38700      0    1.85e+00    0    1.29e+00
2010 10 06  1050    55475   39000      0    1.87e+00    0    1.30e+00
2010 10 06  1055    55475   39300      0    1.89e+00    0    1.34e+00
2010 10 06  1100    55475   39600      0    1.89e+00    0    1.31e+00
2010 10 06  1105    55475   39900      0    1.87e+00    0    1.31e+00
2010 10 06  1110    55475   40200      0    1.84e+00    0    1.29e+00
2010 10 06  1115    55475   40500      0    1.93e+00    0    1.35e+00
2010 10 06  1120    55475   40800      0    1.91e+00    0    1.35e+00
2010 10 06  1125    55475   41100      0    1.89e+00    0    1.33e+00
2010 10 06  1130    55475   41400      0    1.88e+00    0    1.32e+00
2010 10 06  1135    55475   41700      0    1.83e+00    0    1.28e+00
2010 10 06  1140    55475   42000      0    1.86e+00    0    1.29e+00
2010 10 06  1145    55475   42300      0    1.90e+00    0    1.33e+00
2010 10 06  1150    55475   42600      0    1.87e+00    0    1.31e+00
2010 10 06  1155    55475   42900      0    1.84e+00    0    1.29e+00
2010 10 06  1200    55475   43200      0    1.83e+00    0    1.29e+00
2010 10 06  1205    55475   43500      0    1.84e+00    0    1.29e+00
2010 10 06  1210    55475   43800      0    1.82e+00    0    1.28e+00
2010 10 06  1215    55475   44100      0    1.81e+00    0    1.26e+00
2010 10 06  1220    55475   44400      0    1.87e+00    0    1.30e+00
2010 10 06  1225    55475   44700      0    1.83e+00    0    1.27e+00
2010 10 06  1230    55475   45000      0    1.87e+00    0    1.30e+00
2010 10 06  1235    55475   45300      0    1.87e+00    0    1.32e+00
2010 10 06  1240    55475   45600      0    1.82e+00    0    1.28e+00
2010 10 06  1245    55475   45900      0    1.81e+00    0    1.28e+00
2010 10 06  1250    55475   46200      0    1.82e+00    0    1.27e+00
2010 10 06  1255    55475   46500      0    1.84e+00    0    1.29e+00
2010 10 06  1300    55475   46800      0    1.85e+00    0    1.30e+00
2010 10 06  1305    55475   47100      0    1.83e+00    0    1.28e+00
2010 10 06  1310    55475   47400      0    1.83e+00    0    1.27e+00
2010 10 06  1315    55475   47700      0    1.90e+00    0    1.32e+00
2010 10 06  1320    55475   48000      0    1.85e+00    0    1.30e+00
2010 10 06  1325    55475   48300      0    1.83e+00    0    1.27e+00
2010 10 06  1330    55475   48600      0    1.80e+00    0    1.26e+00
2010 10 06  1335    55475   48900      0    1.81e+00    0    1.27e+00
2010 10 06  1340    55475   49200      0    1.85e+00    0    1.29e+00
2010 10 06  1345    55475   49500      0    1.84e+00    0    1.30e+00
2010 10 06  1350    55475   49800      0    1.83e+00    0    1.30e+00
2010 10 06  1355    55475   50100      0    1.87e+00    0    1.29e+00
2010 10 06  1400    55475   50400      0    1.86e+00    0    1.31e+00
2010 10 06  1405    55475   50700      0    1.85e+00    0    1.29e+00
2010 10 06  1410    55475   51000      0    1.89e+00    0    1.34e+00
2010 10 06  1415    55475   51300      0    1.88e+00    0    1.31e+00
2010 10 06  1420    55475   51600      0    1.84e+00    0    1.30e+00
2010 10 06  1425    55475   51900      0    1.85e+00    0    1.30e+00
2010 10 06  1430    55475   52200      0    1.90e+00    0    1.32e+00
2010 10 06  1435    55475   52500      0    1.87e+00    0    1.30e+00
2010 10 06  1440    55475   52800      9   -1.00e+05    9   -1.00e+05
2010 10 06  1445    55475   53100      9   -1.00e+05    9   -1.00e+05
2010 10 06  1450    55475   53400      0    1.87e+00    0    1.30e+00
2010 10 06  1455    55475   53700      0    1.82e+00    0    1.27e+00
2010 10 06  1500    55475   54000      0    1.83e+00    0    1.27e+00
2010 10 06  1505    55475   54300      0    1.85e+00    0    1.28e+00
2010 10 06  1510    55475   54600      0    1.84e+00    0    1.28e+00
2010 10 06  1515    55475   54900      0    1.84e+00    0    1.29e+00
2010 10 06  1520    55475   55200      0    1.82e+00    0    1.27e+00
2010 10 06  1525    55475   55500      0    1.78e+00    0    1.24e+00
2010 10 06  1530    55475   55800      0    1.82e+00    0    1.26e+00
2010 10 06  1535    55475   56100      0    1.86e+00    0    1.29e+00
2010 10 06  1540    55475   56400      0    1.83e+00    0    1.28e+00
2010 10 06  1545    55475   56700      0    1.85e+00    0    1.28e+00
2010 10 06  1550    55475   57000      0    1.89e+00    0    1.33e+00
2010 10 06  1555    55475   57300      0    1.83e+00    0    1.29e+00
2010 10 06  1600    55475   57600      0    1.86e+00    0    1.30e+00
2010 10 06  1605    55475   57900      0    1.87e+00    0    1.31e+00
2010 10 06  1610    55475   58200      0    1.86e+00    0    1.31e+00
2010 10 06  1615    55475   58500      0    1.83e+00    0    1.29e+00
2010 10 06  1620    55475   58800      0    1.83e+00    0    1.28e+00
2010 10 06  1625    55475   59100      0    1.85e+00    0    1.30e+00
2010 10 06  1630    55475   59400      0    1.87e+00    0    1.31e+00
2010 10 06  1635    55475   59700      0    1.84e+00    0    1.28e+00
2010 10 06  1640    55475   60000      0    1.85e+00    0    1.29e+00
2010 10 06  1645    55475   60300      0    1.86e+00    0    1.30e+00
2010 10 06  1650    55475   60600      0    1.82e+00    0    1.28e+00
2010 10 06  1655    55475   60900      0    1.86e+00    0    1.29e+00
2010 10 06  1700    55475   61200      0    1.83e+00    0    1.27e+00
2010 10 06  1705    55475   61500      0    1.88e+00    0    1.31e+00
2010 10 06  1710    55475   61800      0    1.83e+00    0    1.27e+00
2010 10 06  1715    55475   62100      0    1.88e+00    0    1.30e+00
2010 10 06  1720    55475   62400      0    1.83e+00    0    1.28e+00
2010 10 06  1725    55475   62700      0    1.86e+00    0    1.31e+00
2010 10 06  1730    55475   63000      0    1.84e+00    0    1.30e+00
2010 10 06  1735    55475   63300      0    1.86e+00    0    1.29e+00
2010 10 06  1740    55475   63600      0    1.80e+00    0    1.28e+00
2010 10 06  1745    55475   63900      0    1.86e+00    0    1.32e+00
2010 10 06  1750    55475   64200      0    1.86e+00    0    1.29e+00
2010 10 06  1755    55475   64500      0    1.86e+00    0    1.29e+00
2010 10 06  1800    55475   64800      0    1.90e+00    0    1.32e+00
2010 10 06  1805    55475   65100      0    1.85e+00    0    1.31e+00
2010 10 06  1810    55475   65400      0    1.82e+00    0    1.26e+00
2010 10 06  1815    55475   65700      0    1.86e+00    0    1.30e+00
2010 10 06  1820    55475   66000      0    1.83e+00    0    1.27e+00
2010 10 06  1825    55475   66300      0    1.84e+00    0    1.29e+00
2010 10 06  1830    55475   66600      0    1.86e+00    0    1.30e+00
2010 10 06  1835    55475   66900      0    1.90e+00    0    1.32e+00
2010 10 06  1840    55475   67200      0    1.84e+00    0    1.27e+00
2010 10 06  1845    55475   67500      0    1.91e+00    0    1.34e+00
2010 10 06  1850    55475   67800      0    1.87e+00    0    1.31e+00
2010 10 06  1855    55475   68100      0    1.89e+00    0    1.32e+00
2010 10 06  1900    55475   68400      0    1.86e+00    0    1.30e+00
2010 10 06  1905    55475   68700      0    1.84e+00    0    1.28e+00
2010 10 06  1910    55475   69000      0    1.87e+00    0    1.30e+00
2010 10 06  1915    55475   69300      0    1.86e+00    0    1.31e+00
2010 10 06  1920    55475   69600      0    1.86e+00    0    1.32e+00
2010 10 06  1925    55475   69900      0    1.88e+00    0    1.32e+00
2010 10 06  1930    55475   70200      0    1.86e+00    0    1.31e+00
2010 10 06  1935    55475   70500      0    1.85e+00    0    1.28e+00
2010 10 06  1940    55475   70800      0    1.84e+00    0    1.30e+00
2010 10 06  1945    55475   71100      0    1.79e+00    0    1.25e+00
2010 10 06  1950    55475   71400      0    1.81e+00    0    1.27e+00
2010 10 06  1955    55475   71700      0    1.86e+00    0    1.30e+00
2010 10 06  2000    55475   72000      0    1.87e+00    0    1.29e+00
2010 10 06  2005    55475   72300      0    1.90e+00    0    1.34e+00
2010 10 06  2010    55475   72600      0    1.87e+00    0    1.32e+00
2010 10 06  2015    55475   72900      0    1.88e+00    0    1.32e+00
2010 10 06  2020    55475   73200      0    1.88e+00    0    1.31e+00
2010 10 06  2025    55475   73500      0    1.86e+00    0    1.32e+00
2010 10 06  2030    55475   73800      0    1.86e+00    0    1.30e+00
2010 10 06  2035    55475   74100      0    1.87e+00    0    1.32e+00
2010 10 06  2040    55475   74400      0    1.87e+00    0    1.30e+00
2010 10 06  2045    55475   74700      0    1.88e+00    0    1.32e+00
2010 10 06  2050    55475   75000      0    1.86e+00    0    1.31e+00
2010 10 06  2055    55475   75300      0    1.89e+00    0    1.32e+00
2010 10 06  2100    55475   75600      0    1.91e+00    0    1.32e+00
2010 10 06  2105    55475   75900      0    1.86e+00    0    1.31e+00
2010 10 06  2110    55475   76200      0    1.87e+00    0    1.30e+00
2010 10 06  2115    55475   76500      0    1.89e+00    0    1.34e+00
2010 10 06  2120    55475   76800      0    1.87e+00    0    1.29e+00
2010 10 06  2125    55475   77100      0    1.90e+00    0    1.35e+00
2010 10 06  2130    55475   77400      0    1.89e+00    0    1.32e+00
2010 10 06  2135    55475   77700      0    1.89e+00    0    1.32e+00
2010 10 06  2140    55475   78000      0    1.84e+00    0    1.28e+00
2010 10 06  2145    55475   78300      0    1.88e+00    0    1.30e+00
2010 10 06  2150    55475   78600      0    1.90e+00    0    1.32e+00
2010 10 06  2155    55475   78900      0    1.87e+00    0    1.30e+00
2010 10 06  2200    55475   79200      0    1.84e+00    0    1.28e+00
2010 10 06  2205    55475   79500      0    1.92e+00    0    1.33e+00
2010 10 06  2210    55475   79800      0    1.89e+00    0    1.33e+00
2010 10 06  2215    55475   80100      0    1.88e+00    0    1.31e+00
2010 10 06  2220    55475   80400      0    1.84e+00    0    1.29e+00
2010 10 06  2225    55475   80700      0    1.94e+00    0    1.36e+00
2010 10 06  2230    55475   81000      0    1.88e+00    0    1.33e+00
2010 10 06  2235    55475   81300      0    1.90e+00    0    1.33e+00
2010 10 06  2240    55475   81600      0    1.89e+00    0    1.31e+00
2010 10 06  2245    55475   81900      0    1.90e+00    0    1.34e+00
2010 10 06  2250    55475   82200      0    1.88e+00    0    1.30e+00
2010 10 06  2255    55475   82500      0    1.91e+00    0    1.33e+00
2010 10 06  2300    55475   82800      0    1.90e+00    0    1.31e+00
2010 10 06  2305    55475   83100      0    1.90e+00    0    1.34e+00
2010 10 06  2310    55475   83400      0    1.91e+00    0    1.35e+00
2010 10 06  2315    55475   83700      0    1.91e+00    0    1.33e+00
2010 10 06  2320    55475   84000      0    1.90e+00    0    1.33e+00
2010 10 06  2325    55475   84300      0    1.90e+00    0    1.32e+00
2010 10 06  2330    55475   84600      0    1.89e+00    0    1.32e+00
2010 10 06  2335    55475   84900      0    1.87e+00    0    1.32e+00
2010 10 06  2340    55475   85200      0    1.92e+00    0    1.36e+00
2010 10 06  2345    55475   85500      0    1.90e+00    0    1.33e+00
2010 10 06  2350    55475   85800      0    1.92e+00    0    1.34e+00
2010 10 06  2355    55475   86100      0    1.90e+00    0    1.34e+00
