:Data_list: 20110106_ace_sis_5m.txt
:Created: 2011 Jan 07 0011 UT
# Prepared by the U.S. Dept. of Commerce, NOAA, Space Weather Prediction Center
# Please send comments and suggestions to SWPC.Webmaster@noaa.gov 
# 
# Units: proton flux p/cs2-sec-ster
# Status(S): 0 = nominal data, 1 to 8 = bad data record, 9 = no data
# Missing data values: -1.00e+05
# Source: ACE Satellite - Solar Isotope Spectrometer
#
# 5-minute averaged Real-time Integral Flux of High-energy Solar Protons
# 
#                 Modified Seconds
# UT Date   Time   Julian  of the      ---- Integral Proton Flux ----
# YR MO DA  HHMM     Day     Day       S    > 10 MeV    S    > 30 MeV
#--------------------------------------------------------------------
2011 01 06  0000    55567       0      0    1.89e+00    0    1.34e+00
2011 01 06  0005    55567     300      0    1.87e+00    0    1.32e+00
2011 01 06  0010    55567     600      0    1.94e+00    0    1.36e+00
2011 01 06  0015    55567     900      0    1.87e+00    0    1.30e+00
2011 01 06  0020    55567    1200      0    1.88e+00    0    1.32e+00
2011 01 06  0025    55567    1500      0    1.95e+00    0    1.36e+00
2011 01 06  0030    55567    1800      0    1.95e+00    0    1.37e+00
2011 01 06  0035    55567    2100      0    1.90e+00    0    1.33e+00
2011 01 06  0040    55567    2400      0    1.92e+00    0    1.35e+00
2011 01 06  0045    55567    2700      0    1.92e+00    0    1.35e+00
2011 01 06  0050    55567    3000      0    1.93e+00    0    1.34e+00
2011 01 06  0055    55567    3300      0    1.85e+00    0    1.29e+00
2011 01 06  0100    55567    3600      0    1.87e+00    0    1.32e+00
2011 01 06  0105    55567    3900      0    1.92e+00    0    1.34e+00
2011 01 06  0110    55567    4200      0    1.92e+00    0    1.35e+00
2011 01 06  0115    55567    4500      0    1.91e+00    0    1.34e+00
2011 01 06  0120    55567    4800      0    1.92e+00    0    1.35e+00
2011 01 06  0125    55567    5100      0    1.90e+00    0    1.32e+00
2011 01 06  0130    55567    5400      0    1.89e+00    0    1.33e+00
2011 01 06  0135    55567    5700      0    1.91e+00    0    1.33e+00
2011 01 06  0140    55567    6000      0    1.89e+00    0    1.33e+00
2011 01 06  0145    55567    6300      0    1.89e+00    0    1.32e+00
2011 01 06  0150    55567    6600      0    1.88e+00    0    1.31e+00
2011 01 06  0155    55567    6900      0    1.87e+00    0    1.31e+00
2011 01 06  0200    55567    7200      0    1.88e+00    0    1.32e+00
2011 01 06  0205    55567    7500      0    1.86e+00    0    1.31e+00
2011 01 06  0210    55567    7800      0    1.92e+00    0    1.35e+00
2011 01 06  0215    55567    8100      0    1.88e+00    0    1.32e+00
2011 01 06  0220    55567    8400      0    1.87e+00    0    1.31e+00
2011 01 06  0225    55567    8700      0    1.88e+00    0    1.31e+00
2011 01 06  0230    55567    9000      0    1.86e+00    0    1.31e+00
2011 01 06  0235    55567    9300      0    1.88e+00    0    1.32e+00
2011 01 06  0240    55567    9600      0    1.90e+00    0    1.33e+00
2011 01 06  0245    55567    9900      0    1.93e+00    0    1.37e+00
2011 01 06  0250    55567   10200      0    1.94e+00    0    1.36e+00
2011 01 06  0255    55567   10500      0    1.91e+00    0    1.33e+00
2011 01 06  0300    55567   10800      0    1.90e+00    0    1.33e+00
2011 01 06  0305    55567   11100      0    1.88e+00    0    1.32e+00
2011 01 06  0310    55567   11400      0    1.91e+00    0    1.34e+00
2011 01 06  0315    55567   11700      0    1.89e+00    0    1.31e+00
2011 01 06  0320    55567   12000      0    1.92e+00    0    1.34e+00
2011 01 06  0325    55567   12300      0    1.93e+00    0    1.35e+00
2011 01 06  0330    55567   12600      0    1.88e+00    0    1.32e+00
2011 01 06  0335    55567   12900      0    1.88e+00    0    1.32e+00
2011 01 06  0340    55567   13200      0    1.87e+00    0    1.31e+00
2011 01 06  0345    55567   13500      0    1.93e+00    0    1.36e+00
2011 01 06  0350    55567   13800      0    1.95e+00    0    1.38e+00
2011 01 06  0355    55567   14100      0    1.88e+00    0    1.31e+00
2011 01 06  0400    55567   14400      0    1.96e+00    0    1.38e+00
2011 01 06  0405    55567   14700      0    1.86e+00    0    1.29e+00
2011 01 06  0410    55567   15000      0    1.90e+00    0    1.34e+00
2011 01 06  0415    55567   15300      0    1.93e+00    0    1.34e+00
2011 01 06  0420    55567   15600      0    1.89e+00    0    1.33e+00
2011 01 06  0425    55567   15900      0    1.88e+00    0    1.32e+00
2011 01 06  0430    55567   16200      0    1.89e+00    0    1.32e+00
2011 01 06  0435    55567   16500      0    1.89e+00    0    1.33e+00
2011 01 06  0440    55567   16800      0    1.89e+00    0    1.32e+00
2011 01 06  0445    55567   17100      0    1.89e+00    0    1.31e+00
2011 01 06  0450    55567   17400      0    1.95e+00    0    1.37e+00
2011 01 06  0455    55567   17700      0    1.87e+00    0    1.31e+00
2011 01 06  0500    55567   18000      0    1.85e+00    0    1.31e+00
2011 01 06  0505    55567   18300      0    1.92e+00    0    1.34e+00
2011 01 06  0510    55567   18600      0    1.92e+00    0    1.35e+00
2011 01 06  0515    55567   18900      0    1.91e+00    0    1.34e+00
2011 01 06  0520    55567   19200      0    1.87e+00    0    1.31e+00
2011 01 06  0525    55567   19500      0    1.91e+00    0    1.34e+00
2011 01 06  0530    55567   19800      0    1.87e+00    0    1.31e+00
2011 01 06  0535    55567   20100      0    1.91e+00    0    1.33e+00
2011 01 06  0540    55567   20400      0    1.92e+00    0    1.35e+00
2011 01 06  0545    55567   20700      0    1.91e+00    0    1.35e+00
2011 01 06  0550    55567   21000      0    1.94e+00    0    1.36e+00
2011 01 06  0555    55567   21300      0    1.89e+00    0    1.32e+00
2011 01 06  0600    55567   21600      0    1.92e+00    0    1.34e+00
2011 01 06  0605    55567   21900      0    1.89e+00    0    1.33e+00
2011 01 06  0610    55567   22200      0    1.91e+00    0    1.34e+00
2011 01 06  0615    55567   22500      0    1.91e+00    0    1.35e+00
2011 01 06  0620    55567   22800      0    1.93e+00    0    1.35e+00
2011 01 06  0625    55567   23100      0    1.90e+00    0    1.32e+00
2011 01 06  0630    55567   23400      0    1.93e+00    0    1.35e+00
2011 01 06  0635    55567   23700      0    1.88e+00    0    1.31e+00
2011 01 06  0640    55567   24000      0    1.91e+00    0    1.34e+00
2011 01 06  0645    55567   24300      0    1.94e+00    0    1.35e+00
2011 01 06  0650    55567   24600      0    1.91e+00    0    1.35e+00
2011 01 06  0655    55567   24900      0    1.87e+00    0    1.31e+00
2011 01 06  0700    55567   25200      0    1.90e+00    0    1.32e+00
2011 01 06  0705    55567   25500      0    1.89e+00    0    1.33e+00
2011 01 06  0710    55567   25800      0    1.94e+00    0    1.36e+00
2011 01 06  0715    55567   26100      0    1.92e+00    0    1.33e+00
2011 01 06  0720    55567   26400      0    1.91e+00    0    1.34e+00
2011 01 06  0725    55567   26700      0    1.93e+00    0    1.36e+00
2011 01 06  0730    55567   27000      0    1.85e+00    0    1.30e+00
2011 01 06  0735    55567   27300      0    1.91e+00    0    1.35e+00
2011 01 06  0740    55567   27600      0    1.88e+00    0    1.31e+00
2011 01 06  0745    55567   27900      0    1.88e+00    0    1.31e+00
2011 01 06  0750    55567   28200      0    1.87e+00    0    1.29e+00
2011 01 06  0755    55567   28500      0    1.89e+00    0    1.32e+00
2011 01 06  0800    55567   28800      0    1.91e+00    0    1.33e+00
2011 01 06  0805    55567   29100      0    1.90e+00    0    1.35e+00
2011 01 06  0810    55567   29400      0    1.90e+00    0    1.34e+00
2011 01 06  0815    55567   29700      0    1.94e+00    0    1.35e+00
2011 01 06  0820    55567   30000      0    1.91e+00    0    1.33e+00
2011 01 06  0825    55567   30300      0    1.92e+00    0    1.34e+00
2011 01 06  0830    55567   30600      0    1.92e+00    0    1.34e+00
2011 01 06  0835    55567   30900      0    1.89e+00    0    1.30e+00
2011 01 06  0840    55567   31200      0    1.91e+00    0    1.35e+00
2011 01 06  0845    55567   31500      0    1.92e+00    0    1.35e+00
2011 01 06  0850    55567   31800      0    1.88e+00    0    1.33e+00
2011 01 06  0855    55567   32100      0    1.92e+00    0    1.33e+00
2011 01 06  0900    55567   32400      0    1.88e+00    0    1.31e+00
2011 01 06  0905    55567   32700      0    1.92e+00    0    1.34e+00
2011 01 06  0910    55567   33000      0    1.90e+00    0    1.33e+00
2011 01 06  0915    55567   33300      0    1.90e+00    0    1.33e+00
2011 01 06  0920    55567   33600      0    1.90e+00    0    1.32e+00
2011 01 06  0925    55567   33900      0    1.87e+00    0    1.31e+00
2011 01 06  0930    55567   34200      0    1.82e+00    0    1.27e+00
2011 01 06  0935    55567   34500      0    1.89e+00    0    1.31e+00
2011 01 06  0940    55567   34800      0    1.90e+00    0    1.34e+00
2011 01 06  0945    55567   35100      0    1.89e+00    0    1.31e+00
2011 01 06  0950    55567   35400      0    1.89e+00    0    1.32e+00
2011 01 06  0955    55567   35700      0    1.87e+00    0    1.30e+00
2011 01 06  1000    55567   36000      0    1.91e+00    0    1.34e+00
2011 01 06  1005    55567   36300      0    1.90e+00    0    1.31e+00
2011 01 06  1010    55567   36600      0    1.88e+00    0    1.31e+00
2011 01 06  1015    55567   36900      0    1.89e+00    0    1.33e+00
2011 01 06  1020    55567   37200      0    1.88e+00    0    1.32e+00
2011 01 06  1025    55567   37500      0    1.88e+00    0    1.32e+00
2011 01 06  1030    55567   37800      0    1.93e+00    0    1.36e+00
2011 01 06  1035    55567   38100      0    1.89e+00    0    1.31e+00
2011 01 06  1040    55567   38400      0    1.88e+00    0    1.31e+00
2011 01 06  1045    55567   38700      0    1.87e+00    0    1.30e+00
2011 01 06  1050    55567   39000      0    1.91e+00    0    1.33e+00
2011 01 06  1055    55567   39300      0    1.89e+00    0    1.32e+00
2011 01 06  1100    55567   39600      0    1.91e+00    0    1.33e+00
2011 01 06  1105    55567   39900      0    1.90e+00    0    1.34e+00
2011 01 06  1110    55567   40200      0    1.88e+00    0    1.32e+00
2011 01 06  1115    55567   40500      0    1.93e+00    0    1.36e+00
2011 01 06  1120    55567   40800      0    1.90e+00    0    1.33e+00
2011 01 06  1125    55567   41100      0    1.88e+00    0    1.33e+00
2011 01 06  1130    55567   41400      0    1.88e+00    0    1.31e+00
2011 01 06  1135    55567   41700      0    1.91e+00    0    1.34e+00
2011 01 06  1140    55567   42000      0    1.91e+00    0    1.34e+00
2011 01 06  1145    55567   42300      0    1.91e+00    0    1.33e+00
2011 01 06  1150    55567   42600      0    1.92e+00    0    1.35e+00
2011 01 06  1155    55567   42900      0    1.90e+00    0    1.33e+00
2011 01 06  1200    55567   43200      0    1.96e+00    0    1.37e+00
2011 01 06  1205    55567   43500      0    1.88e+00    0    1.31e+00
2011 01 06  1210    55567   43800      0    1.93e+00    0    1.35e+00
2011 01 06  1215    55567   44100      0    1.94e+00    0    1.36e+00
2011 01 06  1220    55567   44400      0    1.89e+00    0    1.32e+00
2011 01 06  1225    55567   44700      0    1.94e+00    0    1.35e+00
2011 01 06  1230    55567   45000      0    1.92e+00    0    1.34e+00
2011 01 06  1235    55567   45300      0    1.91e+00    0    1.33e+00
2011 01 06  1240    55567   45600      0    1.92e+00    0    1.35e+00
2011 01 06  1245    55567   45900      0    1.86e+00    0    1.29e+00
2011 01 06  1250    55567   46200      0    1.93e+00    0    1.35e+00
2011 01 06  1255    55567   46500      0    1.92e+00    0    1.36e+00
2011 01 06  1300    55567   46800      0    1.93e+00    0    1.38e+00
2011 01 06  1305    55567   47100      0    1.92e+00    0    1.34e+00
2011 01 06  1310    55567   47400      0    1.93e+00    0    1.36e+00
2011 01 06  1315    55567   47700      0    1.93e+00    0    1.35e+00
2011 01 06  1320    55567   48000      0    1.90e+00    0    1.33e+00
2011 01 06  1325    55567   48300      0    1.91e+00    0    1.34e+00
2011 01 06  1330    55567   48600      0    1.86e+00    0    1.30e+00
2011 01 06  1335    55567   48900      0    1.89e+00    0    1.32e+00
2011 01 06  1340    55567   49200      0    1.92e+00    0    1.34e+00
2011 01 06  1345    55567   49500      0    1.90e+00    0    1.33e+00
2011 01 06  1350    55567   49800      0    1.89e+00    0    1.33e+00
2011 01 06  1355    55567   50100      0    1.88e+00    0    1.32e+00
2011 01 06  1400    55567   50400      0    1.92e+00    0    1.33e+00
2011 01 06  1405    55567   50700      0    1.90e+00    0    1.33e+00
2011 01 06  1410    55567   51000      0    1.95e+00    0    1.36e+00
2011 01 06  1415    55567   51300      0    1.89e+00    0    1.31e+00
2011 01 06  1420    55567   51600      0    1.86e+00    0    1.28e+00
2011 01 06  1425    55567   51900      0    1.89e+00    0    1.33e+00
2011 01 06  1430    55567   52200      0    1.94e+00    0    1.36e+00
2011 01 06  1435    55567   52500      0    1.93e+00    0    1.35e+00
2011 01 06  1440    55567   52800      0    1.90e+00    0    1.34e+00
2011 01 06  1445    55567   53100      0    1.91e+00    0    1.33e+00
2011 01 06  1450    55567   53400      0    1.87e+00    0    1.30e+00
2011 01 06  1455    55567   53700      0    1.89e+00    0    1.32e+00
2011 01 06  1500    55567   54000      0    1.91e+00    0    1.33e+00
2011 01 06  1505    55567   54300      0    1.90e+00    0    1.33e+00
2011 01 06  1510    55567   54600      0    1.89e+00    0    1.31e+00
2011 01 06  1515    55567   54900      0    1.95e+00    0    1.36e+00
2011 01 06  1520    55567   55200      0    1.90e+00    0    1.33e+00
2011 01 06  1525    55567   55500      0    1.94e+00    0    1.35e+00
2011 01 06  1530    55567   55800      0    1.87e+00    0    1.30e+00
2011 01 06  1535    55567   56100      0    1.96e+00    0    1.38e+00
2011 01 06  1540    55567   56400      0    1.91e+00    0    1.32e+00
2011 01 06  1545    55567   56700      0    1.95e+00    0    1.37e+00
2011 01 06  1550    55567   57000      0    1.94e+00    0    1.36e+00
2011 01 06  1555    55567   57300      0    1.90e+00    0    1.34e+00
2011 01 06  1600    55567   57600      0    1.94e+00    0    1.36e+00
2011 01 06  1605    55567   57900      0    1.88e+00    0    1.31e+00
2011 01 06  1610    55567   58200      0    1.88e+00    0    1.31e+00
2011 01 06  1615    55567   58500      0    1.91e+00    0    1.34e+00
2011 01 06  1620    55567   58800      0    1.92e+00    0    1.35e+00
2011 01 06  1625    55567   59100      0    1.90e+00    0    1.32e+00
2011 01 06  1630    55567   59400      0    1.91e+00    0    1.34e+00
2011 01 06  1635    55567   59700      0    1.92e+00    0    1.34e+00
2011 01 06  1640    55567   60000      0    1.88e+00    0    1.32e+00
2011 01 06  1645    55567   60300      0    1.88e+00    0    1.32e+00
2011 01 06  1650    55567   60600      0    1.98e+00    0    1.40e+00
2011 01 06  1655    55567   60900      0    1.93e+00    0    1.36e+00
2011 01 06  1700    55567   61200      0    1.91e+00    0    1.33e+00
2011 01 06  1705    55567   61500      0    1.92e+00    0    1.35e+00
2011 01 06  1710    55567   61800      0    1.92e+00    0    1.33e+00
2011 01 06  1715    55567   62100      0    1.90e+00    0    1.33e+00
2011 01 06  1720    55567   62400      0    1.90e+00    0    1.33e+00
2011 01 06  1725    55567   62700      0    1.93e+00    0    1.34e+00
2011 01 06  1730    55567   63000      0    1.92e+00    0    1.32e+00
2011 01 06  1735    55567   63300      0    1.93e+00    0    1.35e+00
2011 01 06  1740    55567   63600      0    1.91e+00    0    1.34e+00
2011 01 06  1745    55567   63900      0    1.95e+00    0    1.35e+00
2011 01 06  1750    55567   64200      0    1.93e+00    0    1.36e+00
2011 01 06  1755    55567   64500      0    1.93e+00    0    1.35e+00
2011 01 06  1800    55567   64800      0    1.92e+00    0    1.34e+00
2011 01 06  1805    55567   65100      0    1.92e+00    0    1.34e+00
2011 01 06  1810    55567   65400      0    1.92e+00    0    1.35e+00
2011 01 06  1815    55567   65700      0    1.92e+00    0    1.35e+00
2011 01 06  1820    55567   66000      0    1.91e+00    0    1.34e+00
2011 01 06  1825    55567   66300      0    1.95e+00    0    1.36e+00
2011 01 06  1830    55567   66600      0    1.91e+00    0    1.34e+00
2011 01 06  1835    55567   66900      0    1.91e+00    0    1.34e+00
2011 01 06  1840    55567   67200      0    1.96e+00    0    1.38e+00
2011 01 06  1845    55567   67500      0    1.91e+00    0    1.34e+00
2011 01 06  1850    55567   67800      0    1.89e+00    0    1.32e+00
2011 01 06  1855    55567   68100      0    1.86e+00    0    1.31e+00
2011 01 06  1900    55567   68400      0    1.85e+00    0    1.30e+00
2011 01 06  1905    55567   68700      0    1.90e+00    0    1.35e+00
2011 01 06  1910    55567   69000      0    1.89e+00    0    1.31e+00
2011 01 06  1915    55567   69300      0    1.91e+00    0    1.33e+00
2011 01 06  1920    55567   69600      0    1.92e+00    0    1.35e+00
2011 01 06  1925    55567   69900      0    1.89e+00    0    1.33e+00
2011 01 06  1930    55567   70200      0    1.89e+00    0    1.32e+00
2011 01 06  1935    55567   70500      0    1.88e+00    0    1.32e+00
2011 01 06  1940    55567   70800      0    1.89e+00    0    1.33e+00
2011 01 06  1945    55567   71100      0    1.90e+00    0    1.33e+00
2011 01 06  1950    55567   71400      0    1.95e+00    0    1.36e+00
2011 01 06  1955    55567   71700      0    1.92e+00    0    1.34e+00
2011 01 06  2000    55567   72000      0    1.95e+00    0    1.36e+00
2011 01 06  2005    55567   72300      0    1.93e+00    0    1.36e+00
2011 01 06  2010    55567   72600      0    1.93e+00    0    1.35e+00
2011 01 06  2015    55567   72900      0    1.90e+00    0    1.32e+00
2011 01 06  2020    55567   73200      0    1.90e+00    0    1.33e+00
2011 01 06  2025    55567   73500      0    1.92e+00    0    1.34e+00
2011 01 06  2030    55567   73800      0    1.95e+00    0    1.37e+00
2011 01 06  2035    55567   74100      0    1.91e+00    0    1.35e+00
2011 01 06  2040    55567   74400      0    1.92e+00    0    1.34e+00
2011 01 06  2045    55567   74700      0    1.88e+00    0    1.31e+00
2011 01 06  2050    55567   75000      0    1.92e+00    0    1.35e+00
2011 01 06  2055    55567   75300      0    1.93e+00    0    1.35e+00
2011 01 06  2100    55567   75600      0    1.88e+00    0    1.31e+00
2011 01 06  2105    55567   75900      0    1.94e+00    0    1.38e+00
2011 01 06  2110    55567   76200      0    1.91e+00    0    1.34e+00
2011 01 06  2115    55567   76500      0    1.88e+00    0    1.31e+00
2011 01 06  2120    55567   76800      0    1.89e+00    0    1.31e+00
2011 01 06  2125    55567   77100      0    1.92e+00    0    1.34e+00
2011 01 06  2130    55567   77400      0    1.92e+00    0    1.33e+00
2011 01 06  2135    55567   77700      0    1.89e+00    0    1.32e+00
2011 01 06  2140    55567   78000      0    1.91e+00    0    1.34e+00
2011 01 06  2145    55567   78300      0    1.90e+00    0    1.33e+00
2011 01 06  2150    55567   78600      0    1.86e+00    0    1.29e+00
2011 01 06  2155    55567   78900      0    1.86e+00    0    1.28e+00
2011 01 06  2200    55567   79200      0    1.92e+00    0    1.34e+00
2011 01 06  2205    55567   79500      0    1.90e+00    0    1.33e+00
2011 01 06  2210    55567   79800      0    1.85e+00    0    1.29e+00
2011 01 06  2215    55567   80100      0    1.91e+00    0    1.34e+00
2011 01 06  2220    55567   80400      0    1.89e+00    0    1.33e+00
2011 01 06  2225    55567   80700      0    1.88e+00    0    1.31e+00
2011 01 06  2230    55567   81000      0    1.84e+00    0    1.29e+00
2011 01 06  2235    55567   81300      0    1.89e+00    0    1.33e+00
2011 01 06  2240    55567   81600      0    1.85e+00    0    1.30e+00
2011 01 06  2245    55567   81900      0    1.87e+00    0    1.31e+00
2011 01 06  2250    55567   82200      0    1.94e+00    0    1.36e+00
2011 01 06  2255    55567   82500      0    1.88e+00    0    1.33e+00
2011 01 06  2300    55567   82800      0    1.89e+00    0    1.32e+00
2011 01 06  2305    55567   83100      0    1.89e+00    0    1.33e+00
2011 01 06  2310    55567   83400      0    1.86e+00    0    1.30e+00
2011 01 06  2315    55567   83700      0    1.85e+00    0    1.29e+00
2011 01 06  2320    55567   84000      0    1.88e+00    0    1.31e+00
2011 01 06  2325    55567   84300      0    1.90e+00    0    1.34e+00
2011 01 06  2330    55567   84600      0    1.89e+00    0    1.33e+00
2011 01 06  2335    55567   84900      0    1.89e+00    0    1.32e+00
2011 01 06  2340    55567   85200      0    1.86e+00    0    1.32e+00
2011 01 06  2345    55567   85500      0    1.91e+00    0    1.34e+00
2011 01 06  2350    55567   85800      0    1.95e+00    0    1.37e+00
2011 01 06  2355    55567   86100      0    1.88e+00    0    1.32e+00
