:Data_list: 20110317_ace_sis_5m.txt
:Created: 2011 Mar 18 0011 UT
# Prepared by the U.S. Dept. of Commerce, NOAA, Space Weather Prediction Center
# Please send comments and suggestions to SWPC.Webmaster@noaa.gov 
# 
# Units: proton flux p/cs2-sec-ster
# Status(S): 0 = nominal data, 1 to 8 = bad data record, 9 = no data
# Missing data values: -1.00e+05
# Source: ACE Satellite - Solar Isotope Spectrometer
#
# 5-minute averaged Real-time Integral Flux of High-energy Solar Protons
# 
#                 Modified Seconds
# UT Date   Time   Julian  of the      ---- Integral Proton Flux ----
# YR MO DA  HHMM     Day     Day       S    > 10 MeV    S    > 30 MeV
#--------------------------------------------------------------------
2011 03 17  0000    55637       0      9   -1.00e+05    9   -1.00e+05
2011 03 17  0005    55637     300      9   -1.00e+05    9   -1.00e+05
2011 03 17  0010    55637     600      9   -1.00e+05    9   -1.00e+05
2011 03 17  0015    55637     900      9   -1.00e+05    9   -1.00e+05
2011 03 17  0020    55637    1200      9   -1.00e+05    9   -1.00e+05
2011 03 17  0025    55637    1500      9   -1.00e+05    9   -1.00e+05
2011 03 17  0030    55637    1800      9   -1.00e+05    9   -1.00e+05
2011 03 17  0035    55637    2100      9   -1.00e+05    9   -1.00e+05
2011 03 17  0040    55637    2400      9   -1.00e+05    9   -1.00e+05
2011 03 17  0045    55637    2700      9   -1.00e+05    9   -1.00e+05
2011 03 17  0050    55637    3000      9   -1.00e+05    9   -1.00e+05
2011 03 17  0055    55637    3300      9   -1.00e+05    9   -1.00e+05
2011 03 17  0100    55637    3600      9   -1.00e+05    9   -1.00e+05
2011 03 17  0105    55637    3900      9   -1.00e+05    9   -1.00e+05
2011 03 17  0110    55637    4200      9   -1.00e+05    9   -1.00e+05
2011 03 17  0115    55637    4500      9   -1.00e+05    9   -1.00e+05
2011 03 17  0120    55637    4800      9   -1.00e+05    9   -1.00e+05
2011 03 17  0125    55637    5100      9   -1.00e+05    9   -1.00e+05
2011 03 17  0130    55637    5400      9   -1.00e+05    9   -1.00e+05
2011 03 17  0135    55637    5700      9   -1.00e+05    9   -1.00e+05
2011 03 17  0140    55637    6000      9   -1.00e+05    9   -1.00e+05
2011 03 17  0145    55637    6300      0    2.20e+00    0    1.26e+00
2011 03 17  0150    55637    6600      0    2.19e+00    0    1.27e+00
2011 03 17  0155    55637    6900      0    2.00e+00    0    1.23e+00
2011 03 17  0200    55637    7200      0    1.95e+00    0    1.24e+00
2011 03 17  0205    55637    7500      0    1.92e+00    0    1.24e+00
2011 03 17  0210    55637    7800      0    1.89e+00    0    1.23e+00
2011 03 17  0215    55637    8100      0    1.99e+00    0    1.25e+00
2011 03 17  0220    55637    8400      0    1.98e+00    0    1.23e+00
2011 03 17  0225    55637    8700      0    1.99e+00    0    1.24e+00
2011 03 17  0230    55637    9000      0    1.94e+00    0    1.23e+00
2011 03 17  0235    55637    9300      0    1.98e+00    0    1.23e+00
2011 03 17  0240    55637    9600      0    1.99e+00    0    1.27e+00
2011 03 17  0245    55637    9900      0    2.02e+00    0    1.25e+00
2011 03 17  0250    55637   10200      0    2.05e+00    0    1.25e+00
2011 03 17  0255    55637   10500      0    2.06e+00    0    1.26e+00
2011 03 17  0300    55637   10800      0    2.13e+00    0    1.27e+00
2011 03 17  0305    55637   11100      0    2.07e+00    0    1.26e+00
2011 03 17  0310    55637   11400      0    2.08e+00    0    1.30e+00
2011 03 17  0315    55637   11700      0    2.11e+00    0    1.30e+00
2011 03 17  0320    55637   12000      0    2.10e+00    0    1.27e+00
2011 03 17  0325    55637   12300      0    2.09e+00    0    1.28e+00
2011 03 17  0330    55637   12600      0    2.02e+00    0    1.26e+00
2011 03 17  0335    55637   12900      0    2.08e+00    0    1.28e+00
2011 03 17  0340    55637   13200      0    2.07e+00    0    1.26e+00
2011 03 17  0345    55637   13500      0    2.12e+00    0    1.30e+00
2011 03 17  0350    55637   13800      0    2.08e+00    0    1.28e+00
2011 03 17  0355    55637   14100      0    2.13e+00    0    1.29e+00
2011 03 17  0400    55637   14400      0    2.17e+00    0    1.31e+00
2011 03 17  0405    55637   14700      0    2.16e+00    0    1.31e+00
2011 03 17  0410    55637   15000      0    2.12e+00    0    1.27e+00
2011 03 17  0415    55637   15300      0    2.15e+00    0    1.28e+00
2011 03 17  0420    55637   15600      0    2.07e+00    0    1.24e+00
2011 03 17  0425    55637   15900      0    2.11e+00    0    1.29e+00
2011 03 17  0430    55637   16200      0    2.07e+00    0    1.28e+00
2011 03 17  0435    55637   16500      0    2.01e+00    0    1.26e+00
2011 03 17  0440    55637   16800      0    2.05e+00    0    1.26e+00
2011 03 17  0445    55637   17100      0    2.04e+00    0    1.25e+00
2011 03 17  0450    55637   17400      0    1.99e+00    0    1.26e+00
2011 03 17  0455    55637   17700      0    1.94e+00    0    1.23e+00
2011 03 17  0500    55637   18000      0    1.92e+00    0    1.23e+00
2011 03 17  0505    55637   18300      0    1.93e+00    0    1.24e+00
2011 03 17  0510    55637   18600      0    1.92e+00    0    1.24e+00
2011 03 17  0515    55637   18900      0    1.94e+00    0    1.24e+00
2011 03 17  0520    55637   19200      0    1.98e+00    0    1.26e+00
2011 03 17  0525    55637   19500      0    1.94e+00    0    1.25e+00
2011 03 17  0530    55637   19800      0    2.00e+00    0    1.28e+00
2011 03 17  0535    55637   20100      0    2.00e+00    0    1.26e+00
2011 03 17  0540    55637   20400      0    2.00e+00    0    1.27e+00
2011 03 17  0545    55637   20700      0    1.99e+00    0    1.26e+00
2011 03 17  0550    55637   21000      9   -1.00e+05    9   -1.00e+05
2011 03 17  0555    55637   21300      9   -1.00e+05    9   -1.00e+05
2011 03 17  0600    55637   21600      9   -1.00e+05    9   -1.00e+05
2011 03 17  0605    55637   21900      0    2.08e+00    0    1.30e+00
2011 03 17  0610    55637   22200      0    2.05e+00    0    1.28e+00
2011 03 17  0615    55637   22500      0    2.00e+00    0    1.24e+00
2011 03 17  0620    55637   22800      0    1.99e+00    0    1.26e+00
2011 03 17  0625    55637   23100      0    2.00e+00    0    1.28e+00
2011 03 17  0630    55637   23400      0    1.96e+00    0    1.24e+00
2011 03 17  0635    55637   23700      0    1.97e+00    0    1.27e+00
2011 03 17  0640    55637   24000      0    1.92e+00    0    1.22e+00
2011 03 17  0645    55637   24300      0    1.98e+00    0    1.29e+00
2011 03 17  0650    55637   24600      0    1.92e+00    0    1.23e+00
2011 03 17  0655    55637   24900      0    1.91e+00    0    1.22e+00
2011 03 17  0700    55637   25200      0    1.96e+00    0    1.26e+00
2011 03 17  0705    55637   25500      0    1.91e+00    0    1.22e+00
2011 03 17  0710    55637   25800      0    1.91e+00    0    1.25e+00
2011 03 17  0715    55637   26100      0    1.88e+00    0    1.21e+00
2011 03 17  0720    55637   26400      0    1.98e+00    0    1.27e+00
2011 03 17  0725    55637   26700      0    2.02e+00    0    1.28e+00
2011 03 17  0730    55637   27000      0    1.89e+00    0    1.20e+00
2011 03 17  0735    55637   27300      0    1.91e+00    0    1.26e+00
2011 03 17  0740    55637   27600      0    1.87e+00    0    1.24e+00
2011 03 17  0745    55637   27900      0    1.83e+00    0    1.21e+00
2011 03 17  0750    55637   28200      0    1.91e+00    0    1.24e+00
2011 03 17  0755    55637   28500      0    1.88e+00    0    1.22e+00
2011 03 17  0800    55637   28800      0    1.85e+00    0    1.22e+00
2011 03 17  0805    55637   29100      0    1.82e+00    0    1.21e+00
2011 03 17  0810    55637   29400      0    1.80e+00    0    1.21e+00
2011 03 17  0815    55637   29700      0    1.80e+00    0    1.20e+00
2011 03 17  0820    55637   30000      0    1.74e+00    0    1.16e+00
2011 03 17  0825    55637   30300      0    1.82e+00    0    1.23e+00
2011 03 17  0830    55637   30600      0    1.81e+00    0    1.21e+00
2011 03 17  0835    55637   30900      0    1.78e+00    0    1.17e+00
2011 03 17  0840    55637   31200      0    1.82e+00    0    1.20e+00
2011 03 17  0845    55637   31500      0    1.82e+00    0    1.19e+00
2011 03 17  0850    55637   31800      0    1.85e+00    0    1.21e+00
2011 03 17  0855    55637   32100      0    1.89e+00    0    1.23e+00
2011 03 17  0900    55637   32400      0    1.89e+00    0    1.23e+00
2011 03 17  0905    55637   32700      0    1.84e+00    0    1.20e+00
2011 03 17  0910    55637   33000      0    1.88e+00    0    1.24e+00
2011 03 17  0915    55637   33300      0    1.84e+00    0    1.22e+00
2011 03 17  0920    55637   33600      0    1.82e+00    0    1.21e+00
2011 03 17  0925    55637   33900      0    1.93e+00    0    1.26e+00
2011 03 17  0930    55637   34200      0    1.87e+00    0    1.22e+00
2011 03 17  0935    55637   34500      0    1.86e+00    0    1.21e+00
2011 03 17  0940    55637   34800      0    1.87e+00    0    1.23e+00
2011 03 17  0945    55637   35100      0    1.85e+00    0    1.22e+00
2011 03 17  0950    55637   35400      0    1.80e+00    0    1.20e+00
2011 03 17  0955    55637   35700      0    1.82e+00    0    1.21e+00
2011 03 17  1000    55637   36000      0    1.85e+00    0    1.24e+00
2011 03 17  1005    55637   36300      0    1.83e+00    0    1.22e+00
2011 03 17  1010    55637   36600      0    1.85e+00    0    1.24e+00
2011 03 17  1015    55637   36900      0    1.78e+00    0    1.18e+00
2011 03 17  1020    55637   37200      0    1.84e+00    0    1.22e+00
2011 03 17  1025    55637   37500      0    1.83e+00    0    1.22e+00
2011 03 17  1030    55637   37800      0    1.80e+00    0    1.19e+00
2011 03 17  1035    55637   38100      0    1.83e+00    0    1.23e+00
2011 03 17  1040    55637   38400      0    1.81e+00    0    1.21e+00
2011 03 17  1045    55637   38700      0    1.77e+00    0    1.19e+00
2011 03 17  1050    55637   39000      0    1.80e+00    0    1.20e+00
2011 03 17  1055    55637   39300      0    1.82e+00    0    1.23e+00
2011 03 17  1100    55637   39600      0    1.83e+00    0    1.18e+00
2011 03 17  1105    55637   39900      0    1.86e+00    0    1.25e+00
2011 03 17  1110    55637   40200      0    1.90e+00    0    1.25e+00
2011 03 17  1115    55637   40500      0    1.88e+00    0    1.24e+00
2011 03 17  1120    55637   40800      0    1.90e+00    0    1.26e+00
2011 03 17  1125    55637   41100      0    1.86e+00    0    1.23e+00
2011 03 17  1130    55637   41400      0    1.86e+00    0    1.22e+00
2011 03 17  1135    55637   41700      0    1.86e+00    0    1.22e+00
2011 03 17  1140    55637   42000      0    1.87e+00    0    1.22e+00
2011 03 17  1145    55637   42300      0    1.88e+00    0    1.24e+00
2011 03 17  1150    55637   42600      0    1.85e+00    0    1.23e+00
2011 03 17  1155    55637   42900      0    1.85e+00    0    1.20e+00
2011 03 17  1200    55637   43200      0    1.88e+00    0    1.22e+00
2011 03 17  1205    55637   43500      0    1.93e+00    0    1.25e+00
2011 03 17  1210    55637   43800      0    1.95e+00    0    1.26e+00
2011 03 17  1215    55637   44100      0    1.97e+00    0    1.28e+00
2011 03 17  1220    55637   44400      0    1.92e+00    0    1.25e+00
2011 03 17  1225    55637   44700      0    2.00e+00    0    1.28e+00
2011 03 17  1230    55637   45000      0    1.94e+00    0    1.26e+00
2011 03 17  1235    55637   45300      0    1.96e+00    0    1.26e+00
2011 03 17  1240    55637   45600      0    2.04e+00    0    1.32e+00
2011 03 17  1245    55637   45900      0    1.96e+00    0    1.24e+00
2011 03 17  1250    55637   46200      0    1.96e+00    0    1.26e+00
2011 03 17  1255    55637   46500      0    1.91e+00    0    1.24e+00
2011 03 17  1300    55637   46800      0    1.87e+00    0    1.23e+00
2011 03 17  1305    55637   47100      0    1.84e+00    0    1.20e+00
2011 03 17  1310    55637   47400      0    1.90e+00    0    1.23e+00
2011 03 17  1315    55637   47700      0    1.95e+00    0    1.29e+00
2011 03 17  1320    55637   48000      0    1.99e+00    0    1.31e+00
2011 03 17  1325    55637   48300      0    2.01e+00    0    1.27e+00
2011 03 17  1330    55637   48600      0    1.96e+00    0    1.28e+00
2011 03 17  1335    55637   48900      0    1.94e+00    0    1.26e+00
2011 03 17  1340    55637   49200      0    1.85e+00    0    1.22e+00
2011 03 17  1345    55637   49500      0    1.80e+00    0    1.19e+00
2011 03 17  1350    55637   49800      0    1.91e+00    0    1.28e+00
2011 03 17  1355    55637   50100      0    1.92e+00    0    1.27e+00
2011 03 17  1400    55637   50400      0    1.86e+00    0    1.23e+00
2011 03 17  1405    55637   50700      0    1.86e+00    0    1.23e+00
2011 03 17  1410    55637   51000      0    1.90e+00    0    1.25e+00
2011 03 17  1415    55637   51300      0    1.85e+00    0    1.23e+00
2011 03 17  1420    55637   51600      0    1.85e+00    0    1.21e+00
2011 03 17  1425    55637   51900      0    1.84e+00    0    1.22e+00
2011 03 17  1430    55637   52200      0    1.87e+00    0    1.25e+00
2011 03 17  1435    55637   52500      0    1.89e+00    0    1.24e+00
2011 03 17  1440    55637   52800      0    1.92e+00    0    1.27e+00
2011 03 17  1445    55637   53100      0    1.84e+00    0    1.22e+00
2011 03 17  1450    55637   53400      0    1.88e+00    0    1.26e+00
2011 03 17  1455    55637   53700      0    1.90e+00    0    1.28e+00
2011 03 17  1500    55637   54000      0    1.89e+00    0    1.26e+00
2011 03 17  1505    55637   54300      0    1.91e+00    0    1.26e+00
2011 03 17  1510    55637   54600      0    1.88e+00    0    1.24e+00
2011 03 17  1515    55637   54900      0    1.84e+00    0    1.22e+00
2011 03 17  1520    55637   55200      0    1.88e+00    0    1.27e+00
2011 03 17  1525    55637   55500      0    1.83e+00    0    1.25e+00
2011 03 17  1530    55637   55800      0    1.83e+00    0    1.24e+00
2011 03 17  1535    55637   56100      0    1.83e+00    0    1.23e+00
2011 03 17  1540    55637   56400      0    1.87e+00    0    1.27e+00
2011 03 17  1545    55637   56700      0    1.86e+00    0    1.27e+00
2011 03 17  1550    55637   57000      0    1.87e+00    0    1.26e+00
2011 03 17  1555    55637   57300      0    1.81e+00    0    1.22e+00
2011 03 17  1600    55637   57600      0    1.83e+00    0    1.26e+00
2011 03 17  1605    55637   57900      0    1.82e+00    0    1.24e+00
2011 03 17  1610    55637   58200      0    1.79e+00    0    1.22e+00
2011 03 17  1615    55637   58500      0    1.78e+00    0    1.22e+00
2011 03 17  1620    55637   58800      0    1.80e+00    0    1.20e+00
2011 03 17  1625    55637   59100      0    1.84e+00    0    1.23e+00
2011 03 17  1630    55637   59400      0    1.84e+00    0    1.24e+00
2011 03 17  1635    55637   59700      0    1.85e+00    0    1.24e+00
2011 03 17  1640    55637   60000      0    1.88e+00    0    1.27e+00
2011 03 17  1645    55637   60300      0    1.85e+00    0    1.25e+00
2011 03 17  1650    55637   60600      0    1.86e+00    0    1.25e+00
2011 03 17  1655    55637   60900      0    1.81e+00    0    1.23e+00
2011 03 17  1700    55637   61200      0    1.79e+00    0    1.20e+00
2011 03 17  1705    55637   61500      0    1.81e+00    0    1.22e+00
2011 03 17  1710    55637   61800      0    1.84e+00    0    1.22e+00
2011 03 17  1715    55637   62100      0    1.79e+00    0    1.19e+00
2011 03 17  1720    55637   62400      0    1.83e+00    0    1.22e+00
2011 03 17  1725    55637   62700      0    1.89e+00    0    1.27e+00
2011 03 17  1730    55637   63000      0    1.85e+00    0    1.22e+00
2011 03 17  1735    55637   63300      0    1.86e+00    0    1.25e+00
2011 03 17  1740    55637   63600      0    1.86e+00    0    1.24e+00
2011 03 17  1745    55637   63900      0    1.84e+00    0    1.23e+00
2011 03 17  1750    55637   64200      0    1.85e+00    0    1.22e+00
2011 03 17  1755    55637   64500      0    1.81e+00    0    1.21e+00
2011 03 17  1800    55637   64800      0    1.82e+00    0    1.22e+00
2011 03 17  1805    55637   65100      0    1.82e+00    0    1.21e+00
2011 03 17  1810    55637   65400      0    1.87e+00    0    1.25e+00
2011 03 17  1815    55637   65700      0    1.86e+00    0    1.24e+00
2011 03 17  1820    55637   66000      0    1.90e+00    0    1.26e+00
2011 03 17  1825    55637   66300      0    1.85e+00    0    1.24e+00
2011 03 17  1830    55637   66600      0    1.80e+00    0    1.22e+00
2011 03 17  1835    55637   66900      0    1.77e+00    0    1.20e+00
2011 03 17  1840    55637   67200      0    1.77e+00    0    1.19e+00
2011 03 17  1845    55637   67500      0    1.89e+00    0    1.28e+00
2011 03 17  1850    55637   67800      0    1.78e+00    0    1.21e+00
2011 03 17  1855    55637   68100      0    1.81e+00    0    1.25e+00
2011 03 17  1900    55637   68400      0    1.82e+00    0    1.25e+00
2011 03 17  1905    55637   68700      0    1.79e+00    0    1.23e+00
2011 03 17  1910    55637   69000      0    1.82e+00    0    1.25e+00
2011 03 17  1915    55637   69300      0    1.80e+00    0    1.24e+00
2011 03 17  1920    55637   69600      0    1.72e+00    0    1.18e+00
2011 03 17  1925    55637   69900      0    1.77e+00    0    1.20e+00
2011 03 17  1930    55637   70200      0    1.77e+00    0    1.22e+00
2011 03 17  1935    55637   70500      0    1.81e+00    0    1.23e+00
2011 03 17  1940    55637   70800      0    1.77e+00    0    1.23e+00
2011 03 17  1945    55637   71100      0    1.74e+00    0    1.20e+00
2011 03 17  1950    55637   71400      0    1.77e+00    0    1.21e+00
2011 03 17  1955    55637   71700      0    1.76e+00    0    1.21e+00
2011 03 17  2000    55637   72000      0    1.73e+00    0    1.18e+00
2011 03 17  2005    55637   72300      0    1.74e+00    0    1.18e+00
2011 03 17  2010    55637   72600      0    1.77e+00    0    1.22e+00
2011 03 17  2015    55637   72900      0    1.73e+00    0    1.19e+00
2011 03 17  2020    55637   73200      0    1.75e+00    0    1.21e+00
2011 03 17  2025    55637   73500      0    1.76e+00    0    1.21e+00
2011 03 17  2030    55637   73800      0    1.71e+00    0    1.18e+00
2011 03 17  2035    55637   74100      0    1.72e+00    0    1.19e+00
2011 03 17  2040    55637   74400      0    1.72e+00    0    1.17e+00
2011 03 17  2045    55637   74700      0    1.73e+00    0    1.18e+00
2011 03 17  2050    55637   75000      0    1.73e+00    0    1.20e+00
2011 03 17  2055    55637   75300      0    1.76e+00    0    1.21e+00
2011 03 17  2100    55637   75600      0    1.80e+00    0    1.24e+00
2011 03 17  2105    55637   75900      0    1.79e+00    0    1.23e+00
2011 03 17  2110    55637   76200      0    1.69e+00    0    1.16e+00
2011 03 17  2115    55637   76500      0    1.81e+00    0    1.26e+00
2011 03 17  2120    55637   76800      0    1.82e+00    0    1.26e+00
2011 03 17  2125    55637   77100      0    1.82e+00    0    1.24e+00
2011 03 17  2130    55637   77400      0    1.78e+00    0    1.23e+00
2011 03 17  2135    55637   77700      0    1.73e+00    0    1.19e+00
2011 03 17  2140    55637   78000      0    1.82e+00    0    1.26e+00
2011 03 17  2145    55637   78300      0    1.76e+00    0    1.22e+00
2011 03 17  2150    55637   78600      0    1.75e+00    0    1.22e+00
2011 03 17  2155    55637   78900      0    1.77e+00    0    1.22e+00
2011 03 17  2200    55637   79200      0    1.78e+00    0    1.25e+00
2011 03 17  2205    55637   79500      0    1.80e+00    0    1.23e+00
2011 03 17  2210    55637   79800      9   -1.00e+05    9   -1.00e+05
2011 03 17  2215    55637   80100      9   -1.00e+05    9   -1.00e+05
2011 03 17  2220    55637   80400      9   -1.00e+05    9   -1.00e+05
2011 03 17  2225    55637   80700      9   -1.00e+05    9   -1.00e+05
2011 03 17  2230    55637   81000      9   -1.00e+05    9   -1.00e+05
2011 03 17  2235    55637   81300      9   -1.00e+05    9   -1.00e+05
2011 03 17  2240    55637   81600      9   -1.00e+05    9   -1.00e+05
2011 03 17  2245    55637   81900      9   -1.00e+05    9   -1.00e+05
2011 03 17  2250    55637   82200      9   -1.00e+05    9   -1.00e+05
2011 03 17  2255    55637   82500      9   -1.00e+05    9   -1.00e+05
2011 03 17  2300    55637   82800      9   -1.00e+05    9   -1.00e+05
2011 03 17  2305    55637   83100      9   -1.00e+05    9   -1.00e+05
2011 03 17  2310    55637   83400      9   -1.00e+05    9   -1.00e+05
2011 03 17  2315    55637   83700      9   -1.00e+05    9   -1.00e+05
2011 03 17  2320    55637   84000      9   -1.00e+05    9   -1.00e+05
2011 03 17  2325    55637   84300      9   -1.00e+05    9   -1.00e+05
2011 03 17  2330    55637   84600      9   -1.00e+05    9   -1.00e+05
2011 03 17  2335    55637   84900      9   -1.00e+05    9   -1.00e+05
2011 03 17  2340    55637   85200      9   -1.00e+05    9   -1.00e+05
2011 03 17  2345    55637   85500      9   -1.00e+05    9   -1.00e+05
2011 03 17  2350    55637   85800      9   -1.00e+05    9   -1.00e+05
2011 03 17  2355    55637   86100      9   -1.00e+05    9   -1.00e+05
