:Data_list: 20110322_ace_epam_5m.txt
:Created: 2011 Mar 23 0011 UT
# Prepared by the U.S. Dept. of Commerce, NOAA, Space Weather Prediction Center
# Please send comments and suggestions to SWPC.Webmaster@noaa.gov 
# 
# Units: Differential Flux particles/cm2-s-ster-MeV
# Units: Anisotropy Index 0.0 - 2.0
# Status(S): 0 = nominal, 4,6,7,8 = bad data, unable to process, 9 = no data
# Missing data values: -1.00e+05, index = -1.00
# Source: ACE Satellite - Electron, Proton, and Alpha Monitor
#
#
#                      5-minute averaged Real-time Differential Electron and Proton Flux 
# 
#                Modified Seconds ---------------------------- Differential Flux ---------------------------
# UT Date   Time  Julian  of the  ----- Electron -----   ------------------- Protons keV -------------------   Anis.
# YR MO DA  HHMM    Day    Day    S    38-53   175-315   S    47-68   115-195   310-580   795-1193 1060-1900   Index
#-------------------------------------------------------------------------------------------------------------------
2011 03 22  0000   55642       0  0  1.08e+04  2.74e+02  0  1.62e+03  6.60e+02  3.18e+02  1.58e+02  4.07e+01   0.66
2011 03 22  0005   55642     300  0  1.07e+04  2.49e+02  0  1.84e+03  6.29e+02  3.02e+02  1.50e+02  3.94e+01   0.71
2011 03 22  0010   55642     600  0  9.88e+03  2.40e+02  0  1.66e+03  6.91e+02  3.33e+02  1.55e+02  3.73e+01   0.58
2011 03 22  0015   55642     900  0  1.02e+04  2.57e+02  0  1.82e+03  6.84e+02  3.12e+02  1.49e+02  3.54e+01   0.61
2011 03 22  0020   55642    1200  0  1.00e+04  2.48e+02  0  1.81e+03  6.80e+02  2.71e+02  1.35e+02  3.24e+01   0.68
2011 03 22  0025   55642    1500  0  1.03e+04  2.63e+02  0  1.88e+03  7.16e+02  2.91e+02  1.47e+02  3.73e+01   0.75
2011 03 22  0030   55642    1800  0  1.07e+04  2.71e+02  0  1.89e+03  7.18e+02  3.02e+02  1.52e+02  3.76e+01   0.69
2011 03 22  0035   55642    2100  0  1.02e+04  2.58e+02  0  1.73e+03  6.79e+02  2.94e+02  1.52e+02  3.54e+01   0.65
2011 03 22  0040   55642    2400  0  1.07e+04  2.62e+02  0  1.77e+03  6.22e+02  2.96e+02  1.50e+02  3.54e+01   0.60
2011 03 22  0045   55642    2700  0  1.03e+04  2.65e+02  0  1.82e+03  6.46e+02  2.95e+02  1.49e+02  3.56e+01   0.61
2011 03 22  0050   55642    3000  0  1.01e+04  2.54e+02  0  1.81e+03  6.75e+02  2.97e+02  1.44e+02  3.46e+01   0.65
2011 03 22  0055   55642    3300  0  9.93e+03  2.48e+02  0  1.76e+03  6.59e+02  2.90e+02  1.43e+02  3.29e+01   0.58
2011 03 22  0100   55642    3600  0  9.20e+03  2.36e+02  0  1.76e+03  6.28e+02  2.88e+02  1.41e+02  3.20e+01   0.59
2011 03 22  0105   55642    3900  0  9.49e+03  2.54e+02  0  1.75e+03  6.40e+02  2.86e+02  1.40e+02  3.13e+01   0.62
2011 03 22  0110   55642    4200  0  1.04e+04  2.58e+02  0  1.74e+03  6.12e+02  2.68e+02  1.42e+02  3.29e+01   0.55
2011 03 22  0115   55642    4500  0  9.98e+03  2.46e+02  0  1.80e+03  6.48e+02  2.91e+02  1.44e+02  3.13e+01   0.52
2011 03 22  0120   55642    4800  0  9.36e+03  2.44e+02  0  1.75e+03  5.37e+02  2.26e+02  1.10e+02  2.71e+01   0.52
2011 03 22  0125   55642    5100  0  8.38e+03  2.22e+02  0  1.70e+03  4.82e+02  1.98e+02  1.03e+02  2.57e+01   0.46
2011 03 22  0130   55642    5400  0  9.39e+03  2.43e+02  0  1.86e+03  5.53e+02  2.36e+02  1.27e+02  2.84e+01   0.54
2011 03 22  0135   55642    5700  0  9.38e+03  2.29e+02  0  1.79e+03  6.15e+02  2.62e+02  1.30e+02  2.92e+01   0.57
2011 03 22  0140   55642    6000  0  8.94e+03  2.29e+02  0  1.68e+03  6.09e+02  2.60e+02  1.28e+02  2.92e+01   0.51
2011 03 22  0145   55642    6300  0  9.31e+03  2.24e+02  0  1.73e+03  4.48e+02  2.06e+02  1.26e+02  2.60e+01   0.46
2011 03 22  0150   55642    6600  0  8.70e+03  2.37e+02  0  1.65e+03  5.01e+02  2.16e+02  1.13e+02  2.43e+01   0.45
2011 03 22  0155   55642    6900  0  8.83e+03  2.32e+02  0  1.79e+03  5.75e+02  2.40e+02  1.22e+02  2.61e+01   0.51
2011 03 22  0200   55642    7200  0  9.50e+03  2.67e+02  0  1.64e+03  5.55e+02  2.39e+02  1.24e+02  2.98e+01   0.71
2011 03 22  0205   55642    7500  0  9.13e+03  2.37e+02  0  2.06e+03  6.57e+02  2.58e+02  1.22e+02  3.08e+01   0.72
2011 03 22  0210   55642    7800  0  9.41e+03  2.39e+02  0  1.80e+03  5.87e+02  2.58e+02  1.42e+02  3.09e+01   0.62
2011 03 22  0215   55642    8100  0  9.98e+03  2.71e+02  0  1.63e+03  5.64e+02  2.55e+02  1.44e+02  3.36e+01   0.61
2011 03 22  0220   55642    8400  0  1.08e+04  2.85e+02  0  1.88e+03  6.77e+02  2.94e+02  1.53e+02  3.74e+01   0.60
2011 03 22  0225   55642    8700  0  1.00e+04  2.81e+02  0  1.80e+03  5.78e+02  2.45e+02  1.30e+02  3.00e+01   0.60
2011 03 22  0230   55642    9000  0  9.53e+03  2.70e+02  0  2.02e+03  5.68e+02  2.41e+02  1.30e+02  3.09e+01   0.67
2011 03 22  0235   55642    9300  0  8.94e+03  2.35e+02  0  1.77e+03  6.00e+02  2.35e+02  1.17e+02  2.41e+01   0.72
2011 03 22  0240   55642    9600  0  7.13e+03  1.89e+02  0  1.79e+03  4.29e+02  1.39e+02  6.99e+01  1.70e+01   0.42
2011 03 22  0245   55642    9900  9 -1.00e+05 -1.00e+05  9 -1.00e+05 -1.00e+05 -1.00e+05 -1.00e+05 -1.00e+05  -1.00
2011 03 22  0250   55642   10200  0  5.36e+03  1.47e+02  0  1.74e+03  4.50e+02  1.47e+02  6.45e+01  1.74e+01   0.15
2011 03 22  0255   55642   10500  0  5.60e+03  1.55e+02  0  1.77e+03  5.26e+02  1.63e+02  7.24e+01  1.65e+01   0.60
2011 03 22  0300   55642   10800  0  5.95e+03  1.75e+02  0  1.93e+03  5.60e+02  1.59e+02  6.71e+01  1.84e+01   0.40
2011 03 22  0305   55642   11100  0  5.95e+03  1.68e+02  0  1.73e+03  5.58e+02  1.64e+02  6.38e+01  1.68e+01   0.33
2011 03 22  0310   55642   11400  0  5.62e+03  1.57e+02  0  1.82e+03  5.28e+02  1.53e+02  6.24e+01  1.47e+01   0.34
2011 03 22  0315   55642   11700  0  4.62e+03  1.32e+02  0  1.86e+03  4.23e+02  1.31e+02  4.55e+01  1.42e+01   0.09
2011 03 22  0320   55642   12000  0  4.30e+03  1.29e+02  0  1.57e+03  3.40e+02  1.20e+02  3.83e+01  1.34e+01   0.03
2011 03 22  0325   55642   12300  0  4.42e+03  1.40e+02  0  1.58e+03  3.55e+02  1.17e+02  4.10e+01  1.31e+01   0.09
2011 03 22  0330   55642   12600  0  4.62e+03  1.32e+02  0  1.79e+03  3.42e+02  1.13e+02  4.48e+01  1.21e+01   0.08
2011 03 22  0335   55642   12900  0  4.82e+03  1.39e+02  0  1.75e+03  4.31e+02  1.32e+02  5.55e+01  1.30e+01   0.08
2011 03 22  0340   55642   13200  0  4.85e+03  1.49e+02  0  1.76e+03  5.73e+02  1.72e+02  5.18e+01  1.59e+01   0.13
2011 03 22  0345   55642   13500  0  4.59e+03  1.40e+02  0  1.88e+03  5.67e+02  1.71e+02  5.38e+01  1.74e+01   0.21
2011 03 22  0350   55642   13800  0  4.34e+03  1.33e+02  0  1.81e+03  5.60e+02  1.68e+02  4.87e+01  1.73e+01   0.23
2011 03 22  0355   55642   14100  0  4.62e+03  1.35e+02  0  1.77e+03  5.44e+02  1.55e+02  4.80e+01  1.61e+01   0.19
2011 03 22  0400   55642   14400  0  5.11e+03  1.43e+02  0  1.72e+03  4.41e+02  1.20e+02  5.19e+01  1.24e+01   0.24
2011 03 22  0405   55642   14700  0  5.32e+03  1.47e+02  0  1.79e+03  4.14e+02  1.22e+02  5.23e+01  1.20e+01   0.26
2011 03 22  0410   55642   15000  0  5.09e+03  1.47e+02  0  1.77e+03  4.08e+02  1.25e+02  5.04e+01  1.30e+01   0.30
2011 03 22  0415   55642   15300  0  5.22e+03  1.48e+02  0  1.62e+03  4.52e+02  1.38e+02  5.47e+01  1.42e+01   0.30
2011 03 22  0420   55642   15600  0  5.01e+03  1.41e+02  0  1.78e+03  4.36e+02  1.27e+02  5.92e+01  1.42e+01   0.32
2011 03 22  0425   55642   15900  0  4.35e+03  1.27e+02  0  1.68e+03  4.15e+02  1.25e+02  5.07e+01  1.36e+01   0.15
2011 03 22  0430   55642   16200  0  4.77e+03  1.51e+02  0  1.67e+03  3.77e+02  1.15e+02  4.49e+01  1.29e+01   0.13
2011 03 22  0435   55642   16500  0  4.17e+03  1.27e+02  0  1.63e+03  3.30e+02  1.10e+02  3.65e+01  1.21e+01   0.07
2011 03 22  0440   55642   16800  0  4.11e+03  1.20e+02  0  1.63e+03  3.00e+02  1.02e+02  3.28e+01  1.16e+01   0.03
2011 03 22  0445   55642   17100  0  3.94e+03  1.22e+02  0  1.65e+03  3.07e+02  9.90e+01  3.47e+01  1.12e+01   0.04
2011 03 22  0450   55642   17400  0  4.00e+03  1.24e+02  0  1.55e+03  3.12e+02  1.04e+02  3.55e+01  1.11e+01   0.09
2011 03 22  0455   55642   17700  0  4.31e+03  1.22e+02  0  1.71e+03  3.11e+02  9.91e+01  3.53e+01  1.15e+01   0.04
2011 03 22  0500   55642   18000  0  3.92e+03  1.29e+02  0  1.66e+03  3.06e+02  9.91e+01  3.63e+01  1.12e+01   0.08
2011 03 22  0505   55642   18300  0  4.10e+03  1.22e+02  0  1.56e+03  3.03e+02  1.04e+02  3.71e+01  1.12e+01   0.02
2011 03 22  0510   55642   18600  0  4.25e+03  1.30e+02  0  1.71e+03  3.15e+02  9.83e+01  3.69e+01  1.10e+01   0.03
2011 03 22  0515   55642   18900  0  4.19e+03  1.25e+02  0  1.59e+03  2.83e+02  9.45e+01  3.50e+01  1.02e+01   0.17
2011 03 22  0520   55642   19200  0  4.10e+03  1.27e+02  0  1.57e+03  2.74e+02  9.84e+01  3.58e+01  1.10e+01   0.10
2011 03 22  0525   55642   19500  0  4.12e+03  1.30e+02  0  1.50e+03  2.81e+02  9.39e+01  3.62e+01  1.10e+01   0.08
2011 03 22  0530   55642   19800  0  4.06e+03  1.41e+02  0  1.69e+03  2.79e+02  9.40e+01  3.50e+01  1.06e+01   0.12
2011 03 22  0535   55642   20100  0  4.17e+03  1.26e+02  0  1.65e+03  2.81e+02  9.29e+01  3.29e+01  1.07e+01   0.07
2011 03 22  0540   55642   20400  0  4.08e+03  1.20e+02  0  1.60e+03  2.78e+02  8.57e+01  3.24e+01  9.08e+00   0.03
2011 03 22  0545   55642   20700  0  4.13e+03  1.26e+02  0  1.55e+03  2.74e+02  8.37e+01  2.95e+01  8.87e+00   0.23
2011 03 22  0550   55642   21000  9 -1.00e+05 -1.00e+05  9 -1.00e+05 -1.00e+05 -1.00e+05 -1.00e+05 -1.00e+05  -1.00
2011 03 22  0555   55642   21300  0  4.11e+03  1.38e+02  0  1.61e+03  2.54e+02  8.15e+01  3.11e+01  9.02e+00   0.05
2011 03 22  0600   55642   21600  0  4.29e+03  1.17e+02  0  1.62e+03  2.75e+02  8.40e+01  3.22e+01  9.61e+00   0.12
2011 03 22  0605   55642   21900  0  3.98e+03  1.20e+02  0  1.63e+03  2.66e+02  8.48e+01  3.53e+01  9.57e+00   0.15
2011 03 22  0610   55642   22200  0  4.11e+03  1.17e+02  0  1.61e+03  2.70e+02  8.71e+01  3.37e+01  9.67e+00   0.04
2011 03 22  0615   55642   22500  0  4.24e+03  1.24e+02  0  1.54e+03  2.62e+02  8.28e+01  3.29e+01  9.95e+00   0.04
2011 03 22  0620   55642   22800  0  4.23e+03  1.34e+02  0  1.58e+03  2.68e+02  8.03e+01  3.16e+01  1.01e+01   0.03
2011 03 22  0625   55642   23100  0  4.22e+03  1.29e+02  0  1.55e+03  2.75e+02  8.57e+01  3.43e+01  1.02e+01   0.06
2011 03 22  0630   55642   23400  0  4.14e+03  1.30e+02  0  1.59e+03  2.74e+02  8.92e+01  3.31e+01  1.03e+01   0.08
2011 03 22  0635   55642   23700  0  4.36e+03  1.21e+02  0  1.69e+03  2.83e+02  9.16e+01  3.34e+01  1.06e+01   0.06
2011 03 22  0640   55642   24000  0  4.20e+03  1.16e+02  0  1.59e+03  2.89e+02  8.68e+01  3.24e+01  1.05e+01   0.03
2011 03 22  0645   55642   24300  0  4.20e+03  1.27e+02  0  1.65e+03  2.79e+02  8.78e+01  3.32e+01  1.04e+01   0.13
2011 03 22  0650   55642   24600  0  4.05e+03  1.28e+02  0  1.68e+03  3.02e+02  9.26e+01  3.45e+01  1.11e+01   0.01
2011 03 22  0655   55642   24900  0  4.29e+03  1.21e+02  0  1.72e+03  3.00e+02  9.23e+01  3.36e+01  1.09e+01   0.06
2011 03 22  0700   55642   25200  0  4.16e+03  1.23e+02  0  1.66e+03  3.08e+02  9.50e+01  3.41e+01  1.02e+01   0.02
2011 03 22  0705   55642   25500  0  4.32e+03  1.24e+02  0  1.59e+03  2.95e+02  9.59e+01  3.46e+01  1.03e+01   0.05
2011 03 22  0710   55642   25800  0  4.34e+03  1.25e+02  0  1.60e+03  3.02e+02  9.07e+01  3.36e+01  1.07e+01   0.02
2011 03 22  0715   55642   26100  0  4.12e+03  1.27e+02  0  1.63e+03  2.82e+02  8.64e+01  3.15e+01  1.04e+01   0.01
2011 03 22  0720   55642   26400  0  4.06e+03  1.30e+02  0  1.65e+03  2.92e+02  8.74e+01  3.01e+01  9.78e+00   0.06
2011 03 22  0725   55642   26700  0  3.91e+03  1.21e+02  0  1.69e+03  3.21e+02  8.79e+01  3.11e+01  1.02e+01   0.01
2011 03 22  0730   55642   27000  0  4.31e+03  1.35e+02  0  1.85e+03  3.29e+02  9.37e+01  2.92e+01  9.99e+00   0.05
2011 03 22  0735   55642   27300  0  3.96e+03  1.18e+02  0  1.73e+03  2.94e+02  9.01e+01  3.06e+01  1.01e+01   0.04
2011 03 22  0740   55642   27600  0  4.00e+03  1.16e+02  0  1.60e+03  3.03e+02  8.48e+01  2.85e+01  1.01e+01   0.02
2011 03 22  0745   55642   27900  0  4.22e+03  1.26e+02  0  1.73e+03  3.00e+02  8.79e+01  2.99e+01  1.03e+01   0.02
2011 03 22  0750   55642   28200  0  4.20e+03  1.20e+02  0  1.63e+03  3.04e+02  8.91e+01  2.90e+01  1.02e+01   0.08
2011 03 22  0755   55642   28500  0  3.95e+03  1.32e+02  0  1.68e+03  3.12e+02  9.08e+01  3.17e+01  9.91e+00   0.03
2011 03 22  0800   55642   28800  0  4.09e+03  1.18e+02  0  1.74e+03  3.21e+02  9.30e+01  3.16e+01  1.03e+01   0.07
2011 03 22  0805   55642   29100  0  3.97e+03  1.22e+02  0  1.71e+03  3.28e+02  9.42e+01  3.22e+01  1.14e+01   0.07
2011 03 22  0810   55642   29400  0  4.01e+03  1.29e+02  0  1.73e+03  3.45e+02  9.46e+01  3.26e+01  1.10e+01   0.03
2011 03 22  0815   55642   29700  0  4.15e+03  1.23e+02  0  1.59e+03  3.23e+02  9.24e+01  3.09e+01  1.06e+01   0.09
2011 03 22  0820   55642   30000  0  4.04e+03  1.20e+02  0  1.73e+03  3.35e+02  9.09e+01  3.14e+01  9.90e+00   0.10
2011 03 22  0825   55642   30300  0  3.80e+03  1.24e+02  0  1.79e+03  3.64e+02  9.24e+01  3.26e+01  9.59e+00   0.06
2011 03 22  0830   55642   30600  0  4.01e+03  1.15e+02  0  1.64e+03  3.34e+02  8.60e+01  3.09e+01  9.67e+00   0.05
2011 03 22  0835   55642   30900  0  4.24e+03  1.19e+02  0  1.68e+03  3.38e+02  9.29e+01  2.91e+01  1.00e+01   0.05
2011 03 22  0840   55642   31200  0  3.95e+03  1.18e+02  0  1.77e+03  3.29e+02  8.68e+01  3.04e+01  9.63e+00   0.02
2011 03 22  0845   55642   31500  0  3.93e+03  1.22e+02  0  1.74e+03  3.31e+02  8.47e+01  2.97e+01  9.12e+00   0.07
2011 03 22  0850   55642   31800  0  4.07e+03  1.26e+02  0  1.61e+03  3.14e+02  8.34e+01  2.80e+01  9.23e+00   0.10
2011 03 22  0855   55642   32100  0  4.04e+03  1.14e+02  0  1.90e+03  3.49e+02  8.38e+01  2.99e+01  9.30e+00   0.07
2011 03 22  0900   55642   32400  0  3.99e+03  1.18e+02  0  1.89e+03  3.66e+02  8.50e+01  2.82e+01  9.54e+00   0.07
2011 03 22  0905   55642   32700  0  4.01e+03  1.29e+02  0  1.69e+03  3.67e+02  8.61e+01  2.84e+01  8.79e+00   0.07
2011 03 22  0910   55642   33000  0  4.11e+03  1.24e+02  0  1.84e+03  3.58e+02  8.57e+01  3.00e+01  9.43e+00   0.02
2011 03 22  0915   55642   33300  0  3.87e+03  1.18e+02  0  1.83e+03  3.75e+02  8.26e+01  2.87e+01  9.19e+00   0.09
2011 03 22  0920   55642   33600  0  3.94e+03  1.23e+02  0  1.76e+03  3.25e+02  7.89e+01  2.84e+01  8.91e+00   0.01
2011 03 22  0925   55642   33900  0  4.18e+03  1.20e+02  0  1.61e+03  2.64e+02  6.83e+01  2.98e+01  7.48e+00   0.23
2011 03 22  0930   55642   34200  0  4.14e+03  1.28e+02  0  1.62e+03  2.24e+02  6.14e+01  3.09e+01  7.47e+00   0.12
2011 03 22  0935   55642   34500  0  4.12e+03  1.28e+02  0  1.61e+03  2.56e+02  6.41e+01  3.32e+01  7.46e+00   0.17
2011 03 22  0940   55642   34800  0  4.07e+03  1.19e+02  0  1.59e+03  2.61e+02  6.66e+01  2.91e+01  7.56e+00   0.09
2011 03 22  0945   55642   35100  0  4.98e+03  1.33e+02  0  2.58e+03  6.61e+02  1.05e+02  4.13e+01  8.92e+00   0.44
2011 03 22  0950   55642   35400  0  6.04e+03  1.50e+02  0  3.96e+03  1.48e+03  2.40e+02  6.35e+01  1.79e+01   0.60
2011 03 22  0955   55642   35700  0  5.61e+03  1.43e+02  0  4.93e+03  1.71e+03  2.38e+02  6.13e+01  1.99e+01   0.64
2011 03 22  1000   55642   36000  0  5.97e+03  1.42e+02  0  5.64e+03  1.97e+03  2.79e+02  6.76e+01  2.24e+01   0.56
2011 03 22  1005   55642   36300  0  5.97e+03  1.53e+02  0  4.94e+03  1.80e+03  2.75e+02  7.45e+01  2.25e+01   0.52
2011 03 22  1010   55642   36600  0  5.86e+03  1.43e+02  0  4.17e+03  1.72e+03  3.04e+02  8.48e+01  2.40e+01   0.49
2011 03 22  1015   55642   36900  0  5.77e+03  1.43e+02  0  3.93e+03  1.62e+03  2.80e+02  8.00e+01  2.34e+01   0.49
2011 03 22  1020   55642   37200  0  5.21e+03  1.29e+02  0  4.49e+03  1.51e+03  2.44e+02  6.56e+01  1.92e+01   0.49
2011 03 22  1025   55642   37500  0  5.30e+03  1.36e+02  0  4.97e+03  1.67e+03  2.59e+02  7.38e+01  1.91e+01   0.34
2011 03 22  1030   55642   37800  0  5.38e+03  1.41e+02  0  4.50e+03  1.62e+03  2.52e+02  7.50e+01  1.97e+01   0.33
2011 03 22  1035   55642   38100  0  5.63e+03  1.33e+02  0  4.94e+03  1.65e+03  2.50e+02  7.89e+01  1.78e+01   0.29
2011 03 22  1040   55642   38400  0  5.72e+03  1.48e+02  0  4.73e+03  1.64e+03  2.57e+02  8.36e+01  2.06e+01   0.28
2011 03 22  1045   55642   38700  0  5.53e+03  1.43e+02  0  4.55e+03  1.62e+03  2.48e+02  8.45e+01  1.86e+01   0.12
2011 03 22  1050   55642   39000  0  6.05e+03  1.47e+02  0  4.36e+03  1.63e+03  2.57e+02  7.88e+01  1.91e+01   0.21
2011 03 22  1055   55642   39300  0  5.61e+03  1.43e+02  0  4.82e+03  1.63e+03  2.48e+02  8.05e+01  1.92e+01   0.30
2011 03 22  1100   55642   39600  0  6.39e+03  1.56e+02  0  3.72e+03  1.54e+03  2.70e+02  9.84e+01  2.04e+01   0.32
2011 03 22  1105   55642   39900  0  6.48e+03  1.61e+02  0  3.37e+03  1.48e+03  2.69e+02  1.01e+02  2.16e+01   0.26
2011 03 22  1110   55642   40200  0  6.44e+03  1.53e+02  0  3.64e+03  1.52e+03  2.61e+02  9.87e+01  1.98e+01   0.22
2011 03 22  1115   55642   40500  0  6.13e+03  1.42e+02  0  3.49e+03  1.44e+03  2.51e+02  9.61e+01  1.94e+01   0.16
2011 03 22  1120   55642   40800  0  6.53e+03  1.59e+02  0  3.27e+03  1.38e+03  2.46e+02  1.03e+02  2.05e+01   0.21
2011 03 22  1125   55642   41100  0  6.59e+03  1.56e+02  0  3.38e+03  1.42e+03  2.59e+02  1.05e+02  2.02e+01   0.15
2011 03 22  1130   55642   41400  0  6.09e+03  1.57e+02  0  3.79e+03  1.49e+03  2.57e+02  9.99e+01  2.03e+01   0.13
2011 03 22  1135   55642   41700  0  5.03e+03  1.29e+02  0  4.18e+03  1.34e+03  2.04e+02  7.02e+01  1.52e+01   0.04
2011 03 22  1140   55642   42000  0  4.86e+03  1.37e+02  0  4.98e+03  1.49e+03  1.92e+02  6.76e+01  1.42e+01   0.05
2011 03 22  1145   55642   42300  0  4.87e+03  1.26e+02  0  4.72e+03  1.30e+03  1.79e+02  6.38e+01  1.42e+01   0.14
2011 03 22  1150   55642   42600  0  4.87e+03  1.29e+02  0  6.11e+03  1.58e+03  1.88e+02  6.10e+01  1.33e+01   0.14
2011 03 22  1155   55642   42900  0  4.77e+03  1.26e+02  0  5.85e+03  1.54e+03  1.89e+02  6.11e+01  1.35e+01   0.18
2011 03 22  1200   55642   43200  0  4.94e+03  1.37e+02  0  5.46e+03  1.55e+03  1.96e+02  6.71e+01  1.38e+01   0.02
2011 03 22  1205   55642   43500  0  5.07e+03  1.33e+02  0  5.43e+03  1.62e+03  2.06e+02  6.68e+01  1.47e+01   0.08
2011 03 22  1210   55642   43800  0  4.96e+03  1.33e+02  0  5.33e+03  1.49e+03  1.89e+02  6.20e+01  1.39e+01   0.19
2011 03 22  1215   55642   44100  0  4.92e+03  1.31e+02  0  5.68e+03  1.47e+03  1.82e+02  5.60e+01  1.46e+01   0.19
2011 03 22  1220   55642   44400  0  5.05e+03  1.29e+02  0  5.82e+03  1.53e+03  1.88e+02  5.88e+01  1.43e+01   0.22
2011 03 22  1225   55642   44700  0  4.70e+03  1.22e+02  0  4.74e+03  1.27e+03  1.76e+02  5.99e+01  1.43e+01   0.20
2011 03 22  1230   55642   45000  0  4.87e+03  1.13e+02  0  4.64e+03  1.31e+03  1.92e+02  6.25e+01  1.52e+01   0.11
2011 03 22  1235   55642   45300  0  4.84e+03  1.20e+02  0  4.90e+03  1.35e+03  1.92e+02  6.45e+01  1.44e+01   0.09
2011 03 22  1240   55642   45600  0  4.79e+03  1.28e+02  0  4.66e+03  1.27e+03  1.95e+02  6.26e+01  1.48e+01   0.13
2011 03 22  1245   55642   45900  0  4.90e+03  1.24e+02  0  4.89e+03  1.34e+03  1.88e+02  6.22e+01  1.49e+01   0.04
2011 03 22  1250   55642   46200  0  4.62e+03  1.18e+02  0  4.39e+03  1.20e+03  1.67e+02  5.63e+01  1.38e+01   0.08
2011 03 22  1255   55642   46500  0  4.70e+03  1.17e+02  0  4.22e+03  1.18e+03  1.70e+02  5.73e+01  1.30e+01   0.05
2011 03 22  1300   55642   46800  0  4.64e+03  1.20e+02  0  4.02e+03  1.14e+03  1.75e+02  5.89e+01  1.26e+01   0.10
2011 03 22  1305   55642   47100  0  3.78e+03  9.43e+01  0  3.62e+03  9.50e+02  1.42e+02  3.99e+01  1.24e+01   0.08
2011 03 22  1310   55642   47400  0  3.02e+03  8.08e+01  0  2.02e+03  3.61e+02  7.13e+01  2.75e+01  7.13e+00   0.15
2011 03 22  1315   55642   47700  0  1.73e+03  5.73e+01  0  1.66e+03  1.56e+02  3.33e+01  1.14e+01  3.80e+00   0.20
2011 03 22  1320   55642   48000  0  1.91e+03  6.20e+01  0  1.51e+03  1.70e+02  3.74e+01  1.42e+01  4.01e+00   0.20
2011 03 22  1325   55642   48300  0  1.77e+03  5.53e+01  0  1.49e+03  1.35e+02  3.25e+01  1.36e+01  3.91e+00   0.45
2011 03 22  1330   55642   48600  0  1.57e+03  5.47e+01  0  1.55e+03  1.16e+02  2.80e+01  1.23e+01  3.41e+00   0.37
2011 03 22  1335   55642   48900  0  1.51e+03  6.03e+01  0  1.51e+03  1.23e+02  2.70e+01  1.22e+01  3.19e+00   0.22
2011 03 22  1340   55642   49200  0  1.60e+03  5.32e+01  0  1.42e+03  1.22e+02  2.86e+01  1.21e+01  3.13e+00   0.41
2011 03 22  1345   55642   49500  0  1.73e+03  5.53e+01  0  1.65e+03  1.28e+02  2.74e+01  1.17e+01  2.87e+00   0.18
2011 03 22  1350   55642   49800  0  1.67e+03  5.17e+01  0  1.67e+03  1.43e+02  2.70e+01  1.00e+01  2.75e+00   0.29
2011 03 22  1355   55642   50100  0  1.68e+03  5.68e+01  0  1.55e+03  1.50e+02  2.96e+01  1.06e+01  2.71e+00   0.18
2011 03 22  1400   55642   50400  0  1.77e+03  5.41e+01  0  1.75e+03  1.61e+02  2.99e+01  1.19e+01  2.89e+00   0.27
2011 03 22  1405   55642   50700  0  1.73e+03  5.99e+01  0  1.74e+03  1.95e+02  3.31e+01  1.25e+01  2.95e+00   0.12
2011 03 22  1410   55642   51000  0  1.58e+03  5.74e+01  0  1.75e+03  1.65e+02  2.57e+01  9.63e+00  2.20e+00   0.21
2011 03 22  1415   55642   51300  0  1.51e+03  5.41e+01  0  1.66e+03  1.43e+02  2.45e+01  9.82e+00  1.88e+00   0.17
2011 03 22  1420   55642   51600  0  1.55e+03  5.59e+01  0  1.73e+03  1.62e+02  2.56e+01  9.46e+00  2.09e+00   0.15
2011 03 22  1425   55642   51900  0  1.52e+03  5.79e+01  0  1.88e+03  2.57e+02  4.62e+01  1.16e+01  4.00e+00   0.38
2011 03 22  1430   55642   52200  0  1.75e+03  6.08e+01  0  1.86e+03  3.19e+02  5.29e+01  1.31e+01  5.06e+00   0.46
2011 03 22  1435   55642   52500  0  1.75e+03  5.64e+01  0  1.91e+03  2.94e+02  5.61e+01  1.33e+01  4.68e+00   0.43
2011 03 22  1440   55642   52800  0  1.58e+03  5.77e+01  0  2.07e+03  3.22e+02  5.21e+01  1.38e+01  3.95e+00   0.48
2011 03 22  1445   55642   53100  0  1.69e+03  4.95e+01  0  2.17e+03  4.31e+02  6.63e+01  2.19e+01  5.12e+00   0.69
2011 03 22  1450   55642   53400  0  2.33e+03  6.74e+01  0  2.39e+03  4.96e+02  8.83e+01  2.50e+01  7.57e+00   0.72
2011 03 22  1455   55642   53700  0  2.30e+03  6.73e+01  0  2.58e+03  5.84e+02  9.52e+01  2.18e+01  7.76e+00   0.68
2011 03 22  1500   55642   54000  0  2.31e+03  7.38e+01  0  2.87e+03  6.45e+02  1.08e+02  2.57e+01  8.87e+00   0.66
2011 03 22  1505   55642   54300  0  2.26e+03  5.81e+01  0  2.30e+03  4.87e+02  7.95e+01  2.01e+01  7.02e+00   0.68
2011 03 22  1510   55642   54600  0  2.20e+03  6.67e+01  0  2.32e+03  4.01e+02  6.40e+01  2.02e+01  4.94e+00   0.59
2011 03 22  1515   55642   54900  0  1.56e+03  5.89e+01  0  1.97e+03  2.03e+02  3.03e+01  1.13e+01  2.57e+00   0.23
2011 03 22  1520   55642   55200  0  1.77e+03  6.45e+01  0  1.91e+03  2.32e+02  3.25e+01  1.11e+01  2.95e+00   0.30
2011 03 22  1525   55642   55500  0  1.87e+03  6.31e+01  0  1.95e+03  2.43e+02  3.40e+01  1.12e+01  2.66e+00   0.22
2011 03 22  1530   55642   55800  0  1.89e+03  6.42e+01  0  1.97e+03  2.50e+02  3.56e+01  1.28e+01  2.86e+00   0.03
2011 03 22  1535   55642   56100  0  2.03e+03  5.90e+01  0  2.30e+03  3.72e+02  5.53e+01  1.55e+01  4.88e+00   0.42
2011 03 22  1540   55642   56400  0  1.81e+03  6.11e+01  0  2.59e+03  4.44e+02  6.46e+01  1.62e+01  5.45e+00   0.38
2011 03 22  1545   55642   56700  0  2.09e+03  6.74e+01  0  2.44e+03  4.40e+02  7.39e+01  1.68e+01  6.67e+00   0.38
2011 03 22  1550   55642   57000  0  1.89e+03  6.14e+01  0  2.15e+03  3.29e+02  5.52e+01  1.25e+01  4.78e+00   0.04
2011 03 22  1555   55642   57300  0  1.83e+03  5.98e+01  0  1.97e+03  2.88e+02  4.04e+01  1.29e+01  3.61e+00   0.16
2011 03 22  1600   55642   57600  0  2.26e+03  7.19e+01  0  2.21e+03  2.85e+02  4.00e+01  1.61e+01  2.84e+00   0.13
2011 03 22  1605   55642   57900  0  2.14e+03  7.39e+01  0  2.43e+03  2.91e+02  4.35e+01  1.99e+01  2.88e+00   0.15
2011 03 22  1610   55642   58200  0  2.19e+03  6.91e+01  0  2.30e+03  3.30e+02  4.73e+01  1.93e+01  3.52e+00   0.05
2011 03 22  1615   55642   58500  0  2.43e+03  7.32e+01  0  2.51e+03  3.53e+02  4.88e+01  2.03e+01  3.38e+00   0.05
2011 03 22  1620   55642   58800  0  2.33e+03  7.37e+01  0  2.55e+03  4.17e+02  6.00e+01  2.08e+01  4.18e+00   0.03
2011 03 22  1625   55642   59100  0  2.24e+03  6.79e+01  0  3.01e+03  5.16e+02  7.02e+01  1.95e+01  5.72e+00   0.21
2011 03 22  1630   55642   59400  0  2.43e+03  7.44e+01  0  2.32e+03  3.60e+02  5.94e+01  2.29e+01  5.11e+00   0.29
2011 03 22  1635   55642   59700  0  2.65e+03  7.17e+01  0  2.31e+03  3.43e+02  5.87e+01  2.52e+01  5.05e+00   0.27
2011 03 22  1640   55642   60000  0  2.60e+03  7.46e+01  0  2.28e+03  3.40e+02  5.76e+01  2.48e+01  4.74e+00   0.25
2011 03 22  1645   55642   60300  0  2.50e+03  7.82e+01  0  2.12e+03  3.27e+02  5.91e+01  2.41e+01  5.15e+00   0.28
2011 03 22  1650   55642   60600  0  2.65e+03  7.38e+01  0  2.24e+03  3.35e+02  5.83e+01  2.36e+01  4.90e+00   0.16
2011 03 22  1655   55642   60900  0  2.32e+03  6.57e+01  0  2.62e+03  4.81e+02  7.22e+01  2.34e+01  6.34e+00   0.21
2011 03 22  1700   55642   61200  0  2.07e+03  5.78e+01  0  3.46e+03  8.43e+02  1.28e+02  2.57e+01  1.13e+01   0.55
2011 03 22  1705   55642   61500  0  2.20e+03  6.20e+01  0  3.41e+03  8.42e+02  1.28e+02  2.56e+01  9.97e+00   0.57
2011 03 22  1710   55642   61800  0  2.23e+03  5.22e+01  0  3.12e+03  5.55e+02  8.37e+01  2.03e+01  7.36e+00   0.38
2011 03 22  1715   55642   62100  0  2.13e+03  5.81e+01  0  3.04e+03  5.07e+02  7.46e+01  1.73e+01  7.12e+00   0.25
2011 03 22  1720   55642   62400  0  2.00e+03  5.78e+01  0  3.18e+03  4.18e+02  4.72e+01  1.69e+01  4.54e+00   0.18
2011 03 22  1725   55642   62700  0  2.04e+03  5.70e+01  0  3.29e+03  3.96e+02  4.21e+01  1.51e+01  3.85e+00   0.10
2011 03 22  1730   55642   63000  0  2.04e+03  5.72e+01  0  3.43e+03  4.11e+02  4.45e+01  1.45e+01  3.89e+00   0.07
2011 03 22  1735   55642   63300  0  2.05e+03  5.42e+01  0  3.45e+03  4.15e+02  4.58e+01  1.58e+01  4.34e+00   0.10
2011 03 22  1740   55642   63600  0  2.08e+03  6.13e+01  0  3.42e+03  4.15e+02  4.50e+01  1.61e+01  3.90e+00   0.08
2011 03 22  1745   55642   63900  0  2.22e+03  6.11e+01  0  3.34e+03  4.23e+02  4.43e+01  1.53e+01  3.92e+00   0.04
2011 03 22  1750   55642   64200  0  2.02e+03  5.51e+01  0  3.34e+03  3.96e+02  4.14e+01  1.51e+01  3.92e+00   0.10
2011 03 22  1755   55642   64500  0  1.93e+03  5.76e+01  0  3.17e+03  3.87e+02  4.10e+01  1.47e+01  3.38e+00   0.10
2011 03 22  1800   55642   64800  0  2.14e+03  5.95e+01  0  3.48e+03  4.05e+02  4.27e+01  1.54e+01  3.85e+00   0.10
2011 03 22  1805   55642   65100  0  2.08e+03  5.79e+01  0  3.42e+03  3.89e+02  4.05e+01  1.47e+01  3.52e+00   0.03
2011 03 22  1810   55642   65400  0  2.13e+03  5.55e+01  0  3.40e+03  3.79e+02  3.99e+01  1.55e+01  3.71e+00   0.02
2011 03 22  1815   55642   65700  0  2.18e+03  6.28e+01  0  3.41e+03  3.79e+02  4.11e+01  1.57e+01  3.84e+00   0.15
2011 03 22  1820   55642   66000  0  1.97e+03  5.55e+01  0  3.65e+03  3.86e+02  4.12e+01  1.51e+01  3.68e+00   0.08
2011 03 22  1825   55642   66300  0  2.14e+03  5.42e+01  0  3.43e+03  3.70e+02  3.88e+01  1.53e+01  3.40e+00   0.09
2011 03 22  1830   55642   66600  0  2.07e+03  5.54e+01  0  3.40e+03  3.70e+02  3.90e+01  1.56e+01  3.32e+00   0.05
2011 03 22  1835   55642   66900  0  2.22e+03  5.68e+01  0  3.55e+03  3.83e+02  3.81e+01  1.46e+01  3.46e+00   0.03
2011 03 22  1840   55642   67200  0  2.09e+03  5.51e+01  0  3.43e+03  3.69e+02  4.06e+01  1.43e+01  3.31e+00   0.07
2011 03 22  1845   55642   67500  0  2.15e+03  5.89e+01  0  3.39e+03  3.49e+02  3.69e+01  1.44e+01  3.60e+00   0.07
2011 03 22  1850   55642   67800  0  2.27e+03  5.42e+01  0  3.52e+03  3.69e+02  3.91e+01  1.49e+01  3.15e+00   0.06
2011 03 22  1855   55642   68100  0  2.00e+03  5.84e+01  0  3.45e+03  3.70e+02  4.10e+01  1.50e+01  3.08e+00   0.06
2011 03 22  1900   55642   68400  0  2.13e+03  5.28e+01  0  3.41e+03  3.58e+02  3.77e+01  1.45e+01  3.42e+00   0.06
2011 03 22  1905   55642   68700  0  2.18e+03  5.70e+01  0  3.76e+03  3.98e+02  4.06e+01  1.54e+01  3.87e+00   0.08
2011 03 22  1910   55642   69000  0  2.08e+03  6.00e+01  0  3.62e+03  3.82e+02  3.85e+01  1.54e+01  3.57e+00   0.04
2011 03 22  1915   55642   69300  0  2.14e+03  5.97e+01  0  3.64e+03  3.81e+02  4.16e+01  1.57e+01  3.45e+00   0.08
2011 03 22  1920   55642   69600  0  2.06e+03  5.26e+01  0  3.71e+03  3.91e+02  4.15e+01  1.48e+01  3.51e+00   0.17
2011 03 22  1925   55642   69900  0  2.19e+03  5.67e+01  0  3.76e+03  3.92e+02  3.92e+01  1.50e+01  3.74e+00   0.17
2011 03 22  1930   55642   70200  0  2.13e+03  6.22e+01  0  3.69e+03  3.80e+02  4.10e+01  1.38e+01  3.61e+00   0.15
2011 03 22  1935   55642   70500  0  2.07e+03  5.63e+01  0  3.61e+03  3.93e+02  3.94e+01  1.48e+01  3.21e+00   0.07
2011 03 22  1940   55642   70800  0  2.25e+03  5.72e+01  0  3.69e+03  3.94e+02  3.91e+01  1.51e+01  3.81e+00   0.08
2011 03 22  1945   55642   71100  0  2.12e+03  5.86e+01  0  3.58e+03  3.86e+02  3.80e+01  1.53e+01  3.50e+00   0.09
2011 03 22  1950   55642   71400  0  2.09e+03  6.04e+01  0  3.85e+03  4.00e+02  4.24e+01  1.57e+01  3.35e+00   0.05
2011 03 22  1955   55642   71700  0  2.09e+03  6.38e+01  0  3.77e+03  3.84e+02  3.89e+01  1.54e+01  3.50e+00   0.12
2011 03 22  2000   55642   72000  0  2.23e+03  5.40e+01  0  4.06e+03  4.09e+02  3.89e+01  1.51e+01  3.51e+00   0.08
2011 03 22  2005   55642   72300  0  2.06e+03  5.86e+01  0  3.92e+03  4.10e+02  4.24e+01  1.42e+01  3.54e+00   0.18
2011 03 22  2010   55642   72600  0  2.16e+03  5.63e+01  0  3.76e+03  3.98e+02  4.16e+01  1.49e+01  3.53e+00   0.19
2011 03 22  2015   55642   72900  0  2.26e+03  6.20e+01  0  3.82e+03  3.93e+02  4.04e+01  1.56e+01  3.37e+00   0.11
2011 03 22  2020   55642   73200  0  1.92e+03  5.55e+01  0  3.79e+03  3.97e+02  3.95e+01  1.43e+01  3.27e+00   0.21
2011 03 22  2025   55642   73500  0  2.04e+03  6.48e+01  0  3.51e+03  3.66e+02  3.99e+01  1.42e+01  3.43e+00   0.13
2011 03 22  2030   55642   73800  0  1.96e+03  6.02e+01  0  3.56e+03  3.80e+02  3.88e+01  1.44e+01  3.32e+00   0.05
2011 03 22  2035   55642   74100  0  2.10e+03  5.30e+01  0  3.55e+03  3.72e+02  3.84e+01  1.53e+01  3.54e+00   0.06
2011 03 22  2040   55642   74400  0  2.05e+03  5.79e+01  0  3.57e+03  3.77e+02  3.99e+01  1.36e+01  3.20e+00   0.03
2011 03 22  2045   55642   74700  0  2.09e+03  5.12e+01  0  3.27e+03  3.79e+02  3.81e+01  1.30e+01  3.41e+00   0.08
2011 03 22  2050   55642   75000  0  2.19e+03  5.91e+01  0  3.29e+03  3.62e+02  3.79e+01  1.41e+01  3.32e+00   0.00
2011 03 22  2055   55642   75300  0  1.95e+03  5.46e+01  0  3.39e+03  3.62e+02  3.74e+01  1.40e+01  3.39e+00   0.06
2011 03 22  2100   55642   75600  0  2.06e+03  4.89e+01  0  3.31e+03  3.62e+02  3.93e+01  1.38e+01  3.08e+00   0.10
2011 03 22  2105   55642   75900  0  2.00e+03  4.95e+01  0  3.47e+03  3.68e+02  3.74e+01  1.32e+01  3.37e+00   0.15
2011 03 22  2110   55642   76200  0  2.00e+03  5.64e+01  0  3.49e+03  3.50e+02  3.87e+01  1.22e+01  3.48e+00   0.15
2011 03 22  2115   55642   76500  0  1.89e+03  5.39e+01  0  3.41e+03  3.50e+02  3.51e+01  1.21e+01  3.42e+00   0.08
2011 03 22  2120   55642   76800  0  1.97e+03  5.54e+01  0  3.29e+03  3.48e+02  3.69e+01  1.33e+01  3.25e+00   0.10
2011 03 22  2125   55642   77100  0  2.01e+03  5.56e+01  0  3.60e+03  3.73e+02  3.87e+01  1.23e+01  3.64e+00   0.26
2011 03 22  2130   55642   77400  0  1.82e+03  5.41e+01  0  3.45e+03  3.60e+02  3.85e+01  1.25e+01  3.67e+00   0.21
2011 03 22  2135   55642   77700  0  1.97e+03  5.81e+01  0  3.34e+03  3.50e+02  3.82e+01  1.34e+01  3.42e+00   0.11
2011 03 22  2140   55642   78000  0  2.14e+03  5.16e+01  0  3.27e+03  3.37e+02  3.60e+01  1.43e+01  3.47e+00   0.08
2011 03 22  2145   55642   78300  0  1.98e+03  4.89e+01  0  3.28e+03  3.40e+02  3.48e+01  1.34e+01  3.15e+00   0.07
2011 03 22  2150   55642   78600  0  2.01e+03  4.95e+01  0  3.33e+03  3.38e+02  3.66e+01  1.36e+01  3.35e+00   0.15
2011 03 22  2155   55642   78900  0  1.91e+03  5.43e+01  0  3.24e+03  3.35e+02  3.58e+01  1.22e+01  3.49e+00   0.06
2011 03 22  2200   55642   79200  0  2.00e+03  5.65e+01  0  3.37e+03  3.24e+02  3.42e+01  1.13e+01  2.94e+00   0.12
2011 03 22  2205   55642   79500  0  1.88e+03  5.87e+01  0  3.39e+03  3.34e+02  3.60e+01  1.25e+01  3.09e+00   0.07
2011 03 22  2210   55642   79800  0  1.81e+03  5.28e+01  0  3.22e+03  3.28e+02  3.53e+01  1.12e+01  2.67e+00   0.10
2011 03 22  2215   55642   80100  0  2.07e+03  5.16e+01  0  3.35e+03  3.13e+02  3.27e+01  1.05e+01  2.80e+00   0.12
2011 03 22  2220   55642   80400  0  1.94e+03  5.26e+01  0  3.27e+03  2.94e+02  3.09e+01  1.09e+01  2.62e+00   0.20
2011 03 22  2225   55642   80700  0  1.79e+03  4.50e+01  0  3.14e+03  2.79e+02  2.87e+01  9.77e+00  2.75e+00   0.29
2011 03 22  2230   55642   81000  0  1.95e+03  4.87e+01  0  3.14e+03  2.84e+02  3.12e+01  1.07e+01  2.48e+00   0.09
2011 03 22  2235   55642   81300  0  1.96e+03  5.12e+01  0  3.17e+03  2.80e+02  2.97e+01  1.08e+01  2.71e+00   0.08
2011 03 22  2240   55642   81600  0  1.91e+03  5.14e+01  0  3.15e+03  2.81e+02  3.08e+01  1.07e+01  2.97e+00   0.14
2011 03 22  2245   55642   81900  0  1.91e+03  5.54e+01  0  3.20e+03  3.07e+02  3.26e+01  9.62e+00  3.20e+00   0.28
2011 03 22  2250   55642   82200  0  1.89e+03  5.35e+01  0  3.16e+03  2.63e+02  2.81e+01  9.43e+00  2.71e+00   0.19
2011 03 22  2255   55642   82500  0  1.84e+03  4.96e+01  0  3.07e+03  2.66e+02  2.80e+01  1.07e+01  2.96e+00   0.26
2011 03 22  2300   55642   82800  0  1.89e+03  5.16e+01  0  3.09e+03  2.76e+02  2.99e+01  9.56e+00  3.08e+00   0.18
2011 03 22  2305   55642   83100  0  1.91e+03  4.96e+01  0  2.80e+03  2.57e+02  2.60e+01  9.85e+00  2.75e+00   0.06
2011 03 22  2310   55642   83400  0  1.87e+03  4.71e+01  0  2.83e+03  2.44e+02  2.57e+01  1.00e+01  2.93e+00   0.12
2011 03 22  2315   55642   83700  0  1.70e+03  5.20e+01  0  2.72e+03  2.39e+02  2.60e+01  9.08e+00  2.27e+00   0.02
2011 03 22  2320   55642   84000  0  1.59e+03  4.68e+01  0  2.36e+03  1.87e+02  2.07e+01  8.08e+00  2.31e+00   0.09
2011 03 22  2325   55642   84300 -1 -1.00e+05 -1.00e+05 -1 -1.00e+05 -1.00e+05 -1.00e+05 -1.00e+05 -1.00e+05  -1.00
2011 03 22  2330   55642   84600 -1 -1.00e+05 -1.00e+05 -1 -1.00e+05 -1.00e+05 -1.00e+05 -1.00e+05 -1.00e+05  -1.00
2011 03 22  2335   55642   84900 -1 -1.00e+05 -1.00e+05 -1 -1.00e+05 -1.00e+05 -1.00e+05 -1.00e+05 -1.00e+05  -1.00
2011 03 22  2340   55642   85200 -1 -1.00e+05 -1.00e+05 -1 -1.00e+05 -1.00e+05 -1.00e+05 -1.00e+05 -1.00e+05  -1.00
2011 03 22  2345   55642   85500 -1 -1.00e+05 -1.00e+05 -1 -1.00e+05 -1.00e+05 -1.00e+05 -1.00e+05 -1.00e+05  -1.00
2011 03 22  2350   55642   85800 -1 -1.00e+05 -1.00e+05 -1 -1.00e+05 -1.00e+05 -1.00e+05 -1.00e+05 -1.00e+05  -1.00
2011 03 22  2355   55642   86100 -1 -1.00e+05 -1.00e+05 -1 -1.00e+05 -1.00e+05 -1.00e+05 -1.00e+05 -1.00e+05  -1.00
