:Data_list: 20110305_ace_sis_5m.txt
:Created: 2011 Mar 06 0011 UT
# Prepared by the U.S. Dept. of Commerce, NOAA, Space Weather Prediction Center
# Please send comments and suggestions to SWPC.Webmaster@noaa.gov 
# 
# Units: proton flux p/cs2-sec-ster
# Status(S): 0 = nominal data, 1 to 8 = bad data record, 9 = no data
# Missing data values: -1.00e+05
# Source: ACE Satellite - Solar Isotope Spectrometer
#
# 5-minute averaged Real-time Integral Flux of High-energy Solar Protons
# 
#                 Modified Seconds
# UT Date   Time   Julian  of the      ---- Integral Proton Flux ----
# YR MO DA  HHMM     Day     Day       S    > 10 MeV    S    > 30 MeV
#--------------------------------------------------------------------
2011 03 05  0000    55625       0      0    1.79e+00    0    1.27e+00
2011 03 05  0005    55625     300      0    1.77e+00    0    1.24e+00
2011 03 05  0010    55625     600      0    1.77e+00    0    1.24e+00
2011 03 05  0015    55625     900      0    1.76e+00    0    1.24e+00
2011 03 05  0020    55625    1200      0    1.79e+00    0    1.26e+00
2011 03 05  0025    55625    1500      0    1.76e+00    0    1.25e+00
2011 03 05  0030    55625    1800      0    1.81e+00    0    1.26e+00
2011 03 05  0035    55625    2100      0    1.83e+00    0    1.29e+00
2011 03 05  0040    55625    2400      0    1.76e+00    0    1.23e+00
2011 03 05  0045    55625    2700      0    1.73e+00    0    1.20e+00
2011 03 05  0050    55625    3000      0    1.83e+00    0    1.28e+00
2011 03 05  0055    55625    3300      0    1.78e+00    0    1.24e+00
2011 03 05  0100    55625    3600      0    1.77e+00    0    1.23e+00
2011 03 05  0105    55625    3900      0    1.82e+00    0    1.28e+00
2011 03 05  0110    55625    4200      0    1.78e+00    0    1.24e+00
2011 03 05  0115    55625    4500      0    1.76e+00    0    1.23e+00
2011 03 05  0120    55625    4800      0    1.74e+00    0    1.21e+00
2011 03 05  0125    55625    5100      0    1.78e+00    0    1.24e+00
2011 03 05  0130    55625    5400      0    1.76e+00    0    1.24e+00
2011 03 05  0135    55625    5700      0    1.78e+00    0    1.24e+00
2011 03 05  0140    55625    6000      0    1.76e+00    0    1.22e+00
2011 03 05  0145    55625    6300      0    1.78e+00    0    1.25e+00
2011 03 05  0150    55625    6600      0    1.77e+00    0    1.24e+00
2011 03 05  0155    55625    6900      0    1.78e+00    0    1.25e+00
2011 03 05  0200    55625    7200      0    1.76e+00    0    1.24e+00
2011 03 05  0205    55625    7500      0    1.76e+00    0    1.22e+00
2011 03 05  0210    55625    7800      0    1.78e+00    0    1.25e+00
2011 03 05  0215    55625    8100      0    1.78e+00    0    1.24e+00
2011 03 05  0220    55625    8400      0    1.79e+00    0    1.25e+00
2011 03 05  0225    55625    8700      0    1.79e+00    0    1.25e+00
2011 03 05  0230    55625    9000      0    1.79e+00    0    1.26e+00
2011 03 05  0235    55625    9300      0    1.78e+00    0    1.25e+00
2011 03 05  0240    55625    9600      0    1.79e+00    0    1.23e+00
2011 03 05  0245    55625    9900      0    1.77e+00    0    1.24e+00
2011 03 05  0250    55625   10200      0    1.78e+00    0    1.25e+00
2011 03 05  0255    55625   10500      0    1.77e+00    0    1.25e+00
2011 03 05  0300    55625   10800      0    1.78e+00    0    1.25e+00
2011 03 05  0305    55625   11100      0    1.80e+00    0    1.25e+00
2011 03 05  0310    55625   11400      0    1.76e+00    0    1.23e+00
2011 03 05  0315    55625   11700      0    1.76e+00    0    1.23e+00
2011 03 05  0320    55625   12000      0    1.80e+00    0    1.26e+00
2011 03 05  0325    55625   12300      0    1.76e+00    0    1.22e+00
2011 03 05  0330    55625   12600      0    1.78e+00    0    1.25e+00
2011 03 05  0335    55625   12900      0    1.75e+00    0    1.22e+00
2011 03 05  0340    55625   13200      0    1.78e+00    0    1.24e+00
2011 03 05  0345    55625   13500      0    1.81e+00    0    1.28e+00
2011 03 05  0350    55625   13800      0    1.76e+00    0    1.24e+00
2011 03 05  0355    55625   14100      0    1.78e+00    0    1.24e+00
2011 03 05  0400    55625   14400      0    1.79e+00    0    1.26e+00
2011 03 05  0405    55625   14700      0    1.78e+00    0    1.25e+00
2011 03 05  0410    55625   15000      0    1.79e+00    0    1.26e+00
2011 03 05  0415    55625   15300      0    1.78e+00    0    1.23e+00
2011 03 05  0420    55625   15600      0    1.77e+00    0    1.24e+00
2011 03 05  0425    55625   15900      0    1.80e+00    0    1.26e+00
2011 03 05  0430    55625   16200      0    1.80e+00    0    1.26e+00
2011 03 05  0435    55625   16500      0    1.80e+00    0    1.25e+00
2011 03 05  0440    55625   16800      0    1.77e+00    0    1.24e+00
2011 03 05  0445    55625   17100      0    1.78e+00    0    1.25e+00
2011 03 05  0450    55625   17400      0    1.79e+00    0    1.27e+00
2011 03 05  0455    55625   17700      0    1.81e+00    0    1.28e+00
2011 03 05  0500    55625   18000      0    1.78e+00    0    1.24e+00
2011 03 05  0505    55625   18300      0    1.77e+00    0    1.24e+00
2011 03 05  0510    55625   18600      0    1.79e+00    0    1.26e+00
2011 03 05  0515    55625   18900      0    1.75e+00    0    1.22e+00
2011 03 05  0520    55625   19200      0    1.75e+00    0    1.24e+00
2011 03 05  0525    55625   19500      0    1.79e+00    0    1.26e+00
2011 03 05  0530    55625   19800      0    1.80e+00    0    1.26e+00
2011 03 05  0535    55625   20100      0    1.76e+00    0    1.22e+00
2011 03 05  0540    55625   20400      0    1.76e+00    0    1.22e+00
2011 03 05  0545    55625   20700      0    1.76e+00    0    1.22e+00
2011 03 05  0550    55625   21000      0    1.75e+00    0    1.22e+00
2011 03 05  0555    55625   21300      0    1.69e+00    0    1.18e+00
2011 03 05  0600    55625   21600      0    1.77e+00    0    1.23e+00
2011 03 05  0605    55625   21900      0    1.79e+00    0    1.26e+00
2011 03 05  0610    55625   22200      0    1.78e+00    0    1.23e+00
2011 03 05  0615    55625   22500      0    1.77e+00    0    1.24e+00
2011 03 05  0620    55625   22800      0    1.77e+00    0    1.23e+00
2011 03 05  0625    55625   23100      0    1.76e+00    0    1.24e+00
2011 03 05  0630    55625   23400      0    1.75e+00    0    1.24e+00
2011 03 05  0635    55625   23700      0    1.80e+00    0    1.26e+00
2011 03 05  0640    55625   24000      0    1.79e+00    0    1.24e+00
2011 03 05  0645    55625   24300      0    1.80e+00    0    1.26e+00
2011 03 05  0650    55625   24600      0    1.80e+00    0    1.28e+00
2011 03 05  0655    55625   24900      0    1.78e+00    0    1.25e+00
2011 03 05  0700    55625   25200      0    1.76e+00    0    1.24e+00
2011 03 05  0705    55625   25500      0    1.77e+00    0    1.26e+00
2011 03 05  0710    55625   25800      0    1.78e+00    0    1.22e+00
2011 03 05  0715    55625   26100      0    1.79e+00    0    1.24e+00
2011 03 05  0720    55625   26400      0    1.76e+00    0    1.22e+00
2011 03 05  0725    55625   26700      0    1.79e+00    0    1.25e+00
2011 03 05  0730    55625   27000      0    1.76e+00    0    1.23e+00
2011 03 05  0735    55625   27300      0    1.79e+00    0    1.25e+00
2011 03 05  0740    55625   27600      0    1.80e+00    0    1.27e+00
2011 03 05  0745    55625   27900      0    1.82e+00    0    1.27e+00
2011 03 05  0750    55625   28200      0    1.77e+00    0    1.24e+00
2011 03 05  0755    55625   28500      0    1.80e+00    0    1.27e+00
2011 03 05  0800    55625   28800      0    1.77e+00    0    1.23e+00
2011 03 05  0805    55625   29100      0    1.77e+00    0    1.24e+00
2011 03 05  0810    55625   29400      0    1.78e+00    0    1.25e+00
2011 03 05  0815    55625   29700      0    1.77e+00    0    1.24e+00
2011 03 05  0820    55625   30000      0    1.77e+00    0    1.25e+00
2011 03 05  0825    55625   30300      0    1.77e+00    0    1.23e+00
2011 03 05  0830    55625   30600      0    1.75e+00    0    1.21e+00
2011 03 05  0835    55625   30900      0    1.75e+00    0    1.22e+00
2011 03 05  0840    55625   31200      0    1.76e+00    0    1.24e+00
2011 03 05  0845    55625   31500      0    1.80e+00    0    1.25e+00
2011 03 05  0850    55625   31800      0    1.77e+00    0    1.23e+00
2011 03 05  0855    55625   32100      0    1.76e+00    0    1.23e+00
2011 03 05  0900    55625   32400      0    1.76e+00    0    1.23e+00
2011 03 05  0905    55625   32700      0    1.76e+00    0    1.24e+00
2011 03 05  0910    55625   33000      0    1.79e+00    0    1.25e+00
2011 03 05  0915    55625   33300      0    1.74e+00    0    1.22e+00
2011 03 05  0920    55625   33600      0    1.83e+00    0    1.29e+00
2011 03 05  0925    55625   33900      0    1.75e+00    0    1.24e+00
2011 03 05  0930    55625   34200      0    1.79e+00    0    1.25e+00
2011 03 05  0935    55625   34500      0    1.77e+00    0    1.23e+00
2011 03 05  0940    55625   34800      0    1.81e+00    0    1.26e+00
2011 03 05  0945    55625   35100      0    1.78e+00    0    1.24e+00
2011 03 05  0950    55625   35400      0    1.80e+00    0    1.26e+00
2011 03 05  0955    55625   35700      0    1.77e+00    0    1.23e+00
2011 03 05  1000    55625   36000      0    1.76e+00    0    1.23e+00
2011 03 05  1005    55625   36300      0    1.77e+00    0    1.25e+00
2011 03 05  1010    55625   36600      0    1.78e+00    0    1.26e+00
2011 03 05  1015    55625   36900      0    1.83e+00    0    1.28e+00
2011 03 05  1020    55625   37200      0    1.79e+00    0    1.25e+00
2011 03 05  1025    55625   37500      0    1.78e+00    0    1.25e+00
2011 03 05  1030    55625   37800      0    1.77e+00    0    1.26e+00
2011 03 05  1035    55625   38100      0    1.79e+00    0    1.26e+00
2011 03 05  1040    55625   38400      0    1.79e+00    0    1.24e+00
2011 03 05  1045    55625   38700      0    1.77e+00    0    1.23e+00
2011 03 05  1050    55625   39000      0    1.80e+00    0    1.25e+00
2011 03 05  1055    55625   39300      0    1.77e+00    0    1.23e+00
2011 03 05  1100    55625   39600      0    1.77e+00    0    1.23e+00
2011 03 05  1105    55625   39900      0    1.82e+00    0    1.26e+00
2011 03 05  1110    55625   40200      0    1.74e+00    0    1.23e+00
2011 03 05  1115    55625   40500      0    1.78e+00    0    1.25e+00
2011 03 05  1120    55625   40800      0    1.78e+00    0    1.26e+00
2011 03 05  1125    55625   41100      0    1.78e+00    0    1.24e+00
2011 03 05  1130    55625   41400      0    1.79e+00    0    1.25e+00
2011 03 05  1135    55625   41700      0    1.80e+00    0    1.26e+00
2011 03 05  1140    55625   42000      0    1.78e+00    0    1.24e+00
2011 03 05  1145    55625   42300      0    1.75e+00    0    1.23e+00
2011 03 05  1150    55625   42600      0    1.78e+00    0    1.24e+00
2011 03 05  1155    55625   42900      0    1.75e+00    0    1.22e+00
2011 03 05  1200    55625   43200      0    1.78e+00    0    1.25e+00
2011 03 05  1205    55625   43500      0    1.79e+00    0    1.27e+00
2011 03 05  1210    55625   43800      0    1.80e+00    0    1.27e+00
2011 03 05  1215    55625   44100      0    1.79e+00    0    1.25e+00
2011 03 05  1220    55625   44400      0    1.79e+00    0    1.24e+00
2011 03 05  1225    55625   44700      0    1.79e+00    0    1.25e+00
2011 03 05  1230    55625   45000      0    1.78e+00    0    1.24e+00
2011 03 05  1235    55625   45300      0    1.78e+00    0    1.26e+00
2011 03 05  1240    55625   45600      0    1.80e+00    0    1.28e+00
2011 03 05  1245    55625   45900      0    1.80e+00    0    1.25e+00
2011 03 05  1250    55625   46200      0    1.74e+00    0    1.21e+00
2011 03 05  1255    55625   46500      0    1.79e+00    0    1.25e+00
2011 03 05  1300    55625   46800      0    1.76e+00    0    1.22e+00
2011 03 05  1305    55625   47100      0    1.78e+00    0    1.26e+00
2011 03 05  1310    55625   47400      0    1.79e+00    0    1.25e+00
2011 03 05  1315    55625   47700      0    1.80e+00    0    1.27e+00
2011 03 05  1320    55625   48000      0    1.81e+00    0    1.27e+00
2011 03 05  1325    55625   48300      0    1.82e+00    0    1.28e+00
2011 03 05  1330    55625   48600      0    1.81e+00    0    1.27e+00
2011 03 05  1335    55625   48900      0    1.78e+00    0    1.24e+00
2011 03 05  1340    55625   49200      0    1.79e+00    0    1.24e+00
2011 03 05  1345    55625   49500      0    1.82e+00    0    1.28e+00
2011 03 05  1350    55625   49800      0    1.78e+00    0    1.25e+00
2011 03 05  1355    55625   50100      0    1.78e+00    0    1.25e+00
2011 03 05  1400    55625   50400      0    1.80e+00    0    1.26e+00
2011 03 05  1405    55625   50700      0    1.73e+00    0    1.21e+00
2011 03 05  1410    55625   51000      0    1.76e+00    0    1.22e+00
2011 03 05  1415    55625   51300      0    1.73e+00    0    1.21e+00
2011 03 05  1420    55625   51600      0    1.78e+00    0    1.25e+00
2011 03 05  1425    55625   51900      0    1.79e+00    0    1.26e+00
2011 03 05  1430    55625   52200      0    1.76e+00    0    1.22e+00
2011 03 05  1435    55625   52500      0    1.75e+00    0    1.24e+00
2011 03 05  1440    55625   52800      0    1.81e+00    0    1.25e+00
2011 03 05  1445    55625   53100      0    1.76e+00    0    1.23e+00
2011 03 05  1450    55625   53400      0    1.75e+00    0    1.24e+00
2011 03 05  1455    55625   53700      0    1.77e+00    0    1.25e+00
2011 03 05  1500    55625   54000      0    1.73e+00    0    1.20e+00
2011 03 05  1505    55625   54300      0    1.76e+00    0    1.25e+00
2011 03 05  1510    55625   54600      0    1.78e+00    0    1.26e+00
2011 03 05  1515    55625   54900      0    1.78e+00    0    1.25e+00
2011 03 05  1520    55625   55200      0    1.77e+00    0    1.23e+00
2011 03 05  1525    55625   55500      0    1.78e+00    0    1.24e+00
2011 03 05  1530    55625   55800      0    1.78e+00    0    1.26e+00
2011 03 05  1535    55625   56100      0    1.84e+00    0    1.30e+00
2011 03 05  1540    55625   56400      0    1.78e+00    0    1.25e+00
2011 03 05  1545    55625   56700      0    1.80e+00    0    1.26e+00
2011 03 05  1550    55625   57000      0    1.80e+00    0    1.26e+00
2011 03 05  1555    55625   57300      0    1.78e+00    0    1.26e+00
2011 03 05  1600    55625   57600      0    1.79e+00    0    1.25e+00
2011 03 05  1605    55625   57900      0    1.77e+00    0    1.24e+00
2011 03 05  1610    55625   58200      0    1.75e+00    0    1.23e+00
2011 03 05  1615    55625   58500      0    1.80e+00    0    1.25e+00
2011 03 05  1620    55625   58800      0    1.74e+00    0    1.23e+00
2011 03 05  1625    55625   59100      0    1.76e+00    0    1.22e+00
2011 03 05  1630    55625   59400      0    1.80e+00    0    1.26e+00
2011 03 05  1635    55625   59700      0    1.78e+00    0    1.23e+00
2011 03 05  1640    55625   60000      0    1.79e+00    0    1.25e+00
2011 03 05  1645    55625   60300      0    1.78e+00    0    1.25e+00
2011 03 05  1650    55625   60600      0    1.76e+00    0    1.23e+00
2011 03 05  1655    55625   60900      0    1.80e+00    0    1.27e+00
2011 03 05  1700    55625   61200      0    1.77e+00    0    1.23e+00
2011 03 05  1705    55625   61500      0    1.78e+00    0    1.24e+00
2011 03 05  1710    55625   61800      0    1.77e+00    0    1.25e+00
2011 03 05  1715    55625   62100      0    1.77e+00    0    1.25e+00
2011 03 05  1720    55625   62400      0    1.76e+00    0    1.24e+00
2011 03 05  1725    55625   62700      0    1.77e+00    0    1.24e+00
2011 03 05  1730    55625   63000      0    1.79e+00    0    1.24e+00
2011 03 05  1735    55625   63300      0    1.78e+00    0    1.24e+00
2011 03 05  1740    55625   63600      0    1.75e+00    0    1.23e+00
2011 03 05  1745    55625   63900      0    1.81e+00    0    1.26e+00
2011 03 05  1750    55625   64200      0    1.80e+00    0    1.26e+00
2011 03 05  1755    55625   64500      0    1.79e+00    0    1.25e+00
2011 03 05  1800    55625   64800      0    1.79e+00    0    1.26e+00
2011 03 05  1805    55625   65100      0    1.81e+00    0    1.26e+00
2011 03 05  1810    55625   65400      0    1.80e+00    0    1.26e+00
2011 03 05  1815    55625   65700      0    1.78e+00    0    1.24e+00
2011 03 05  1820    55625   66000      0    1.76e+00    0    1.23e+00
2011 03 05  1825    55625   66300      0    1.77e+00    0    1.25e+00
2011 03 05  1830    55625   66600      0    1.73e+00    0    1.20e+00
2011 03 05  1835    55625   66900      0    1.80e+00    0    1.26e+00
2011 03 05  1840    55625   67200      0    1.79e+00    0    1.26e+00
2011 03 05  1845    55625   67500      0    1.76e+00    0    1.24e+00
2011 03 05  1850    55625   67800      0    1.77e+00    0    1.24e+00
2011 03 05  1855    55625   68100      0    1.79e+00    0    1.25e+00
2011 03 05  1900    55625   68400      0    1.78e+00    0    1.25e+00
2011 03 05  1905    55625   68700      0    1.75e+00    0    1.23e+00
2011 03 05  1910    55625   69000      0    1.77e+00    0    1.24e+00
2011 03 05  1915    55625   69300      0    1.75e+00    0    1.23e+00
2011 03 05  1920    55625   69600      0    1.79e+00    0    1.26e+00
2011 03 05  1925    55625   69900      0    1.82e+00    0    1.28e+00
2011 03 05  1930    55625   70200      0    1.78e+00    0    1.25e+00
2011 03 05  1935    55625   70500      0    1.77e+00    0    1.26e+00
2011 03 05  1940    55625   70800      0    1.80e+00    0    1.25e+00
2011 03 05  1945    55625   71100      0    1.78e+00    0    1.24e+00
2011 03 05  1950    55625   71400      0    1.77e+00    0    1.23e+00
2011 03 05  1955    55625   71700      0    1.76e+00    0    1.23e+00
2011 03 05  2000    55625   72000      0    1.76e+00    0    1.23e+00
2011 03 05  2005    55625   72300      0    1.82e+00    0    1.28e+00
2011 03 05  2010    55625   72600      0    1.75e+00    0    1.23e+00
2011 03 05  2015    55625   72900      0    1.76e+00    0    1.23e+00
2011 03 05  2020    55625   73200      0    1.78e+00    0    1.25e+00
2011 03 05  2025    55625   73500      0    1.78e+00    0    1.24e+00
2011 03 05  2030    55625   73800      0    1.85e+00    0    1.29e+00
2011 03 05  2035    55625   74100      0    1.75e+00    0    1.23e+00
2011 03 05  2040    55625   74400      0    1.83e+00    0    1.29e+00
2011 03 05  2045    55625   74700      0    1.82e+00    0    1.27e+00
2011 03 05  2050    55625   75000      0    1.80e+00    0    1.26e+00
2011 03 05  2055    55625   75300      0    1.77e+00    0    1.24e+00
2011 03 05  2100    55625   75600      0    1.77e+00    0    1.26e+00
2011 03 05  2105    55625   75900      0    1.77e+00    0    1.24e+00
2011 03 05  2110    55625   76200      0    1.79e+00    0    1.24e+00
2011 03 05  2115    55625   76500      0    1.78e+00    0    1.25e+00
2011 03 05  2120    55625   76800      0    1.79e+00    0    1.25e+00
2011 03 05  2125    55625   77100      0    1.76e+00    0    1.24e+00
2011 03 05  2130    55625   77400      0    1.78e+00    0    1.25e+00
2011 03 05  2135    55625   77700      0    1.79e+00    0    1.26e+00
2011 03 05  2140    55625   78000      0    1.78e+00    0    1.24e+00
2011 03 05  2145    55625   78300      0    1.80e+00    0    1.26e+00
2011 03 05  2150    55625   78600      0    1.71e+00    0    1.18e+00
2011 03 05  2155    55625   78900      0    1.80e+00    0    1.27e+00
2011 03 05  2200    55625   79200      0    1.75e+00    0    1.23e+00
2011 03 05  2205    55625   79500      0    1.75e+00    0    1.21e+00
2011 03 05  2210    55625   79800      0    1.78e+00    0    1.25e+00
2011 03 05  2215    55625   80100      0    1.82e+00    0    1.27e+00
2011 03 05  2220    55625   80400      0    1.78e+00    0    1.25e+00
2011 03 05  2225    55625   80700      0    1.78e+00    0    1.24e+00
2011 03 05  2230    55625   81000      0    1.76e+00    0    1.23e+00
2011 03 05  2235    55625   81300      9   -1.00e+05    9   -1.00e+05
2011 03 05  2240    55625   81600      9   -1.00e+05    9   -1.00e+05
2011 03 05  2245    55625   81900      9   -1.00e+05    9   -1.00e+05
2011 03 05  2250    55625   82200      9   -1.00e+05    9   -1.00e+05
2011 03 05  2255    55625   82500      9   -1.00e+05    9   -1.00e+05
2011 03 05  2300    55625   82800      9   -1.00e+05    9   -1.00e+05
2011 03 05  2305    55625   83100      9   -1.00e+05    9   -1.00e+05
2011 03 05  2310    55625   83400      9   -1.00e+05    9   -1.00e+05
2011 03 05  2315    55625   83700      9   -1.00e+05    9   -1.00e+05
2011 03 05  2320    55625   84000      9   -1.00e+05    9   -1.00e+05
2011 03 05  2325    55625   84300      9   -1.00e+05    9   -1.00e+05
2011 03 05  2330    55625   84600      9   -1.00e+05    9   -1.00e+05
2011 03 05  2335    55625   84900      9   -1.00e+05    9   -1.00e+05
2011 03 05  2340    55625   85200      9   -1.00e+05    9   -1.00e+05
2011 03 05  2345    55625   85500      9   -1.00e+05    9   -1.00e+05
2011 03 05  2350    55625   85800      9   -1.00e+05    9   -1.00e+05
2011 03 05  2355    55625   86100      9   -1.00e+05    9   -1.00e+05
