:Data_list: 20111226_ace_epam_5m.txt
:Created: 2011 Dec 27 0011 UT
# Prepared by the U.S. Dept. of Commerce, NOAA, Space Weather Prediction Center
# Please send comments and suggestions to SWPC.Webmaster@noaa.gov 
# 
# Units: Differential Flux particles/cm2-s-ster-MeV
# Units: Anisotropy Index 0.0 - 2.0
# Status(S): 0 = nominal, 4,6,7,8 = bad data, unable to process, 9 = no data
# Missing data values: -1.00e+05, index = -1.00
# Source: ACE Satellite - Electron, Proton, and Alpha Monitor
#
#
#                      5-minute averaged Real-time Differential Electron and Proton Flux 
# 
#                Modified Seconds ---------------------------- Differential Flux ---------------------------
# UT Date   Time  Julian  of the  ----- Electron -----   ------------------- Protons keV -------------------   Anis.
# YR MO DA  HHMM    Day    Day    S    38-53   175-315   S    47-68   115-195   310-580   795-1193 1060-1900   Index
#-------------------------------------------------------------------------------------------------------------------
2011 12 26  0000   55921       0  0  2.49e+04  3.72e+02  0  2.21e+03  5.27e+01  6.16e+00  3.24e+00  4.54e-01  -1.00
2011 12 26  0005   55921     300  0  2.34e+04  3.60e+02  0  2.16e+03  4.69e+01  5.65e+00  3.26e+00  5.70e-01  -1.00
2011 12 26  0010   55921     600  0  2.30e+04  3.56e+02  0  2.30e+03  4.35e+01  6.34e+00  3.35e+00  6.28e-01  -1.00
2011 12 26  0015   55921     900  0  2.38e+04  3.42e+02  0  2.23e+03  5.10e+01  6.43e+00  2.93e+00  4.83e-01  -1.00
2011 12 26  0020   55921    1200  0  2.31e+04  3.48e+02  0  2.12e+03  5.49e+01  7.24e+00  3.81e+00  5.89e-01  -1.00
2011 12 26  0025   55921    1500  0  2.32e+04  3.40e+02  0  2.25e+03  5.56e+01  7.63e+00  3.75e+00  6.37e-01  -1.00
2011 12 26  0030   55921    1800  0  2.31e+04  3.34e+02  0  2.20e+03  5.53e+01  7.93e+00  3.99e+00  8.11e-01  -1.00
2011 12 26  0035   55921    2100  0  2.30e+04  3.24e+02  0  2.28e+03  6.26e+01  7.90e+00  3.58e+00  8.31e-01  -1.00
2011 12 26  0040   55921    2400  0  2.20e+04  3.22e+02  0  2.17e+03  6.16e+01  8.26e+00  3.96e+00  7.24e-01  -1.00
2011 12 26  0045   55921    2700  0  2.25e+04  3.19e+02  0  2.32e+03  5.54e+01  6.65e+00  4.18e+00  6.74e-01  -1.00
2011 12 26  0050   55921    3000  0  2.26e+04  3.07e+02  0  2.33e+03  5.86e+01  7.49e+00  4.03e+00  9.63e-01  -1.00
2011 12 26  0055   55921    3300  0  2.20e+04  2.98e+02  0  2.12e+03  5.16e+01  6.70e+00  4.50e+00  8.40e-01  -1.00
2011 12 26  0100   55921    3600  0  2.20e+04  2.97e+02  0  2.23e+03  5.82e+01  7.05e+00  4.28e+00  8.32e-01  -1.00
2011 12 26  0105   55921    3900  0  2.16e+04  2.87e+02  0  2.23e+03  6.17e+01  7.82e+00  4.29e+00  8.29e-01  -1.00
2011 12 26  0110   55921    4200  0  2.03e+04  2.74e+02  0  2.25e+03  7.04e+01  8.23e+00  4.64e+00  7.90e-01  -1.00
2011 12 26  0115   55921    4500  0  2.10e+04  2.76e+02  0  2.23e+03  6.00e+01  7.38e+00  4.34e+00  9.17e-01  -1.00
2011 12 26  0120   55921    4800  0  1.92e+04  2.63e+02  0  2.34e+03  5.78e+01  7.63e+00  3.41e+00  9.09e-01  -1.00
2011 12 26  0125   55921    5100  0  1.95e+04  2.72e+02  0  2.24e+03  5.89e+01  7.90e+00  3.45e+00  9.38e-01  -1.00
2011 12 26  0130   55921    5400  0  1.97e+04  2.63e+02  0  2.08e+03  5.35e+01  7.88e+00  3.90e+00  9.98e-01  -1.00
2011 12 26  0135   55921    5700  0  1.97e+04  2.70e+02  0  2.33e+03  5.92e+01  7.32e+00  3.83e+00  1.08e+00  -1.00
2011 12 26  0140   55921    6000  0  1.89e+04  2.50e+02  0  2.28e+03  6.00e+01  7.41e+00  4.78e+00  1.27e+00  -1.00
2011 12 26  0145   55921    6300  0  1.89e+04  2.47e+02  0  2.13e+03  5.37e+01  7.35e+00  4.89e+00  1.19e+00  -1.00
2011 12 26  0150   55921    6600  0  1.82e+04  2.38e+02  0  2.30e+03  5.11e+01  6.39e+00  3.93e+00  1.25e+00  -1.00
2011 12 26  0155   55921    6900  0  1.78e+04  2.34e+02  0  2.22e+03  5.23e+01  6.36e+00  4.07e+00  1.18e+00  -1.00
2011 12 26  0200   55921    7200  0  1.72e+04  2.32e+02  0  2.23e+03  5.76e+01  6.91e+00  5.12e+00  1.24e+00  -1.00
2011 12 26  0205   55921    7500  0  1.61e+04  2.26e+02  0  2.18e+03  5.60e+01  6.23e+00  4.97e+00  1.36e+00  -1.00
2011 12 26  0210   55921    7800  0  1.62e+04  2.14e+02  0  2.35e+03  5.80e+01  6.61e+00  4.48e+00  1.32e+00  -1.00
2011 12 26  0215   55921    8100  0  1.57e+04  2.17e+02  0  2.31e+03  5.77e+01  8.21e+00  5.26e+00  1.26e+00  -1.00
2011 12 26  0220   55921    8400  0  1.56e+04  2.19e+02  0  2.09e+03  5.82e+01  7.18e+00  6.01e+00  1.51e+00  -1.00
2011 12 26  0225   55921    8700  0  1.55e+04  1.92e+02  0  2.31e+03  5.92e+01  7.81e+00  5.01e+00  1.71e+00  -1.00
2011 12 26  0230   55921    9000  0  1.50e+04  1.92e+02  0  2.23e+03  6.03e+01  7.81e+00  5.26e+00  1.95e+00  -1.00
2011 12 26  0235   55921    9300  0  1.44e+04  1.80e+02  0  2.24e+03  6.47e+01  7.97e+00  4.32e+00  1.94e+00  -1.00
2011 12 26  0240   55921    9600  0  1.41e+04  1.84e+02  0  2.25e+03  5.91e+01  8.68e+00  4.92e+00  2.05e+00  -1.00
2011 12 26  0245   55921    9900  0  1.38e+04  1.75e+02  0  2.33e+03  5.87e+01  8.80e+00  5.34e+00  2.74e+00  -1.00
2011 12 26  0250   55921   10200  0  1.38e+04  1.87e+02  0  2.27e+03  6.19e+01  8.50e+00  4.97e+00  2.92e+00  -1.00
2011 12 26  0255   55921   10500  0  1.38e+04  1.85e+02  0  2.16e+03  5.92e+01  7.45e+00  4.94e+00  2.81e+00  -1.00
2011 12 26  0300   55921   10800  0  1.38e+04  1.75e+02  0  2.29e+03  6.25e+01  8.98e+00  5.56e+00  2.99e+00  -1.00
2011 12 26  0305   55921   11100  0  1.35e+04  1.80e+02  0  2.29e+03  5.17e+01  6.76e+00  6.21e+00  2.04e+00  -1.00
2011 12 26  0310   55921   11400  0  1.50e+04  1.95e+02  0  2.15e+03  5.69e+01  6.72e+00  8.11e+00  1.50e+00  -1.00
2011 12 26  0315   55921   11700  0  1.49e+04  1.94e+02  0  2.27e+03  5.11e+01  7.27e+00  8.50e+00  1.46e+00  -1.00
2011 12 26  0320   55921   12000  0  1.59e+04  1.91e+02  0  2.21e+03  5.03e+01  6.10e+00  6.96e+00  1.49e+00  -1.00
2011 12 26  0325   55921   12300  0  1.64e+04  1.92e+02  0  2.22e+03  5.35e+01  6.88e+00  7.11e+00  1.68e+00  -1.00
2011 12 26  0330   55921   12600  0  1.58e+04  1.87e+02  0  2.18e+03  4.91e+01  7.07e+00  7.99e+00  1.92e+00  -1.00
2011 12 26  0335   55921   12900  0  1.52e+04  1.79e+02  0  2.31e+03  5.23e+01  8.17e+00  1.01e+01  2.60e+00  -1.00
2011 12 26  0340   55921   13200  0  1.37e+04  1.60e+02  0  2.24e+03  5.64e+01  7.83e+00  7.52e+00  2.77e+00  -1.00
2011 12 26  0345   55921   13500  0  1.42e+04  1.78e+02  0  2.11e+03  4.99e+01  6.38e+00  8.85e+00  2.33e+00  -1.00
2011 12 26  0350   55921   13800  0  1.42e+04  1.66e+02  0  2.26e+03  5.37e+01  7.11e+00  8.73e+00  2.22e+00  -1.00
2011 12 26  0355   55921   14100  0  1.41e+04  1.67e+02  0  2.13e+03  5.02e+01  6.62e+00  8.15e+00  2.48e+00  -1.00
2011 12 26  0400   55921   14400  0  1.40e+04  1.67e+02  0  2.16e+03  4.86e+01  7.07e+00  6.97e+00  2.30e+00  -1.00
2011 12 26  0405   55921   14700  0  1.34e+04  1.61e+02  0  2.19e+03  5.27e+01  8.49e+00  7.46e+00  2.53e+00  -1.00
2011 12 26  0410   55921   15000  0  1.35e+04  1.62e+02  0  2.30e+03  4.99e+01  7.82e+00  9.50e+00  2.91e+00  -1.00
2011 12 26  0415   55921   15300  0  1.41e+04  1.61e+02  0  2.25e+03  4.87e+01  6.91e+00  9.59e+00  2.94e+00  -1.00
2011 12 26  0420   55921   15600  0  1.38e+04  1.58e+02  0  2.09e+03  4.65e+01  6.72e+00  9.15e+00  2.73e+00  -1.00
2011 12 26  0425   55921   15900  0  1.38e+04  1.63e+02  0  2.24e+03  5.08e+01  7.02e+00  8.78e+00  2.43e+00  -1.00
2011 12 26  0430   55921   16200  0  1.34e+04  1.62e+02  0  2.22e+03  4.50e+01  7.11e+00  8.61e+00  2.24e+00  -1.00
2011 12 26  0435   55921   16500  0  1.34e+04  1.57e+02  0  2.22e+03  4.93e+01  6.85e+00  8.34e+00  2.28e+00  -1.00
2011 12 26  0440   55921   16800  0  1.30e+04  1.64e+02  0  2.25e+03  5.05e+01  6.60e+00  9.74e+00  2.55e+00  -1.00
2011 12 26  0445   55921   17100  0  1.31e+04  1.58e+02  0  2.21e+03  5.24e+01  7.08e+00  9.62e+00  2.24e+00  -1.00
2011 12 26  0450   55921   17400  0  1.31e+04  1.56e+02  0  2.23e+03  4.79e+01  7.12e+00  1.03e+01  1.92e+00  -1.00
2011 12 26  0455   55921   17700  0  1.25e+04  1.48e+02  0  2.10e+03  4.63e+01  7.49e+00  1.01e+01  2.29e+00  -1.00
2011 12 26  0500   55921   18000  0  1.24e+04  1.59e+02  0  2.26e+03  4.78e+01  7.70e+00  1.11e+01  2.52e+00  -1.00
2011 12 26  0505   55921   18300  0  1.22e+04  1.30e+02  0  2.22e+03  4.65e+01  6.88e+00  1.16e+01  2.88e+00  -1.00
2011 12 26  0510   55921   18600  0  1.20e+04  1.43e+02  0  2.01e+03  4.46e+01  6.73e+00  1.14e+01  2.37e+00  -1.00
2011 12 26  0515   55921   18900  0  1.23e+04  1.28e+02  0  2.23e+03  4.41e+01  6.95e+00  1.23e+01  2.50e+00  -1.00
2011 12 26  0520   55921   19200  0  1.17e+04  1.28e+02  0  2.15e+03  4.06e+01  7.42e+00  1.17e+01  2.20e+00  -1.00
2011 12 26  0525   55921   19500  0  1.13e+04  1.31e+02  0  2.19e+03  4.30e+01  7.81e+00  1.01e+01  2.61e+00  -1.00
2011 12 26  0530   55921   19800  0  1.14e+04  1.28e+02  0  2.11e+03  4.50e+01  7.45e+00  1.03e+01  2.66e+00  -1.00
2011 12 26  0535   55921   20100  0  1.16e+04  1.25e+02  0  2.23e+03  4.43e+01  6.19e+00  1.15e+01  2.30e+00  -1.00
2011 12 26  0540   55921   20400  0  1.10e+04  1.25e+02  0  2.24e+03  4.33e+01  6.19e+00  9.81e+00  2.17e+00  -1.00
2011 12 26  0545   55921   20700  0  1.09e+04  1.31e+02  0  2.13e+03  4.59e+01  6.49e+00  1.15e+01  2.77e+00  -1.00
2011 12 26  0550   55921   21000  0  1.04e+04  1.19e+02  0  2.20e+03  4.41e+01  7.60e+00  1.29e+01  3.19e+00  -1.00
2011 12 26  0555   55921   21300  0  9.77e+03  1.22e+02  0  2.10e+03  4.42e+01  9.19e+00  1.08e+01  3.40e+00  -1.00
2011 12 26  0600   55921   21600  0  1.03e+04  1.24e+02  0  2.12e+03  4.32e+01  7.96e+00  1.13e+01  2.40e+00  -1.00
2011 12 26  0605   55921   21900  0  1.08e+04  1.26e+02  0  2.08e+03  3.87e+01  6.23e+00  1.38e+01  1.93e+00  -1.00
2011 12 26  0610   55921   22200  0  1.02e+04  1.18e+02  0  2.18e+03  4.41e+01  7.29e+00  1.38e+01  2.69e+00  -1.00
2011 12 26  0615   55921   22500  0  1.02e+04  1.15e+02  0  2.15e+03  4.17e+01  7.90e+00  1.12e+01  2.96e+00  -1.00
2011 12 26  0620   55921   22800  0  9.94e+03  1.15e+02  0  1.95e+03  4.13e+01  7.64e+00  1.25e+01  3.66e+00  -1.00
2011 12 26  0625   55921   23100  0  1.06e+04  1.15e+02  0  2.14e+03  4.41e+01  7.77e+00  1.43e+01  3.00e+00  -1.00
2011 12 26  0630   55921   23400  0  1.03e+04  1.13e+02  0  2.18e+03  4.37e+01  7.47e+00  1.48e+01  3.04e+00  -1.00
2011 12 26  0635   55921   23700  0  1.03e+04  1.19e+02  0  2.09e+03  4.19e+01  7.77e+00  1.54e+01  3.31e+00  -1.00
2011 12 26  0640   55921   24000  0  1.07e+04  1.00e+02  0  2.13e+03  4.35e+01  7.66e+00  1.59e+01  2.99e+00  -1.00
2011 12 26  0645   55921   24300  0  1.04e+04  1.10e+02  0  2.13e+03  3.89e+01  7.24e+00  1.72e+01  2.43e+00  -1.00
2011 12 26  0650   55921   24600  0  1.01e+04  1.10e+02  0  2.13e+03  4.15e+01  7.77e+00  1.85e+01  3.14e+00  -1.00
2011 12 26  0655   55921   24900  0  1.00e+04  9.57e+01  0  2.03e+03  4.30e+01  7.38e+00  1.55e+01  3.14e+00  -1.00
2011 12 26  0700   55921   25200  0  1.01e+04  1.10e+02  0  2.17e+03  3.98e+01  7.44e+00  1.58e+01  3.06e+00  -1.00
2011 12 26  0705   55921   25500  0  9.64e+03  9.68e+01  0  2.26e+03  4.24e+01  6.99e+00  1.60e+01  3.19e+00  -1.00
2011 12 26  0710   55921   25800  0  9.67e+03  1.10e+02  0  2.00e+03  4.50e+01  6.98e+00  1.47e+01  3.25e+00  -1.00
2011 12 26  0715   55921   26100  0  9.80e+03  1.08e+02  0  2.27e+03  4.30e+01  7.74e+00  1.53e+01  3.39e+00  -1.00
2011 12 26  0720   55921   26400  0  9.55e+03  1.01e+02  0  2.15e+03  4.04e+01  7.52e+00  1.48e+01  3.26e+00  -1.00
2011 12 26  0725   55921   26700  0  9.26e+03  1.06e+02  0  2.15e+03  4.55e+01  8.00e+00  1.46e+01  3.16e+00  -1.00
2011 12 26  0730   55921   27000  0  9.57e+03  1.06e+02  0  2.09e+03  4.26e+01  8.92e+00  1.53e+01  3.52e+00  -1.00
2011 12 26  0735   55921   27300  0  9.26e+03  9.66e+01  0  2.21e+03  4.05e+01  9.40e+00  1.72e+01  3.68e+00  -1.00
2011 12 26  0740   55921   27600  0  9.05e+03  8.93e+01  0  2.08e+03  4.20e+01  9.65e+00  1.43e+01  3.58e+00  -1.00
2011 12 26  0745   55921   27900  0  8.91e+03  8.86e+01  0  1.97e+03  4.06e+01  8.13e+00  1.45e+01  3.03e+00  -1.00
2011 12 26  0750   55921   28200  0  9.22e+03  9.71e+01  0  2.18e+03  4.17e+01  8.08e+00  1.47e+01  3.36e+00  -1.00
2011 12 26  0755   55921   28500  0  8.65e+03  1.02e+02  0  2.12e+03  3.80e+01  6.64e+00  1.40e+01  2.90e+00  -1.00
2011 12 26  0800   55921   28800  0  8.28e+03  8.39e+01  0  1.99e+03  4.34e+01  7.73e+00  1.31e+01  3.18e+00  -1.00
2011 12 26  0805   55921   29100  0  8.77e+03  8.91e+01  0  2.20e+03  4.05e+01  7.90e+00  1.47e+01  3.36e+00  -1.00
2011 12 26  0810   55921   29400  0  8.25e+03  8.59e+01  0  2.09e+03  4.37e+01  8.95e+00  1.42e+01  3.30e+00  -1.00
2011 12 26  0815   55921   29700  0  8.16e+03  8.70e+01  0  2.14e+03  4.21e+01  9.04e+00  1.55e+01  3.59e+00  -1.00
2011 12 26  0820   55921   30000  0  8.01e+03  8.31e+01  0  2.02e+03  4.40e+01  9.22e+00  1.50e+01  3.12e+00  -1.00
2011 12 26  0825   55921   30300  0  8.29e+03  8.88e+01  0  2.16e+03  4.16e+01  8.26e+00  1.33e+01  3.28e+00  -1.00
2011 12 26  0830   55921   30600  0  7.67e+03  8.12e+01  0  2.21e+03  4.28e+01  8.42e+00  1.40e+01  3.21e+00  -1.00
2011 12 26  0835   55921   30900  0  7.84e+03  8.50e+01  0  2.06e+03  4.21e+01  9.10e+00  1.45e+01  3.34e+00  -1.00
2011 12 26  0840   55921   31200  0  8.04e+03  8.52e+01  0  2.16e+03  4.58e+01  8.95e+00  1.42e+01  3.63e+00  -1.00
2011 12 26  0845   55921   31500  0  7.81e+03  8.16e+01  0  2.13e+03  3.86e+01  7.28e+00  1.52e+01  2.89e+00  -1.00
2011 12 26  0850   55921   31800  0  7.59e+03  8.47e+01  0  2.13e+03  4.14e+01  9.43e+00  1.54e+01  3.66e+00  -1.00
2011 12 26  0855   55921   32100  0  7.58e+03  7.88e+01  0  2.07e+03  4.29e+01  9.49e+00  1.43e+01  3.81e+00  -1.00
2011 12 26  0900   55921   32400  0  7.63e+03  8.37e+01  0  2.21e+03  4.60e+01  1.24e+01  1.46e+01  4.05e+00  -1.00
2011 12 26  0905   55921   32700  0  7.20e+03  6.93e+01  0  2.15e+03  4.30e+01  1.11e+01  1.44e+01  3.93e+00  -1.00
2011 12 26  0910   55921   33000  0  7.16e+03  8.46e+01  0  2.00e+03  4.31e+01  1.22e+01  1.40e+01  3.50e+00  -1.00
2011 12 26  0915   55921   33300  0  7.31e+03  7.61e+01  0  2.26e+03  4.58e+01  1.09e+01  1.40e+01  3.77e+00  -1.00
2011 12 26  0920   55921   33600  0  7.27e+03  7.59e+01  0  2.17e+03  3.89e+01  8.71e+00  1.49e+01  3.26e+00  -1.00
2011 12 26  0925   55921   33900  0  7.29e+03  7.54e+01  0  2.09e+03  4.02e+01  8.69e+00  1.49e+01  2.64e+00  -1.00
2011 12 26  0930   55921   34200  0  7.41e+03  7.57e+01  0  2.08e+03  3.88e+01  8.99e+00  1.50e+01  3.19e+00  -1.00
2011 12 26  0935   55921   34500  0  7.13e+03  8.11e+01  0  2.16e+03  3.99e+01  8.43e+00  1.46e+01  2.75e+00  -1.00
2011 12 26  0940   55921   34800  0  6.97e+03  7.69e+01  0  2.10e+03  3.64e+01  7.38e+00  1.60e+01  2.79e+00  -1.00
2011 12 26  0945   55921   35100  0  6.97e+03  7.70e+01  0  1.98e+03  3.70e+01  7.63e+00  1.52e+01  2.74e+00  -1.00
2011 12 26  0950   55921   35400  0  7.11e+03  7.02e+01  0  2.21e+03  4.44e+01  7.44e+00  1.36e+01  2.64e+00  -1.00
2011 12 26  0955   55921   35700  0  6.35e+03  7.60e+01  0  2.09e+03  3.94e+01  1.13e+01  1.49e+01  3.47e+00  -1.00
2011 12 26  1000   55921   36000  0  6.38e+03  6.74e+01  0  2.09e+03  3.81e+01  1.10e+01  1.37e+01  3.70e+00  -1.00
2011 12 26  1005   55921   36300  0  6.60e+03  6.74e+01  0  2.29e+03  4.30e+01  1.04e+01  1.27e+01  3.67e+00  -1.00
2011 12 26  1010   55921   36600  0  6.36e+03  6.96e+01  0  2.14e+03  4.35e+01  1.11e+01  1.34e+01  3.46e+00  -1.00
2011 12 26  1015   55921   36900  0  6.31e+03  7.11e+01  0  2.11e+03  4.25e+01  1.20e+01  1.29e+01  3.63e+00  -1.00
2011 12 26  1020   55921   37200  0  6.43e+03  6.90e+01  0  2.04e+03  4.23e+01  1.22e+01  1.23e+01  3.77e+00  -1.00
2011 12 26  1025   55921   37500  0  6.17e+03  7.16e+01  0  2.16e+03  4.69e+01  1.26e+01  1.41e+01  4.18e+00  -1.00
2011 12 26  1030   55921   37800  0  5.89e+03  6.41e+01  0  2.15e+03  4.16e+01  1.11e+01  1.15e+01  3.55e+00  -1.00
2011 12 26  1035   55921   38100  0  6.12e+03  6.16e+01  0  2.06e+03  4.34e+01  1.20e+01  1.21e+01  3.46e+00  -1.00
2011 12 26  1040   55921   38400  0  6.13e+03  7.10e+01  0  2.11e+03  4.61e+01  1.38e+01  1.12e+01  4.13e+00  -1.00
2011 12 26  1045   55921   38700  0  5.85e+03  6.77e+01  0  2.16e+03  4.51e+01  1.34e+01  1.04e+01  3.73e+00  -1.00
2011 12 26  1050   55921   39000  0  5.74e+03  6.71e+01  0  2.12e+03  4.49e+01  1.41e+01  1.10e+01  3.92e+00  -1.00
2011 12 26  1055   55921   39300  0  5.83e+03  6.73e+01  0  2.09e+03  4.72e+01  1.46e+01  1.27e+01  3.85e+00  -1.00
2011 12 26  1100   55921   39600  0  5.71e+03  6.59e+01  0  2.14e+03  4.29e+01  1.11e+01  1.34e+01  3.39e+00  -1.00
2011 12 26  1105   55921   39900  0  5.63e+03  6.38e+01  0  2.05e+03  3.92e+01  9.52e+00  1.47e+01  3.41e+00  -1.00
2011 12 26  1110   55921   40200  0  5.84e+03  5.60e+01  0  1.99e+03  3.84e+01  9.87e+00  1.58e+01  3.32e+00  -1.00
2011 12 26  1115   55921   40500  0  5.87e+03  6.89e+01  0  2.22e+03  4.12e+01  1.25e+01  1.27e+01  3.42e+00  -1.00
2011 12 26  1120   55921   40800  0  5.66e+03  6.24e+01  0  2.13e+03  3.79e+01  1.07e+01  1.38e+01  3.48e+00  -1.00
2011 12 26  1125   55921   41100  0  5.37e+03  6.73e+01  0  2.05e+03  3.86e+01  9.60e+00  1.30e+01  3.40e+00  -1.00
2011 12 26  1130   55921   41400  0  5.60e+03  6.56e+01  0  2.17e+03  3.81e+01  1.01e+01  1.36e+01  3.35e+00  -1.00
2011 12 26  1135   55921   41700  0  5.21e+03  6.09e+01  0  2.14e+03  4.36e+01  1.08e+01  1.16e+01  3.52e+00  -1.00
2011 12 26  1140   55921   42000  0  5.20e+03  6.65e+01  0  2.12e+03  4.21e+01  1.05e+01  1.56e+01  3.48e+00  -1.00
2011 12 26  1145   55921   42300  0  5.24e+03  6.67e+01  0  2.03e+03  4.09e+01  1.06e+01  1.44e+01  3.25e+00  -1.00
2011 12 26  1150   55921   42600  0  5.29e+03  6.24e+01  0  2.11e+03  4.21e+01  9.90e+00  1.21e+01  3.09e+00  -1.00
2011 12 26  1155   55921   42900  0  5.10e+03  5.33e+01  0  2.17e+03  3.50e+01  8.52e+00  1.19e+01  3.03e+00  -1.00
2011 12 26  1200   55921   43200  0  5.04e+03  5.85e+01  0  2.00e+03  4.06e+01  8.85e+00  1.24e+01  3.00e+00  -1.00
2011 12 26  1205   55921   43500  0  5.12e+03  5.88e+01  0  2.15e+03  3.67e+01  9.41e+00  1.12e+01  2.88e+00  -1.00
2011 12 26  1210   55921   43800  0  4.96e+03  5.79e+01  0  2.05e+03  3.59e+01  7.99e+00  1.24e+01  2.72e+00  -1.00
2011 12 26  1215   55921   44100  0  4.83e+03  5.69e+01  0  2.11e+03  3.80e+01  9.49e+00  1.34e+01  2.63e+00  -1.00
2011 12 26  1220   55921   44400  0  5.06e+03  5.74e+01  0  2.09e+03  4.05e+01  9.67e+00  1.23e+01  3.02e+00  -1.00
2011 12 26  1225   55921   44700  0  5.13e+03  5.63e+01  0  2.21e+03  4.15e+01  8.10e+00  1.47e+01  2.85e+00  -1.00
2011 12 26  1230   55921   45000  0  4.93e+03  5.30e+01  0  2.15e+03  3.83e+01  1.03e+01  1.37e+01  3.17e+00  -1.00
2011 12 26  1235   55921   45300  0  4.97e+03  5.51e+01  0  2.00e+03  3.88e+01  1.00e+01  1.38e+01  3.06e+00  -1.00
2011 12 26  1240   55921   45600  0  4.86e+03  5.71e+01  0  2.15e+03  3.60e+01  9.26e+00  1.30e+01  2.78e+00  -1.00
2011 12 26  1245   55921   45900  0  4.51e+03  6.11e+01  0  2.16e+03  3.81e+01  9.41e+00  1.18e+01  2.99e+00  -1.00
2011 12 26  1250   55921   46200  0  4.54e+03  5.56e+01  0  2.05e+03  3.82e+01  1.09e+01  1.28e+01  2.91e+00  -1.00
2011 12 26  1255   55921   46500  0  4.86e+03  5.31e+01  0  2.15e+03  4.01e+01  1.22e+01  1.21e+01  3.31e+00  -1.00
2011 12 26  1300   55921   46800  0  4.73e+03  5.55e+01  0  2.21e+03  4.43e+01  1.24e+01  1.06e+01  3.00e+00  -1.00
2011 12 26  1305   55921   47100  0  4.65e+03  5.33e+01  0  2.14e+03  4.41e+01  1.17e+01  1.04e+01  3.30e+00  -1.00
2011 12 26  1310   55921   47400  0  4.58e+03  5.63e+01  0  1.98e+03  3.87e+01  1.06e+01  1.14e+01  3.79e+00  -1.00
2011 12 26  1315   55921   47700  0  4.75e+03  5.82e+01  0  2.13e+03  4.18e+01  1.07e+01  1.27e+01  3.67e+00  -1.00
2011 12 26  1320   55921   48000  0  4.52e+03  4.85e+01  0  2.17e+03  4.62e+01  1.27e+01  1.14e+01  4.37e+00  -1.00
2011 12 26  1325   55921   48300  0  4.55e+03  5.21e+01  0  2.04e+03  4.40e+01  1.54e+01  1.10e+01  4.07e+00  -1.00
2011 12 26  1330   55921   48600  0  4.51e+03  5.44e+01  0  2.15e+03  4.45e+01  1.17e+01  1.14e+01  3.50e+00  -1.00
2011 12 26  1335   55921   48900  0  4.34e+03  5.56e+01  0  2.14e+03  4.51e+01  1.46e+01  1.07e+01  3.82e+00  -1.00
2011 12 26  1340   55921   49200  0  4.33e+03  5.10e+01  0  2.12e+03  5.72e+01  1.53e+01  8.30e+00  4.51e+00  -1.00
2011 12 26  1345   55921   49500  0  4.13e+03  5.99e+01  0  2.31e+03  5.00e+01  1.63e+01  8.14e+00  4.22e+00  -1.00
2011 12 26  1350   55921   49800  0  4.36e+03  4.93e+01  0  2.10e+03  5.06e+01  1.60e+01  8.19e+00  4.61e+00  -1.00
2011 12 26  1355   55921   50100  0  4.44e+03  5.16e+01  0  2.21e+03  5.36e+01  1.62e+01  9.80e+00  3.82e+00  -1.00
2011 12 26  1400   55921   50400  0  4.44e+03  5.60e+01  0  2.00e+03  4.80e+01  1.76e+01  9.33e+00  4.79e+00  -1.00
2011 12 26  1405   55921   50700  0  4.17e+03  5.14e+01  0  2.08e+03  5.59e+01  1.78e+01  9.66e+00  4.49e+00  -1.00
2011 12 26  1410   55921   51000  0  4.01e+03  4.72e+01  0  2.17e+03  5.28e+01  1.90e+01  8.59e+00  4.13e+00  -1.00
2011 12 26  1415   55921   51300  0  4.10e+03  4.96e+01  0  2.19e+03  5.92e+01  2.35e+01  8.63e+00  4.99e+00  -1.00
2011 12 26  1420   55921   51600  0  4.16e+03  5.08e+01  0  2.16e+03  6.14e+01  2.21e+01  8.22e+00  4.94e+00  -1.00
2011 12 26  1425   55921   51900  0  4.09e+03  5.00e+01  0  2.14e+03  5.18e+01  2.13e+01  9.08e+00  4.77e+00  -1.00
2011 12 26  1430   55921   52200  0  3.83e+03  5.50e+01  0  2.22e+03  4.87e+01  1.65e+01  9.29e+00  3.68e+00  -1.00
2011 12 26  1435   55921   52500  0  4.15e+03  5.34e+01  0  2.03e+03  4.07e+01  1.00e+01  1.28e+01  3.41e+00  -1.00
2011 12 26  1440   55921   52800  0  4.73e+03  4.87e+01  0  2.24e+03  4.25e+01  1.34e+01  1.16e+01  3.52e+00  -1.00
2011 12 26  1445   55921   53100  0  4.10e+03  5.19e+01  0  2.01e+03  3.50e+01  9.55e+00  1.39e+01  2.86e+00  -1.00
2011 12 26  1450   55921   53400  0  4.37e+03  5.27e+01  0  1.95e+03  3.44e+01  9.24e+00  1.23e+01  2.97e+00  -1.00
2011 12 26  1455   55921   53700  0  4.59e+03  4.97e+01  0  2.23e+03  3.10e+01  9.11e+00  1.20e+01  2.94e+00  -1.00
2011 12 26  1500   55921   54000  0  4.30e+03  6.15e+01  0  2.01e+03  3.54e+01  9.53e+00  1.49e+01  2.53e+00  -1.00
2011 12 26  1505   55921   54300  0  4.18e+03  5.73e+01  0  2.21e+03  3.85e+01  1.04e+01  1.37e+01  3.23e+00  -1.00
2011 12 26  1510   55921   54600  0  4.23e+03  4.36e+01  0  2.01e+03  3.63e+01  1.18e+01  1.31e+01  3.57e+00  -1.00
2011 12 26  1515   55921   54900  0  4.48e+03  4.70e+01  0  2.09e+03  4.23e+01  1.35e+01  1.39e+01  3.41e+00  -1.00
2011 12 26  1520   55921   55200  0  4.25e+03  4.91e+01  0  2.08e+03  4.00e+01  1.28e+01  1.38e+01  3.64e+00  -1.00
2011 12 26  1525   55921   55500  0  3.91e+03  4.92e+01  0  2.02e+03  3.82e+01  1.17e+01  1.19e+01  3.27e+00  -1.00
2011 12 26  1530   55921   55800  0  4.40e+03  5.53e+01  0  2.15e+03  4.43e+01  1.12e+01  1.28e+01  3.03e+00  -1.00
2011 12 26  1535   55921   56100  0  4.21e+03  5.22e+01  0  2.14e+03  4.36e+01  1.55e+01  1.30e+01  3.56e+00  -1.00
2011 12 26  1540   55921   56400  0  4.00e+03  4.51e+01  0  2.02e+03  3.83e+01  1.37e+01  1.41e+01  3.96e+00  -1.00
2011 12 26  1545   55921   56700  0  4.14e+03  4.22e+01  0  2.00e+03  3.56e+01  1.36e+01  1.22e+01  4.14e+00  -1.00
2011 12 26  1550   55921   57000  0  3.99e+03  4.82e+01  0  2.11e+03  4.26e+01  1.42e+01  1.47e+01  3.54e+00  -1.00
2011 12 26  1555   55921   57300  0  3.79e+03  4.93e+01  0  2.13e+03  4.48e+01  1.50e+01  1.19e+01  4.08e+00  -1.00
2011 12 26  1600   55921   57600  0  4.09e+03  5.17e+01  0  1.94e+03  4.30e+01  1.49e+01  1.31e+01  3.86e+00  -1.00
2011 12 26  1605   55921   57900  0  3.97e+03  4.38e+01  0  2.17e+03  4.06e+01  1.51e+01  1.32e+01  3.56e+00  -1.00
2011 12 26  1610   55921   58200  0  3.73e+03  5.46e+01  0  2.14e+03  4.27e+01  1.55e+01  1.37e+01  3.94e+00  -1.00
2011 12 26  1615   55921   58500  0  3.85e+03  5.28e+01  0  2.04e+03  4.16e+01  1.45e+01  1.43e+01  4.03e+00  -1.00
2011 12 26  1620   55921   58800  0  3.80e+03  5.07e+01  0  2.16e+03  3.92e+01  1.38e+01  1.29e+01  3.87e+00  -1.00
2011 12 26  1625   55921   59100  0  3.89e+03  4.80e+01  0  2.10e+03  4.60e+01  1.40e+01  1.23e+01  3.67e+00  -1.00
2011 12 26  1630   55921   59400  0  3.73e+03  4.89e+01  0  2.03e+03  4.07e+01  1.36e+01  1.22e+01  2.97e+00  -1.00
2011 12 26  1635   55921   59700  0  3.57e+03  4.78e+01  0  1.96e+03  3.31e+01  9.92e+00  1.19e+01  3.18e+00  -1.00
2011 12 26  1640   55921   60000  0  3.80e+03  4.66e+01  0  2.08e+03  3.08e+01  9.01e+00  1.21e+01  2.60e+00  -1.00
2011 12 26  1645   55921   60300  0  3.73e+03  4.66e+01  0  2.06e+03  3.68e+01  1.15e+01  1.23e+01  2.97e+00  -1.00
2011 12 26  1650   55921   60600  0  3.67e+03  5.35e+01  0  2.02e+03  3.94e+01  1.17e+01  1.28e+01  3.48e+00  -1.00
2011 12 26  1655   55921   60900  0  3.90e+03  4.89e+01  0  2.13e+03  4.18e+01  1.42e+01  1.42e+01  3.23e+00  -1.00
2011 12 26  1700   55921   61200  0  3.73e+03  4.89e+01  0  2.06e+03  4.41e+01  1.54e+01  1.15e+01  3.31e+00  -1.00
2011 12 26  1705   55921   61500  0  3.70e+03  4.77e+01  0  2.10e+03  3.77e+01  1.26e+01  1.27e+01  3.32e+00  -1.00
2011 12 26  1710   55921   61800  0  3.70e+03  5.26e+01  0  1.99e+03  4.08e+01  1.21e+01  1.17e+01  3.20e+00  -1.00
2011 12 26  1715   55921   62100  0  3.78e+03  4.58e+01  0  2.19e+03  4.23e+01  1.16e+01  1.21e+01  3.02e+00  -1.00
2011 12 26  1720   55921   62400  0  3.63e+03  4.48e+01  0  2.10e+03  4.72e+01  1.31e+01  1.12e+01  3.26e+00  -1.00
2011 12 26  1725   55921   62700  0  3.82e+03  4.37e+01  0  1.94e+03  4.88e+01  1.60e+01  1.16e+01  3.45e+00  -1.00
2011 12 26  1730   55921   63000  0  3.87e+03  4.69e+01  0  2.12e+03  4.41e+01  1.51e+01  1.25e+01  3.25e+00  -1.00
2011 12 26  1735   55921   63300  0  3.74e+03  4.73e+01  0  2.13e+03  4.94e+01  1.66e+01  1.24e+01  3.57e+00  -1.00
2011 12 26  1740   55921   63600  0  3.66e+03  4.44e+01  0  2.10e+03  4.96e+01  1.72e+01  1.27e+01  3.31e+00  -1.00
2011 12 26  1745   55921   63900  0  3.80e+03  4.66e+01  0  2.09e+03  5.17e+01  1.73e+01  1.26e+01  3.62e+00  -1.00
2011 12 26  1750   55921   64200  0  3.66e+03  4.33e+01  0  2.15e+03  4.39e+01  1.56e+01  1.27e+01  3.63e+00  -1.00
2011 12 26  1755   55921   64500  0  3.66e+03  4.41e+01  0  2.09e+03  4.59e+01  1.60e+01  1.23e+01  3.51e+00  -1.00
2011 12 26  1800   55921   64800  0  3.64e+03  5.04e+01  0  1.94e+03  5.02e+01  1.56e+01  1.30e+01  3.26e+00  -1.00
2011 12 26  1805   55921   65100  0  4.00e+03  4.52e+01  0  2.14e+03  4.18e+01  1.23e+01  1.42e+01  2.96e+00  -1.00
2011 12 26  1810   55921   65400  0  3.72e+03  4.50e+01  0  2.06e+03  3.69e+01  1.02e+01  1.32e+01  2.26e+00  -1.00
2011 12 26  1815   55921   65700  0  3.61e+03  4.50e+01  0  2.02e+03  3.97e+01  1.06e+01  1.19e+01  1.99e+00  -1.00
2011 12 26  1820   55921   66000  0  3.73e+03  4.78e+01  0  1.95e+03  3.39e+01  8.20e+00  1.35e+01  2.04e+00  -1.00
2011 12 26  1825   55921   66300  0  4.37e+03  5.00e+01  0  2.16e+03  3.26e+01  6.52e+00  1.24e+01  1.82e+00  -1.00
2011 12 26  1830   55921   66600  0  3.78e+03  4.92e+01  0  2.33e+03  3.16e+01  6.32e+00  1.11e+01  1.53e+00  -1.00
2011 12 26  1835   55921   66900  0  4.08e+03  5.40e+01  0  1.99e+03  3.35e+01  7.91e+00  1.21e+01  2.13e+00  -1.00
2011 12 26  1840   55921   67200  0  3.86e+03  4.25e+01  0  2.22e+03  3.27e+01  9.55e+00  1.22e+01  2.14e+00  -1.00
2011 12 26  1845   55921   67500  0  3.80e+03  4.22e+01  0  2.16e+03  3.18e+01  7.63e+00  1.16e+01  1.84e+00  -1.00
2011 12 26  1850   55921   67800  0  3.96e+03  3.98e+01  0  1.93e+03  3.02e+01  8.12e+00  1.15e+01  2.09e+00  -1.00
2011 12 26  1855   55921   68100  0  4.12e+03  4.45e+01  0  2.02e+03  3.31e+01  7.46e+00  1.16e+01  1.92e+00  -1.00
2011 12 26  1900   55921   68400  0  3.84e+03  4.60e+01  0  2.18e+03  3.01e+01  8.06e+00  1.19e+01  1.77e+00  -1.00
2011 12 26  1905   55921   68700  0  3.59e+03  4.63e+01  0  2.14e+03  3.11e+01  7.54e+00  1.32e+01  2.39e+00  -1.00
2011 12 26  1910   55921   69000  0  3.95e+03  4.32e+01  0  2.03e+03  3.09e+01  6.92e+00  1.23e+01  1.84e+00  -1.00
2011 12 26  1915   55921   69300  0  3.53e+03  4.64e+01  0  2.03e+03  3.00e+01  7.99e+00  1.11e+01  1.84e+00  -1.00
2011 12 26  1920   55921   69600  0  3.27e+03  5.23e+01  0  1.91e+03  4.25e+01  8.66e+00  1.14e+01  1.82e+00  -1.00
2011 12 26  1925   55921   69900  0  3.31e+03  4.73e+01  0  2.09e+03  3.15e+01  8.34e+00  1.30e+01  2.12e+00  -1.00
2011 12 26  1930   55921   70200  0  3.46e+03  4.58e+01  0  1.99e+03  3.00e+01  8.33e+00  1.25e+01  2.19e+00  -1.00
2011 12 26  1935   55921   70500  0  3.33e+03  4.25e+01  0  2.08e+03  3.38e+01  9.49e+00  1.13e+01  2.25e+00  -1.00
2011 12 26  1940   55921   70800  0  3.20e+03  3.40e+01  0  1.94e+03  4.04e+01  1.07e+01  1.33e+01  2.62e+00  -1.00
2011 12 26  1945   55921   71100  0  3.22e+03  3.99e+01  0  1.99e+03  3.68e+01  1.05e+01  1.10e+01  2.16e+00  -1.00
2011 12 26  1950   55921   71400  0  3.30e+03  4.27e+01  0  2.04e+03  3.84e+01  1.09e+01  1.22e+01  2.09e+00  -1.00
2011 12 26  1955   55921   71700  0  3.28e+03  3.83e+01  0  2.05e+03  3.83e+01  1.13e+01  1.22e+01  2.43e+00  -1.00
2011 12 26  2000   55921   72000  0  3.30e+03  4.24e+01  0  1.98e+03  4.03e+01  1.14e+01  1.11e+01  2.69e+00  -1.00
2011 12 26  2005   55921   72300  0  3.27e+03  4.38e+01  0  2.15e+03  5.50e+01  1.30e+01  1.29e+01  2.32e+00  -1.00
2011 12 26  2010   55921   72600  0  3.21e+03  4.42e+01  0  2.18e+03  4.28e+01  1.23e+01  1.41e+01  2.04e+00  -1.00
2011 12 26  2015   55921   72900  0  3.46e+03  4.33e+01  0  1.92e+03  4.49e+01  1.15e+01  1.11e+01  2.28e+00  -1.00
2011 12 26  2020   55921   73200  0  3.43e+03  4.25e+01  0  2.06e+03  4.01e+01  1.22e+01  1.14e+01  2.34e+00  -1.00
2011 12 26  2025   55921   73500  0  3.21e+03  3.72e+01  0  2.00e+03  4.15e+01  1.08e+01  1.16e+01  2.51e+00  -1.00
2011 12 26  2030   55921   73800  0  3.10e+03  3.61e+01  0  2.04e+03  4.36e+01  1.40e+01  1.14e+01  2.79e+00  -1.00
2011 12 26  2035   55921   74100  0  2.99e+03  4.47e+01  0  1.96e+03  5.20e+01  1.45e+01  1.12e+01  2.99e+00  -1.00
2011 12 26  2040   55921   74400  0  3.15e+03  4.36e+01  0  2.18e+03  6.18e+01  1.51e+01  1.13e+01  3.66e+00  -1.00
2011 12 26  2045   55921   74700  0  2.91e+03  4.49e+01  0  1.99e+03  6.30e+01  1.72e+01  9.94e+00  2.98e+00  -1.00
2011 12 26  2050   55921   75000  0  2.92e+03  4.18e+01  0  2.14e+03  6.64e+01  1.81e+01  1.16e+01  3.10e+00  -1.00
2011 12 26  2055   55921   75300  0  2.99e+03  4.09e+01  0  2.02e+03  6.04e+01  1.77e+01  1.01e+01  3.52e+00  -1.00
2011 12 26  2100   55921   75600  0  2.96e+03  4.12e+01  0  2.18e+03  6.08e+01  1.83e+01  1.03e+01  3.47e+00  -1.00
2011 12 26  2105   55921   75900  0  3.03e+03  4.29e+01  0  2.00e+03  5.76e+01  2.03e+01  1.00e+01  3.67e+00  -1.00
2011 12 26  2110   55921   76200  0  3.00e+03  3.89e+01  0  2.05e+03  5.95e+01  1.87e+01  1.05e+01  4.25e+00  -1.00
2011 12 26  2115   55921   76500  0  3.04e+03  3.66e+01  0  2.17e+03  6.64e+01  1.92e+01  9.17e+00  3.87e+00  -1.00
2011 12 26  2120   55921   76800  0  3.08e+03  4.80e+01  0  2.15e+03  5.95e+01  2.14e+01  8.89e+00  3.71e+00  -1.00
2011 12 26  2125   55921   77100  0  2.95e+03  4.21e+01  0  1.91e+03  6.86e+01  2.13e+01  1.03e+01  3.89e+00  -1.00
2011 12 26  2130   55921   77400  0  3.16e+03  4.32e+01  0  2.10e+03  6.14e+01  2.06e+01  9.50e+00  4.31e+00  -1.00
2011 12 26  2135   55921   77700  0  2.90e+03  3.45e+01  0  2.07e+03  6.01e+01  2.16e+01  1.11e+01  3.92e+00  -1.00
2011 12 26  2140   55921   78000  0  2.98e+03  4.02e+01  0  1.94e+03  4.86e+01  1.94e+01  1.02e+01  3.77e+00  -1.00
2011 12 26  2145   55921   78300  0  3.19e+03  3.64e+01  0  2.17e+03  5.18e+01  1.88e+01  9.40e+00  3.76e+00  -1.00
2011 12 26  2150   55921   78600  0  2.98e+03  3.83e+01  0  2.00e+03  5.46e+01  1.97e+01  1.03e+01  3.29e+00  -1.00
2011 12 26  2155   55921   78900  0  2.78e+03  4.21e+01  0  2.16e+03  5.94e+01  1.98e+01  1.16e+01  4.02e+00  -1.00
2011 12 26  2200   55921   79200  0  2.83e+03  4.25e+01  0  2.15e+03  5.27e+01  1.89e+01  1.09e+01  3.51e+00  -1.00
2011 12 26  2205   55921   79500  0  2.89e+03  3.79e+01  0  2.08e+03  5.34e+01  1.92e+01  9.62e+00  4.06e+00  -1.00
2011 12 26  2210   55921   79800  0  2.78e+03  3.83e+01  0  2.08e+03  5.77e+01  2.01e+01  1.06e+01  3.86e+00  -1.00
2011 12 26  2215   55921   80100  0  2.86e+03  3.70e+01  0  1.95e+03  5.68e+01  2.07e+01  1.17e+01  3.94e+00  -1.00
2011 12 26  2220   55921   80400  0  3.02e+03  3.75e+01  0  2.07e+03  6.10e+01  2.06e+01  1.06e+01  3.86e+00  -1.00
2011 12 26  2225   55921   80700  0  2.86e+03  3.91e+01  0  2.07e+03  5.71e+01  1.87e+01  1.10e+01  4.45e+00  -1.00
2011 12 26  2230   55921   81000  0  3.00e+03  3.83e+01  0  2.06e+03  5.92e+01  1.98e+01  1.04e+01  3.96e+00  -1.00
2011 12 26  2235   55921   81300  0  2.86e+03  3.40e+01  0  2.09e+03  5.38e+01  2.08e+01  1.02e+01  4.06e+00  -1.00
2011 12 26  2240   55921   81600  0  2.72e+03  3.76e+01  0  2.11e+03  4.91e+01  2.03e+01  1.12e+01  4.29e+00  -1.00
2011 12 26  2245   55921   81900  0  2.64e+03  4.08e+01  0  2.03e+03  5.61e+01  1.95e+01  1.01e+01  4.08e+00  -1.00
2011 12 26  2250   55921   82200  0  2.78e+03  3.52e+01  0  1.93e+03  5.14e+01  1.96e+01  9.80e+00  4.00e+00  -1.00
2011 12 26  2255   55921   82500  0  2.86e+03  3.88e+01  0  2.09e+03  5.28e+01  2.06e+01  9.15e+00  4.28e+00  -1.00
2011 12 26  2300   55921   82800  0  3.19e+03  4.21e+01  0  2.15e+03  4.69e+01  1.92e+01  9.33e+00  4.36e+00  -1.00
2011 12 26  2305   55921   83100  0  2.59e+03  3.52e+01  0  2.05e+03  5.33e+01  1.94e+01  1.02e+01  4.03e+00  -1.00
2011 12 26  2310   55921   83400  0  2.76e+03  3.53e+01  0  2.09e+03  4.46e+01  1.95e+01  8.95e+00  4.16e+00  -1.00
2011 12 26  2315   55921   83700  0  2.86e+03  4.22e+01  0  2.14e+03  5.02e+01  2.04e+01  8.61e+00  3.86e+00  -1.00
2011 12 26  2320   55921   84000  0  2.56e+03  3.56e+01  0  2.12e+03  5.13e+01  2.01e+01  9.12e+00  4.92e+00  -1.00
2011 12 26  2325   55921   84300  0  2.64e+03  2.94e+01  0  1.99e+03  5.06e+01  2.05e+01  8.79e+00  4.41e+00  -1.00
2011 12 26  2330   55921   84600  0  2.98e+03  3.66e+01  0  2.11e+03  5.68e+01  1.97e+01  7.72e+00  4.33e+00  -1.00
2011 12 26  2335   55921   84900  0  2.71e+03  3.49e+01  0  2.11e+03  4.62e+01  1.73e+01  8.54e+00  4.09e+00  -1.00
2011 12 26  2340   55921   85200  0  2.74e+03  4.44e+01  0  1.92e+03  4.68e+01  1.77e+01  8.81e+00  4.05e+00  -1.00
2011 12 26  2345   55921   85500  0  2.88e+03  3.60e+01  0  2.09e+03  4.92e+01  1.60e+01  7.93e+00  3.97e+00  -1.00
2011 12 26  2350   55921   85800  0  2.48e+03  3.70e+01  0  2.06e+03  4.37e+01  1.69e+01  7.87e+00  4.09e+00  -1.00
2011 12 26  2355   55921   86100  0  2.59e+03  3.83e+01  0  2.06e+03  4.73e+01  1.51e+01  7.17e+00  4.12e+00  -1.00
