:Data_list: 20120428_ace_sis_5m.txt
:Created: 2012 Apr 29 0011 UT
# Prepared by the U.S. Dept. of Commerce, NOAA, Space Weather Prediction Center
# Please send comments and suggestions to SWPC.Webmaster@noaa.gov 
# 
# Units: proton flux p/cs2-sec-ster
# Status(S): 0 = nominal data, 1 to 8 = bad data record, 9 = no data
# Missing data values: -1.00e+05
# Source: ACE Satellite - Solar Isotope Spectrometer
#
# 5-minute averaged Real-time Integral Flux of High-energy Solar Protons
# 
#                 Modified Seconds
# UT Date   Time   Julian  of the      ---- Integral Proton Flux ----
# YR MO DA  HHMM     Day     Day       S    > 10 MeV    S    > 30 MeV
#--------------------------------------------------------------------
2012 04 28  0000    56045       0      0    1.38e+00    0    9.58e-01
2012 04 28  0005    56045     300      0    1.40e+00    0    9.83e-01
2012 04 28  0010    56045     600      0    1.36e+00    0    9.53e-01
2012 04 28  0015    56045     900      0    1.38e+00    0    9.71e-01
2012 04 28  0020    56045    1200      0    1.38e+00    0    9.70e-01
2012 04 28  0025    56045    1500      0    1.36e+00    0    9.45e-01
2012 04 28  0030    56045    1800      0    1.38e+00    0    9.77e-01
2012 04 28  0035    56045    2100      0    1.37e+00    0    9.44e-01
2012 04 28  0040    56045    2400      0    1.36e+00    0    9.54e-01
2012 04 28  0045    56045    2700      0    1.37e+00    0    9.60e-01
2012 04 28  0050    56045    3000      0    1.36e+00    0    9.49e-01
2012 04 28  0055    56045    3300      0    1.40e+00    0    9.79e-01
2012 04 28  0100    56045    3600      0    1.35e+00    0    9.49e-01
2012 04 28  0105    56045    3900      0    1.37e+00    0    9.68e-01
2012 04 28  0110    56045    4200      0    1.40e+00    0    9.83e-01
2012 04 28  0115    56045    4500      0    1.39e+00    0    9.73e-01
2012 04 28  0120    56045    4800      0    1.40e+00    0    9.81e-01
2012 04 28  0125    56045    5100      0    1.38e+00    0    9.73e-01
2012 04 28  0130    56045    5400      0    1.37e+00    0    9.55e-01
2012 04 28  0135    56045    5700      0    1.40e+00    0    9.80e-01
2012 04 28  0140    56045    6000      0    1.38e+00    0    9.65e-01
2012 04 28  0145    56045    6300      0    1.38e+00    0    9.66e-01
2012 04 28  0150    56045    6600      0    1.39e+00    0    9.76e-01
2012 04 28  0155    56045    6900      0    1.38e+00    0    9.70e-01
2012 04 28  0200    56045    7200      0    1.36e+00    0    9.48e-01
2012 04 28  0205    56045    7500      0    1.38e+00    0    9.52e-01
2012 04 28  0210    56045    7800      0    1.37e+00    0    9.57e-01
2012 04 28  0215    56045    8100      0    1.38e+00    0    9.64e-01
2012 04 28  0220    56045    8400      0    1.36e+00    0    9.41e-01
2012 04 28  0225    56045    8700      0    1.35e+00    0    9.42e-01
2012 04 28  0230    56045    9000      0    1.37e+00    0    9.74e-01
2012 04 28  0235    56045    9300      0    1.36e+00    0    9.61e-01
2012 04 28  0240    56045    9600      0    1.32e+00    0    9.18e-01
2012 04 28  0245    56045    9900      0    1.36e+00    0    9.47e-01
2012 04 28  0250    56045   10200      0    1.36e+00    0    9.60e-01
2012 04 28  0255    56045   10500      0    1.39e+00    0    9.71e-01
2012 04 28  0300    56045   10800      0    1.40e+00    0    9.81e-01
2012 04 28  0305    56045   11100      0    1.40e+00    0    9.76e-01
2012 04 28  0310    56045   11400      0    1.37e+00    0    9.58e-01
2012 04 28  0315    56045   11700      0    1.39e+00    0    9.75e-01
2012 04 28  0320    56045   12000      0    1.35e+00    0    9.50e-01
2012 04 28  0325    56045   12300      0    1.36e+00    0    9.49e-01
2012 04 28  0330    56045   12600      0    1.38e+00    0    9.68e-01
2012 04 28  0335    56045   12900      0    1.37e+00    0    9.57e-01
2012 04 28  0340    56045   13200      0    1.37e+00    0    9.51e-01
2012 04 28  0345    56045   13500      0    1.37e+00    0    9.50e-01
2012 04 28  0350    56045   13800      0    1.38e+00    0    9.55e-01
2012 04 28  0355    56045   14100      0    1.39e+00    0    9.68e-01
2012 04 28  0400    56045   14400      0    1.37e+00    0    9.60e-01
2012 04 28  0405    56045   14700      0    1.40e+00    0    9.86e-01
2012 04 28  0410    56045   15000      0    1.37e+00    0    9.53e-01
2012 04 28  0415    56045   15300      0    1.42e+00    0    9.90e-01
2012 04 28  0420    56045   15600      0    1.37e+00    0    9.59e-01
2012 04 28  0425    56045   15900      0    1.41e+00    0    9.88e-01
2012 04 28  0430    56045   16200      0    1.36e+00    0    9.53e-01
2012 04 28  0435    56045   16500      0    1.37e+00    0    9.45e-01
2012 04 28  0440    56045   16800      0    1.40e+00    0    9.80e-01
2012 04 28  0445    56045   17100      0    1.36e+00    0    9.55e-01
2012 04 28  0450    56045   17400      0    1.40e+00    0    9.75e-01
2012 04 28  0455    56045   17700      0    1.36e+00    0    9.42e-01
2012 04 28  0500    56045   18000      0    1.41e+00    0    9.80e-01
2012 04 28  0505    56045   18300      0    1.36e+00    0    9.58e-01
2012 04 28  0510    56045   18600      0    1.37e+00    0    9.52e-01
2012 04 28  0515    56045   18900      0    1.36e+00    0    9.47e-01
2012 04 28  0520    56045   19200      0    1.36e+00    0    9.36e-01
2012 04 28  0525    56045   19500      0    1.38e+00    0    9.68e-01
2012 04 28  0530    56045   19800      0    1.39e+00    0    9.78e-01
2012 04 28  0535    56045   20100      0    1.37e+00    0    9.64e-01
2012 04 28  0540    56045   20400      0    1.41e+00    0    9.79e-01
2012 04 28  0545    56045   20700      0    1.40e+00    0    9.79e-01
2012 04 28  0550    56045   21000      0    1.36e+00    0    9.51e-01
2012 04 28  0555    56045   21300      0    1.36e+00    0    9.50e-01
2012 04 28  0600    56045   21600      0    1.41e+00    0    9.91e-01
2012 04 28  0605    56045   21900      0    1.36e+00    0    9.56e-01
2012 04 28  0610    56045   22200      0    1.38e+00    0    9.66e-01
2012 04 28  0615    56045   22500      0    1.36e+00    0    9.58e-01
2012 04 28  0620    56045   22800      0    1.38e+00    0    9.59e-01
2012 04 28  0625    56045   23100      0    1.38e+00    0    9.70e-01
2012 04 28  0630    56045   23400      0    1.39e+00    0    9.78e-01
2012 04 28  0635    56045   23700      0    1.36e+00    0    9.57e-01
2012 04 28  0640    56045   24000      0    1.38e+00    0    9.69e-01
2012 04 28  0645    56045   24300      0    1.37e+00    0    9.59e-01
2012 04 28  0650    56045   24600      0    1.38e+00    0    9.62e-01
2012 04 28  0655    56045   24900      0    1.38e+00    0    9.58e-01
2012 04 28  0700    56045   25200      0    1.35e+00    0    9.41e-01
2012 04 28  0705    56045   25500      0    1.36e+00    0    9.42e-01
2012 04 28  0710    56045   25800      0    1.39e+00    0    9.67e-01
2012 04 28  0715    56045   26100      0    1.38e+00    0    9.62e-01
2012 04 28  0720    56045   26400      0    1.37e+00    0    9.63e-01
2012 04 28  0725    56045   26700      0    1.35e+00    0    9.40e-01
2012 04 28  0730    56045   27000      0    1.38e+00    0    9.63e-01
2012 04 28  0735    56045   27300      0    1.35e+00    0    9.44e-01
2012 04 28  0740    56045   27600      0    1.38e+00    0    9.50e-01
2012 04 28  0745    56045   27900      0    1.38e+00    0    9.74e-01
2012 04 28  0750    56045   28200      0    1.39e+00    0    9.71e-01
2012 04 28  0755    56045   28500      0    1.38e+00    0    9.56e-01
2012 04 28  0800    56045   28800      0    1.37e+00    0    9.55e-01
2012 04 28  0805    56045   29100      0    1.40e+00    0    9.71e-01
2012 04 28  0810    56045   29400      0    1.39e+00    0    9.73e-01
2012 04 28  0815    56045   29700      0    1.40e+00    0    9.78e-01
2012 04 28  0820    56045   30000      0    1.42e+00    0    9.77e-01
2012 04 28  0825    56045   30300      0    1.39e+00    0    9.82e-01
2012 04 28  0830    56045   30600      0    1.37e+00    0    9.62e-01
2012 04 28  0835    56045   30900      0    1.38e+00    0    9.57e-01
2012 04 28  0840    56045   31200      0    1.39e+00    0    9.72e-01
2012 04 28  0845    56045   31500      0    1.42e+00    0    9.98e-01
2012 04 28  0850    56045   31800      0    1.38e+00    0    9.62e-01
2012 04 28  0855    56045   32100      0    1.39e+00    0    9.57e-01
2012 04 28  0900    56045   32400      0    1.35e+00    0    9.42e-01
2012 04 28  0905    56045   32700      0    1.40e+00    0    9.84e-01
2012 04 28  0910    56045   33000      0    1.38e+00    0    9.51e-01
2012 04 28  0915    56045   33300      0    1.36e+00    0    9.55e-01
2012 04 28  0920    56045   33600      0    1.37e+00    0    9.52e-01
2012 04 28  0925    56045   33900      0    1.38e+00    0    9.60e-01
2012 04 28  0930    56045   34200      0    1.40e+00    0    9.76e-01
2012 04 28  0935    56045   34500      0    1.36e+00    0    9.55e-01
2012 04 28  0940    56045   34800      0    1.37e+00    0    9.63e-01
2012 04 28  0945    56045   35100      0    1.38e+00    0    9.58e-01
2012 04 28  0950    56045   35400      0    1.35e+00    0    9.43e-01
2012 04 28  0955    56045   35700      0    1.38e+00    0    9.73e-01
2012 04 28  1000    56045   36000      0    1.35e+00    0    9.24e-01
2012 04 28  1005    56045   36300      0    1.28e+00    0    9.02e-01
2012 04 28  1010    56045   36600      0    1.35e+00    0    9.37e-01
2012 04 28  1015    56045   36900      0    1.36e+00    0    9.51e-01
2012 04 28  1020    56045   37200      0    1.39e+00    0    9.77e-01
2012 04 28  1025    56045   37500      0    1.39e+00    0    9.78e-01
2012 04 28  1030    56045   37800      0    1.38e+00    0    9.60e-01
2012 04 28  1035    56045   38100      0    1.40e+00    0    9.76e-01
2012 04 28  1040    56045   38400      0    1.39e+00    0    9.67e-01
2012 04 28  1045    56045   38700      0    1.39e+00    0    9.78e-01
2012 04 28  1050    56045   39000      0    1.39e+00    0    9.70e-01
2012 04 28  1055    56045   39300      0    1.36e+00    0    9.35e-01
2012 04 28  1100    56045   39600      0    1.38e+00    0    9.63e-01
2012 04 28  1105    56045   39900      0    1.39e+00    0    9.82e-01
2012 04 28  1110    56045   40200      0    1.38e+00    0    9.66e-01
2012 04 28  1115    56045   40500      0    1.38e+00    0    9.55e-01
2012 04 28  1120    56045   40800      0    1.36e+00    0    9.68e-01
2012 04 28  1125    56045   41100      0    1.34e+00    0    9.21e-01
2012 04 28  1130    56045   41400      0    1.38e+00    0    9.60e-01
2012 04 28  1135    56045   41700      0    1.42e+00    0    9.95e-01
2012 04 28  1140    56045   42000      0    1.38e+00    0    9.62e-01
2012 04 28  1145    56045   42300      0    1.40e+00    0    9.81e-01
2012 04 28  1150    56045   42600      0    1.36e+00    0    9.59e-01
2012 04 28  1155    56045   42900      0    1.38e+00    0    9.66e-01
2012 04 28  1200    56045   43200      0    1.38e+00    0    9.69e-01
2012 04 28  1205    56045   43500      0    1.36e+00    0    9.50e-01
2012 04 28  1210    56045   43800      0    1.37e+00    0    9.66e-01
2012 04 28  1215    56045   44100      0    1.34e+00    0    9.34e-01
2012 04 28  1220    56045   44400      0    1.39e+00    0    9.57e-01
2012 04 28  1225    56045   44700      0    1.38e+00    0    9.72e-01
2012 04 28  1230    56045   45000      0    1.37e+00    0    9.48e-01
2012 04 28  1235    56045   45300      0    1.35e+00    0    9.43e-01
2012 04 28  1240    56045   45600      0    1.37e+00    0    9.55e-01
2012 04 28  1245    56045   45900      0    1.38e+00    0    9.67e-01
2012 04 28  1250    56045   46200      0    1.40e+00    0    9.81e-01
2012 04 28  1255    56045   46500      0    1.37e+00    0    9.56e-01
2012 04 28  1300    56045   46800      0    1.39e+00    0    9.73e-01
2012 04 28  1305    56045   47100      0    1.35e+00    0    9.39e-01
2012 04 28  1310    56045   47400      0    1.38e+00    0    9.72e-01
2012 04 28  1315    56045   47700      0    1.38e+00    0    9.58e-01
2012 04 28  1320    56045   48000      0    1.37e+00    0    9.67e-01
2012 04 28  1325    56045   48300      0    1.36e+00    0    9.45e-01
2012 04 28  1330    56045   48600      0    1.38e+00    0    9.64e-01
2012 04 28  1335    56045   48900      0    1.36e+00    0    9.46e-01
2012 04 28  1340    56045   49200      0    1.38e+00    0    9.67e-01
2012 04 28  1345    56045   49500      0    1.39e+00    0    9.64e-01
2012 04 28  1350    56045   49800      0    1.43e+00    0    1.01e+00
2012 04 28  1355    56045   50100      0    1.39e+00    0    9.72e-01
2012 04 28  1400    56045   50400      0    1.37e+00    0    9.61e-01
2012 04 28  1405    56045   50700      0    1.38e+00    0    9.70e-01
2012 04 28  1410    56045   51000      0    1.39e+00    0    9.67e-01
2012 04 28  1415    56045   51300      0    1.40e+00    0    9.69e-01
2012 04 28  1420    56045   51600      0    1.40e+00    0    9.73e-01
2012 04 28  1425    56045   51900      0    1.37e+00    0    9.51e-01
2012 04 28  1430    56045   52200      0    1.39e+00    0    9.72e-01
2012 04 28  1435    56045   52500      0    1.38e+00    0    9.60e-01
2012 04 28  1440    56045   52800      0    1.40e+00    0    9.80e-01
2012 04 28  1445    56045   53100      0    1.36e+00    0    9.41e-01
2012 04 28  1450    56045   53400      0    1.36e+00    0    9.68e-01
2012 04 28  1455    56045   53700      0    1.37e+00    0    9.74e-01
2012 04 28  1500    56045   54000      0    1.36e+00    0    9.59e-01
2012 04 28  1505    56045   54300      0    1.39e+00    0    9.80e-01
2012 04 28  1510    56045   54600      0    1.35e+00    0    9.47e-01
2012 04 28  1515    56045   54900      0    1.39e+00    0    9.72e-01
2012 04 28  1520    56045   55200      0    1.39e+00    0    9.67e-01
2012 04 28  1525    56045   55500      0    1.38e+00    0    9.64e-01
2012 04 28  1530    56045   55800      0    1.41e+00    0    9.85e-01
2012 04 28  1535    56045   56100      0    1.36e+00    0    9.48e-01
2012 04 28  1540    56045   56400      0    1.38e+00    0    9.69e-01
2012 04 28  1545    56045   56700      0    1.39e+00    0    9.82e-01
2012 04 28  1550    56045   57000      0    1.37e+00    0    9.61e-01
2012 04 28  1555    56045   57300      0    1.37e+00    0    9.62e-01
2012 04 28  1600    56045   57600      0    1.37e+00    0    9.53e-01
2012 04 28  1605    56045   57900      0    1.38e+00    0    9.54e-01
2012 04 28  1610    56045   58200      0    1.37e+00    0    9.58e-01
2012 04 28  1615    56045   58500      0    1.39e+00    0    9.81e-01
2012 04 28  1620    56045   58800      0    1.40e+00    0    9.79e-01
2012 04 28  1625    56045   59100      0    1.40e+00    0    9.78e-01
2012 04 28  1630    56045   59400      0    1.36e+00    0    9.59e-01
2012 04 28  1635    56045   59700      0    1.36e+00    0    9.45e-01
2012 04 28  1640    56045   60000      0    1.39e+00    0    9.68e-01
2012 04 28  1645    56045   60300      0    1.39e+00    0    9.77e-01
2012 04 28  1650    56045   60600      0    1.39e+00    0    9.75e-01
2012 04 28  1655    56045   60900      0    1.34e+00    0    9.37e-01
2012 04 28  1700    56045   61200      0    1.43e+00    0    1.00e+00
2012 04 28  1705    56045   61500      0    1.38e+00    0    9.65e-01
2012 04 28  1710    56045   61800      0    1.40e+00    0    9.69e-01
2012 04 28  1715    56045   62100      0    1.40e+00    0    9.79e-01
2012 04 28  1720    56045   62400      0    1.38e+00    0    9.70e-01
2012 04 28  1725    56045   62700      0    1.37e+00    0    9.56e-01
2012 04 28  1730    56045   63000      0    1.38e+00    0    9.62e-01
2012 04 28  1735    56045   63300      0    1.38e+00    0    9.57e-01
2012 04 28  1740    56045   63600      0    1.39e+00    0    9.69e-01
2012 04 28  1745    56045   63900      0    1.33e+00    0    9.39e-01
2012 04 28  1750    56045   64200      0    1.39e+00    0    9.79e-01
2012 04 28  1755    56045   64500      0    1.37e+00    0    9.58e-01
2012 04 28  1800    56045   64800      0    1.35e+00    0    9.55e-01
2012 04 28  1805    56045   65100      0    1.40e+00    0    9.81e-01
2012 04 28  1810    56045   65400      0    1.37e+00    0    9.58e-01
2012 04 28  1815    56045   65700      0    1.33e+00    0    9.29e-01
2012 04 28  1820    56045   66000      0    1.35e+00    0    9.39e-01
2012 04 28  1825    56045   66300      0    1.40e+00    0    9.81e-01
2012 04 28  1830    56045   66600      0    1.37e+00    0    9.55e-01
2012 04 28  1835    56045   66900      0    1.39e+00    0    9.77e-01
2012 04 28  1840    56045   67200      0    1.37e+00    0    9.42e-01
2012 04 28  1845    56045   67500      0    1.37e+00    0    9.57e-01
2012 04 28  1850    56045   67800      0    1.38e+00    0    9.69e-01
2012 04 28  1855    56045   68100      0    1.37e+00    0    9.60e-01
2012 04 28  1900    56045   68400      0    1.36e+00    0    9.57e-01
2012 04 28  1905    56045   68700      0    1.39e+00    0    9.74e-01
2012 04 28  1910    56045   69000      0    1.39e+00    0    9.66e-01
2012 04 28  1915    56045   69300      0    1.38e+00    0    9.62e-01
2012 04 28  1920    56045   69600      0    1.38e+00    0    9.60e-01
2012 04 28  1925    56045   69900      0    1.37e+00    0    9.61e-01
2012 04 28  1930    56045   70200      0    1.36e+00    0    9.54e-01
2012 04 28  1935    56045   70500      0    1.42e+00    0    9.92e-01
2012 04 28  1940    56045   70800      0    1.37e+00    0    9.54e-01
2012 04 28  1945    56045   71100      0    1.39e+00    0    9.56e-01
2012 04 28  1950    56045   71400      0    1.35e+00    0    9.45e-01
2012 04 28  1955    56045   71700      0    1.39e+00    0    9.68e-01
2012 04 28  2000    56045   72000      0    1.37e+00    0    9.68e-01
2012 04 28  2005    56045   72300      0    1.36e+00    0    9.58e-01
2012 04 28  2010    56045   72600      0    1.39e+00    0    9.67e-01
2012 04 28  2015    56045   72900      0    1.36e+00    0    9.53e-01
2012 04 28  2020    56045   73200      0    1.36e+00    0    9.57e-01
2012 04 28  2025    56045   73500      0    1.39e+00    0    9.74e-01
2012 04 28  2030    56045   73800      0    1.38e+00    0    9.72e-01
2012 04 28  2035    56045   74100      0    1.38e+00    0    9.71e-01
2012 04 28  2040    56045   74400      0    1.33e+00    0    9.35e-01
2012 04 28  2045    56045   74700      0    1.37e+00    0    9.49e-01
2012 04 28  2050    56045   75000      0    1.36e+00    0    9.46e-01
2012 04 28  2055    56045   75300      0    1.40e+00    0    9.77e-01
2012 04 28  2100    56045   75600      0    1.37e+00    0    9.62e-01
2012 04 28  2105    56045   75900      0    1.41e+00    0    9.88e-01
2012 04 28  2110    56045   76200      0    1.38e+00    0    9.72e-01
2012 04 28  2115    56045   76500      0    1.35e+00    0    9.41e-01
2012 04 28  2120    56045   76800      0    1.36e+00    0    9.41e-01
2012 04 28  2125    56045   77100      0    1.38e+00    0    9.58e-01
2012 04 28  2130    56045   77400      0    1.38e+00    0    9.66e-01
2012 04 28  2135    56045   77700      0    1.41e+00    0    9.80e-01
2012 04 28  2140    56045   78000      0    1.39e+00    0    9.83e-01
2012 04 28  2145    56045   78300      0    1.39e+00    0    9.74e-01
2012 04 28  2150    56045   78600      0    1.40e+00    0    9.78e-01
2012 04 28  2155    56045   78900      0    1.40e+00    0    9.80e-01
2012 04 28  2200    56045   79200      0    1.38e+00    0    9.60e-01
2012 04 28  2205    56045   79500      0    1.33e+00    0    9.27e-01
2012 04 28  2210    56045   79800      0    1.40e+00    0    9.84e-01
2012 04 28  2215    56045   80100      0    1.37e+00    0    9.58e-01
2012 04 28  2220    56045   80400      0    1.40e+00    0    9.68e-01
2012 04 28  2225    56045   80700      0    1.39e+00    0    9.80e-01
2012 04 28  2230    56045   81000      0    1.35e+00    0    9.29e-01
2012 04 28  2235    56045   81300      0    1.36e+00    0    9.53e-01
2012 04 28  2240    56045   81600      0    1.38e+00    0    9.72e-01
2012 04 28  2245    56045   81900      0    1.37e+00    0    9.62e-01
2012 04 28  2250    56045   82200      0    1.37e+00    0    9.63e-01
2012 04 28  2255    56045   82500      0    1.35e+00    0    9.44e-01
2012 04 28  2300    56045   82800      0    1.34e+00    0    9.42e-01
2012 04 28  2305    56045   83100      0    1.35e+00    0    9.46e-01
2012 04 28  2310    56045   83400      0    1.40e+00    0    9.78e-01
2012 04 28  2315    56045   83700      0    1.40e+00    0    9.77e-01
2012 04 28  2320    56045   84000      0    1.36e+00    0    9.62e-01
2012 04 28  2325    56045   84300      0    1.37e+00    0    9.60e-01
2012 04 28  2330    56045   84600      0    1.38e+00    0    9.57e-01
2012 04 28  2335    56045   84900      0    1.39e+00    0    9.66e-01
2012 04 28  2340    56045   85200      0    1.39e+00    0    9.82e-01
2012 04 28  2345    56045   85500      0    1.41e+00    0    9.82e-01
2012 04 28  2350    56045   85800      0    1.41e+00    0    9.86e-01
2012 04 28  2355    56045   86100      0    1.36e+00    0    9.40e-01
