:Data_list: 20130114_ace_epam_5m.txt
:Created: 2013 Jan 15 0011 UT
# Prepared by the U.S. Dept. of Commerce, NOAA, Space Weather Prediction Center
# Please send comments and suggestions to SWPC.Webmaster@noaa.gov 
# 
# Units: Differential Flux particles/cm2-s-ster-MeV
# Units: Anisotropy Index 0.0 - 2.0
# Status(S): 0 = nominal, 4,6,7,8 = bad data, unable to process, 9 = no data
# Missing data values: -1.00e+05, index = -1.00
# Source: ACE Satellite - Electron, Proton, and Alpha Monitor
#
#
#                      5-minute averaged Real-time Differential Electron and Proton Flux 
# 
#                Modified Seconds ---------------------------- Differential Flux ---------------------------
# UT Date   Time  Julian  of the  ----- Electron -----   ------------------- Protons keV -------------------   Anis.
# YR MO DA  HHMM    Day    Day    S    38-53   175-315   S    47-68   115-195   310-580   795-1193 1060-1900   Index
#-------------------------------------------------------------------------------------------------------------------
2013 01 14  0000   56306       0  0  1.23e+03  1.50e+01  0  7.17e+03  3.16e+01  4.71e+00  1.15e+00  4.18e-01  -1.00
2013 01 14  0005   56306     300  0  1.13e+03  2.39e+01  0  2.36e+03  2.74e+01  3.88e+00  6.69e-01  2.23e-01  -1.00
2013 01 14  0010   56306     600  0  1.02e+03  2.73e+01  0  2.53e+03  2.82e+01  4.01e+00  1.06e+00  3.10e-01  -1.00
2013 01 14  0015   56306     900  0  1.22e+03  2.09e+01  0  2.45e+03  2.04e+01  3.75e+00  1.17e+00  3.80e-01  -1.00
2013 01 14  0020   56306    1200  0  1.16e+03  2.50e+01  0  2.39e+03  2.64e+01  3.13e+00  1.00e+00  3.54e-01  -1.00
2013 01 14  0025   56306    1500  0  1.01e+03  2.30e+01  0  2.66e+03  1.77e+01  4.18e+00  2.06e+00  3.20e-01  -1.00
2013 01 14  0030   56306    1800  0  1.09e+03  2.16e+01  0  2.41e+03  2.75e+01  2.44e+00  1.26e+00  5.60e-01  -1.00
2013 01 14  0035   56306    2100  0  1.09e+03  2.14e+01  0  2.45e+03  2.29e+01  2.82e+00  9.00e-01  2.94e-01  -1.00
2013 01 14  0040   56306    2400  0  1.32e+03  2.62e+01  0  2.53e+03  3.06e+01  3.53e+00  1.35e+00  4.69e-01  -1.00
2013 01 14  0045   56306    2700  0  1.00e+03  3.32e+01  0  2.60e+03  2.65e+01  5.00e+00  1.36e+00  2.38e-01  -1.00
2013 01 14  0050   56306    3000  0  1.07e+03  2.20e+01  0  2.39e+03  2.84e+01  4.41e+00  1.28e+00  3.20e-01  -1.00
2013 01 14  0055   56306    3300  0  1.60e+03  2.19e+01  0  3.07e+03  4.87e+01  3.64e+00  1.52e+00  4.14e-01  -1.00
2013 01 14  0100   56306    3600  0  1.26e+03  2.97e+01  0  3.72e+03  4.17e+01  4.12e+00  1.56e+00  3.96e-01  -1.00
2013 01 14  0105   56306    3900  0  1.39e+03  2.59e+01  0  3.70e+03  6.30e+01  3.63e+00  1.13e+00  3.35e-01  -1.00
2013 01 14  0110   56306    4200  0  1.08e+03  2.92e+01  0  3.00e+03  4.62e+01  3.86e+00  1.43e+00  4.60e-01  -1.00
2013 01 14  0115   56306    4500  0  1.24e+03  1.99e+01  0  1.14e+04  4.02e+02  6.90e+00  1.67e+00  4.25e-01  -1.00
2013 01 14  0120   56306    4800  0  1.06e+03  2.36e+01  0  1.03e+04  3.47e+02  9.97e+00  1.40e+00  4.28e-01  -1.00
2013 01 14  0125   56306    5100  0  1.19e+03  2.13e+01  0  6.83e+03  2.06e+02  6.10e+00  1.35e+00  3.78e-01  -1.00
2013 01 14  0130   56306    5400  0  1.34e+03  1.82e+01  0  3.85e+03  6.40e+01  3.53e+00  1.50e+00  4.37e-01  -1.00
2013 01 14  0135   56306    5700  0  1.11e+03  2.13e+01  0  2.93e+03  3.62e+01  4.39e+00  1.42e+00  4.49e-01  -1.00
2013 01 14  0140   56306    6000  0  1.19e+03  2.85e+01  0  2.89e+03  3.40e+01  4.42e+00  2.09e+00  3.31e-01  -1.00
2013 01 14  0145   56306    6300  0  1.29e+03  1.70e+01  0  4.38e+03  9.83e+01  4.19e+00  1.40e+00  3.49e-01  -1.00
2013 01 14  0150   56306    6600  0  1.01e+03  1.96e+01  0  9.15e+03  2.08e+02  5.83e+00  1.66e+00  6.20e-01  -1.00
2013 01 14  0155   56306    6900  0  1.29e+03  2.56e+01  0  6.23e+03  1.24e+02  4.88e+00  2.30e+00  4.05e-01  -1.00
2013 01 14  0200   56306    7200  0  1.06e+03  1.92e+01  0  4.93e+03  8.82e+01  4.51e+00  1.67e+00  4.33e-01  -1.00
2013 01 14  0205   56306    7500  0  1.34e+03  2.58e+01  0  5.33e+03  1.17e+02  4.80e+00  1.46e+00  4.95e-01  -1.00
2013 01 14  0210   56306    7800  0  1.05e+03  2.30e+01  0  4.95e+03  9.09e+01  4.22e+00  1.76e+00  4.48e-01  -1.00
2013 01 14  0215   56306    8100  0  1.16e+03  2.62e+01  0  4.01e+03  7.75e+01  3.98e+00  1.35e+00  6.49e-01  -1.00
2013 01 14  0220   56306    8400  0  1.32e+03  2.26e+01  0  3.16e+03  4.52e+01  3.99e+00  1.40e+00  6.89e-01  -1.00
2013 01 14  0225   56306    8700  0  9.91e+02  2.25e+01  0  2.66e+03  2.97e+01  3.90e+00  1.53e+00  6.92e-01  -1.00
2013 01 14  0230   56306    9000  0  1.14e+03  2.45e+01  0  2.53e+03  3.31e+01  3.88e+00  1.66e+00  5.52e-01  -1.00
2013 01 14  0235   56306    9300  0  1.27e+03  2.13e+01  0  2.75e+03  4.03e+01  4.78e+00  2.23e+00  5.68e-01  -1.00
2013 01 14  0240   56306    9600  0  1.19e+03  1.88e+01  0  3.09e+03  3.95e+01  4.36e+00  1.48e+00  6.82e-01  -1.00
2013 01 14  0245   56306    9900  0  1.07e+03  2.01e+01  0  3.78e+03  5.98e+01  3.67e+00  1.95e+00  5.80e-01  -1.00
2013 01 14  0250   56306   10200  0  1.19e+03  2.45e+01  0  4.53e+03  8.75e+01  5.01e+00  2.12e+00  4.52e-01  -1.00
2013 01 14  0255   56306   10500  0  1.31e+03  2.25e+01  0  6.73e+03  1.11e+02  4.77e+00  2.64e+00  5.92e-01  -1.00
2013 01 14  0300   56306   10800  0  1.18e+03  2.20e+01  0  3.12e+03  4.80e+01  4.64e+00  2.19e+00  5.62e-01  -1.00
2013 01 14  0305   56306   11100  0  1.26e+03  2.35e+01  0  3.49e+03  5.54e+01  4.64e+00  2.23e+00  3.96e-01  -1.00
2013 01 14  0310   56306   11400  0  1.24e+03  2.38e+01  0  3.25e+03  4.18e+01  4.72e+00  2.42e+00  5.37e-01  -1.00
2013 01 14  0315   56306   11700  0  1.08e+03  2.78e+01  0  3.98e+03  5.51e+01  4.73e+00  2.28e+00  5.42e-01  -1.00
2013 01 14  0320   56306   12000  0  1.25e+03  1.73e+01  0  3.16e+03  4.85e+01  4.87e+00  2.26e+00  5.42e-01  -1.00
2013 01 14  0325   56306   12300  0  1.21e+03  2.37e+01  0  3.01e+03  4.49e+01  4.74e+00  2.42e+00  7.16e-01  -1.00
2013 01 14  0330   56306   12600  0  1.15e+03  2.13e+01  0  3.15e+03  4.08e+01  5.12e+00  2.64e+00  7.80e-01  -1.00
2013 01 14  0335   56306   12900  0  1.07e+03  2.20e+01  0  2.77e+03  3.66e+01  4.60e+00  3.02e+00  8.46e-01  -1.00
2013 01 14  0340   56306   13200  0  1.15e+03  1.96e+01  0  2.67e+03  3.93e+01  4.53e+00  2.76e+00  6.33e-01  -1.00
2013 01 14  0345   56306   13500  0  1.29e+03  2.43e+01  0  2.79e+03  3.44e+01  6.45e+00  2.31e+00  7.65e-01  -1.00
2013 01 14  0350   56306   13800  0  1.22e+03  2.65e+01  0  2.72e+03  3.70e+01  5.25e+00  2.82e+00  8.00e-01  -1.00
2013 01 14  0355   56306   14100  0  1.09e+03  2.09e+01  0  2.70e+03  4.08e+01  5.36e+00  2.84e+00  7.61e-01  -1.00
2013 01 14  0400   56306   14400  0  1.33e+03  2.40e+01  0  2.66e+03  3.39e+01  5.65e+00  3.09e+00  7.56e-01  -1.00
2013 01 14  0405   56306   14700  0  1.27e+03  2.05e+01  0  2.61e+03  3.76e+01  5.65e+00  2.46e+00  7.40e-01  -1.00
2013 01 14  0410   56306   15000  0  1.14e+03  2.18e+01  0  2.58e+03  3.44e+01  6.02e+00  2.46e+00  7.97e-01  -1.00
2013 01 14  0415   56306   15300  0  1.25e+03  2.55e+01  0  2.46e+03  3.38e+01  6.24e+00  3.08e+00  9.42e-01  -1.00
2013 01 14  0420   56306   15600  0  1.23e+03  1.79e+01  0  2.59e+03  3.50e+01  6.42e+00  2.61e+00  8.16e-01  -1.00
2013 01 14  0425   56306   15900  0  1.21e+03  2.09e+01  0  2.69e+03  3.23e+01  5.86e+00  3.00e+00  7.50e-01  -1.00
2013 01 14  0430   56306   16200  0  1.10e+03  1.86e+01  0  2.59e+03  3.79e+01  5.79e+00  2.76e+00  6.70e-01  -1.00
2013 01 14  0435   56306   16500  0  1.42e+03  2.33e+01  0  2.85e+03  3.50e+01  6.00e+00  2.96e+00  8.82e-01  -1.00
2013 01 14  0440   56306   16800  0  1.27e+03  2.43e+01  0  2.66e+03  3.53e+01  6.78e+00  3.42e+00  7.77e-01  -1.00
2013 01 14  0445   56306   17100  0  1.19e+03  1.88e+01  0  2.70e+03  3.70e+01  6.11e+00  2.98e+00  9.38e-01  -1.00
2013 01 14  0450   56306   17400  0  1.23e+03  2.14e+01  0  2.67e+03  3.85e+01  5.68e+00  3.80e+00  8.27e-01  -1.00
2013 01 14  0455   56306   17700  0  1.24e+03  2.05e+01  0  2.61e+03  3.36e+01  6.66e+00  3.12e+00  8.33e-01  -1.00
2013 01 14  0500   56306   18000  0  1.14e+03  2.35e+01  0  2.66e+03  3.68e+01  6.88e+00  2.92e+00  1.08e+00  -1.00
2013 01 14  0505   56306   18300  0  1.46e+03  1.93e+01  0  2.60e+03  3.62e+01  6.71e+00  3.40e+00  9.57e-01  -1.00
2013 01 14  0510   56306   18600  0  1.33e+03  2.13e+01  0  2.74e+03  3.39e+01  7.59e+00  3.73e+00  8.43e-01  -1.00
2013 01 14  0515   56306   18900  0  1.13e+03  2.27e+01  0  2.76e+03  4.02e+01  6.86e+00  3.02e+00  8.63e-01  -1.00
2013 01 14  0520   56306   19200  0  1.29e+03  2.00e+01  0  2.50e+03  3.47e+01  7.55e+00  2.33e+00  8.02e-01  -1.00
2013 01 14  0525   56306   19500  0  1.20e+03  2.62e+01  0  4.28e+03  6.06e+01  8.56e+00  3.36e+00  8.78e-01  -1.00
2013 01 14  0530   56306   19800  0  1.20e+03  2.17e+01  0  3.18e+03  4.22e+01  8.45e+00  3.39e+00  9.77e-01  -1.00
2013 01 14  0535   56306   20100  0  1.18e+03  1.89e+01  0  2.63e+03  3.51e+01  6.66e+00  3.93e+00  9.60e-01  -1.00
2013 01 14  0540   56306   20400  0  1.30e+03  2.05e+01  0  2.66e+03  3.54e+01  7.71e+00  3.41e+00  7.20e-01  -1.00
2013 01 14  0545   56306   20700  0  1.22e+03  1.98e+01  0  3.23e+03  4.65e+01  7.69e+00  3.16e+00  8.01e-01  -1.00
2013 01 14  0550   56306   21000  0  1.18e+03  2.83e+01  0  3.24e+03  4.98e+01  7.40e+00  4.05e+00  9.72e-01  -1.00
2013 01 14  0555   56306   21300  0  1.15e+03  1.86e+01  0  3.06e+03  4.25e+01  8.20e+00  3.31e+00  8.46e-01  -1.00
2013 01 14  0600   56306   21600  0  1.41e+03  2.08e+01  0  2.96e+03  4.54e+01  8.44e+00  3.27e+00  8.22e-01  -1.00
2013 01 14  0605   56306   21900  0  1.17e+03  2.58e+01  0  2.69e+03  3.96e+01  8.80e+00  3.46e+00  1.19e+00  -1.00
2013 01 14  0610   56306   22200  0  1.21e+03  2.04e+01  0  2.76e+03  4.37e+01  9.62e+00  3.28e+00  1.03e+00  -1.00
2013 01 14  0615   56306   22500  0  1.21e+03  2.53e+01  0  2.56e+03  3.82e+01  7.91e+00  2.86e+00  9.23e-01  -1.00
2013 01 14  0620   56306   22800  0  1.21e+03  3.02e+01  0  2.53e+03  4.26e+01  9.71e+00  3.87e+00  1.16e+00  -1.00
2013 01 14  0625   56306   23100  0  1.18e+03  2.15e+01  0  2.54e+03  4.02e+01  9.38e+00  3.82e+00  1.10e+00  -1.00
2013 01 14  0630   56306   23400  0  1.23e+03  2.29e+01  0  2.26e+03  3.35e+01  9.99e+00  4.35e+00  9.61e-01  -1.00
2013 01 14  0635   56306   23700  0  1.42e+03  1.98e+01  0  2.47e+03  4.21e+01  8.16e+00  3.42e+00  9.76e-01  -1.00
2013 01 14  0640   56306   24000  0  1.26e+03  2.56e+01  0  2.48e+03  3.67e+01  9.78e+00  3.81e+00  8.16e-01  -1.00
2013 01 14  0645   56306   24300  0  1.23e+03  2.57e+01  0  2.39e+03  3.83e+01  9.42e+00  3.54e+00  1.01e+00  -1.00
2013 01 14  0650   56306   24600  0  1.41e+03  2.04e+01  0  2.52e+03  3.68e+01  8.71e+00  3.53e+00  8.75e-01  -1.00
2013 01 14  0655   56306   24900  0  1.39e+03  2.86e+01  0  2.53e+03  3.87e+01  9.69e+00  3.29e+00  1.04e+00  -1.00
2013 01 14  0700   56306   25200  0  1.33e+03  2.54e+01  0  2.36e+03  3.81e+01  9.13e+00  3.41e+00  8.27e-01  -1.00
2013 01 14  0705   56306   25500  0  1.21e+03  2.03e+01  0  2.31e+03  3.58e+01  7.86e+00  3.66e+00  9.43e-01  -1.00
2013 01 14  0710   56306   25800  0  1.32e+03  1.91e+01  0  2.52e+03  3.65e+01  8.99e+00  3.19e+00  9.23e-01  -1.00
2013 01 14  0715   56306   26100  0  1.15e+03  2.11e+01  0  2.49e+03  3.66e+01  1.04e+01  4.31e+00  9.46e-01  -1.00
2013 01 14  0720   56306   26400  0  1.27e+03  2.36e+01  0  2.39e+03  4.30e+01  1.76e+01  3.49e+00  1.01e+00  -1.00
2013 01 14  0725   56306   26700  0  2.00e+03  8.28e-01  0  2.58e+03  2.32e+00  1.22e+01  6.53e-01  2.89e-02  -1.00
2013 01 14  0730   56306   27000  0  2.02e+03  1.59e-08  0  2.46e+03 -1.00e+05 -1.00e+05  9.94e-09  5.31e-28  -1.00
2013 01 14  0735   56306   27300  0  1.32e+03  2.31e-27  0  2.43e+03  9.91e-27  2.79e-27  3.40e-09  4.13e-28  -1.00
2013 01 14  0740   56306   27600  0  1.16e+03  2.00e-27  0  2.36e+03  9.91e-27  9.58e-09  1.85e-27  1.89e-28  -1.00
2013 01 14  0745   56306   27900  0  1.23e+03  2.68e-08  0  2.51e+03 -1.00e+05  9.58e-09  5.28e-36  2.29e-28  -1.00
2013 01 14  0750   56306   28200  0  1.25e+03  6.38e-08  0  2.56e+03  3.23e-08 -1.00e+05  2.15e-38  4.55e-28  -1.00
2013 01 14  0755   56306   28500  0  1.07e+03  3.85e-27  0  2.34e+03 -1.00e+05  1.28e-08  3.47e-09  3.46e-28  -1.00
2013 01 14  0800   56306   28800  0  1.38e+03  1.76e-08  0  2.57e+03  6.47e-08 -1.00e+05  5.85e-28  2.34e-28  -1.00
2013 01 14  0805   56306   29100  0  1.22e+03  2.26e-08  0  2.48e+03  3.23e-08 -1.00e+05  7.96e-28  4.42e-28  -1.00
2013 01 14  0810   56306   29400  0  1.20e+03  3.40e-08  0  2.54e+03 -1.00e+05 -1.00e+05  7.61e-09  4.06e-28  -1.00
2013 01 14  0815   56306   29700  0  1.39e+03  5.77e-08  0  2.45e+03 -1.00e+05 -1.00e+05  9.72e-09  5.11e-28  -1.00
2013 01 14  0820   56306   30000  0  1.32e+03  4.61e-08  0  2.59e+03  6.47e-08 -1.00e+05  2.58e-27  3.04e-28  -1.00
2013 01 14  0825   56306   30300  0  1.22e+03  1.44e-08  0  2.47e+03 -1.00e+05  6.46e-27  1.25e-08  2.59e-28  -1.00
2013 01 14  0830   56306   30600  0  1.12e+03  2.19e-08  0  2.30e+03  6.47e-08  1.13e-08  3.57e-09  3.30e-28  -1.00
2013 01 14  0835   56306   30900  0  1.32e+03  6.92e-27  0  2.58e+03 -1.00e+05 -1.00e+05  5.49e-09  4.40e-28  -1.00
2013 01 14  0840   56306   31200  0  1.11e+03  3.79e-08  0  2.56e+03 -1.00e+05 -1.00e+05  1.30e-08  3.21e-28  -1.00
2013 01 14  0845   56306   31500  0  1.28e+03  2.50e-08  0  2.40e+03 -1.00e+05 -1.00e+05  8.99e-09  3.13e-28  -1.00
2013 01 14  0850   56306   31800  0  1.26e+03  2.72e-27  0  2.49e+03 -1.00e+05  1.44e-08  1.45e-08  4.66e-28  -1.00
2013 01 14  0855   56306   32100  0  1.18e+03  3.77e-08  0  2.43e+03  2.81e-08  2.64e-27  7.74e-09  1.36e-10  -1.00
2013 01 14  0900   56306   32400  0  1.27e+03  3.85e-27  0  2.45e+03 -1.00e+05 -1.00e+05  5.74e-09  4.83e-10  -1.00
2013 01 14  0905   56306   32700  0  1.38e+03  6.92e-27  0  2.39e+03 -1.00e+05 -1.00e+05  1.49e-27  6.16e-10  -1.00
2013 01 14  0910   56306   33000  0  1.41e+03  7.64e-08  0  2.56e+03  6.47e-08 -1.00e+05  7.45e-28  1.89e-28  -1.00
2013 01 14  0915   56306   33300  0  1.25e+03  4.06e-08  0  2.56e+03 -1.00e+05 -1.00e+05  1.22e-08  3.40e-28  -1.00
2013 01 14  0920   56306   33600  0  1.27e+03  1.73e-27  0  2.30e+03 -1.00e+05 -1.00e+05  1.22e-08  5.03e-28  -1.00
2013 01 14  0925   56306   33900  0  1.54e+03  2.82e-08  0  2.50e+03 -1.00e+05 -1.00e+05  1.55e-09  3.77e-28  -1.00
2013 01 14  0930   56306   34200  0  1.29e+03  2.82e-08  0  2.44e+03 -1.00e+05 -1.00e+05  6.08e-09  5.13e-10  -1.00
2013 01 14  0935   56306   34500  0  1.26e+03  8.07e-09  0  2.48e+03 -1.00e+05 -1.00e+05  1.22e-08  3.30e-28  -1.00
2013 01 14  0940   56306   34800  0  1.38e+03  2.82e-08  0  2.38e+03 -1.00e+05 -1.00e+05 -1.00e+05  8.88e-10  -1.00
2013 01 14  0945   56306   35100  0  1.33e+03  5.65e-08  0  2.50e+03 -1.00e+05 -1.00e+05  3.72e-28  5.57e-10  -1.00
2013 01 14  0950   56306   35400  0  1.37e+03  5.33e-09  0  2.50e+03 -1.00e+05 -1.00e+05  1.77e-27  2.70e-28  -1.00
2013 01 14  0955   56306   35700  0  1.49e+03  3.77e-08  0  2.35e+03 -1.00e+05 -1.00e+05  2.18e-09  4.91e-28  -1.00
2013 01 14  1000   56306   36000  0  1.60e+03  2.82e-08  0  2.51e+03 -1.00e+05  2.87e-08  6.08e-09  4.74e-28  -1.00
2013 01 14  1005   56306   36300  0  1.34e+03  1.66e-09  0  2.50e+03 -1.00e+05 -1.00e+05  3.72e-28  3.72e-28  -1.00
2013 01 14  1010   56306   36600  0  1.45e+03  3.29e-08  0  2.53e+03  6.47e-08 -1.00e+05  8.84e-28  2.83e-28  -1.00
2013 01 14  1015   56306   36900  0  1.48e+03  1.83e-08  0  2.43e+03  6.47e-08 -1.00e+05  6.08e-09  6.16e-10  -1.00
2013 01 14  1020   56306   37200  0  1.47e+03  2.19e-08  0  2.56e+03  6.47e-08 -1.00e+05 -1.00e+05  3.77e-28  -1.00
2013 01 14  1025   56306   37500  0  1.52e+03  4.76e-27  0  3.18e+03 -1.00e+05 -1.00e+05  6.08e-09  5.09e-28  -1.00
2013 01 14  1030   56306   37800  0  1.52e+03  1.92e-08  0  3.46e+03  5.60e+01 -1.00e+05  1.22e-08  2.94e-28  -1.00
2013 01 14  1035   56306   38100  0  1.62e+03  1.64e-08  0  3.27e+03  6.47e-08 -1.00e+05  6.08e-09  3.56e-28  -1.00
2013 01 14  1040   56306   38400  0  1.41e+03  2.87e-27  0  2.75e+03 -1.00e+05 -1.00e+05  1.12e-27  5.33e-28  -1.00
2013 01 14  1045   56306   38700  0  1.50e+03  1.41e-08  0  2.38e+03 -1.00e+05 -1.00e+05  6.08e-09  9.44e-28  -1.00
2013 01 14  1050   56306   39000  0  1.63e+03  1.47e-08  0  2.64e+03  4.59e-08  1.92e-08  4.47e-09  5.66e-28  -1.00
2013 01 14  1055   56306   39300  0  1.45e+03  2.14e-08  0  2.47e+03  6.47e-08 -1.00e+05  8.40e-37  4.72e-28  -1.00
2013 01 14  1100   56306   39600  0  1.43e+03  4.43e-08  0  2.46e+03 -1.00e+05 -1.00e+05  1.01e-08  1.06e-09  -1.00
2013 01 14  1105   56306   39900  0  1.60e+03  7.61e-08  0  2.46e+03  9.70e-08 -1.00e+05  9.11e-09  3.44e-28  -1.00
2013 01 14  1110   56306   40200  0  1.76e+03  1.88e-08  0  2.54e+03 -1.00e+05 -1.00e+05 -1.00e+05  2.14e-09  -1.00
2013 01 14  1115   56306   40500  0  1.61e+03  5.77e-27  0  2.47e+03 -1.00e+05 -1.00e+05  1.49e-27  3.21e-28  -1.00
2013 01 14  1120   56306   40800  0  1.50e+03  1.89e-08  0  2.32e+03 -1.00e+05 -1.00e+05  5.59e-28  2.32e-28  -1.00
2013 01 14  1125   56306   41100  0  1.70e+03  6.90e-27  0  2.50e+03  1.46e+01  2.87e-08  9.11e-09  4.32e-28  -1.00
2013 01 14  1130   56306   41400  0  1.58e+03  5.63e-27  0  2.51e+03  6.47e-08 -1.00e+05  5.17e-09  3.15e-28  -1.00
2013 01 14  1135   56306   41700  0  1.46e+03  1.88e-08  0  2.47e+03  2.00e+01 -1.00e+05  1.49e-27  4.23e-10  -1.00
2013 01 14  1140   56306   42000  0  1.60e+03  1.14e-08  0  2.52e+03  9.70e-08 -1.00e+05  6.08e-09  1.54e-09  -1.00
2013 01 14  1145   56306   42300  0  1.56e+03  3.69e-27  0  2.48e+03 -1.00e+05 -1.00e+05  4.05e-09  3.77e-28  -1.00
2013 01 14  1150   56306   42600  0  1.52e+03  2.04e-08  0  2.67e+03  1.58e+01 -1.00e+05  1.22e-08  5.66e-28  -1.00
2013 01 14  1155   56306   42900  0  1.51e+03  1.30e-08  0  3.89e+03  1.50e+02 -1.00e+05  6.08e-09  2.52e-28  -1.00
2013 01 14  1200   56306   43200  0  1.57e+03  2.32e-08  0  2.98e+03  6.47e-08 -1.00e+05  6.08e-09  3.67e-28  -1.00
2013 01 14  1205   56306   43500  0  1.56e+03  5.82e-10  0  3.14e+03  1.95e+01 -1.00e+05  6.08e-09  4.72e-28  -1.00
2013 01 14  1210   56306   43800  0  1.47e+03  7.47e-09  0  2.56e+03  3.47e+01 -1.00e+05 -1.00e+05  2.83e-28  -1.00
2013 01 14  1215   56306   44100  0  1.62e+03  4.46e-09  0  2.52e+03  1.95e+01 -1.00e+05  6.08e-09  4.40e-28  -1.00
2013 01 14  1220   56306   44400  0  1.45e+03  2.26e-08  0  2.56e+03  5.36e+01 -1.00e+05  6.08e-09  3.77e-28  -1.00
2013 01 14  1225   56306   44700  0  1.44e+03  3.77e-08  0  2.53e+03  4.85e-08 -1.00e+05 -1.00e+05  2.52e-28  -1.00
2013 01 14  1230   56306   45000  0  1.42e+03  5.54e-27  0  2.32e+03  1.22e+01 -1.00e+05  6.08e-09  2.23e-28  -1.00
2013 01 14  1235   56306   45300  0  1.54e+03  2.82e-08  0  2.61e+03 -1.00e+05 -1.00e+05 -1.00e+05  1.11e-09  -1.00
2013 01 14  1240   56306   45600  0  1.51e+03  2.42e-08  0  2.55e+03 -1.00e+05 -1.00e+05 -1.00e+05  1.03e-09  -1.00
2013 01 14  1245   56306   45900  0  1.34e+03  1.41e-08  0  2.42e+03  1.22e+01 -1.00e+05  3.04e-09  7.09e-10  -1.00
2013 01 14  1250   56306   46200  0  1.48e+03  1.20e-08  0  2.61e+03  1.22e+01  2.56e-08  2.62e+00  4.03e-28  -1.00
2013 01 14  1255   56306   46500  0  1.34e+03  2.99e-08  0  2.40e+03  3.26e+01  9.58e-09  5.75e-01  5.69e-11  -1.00
2013 01 14  1300   56306   46800  0  1.35e+03  4.62e-27  0  2.54e+03  1.09e-07  2.56e-08  3.47e-09  5.15e-10  -1.00
2013 01 14  1305   56306   47100  0  1.52e+03  1.24e-08  0  2.43e+03  4.43e-08  2.01e-08  1.68e-27  3.88e-28  -1.00
2013 01 14  1310   56306   47400  0  1.39e+03  2.41e-09  0  2.50e+03  2.68e+01  5.11e-08  1.39e-08  4.90e-28  -1.00
2013 01 14  1315   56306   47700  0  1.29e+03  1.49e-08  0  2.58e+03  1.37e+01  5.11e-08 -1.00e+05  3.04e-28  -1.00
2013 01 14  1320   56306   48000  0  1.31e+03  4.73e-27  0  2.60e+03  4.89e+01  2.47e+00  2.80e-28  4.09e-28  -1.00
2013 01 14  1325   56306   48300  0  1.63e+03  4.01e-08  0  3.58e+03  1.14e+02 -1.00e+05  1.22e-08  4.94e-28  -1.00
2013 01 14  1330   56306   48600  0  1.22e+03  3.72e-08  0  2.74e+03  8.51e+01  1.56e-08  2.18e-36  7.56e-10  -1.00
2013 01 14  1335   56306   48900  0  1.23e+03  2.00e-08  0  2.61e+03  6.99e+01  6.39e-08  3.39e-09  3.65e-28  -1.00
2013 01 14  1340   56306   49200  0  1.54e+03  3.46e-27  0  2.68e+03  5.84e+01 -1.00e+05  3.07e-09  2.05e-28  -1.00
2013 01 14  1345   56306   49500  0  1.37e+03  2.82e-08  0  2.70e+03  4.20e+01  1.06e+01  4.05e-09  4.96e-28  -1.00
2013 01 14  1350   56306   49800  0  1.37e+03  1.82e-08  0  2.68e+03  7.02e+01 -1.00e+05 -1.00e+05  3.22e-28  -1.00
2013 01 14  1355   56306   50100  0  1.25e+03  3.41e-08  0  2.54e+03  5.24e+01  3.83e-08 -1.00e+05  5.60e-10  -1.00
2013 01 14  1400   56306   50400  0  1.38e+03  5.65e-08  0  2.67e+03  2.12e+01 -1.00e+05 -1.00e+05  2.62e-28  -1.00
2013 01 14  1405   56306   50700  0  1.26e+03  1.61e-08  0  2.72e+03  3.38e+01 -1.00e+05  8.51e-28  3.73e-28  -1.00
2013 01 14  1410   56306   51000  0  1.15e+03  1.41e-08  0  4.32e+03  1.23e+02 -1.00e+05  4.05e-09  1.80e-28  -1.00
2013 01 14  1415   56306   51300  0  1.46e+03  1.01e-08  0  2.86e+03  5.05e+01  9.64e+00  6.08e-09  3.99e-28  -1.00
2013 01 14  1420   56306   51600  0  1.18e+03  6.03e-08  0  6.75e+03  2.56e+02  5.11e-08 -1.00e+05  4.86e-28  -1.00
2013 01 14  1425   56306   51900  0  1.37e+03  2.78e-08  0  3.79e+03  1.53e+02 -1.00e+05  8.10e-09  4.36e-28  -1.00
2013 01 14  1430   56306   52200  0  1.11e+03  2.26e-08  0  2.84e+03  1.31e+02  5.11e-08  9.72e-09  2.69e-28  -1.00
2013 01 14  1435   56306   52500  0  1.28e+03  4.62e-27  0  2.90e+03  1.53e+02  2.24e-08  8.84e-09  5.62e-10  -1.00
2013 01 14  1440   56306   52800  0  1.25e+03  1.41e-08  0  4.99e+03  2.15e+02  5.11e-08  1.19e-27  2.11e-28  -1.00
2013 01 14  1445   56306   53100  0  9.92e+02  2.11e-08  0  7.02e+03  1.68e+02  2.25e-08  3.47e-09  3.50e-28  -1.00
2013 01 14  1450   56306   53400  0  1.30e+03  1.16e-08  0  4.00e+03  1.44e+02  2.56e-08  7.45e-28  4.37e-28  -1.00
2013 01 14  1455   56306   53700  0  1.24e+03  4.81e-27  0  2.75e+03  1.27e+02 -1.00e+05  8.10e-09  1.42e-09  -1.00
2013 01 14  1500   56306   54000  0  1.17e+03  1.41e-08  0  2.67e+03  7.91e+01 -1.00e+05  9.93e-28  2.77e-28  -1.00
2013 01 14  1505   56306   54300  0  1.41e+03  2.82e-08  0  3.00e+03  1.18e+02 -1.00e+05  4.05e-09  3.16e-28  -1.00
2013 01 14  1510   56306   54600  0  9.91e+02  4.80e-27  0  3.30e+03  1.80e+02 -1.00e+05  7.54e-10  5.64e-28  -1.00
2013 01 14  1515   56306   54900  0  1.11e+03  6.40e-27  0  3.13e+03  1.93e+02 -1.00e+05  6.71e-09  2.09e-28  -1.00
2013 01 14  1520   56306   55200  0  1.21e+03  4.70e-08  0  2.85e+03  1.69e+02 -1.00e+05  6.08e-09  3.23e-28  -1.00
2013 01 14  1525   56306   55500  0  1.33e+03  8.29e-09  0  3.06e+03  1.71e+02 -1.00e+05 -1.00e+05  2.48e-28  -1.00
2013 01 14  1530   56306   55800  0  1.10e+03  1.86e-08  0  3.32e+03  2.05e+02  1.92e-08  3.04e-09  4.27e-28  -1.00
2013 01 14  1535   56306   56100  0  1.13e+03  7.26e-09  0  3.01e+03  2.27e+02 -1.00e+05 -1.00e+05  3.06e-28  -1.00
2013 01 14  1540   56306   56400  0  1.25e+03  1.06e-26  0  3.10e+03  2.42e+02  2.34e+00  3.72e-28  2.45e-28  -1.00
2013 01 14  1545   56306   56700  0  1.07e+03  1.47e-08  0  2.98e+03  2.52e+02 -1.00e+05 -1.00e+05  4.83e-10  -1.00
2013 01 14  1550   56306   57000  0  1.11e+03  2.86e-08  0  3.09e+03  2.48e+02  2.87e-08  1.12e-27  3.35e-28  -1.00
2013 01 14  1555   56306   57300  0  1.16e+03  1.48e-08  0  2.99e+03  2.26e+02 -1.00e+05 -1.00e+05  2.26e-28  -1.00
2013 01 14  1600   56306   57600  0  1.21e+03  2.82e-08  0  2.89e+03  2.04e+02 -1.00e+05  1.12e-27  3.77e-28  -1.00
2013 01 14  1605   56306   57900  0  1.10e+03  3.05e-08  0  2.93e+03  2.11e+02 -1.00e+05 -1.00e+05  2.84e-28  -1.00
2013 01 14  1610   56306   58200  0  1.14e+03  2.56e-08  0  2.84e+03  2.37e+02 -1.00e+05  6.08e-09  3.63e-28  -1.00
2013 01 14  1615   56306   58500  0  1.43e+03  3.77e-08  0  2.88e+03  1.81e+02 -1.00e+05  9.31e-28  3.20e-28  -1.00
2013 01 14  1620   56306   58800  0  1.09e+03  5.06e-08  0  2.83e+03  1.47e+02 -1.00e+05  1.86e-27  2.22e-28  -1.00
2013 01 14  1625   56306   59100  0  1.15e+03  3.46e-27  0  2.96e+03  2.18e+02 -1.00e+05  1.86e-27  3.29e-28  -1.00
2013 01 14  1630   56306   59400  0  1.27e+03  2.82e-08  0  2.83e+03  1.92e+02 -1.00e+05  1.03e-08  2.80e-28  -1.00
2013 01 14  1635   56306   59700  0  1.08e+03  1.13e-07  0  2.95e+03  2.00e+02 -1.00e+05  8.45e-09  2.62e-28  -1.00
2013 01 14  1640   56306   60000  0  1.08e+03  1.88e-08  0  2.82e+03  2.08e+02 -1.00e+05  9.11e-09  1.44e-28  -1.00
2013 01 14  1645   56306   60300  0  9.96e+02  1.21e-26  0  2.61e+03  1.46e+02 -1.00e+05  6.08e-09  4.00e-28  -1.00
2013 01 14  1650   56306   60600  0  1.24e+03  4.73e-27  0  2.81e+03  1.40e+02  2.87e-08  1.22e-08  3.10e-28  -1.00
2013 01 14  1655   56306   60900  0  1.11e+03  1.57e-27  0  2.79e+03  1.69e+02  2.87e-08  6.08e-09  1.99e-28  -1.00
2013 01 14  1700   56306   61200  0  9.79e+02  3.98e-27  0  2.72e+03  1.50e+02 -1.00e+05 -1.00e+05  1.42e-28  -1.00
2013 01 14  1705   56306   61500  0  1.20e+03  4.38e-27  0  2.92e+03  1.87e+02 -1.00e+05 -1.00e+05  3.28e-28  -1.00
2013 01 14  1710   56306   61800  0  1.08e+03  1.08e-08  0  2.84e+03  1.67e+02 -1.00e+05  7.45e-28  3.90e-28  -1.00
2013 01 14  1715   56306   62100  0  1.04e+03  2.48e-08  0  2.94e+03  1.93e+02 -1.00e+05  2.18e-09  2.50e-28  -1.00
2013 01 14  1720   56306   62400  0  9.64e+02  3.46e-27  0  2.79e+03  2.13e+02 -1.00e+05  1.82e-08  1.40e-28  -1.00
2013 01 14  1725   56306   62700  0  1.17e+03  3.46e-27  0  3.12e+03  2.36e+02 -1.00e+05 -1.00e+05  4.79e-28  -1.00
2013 01 14  1730   56306   63000  0  9.76e+02  6.92e-27  0  3.17e+03  2.81e+02  2.87e-08 -1.00e+05  2.99e-28  -1.00
2013 01 14  1735   56306   63300  0  1.18e+03  8.05e-35  0  2.98e+03  2.63e+02 -1.00e+05 -1.00e+05  2.83e-28  -1.00
2013 01 14  1740   56306   63600  0  1.31e+03  3.98e-27  0  3.13e+03  2.44e+02 -1.00e+05  1.22e-08  1.03e-09  -1.00
2013 01 14  1745   56306   63900  0  1.10e+03  3.13e-27  0  3.35e+03  3.01e+02  9.58e-09  3.04e-09  4.77e-28  -1.00
2013 01 14  1750   56306   64200  0  1.04e+03  5.12e-08  0  3.92e+03  3.25e+02 -1.00e+05  1.22e-08  4.16e-28  -1.00
2013 01 14  1755   56306   64500  0  1.26e+03  7.91e-08  0  4.84e+03  3.84e+02  1.81e+00 -1.00e+05  3.10e-28  -1.00
2013 01 14  1800   56306   64800  0  1.06e+03  5.65e-08  0  4.07e+03  3.32e+02 -1.00e+05  1.12e-27  5.02e-28  -1.00
2013 01 14  1805   56306   65100  0  1.02e+03  8.90e-09  0  3.09e+03  2.46e+02 -1.00e+05  6.08e-09  3.30e-28  -1.00
2013 01 14  1810   56306   65400  0  1.05e+03  6.92e-27  0  3.00e+03  2.47e+02 -1.00e+05  6.08e-09  2.98e-28  -1.00
2013 01 14  1815   56306   65700  0  1.20e+03  1.21e-08  0  3.24e+03  2.55e+02 -1.00e+05  6.08e-09  4.14e-28  -1.00
2013 01 14  1820   56306   66000  0  1.03e+03  1.76e-08  0  3.81e+03  2.76e+02 -1.00e+05  7.78e-28  4.17e-28  -1.00
2013 01 14  1825   56306   66300  0  1.08e+03  3.46e-27  0  5.41e+03  3.19e+02  3.97e+00  1.60e-27  2.52e-28  -1.00
2013 01 14  1830   56306   66600  0  1.22e+03  1.21e-34  0  7.15e+03  3.65e+02  1.92e-08  7.45e-28  5.90e-10  -1.00
2013 01 14  1835   56306   66900  0  1.01e+03  6.49e-27  0  4.82e+03  3.05e+02 -1.00e+05  4.37e-09  2.47e-28  -1.00
2013 01 14  1840   56306   67200  0  1.00e+03  1.42e-08  0  3.13e+03  2.04e+02 -1.00e+05  6.08e-09  4.31e-28  -1.00
2013 01 14  1845   56306   67500  0  1.14e+03  1.39e-27  0  3.07e+03  1.95e+02  1.92e-08  3.04e-09  3.64e-28  -1.00
2013 01 14  1850   56306   67800  0  1.12e+03  3.14e-27  0  3.13e+03  2.11e+02 -1.00e+05  6.08e-09  4.71e-28  -1.00
2013 01 14  1855   56306   68100  0  1.02e+03  5.16e-08  0  3.25e+03  2.03e+02 -1.00e+05  1.12e-27  3.77e-28  -1.00
2013 01 14  1900   56306   68400  0  1.25e+03  3.77e-08  0  4.91e+03  3.37e+02  3.62e+00 -1.00e+05  3.62e-28  -1.00
2013 01 14  1905   56306   68700  0  1.28e+03  1.88e-08  0  7.05e+03  4.48e+02  1.81e+00  4.05e-09  2.78e-28  -1.00
2013 01 14  1910   56306   69000  0  1.16e+03  1.64e-08  0  4.07e+03  2.71e+02  1.03e-27  8.69e-28  2.19e-28  -1.00
2013 01 14  1915   56306   69300  0  1.15e+03  2.03e-08  0  3.31e+03  1.94e+02  4.79e-08  1.52e-09  3.10e-28  -1.00
2013 01 14  1920   56306   69600  0  1.27e+03  2.80e-08  0  3.51e+03  2.22e+02 -1.00e+05  6.08e-09  2.92e-28  -1.00
2013 01 14  1925   56306   69900  0  1.24e+03  1.71e-09  0  4.13e+03  2.77e+02 -1.00e+05  1.86e-27  2.36e-28  -1.00
2013 01 14  1930   56306   70200  0  1.20e+03  4.52e-08  0  5.29e+03  2.68e+02  2.87e-08  3.82e-09  3.01e-28  -1.00
2013 01 14  1935   56306   70500  0  1.26e+03  4.62e-27  0  3.58e+03  2.01e+02  2.87e-08  2.17e-10  3.96e-28  -1.00
2013 01 14  1940   56306   70800  0  1.37e+03 -1.00e+05  0  3.18e+03  1.78e+02  1.17e-27  1.89e-09  2.57e-28  -1.00
2013 01 14  1945   56306   71100  0  1.24e+03  7.53e-08  0  3.10e+03  1.70e+02 -1.00e+05  2.90e-09  3.99e-28  -1.00
2013 01 14  1950   56306   71400  0  1.19e+03  3.29e-08  0  3.17e+03  1.91e+02  6.26e-27  5.35e-09  2.65e-28  -1.00
2013 01 14  1955   56306   71700  0  1.20e+03  5.64e+00  0  4.13e+03  3.22e+02 -1.00e+05  2.49e-09  4.74e-28  -1.00
2013 01 14  2000   56306   72000  0  1.23e+03  5.48e-27  0  6.55e+03  4.27e+02  2.50e-08  1.99e-27  4.03e-28  -1.00
2013 01 14  2005   56306   72300  0  1.08e+03  2.82e-08  0  4.80e+03  3.12e+02  2.87e-08  3.24e-09  3.36e-28  -1.00
2013 01 14  2010   56306   72600  0  1.11e+03  1.61e-08  0  3.30e+03  2.16e+02 -1.00e+05  6.62e-28  3.84e-28  -1.00
2013 01 14  2015   56306   72900  0  1.03e+03  1.49e-09  0  3.23e+03  2.30e+02 -1.00e+05  2.89e-09  3.27e-28  -1.00
2013 01 14  2020   56306   73200  0  1.19e+03  3.52e-08  0  3.45e+03  2.51e+02 -1.00e+05  7.96e-09  5.10e-10  -1.00
2013 01 14  2025   56306   73500  0  1.32e+03  3.66e-08  0  3.23e+03  2.52e+02 -1.00e+05  5.40e-09  3.20e-28  -1.00
2013 01 14  2030   56306   73800  0  1.27e+03  1.73e-08  0  3.30e+03  2.19e+02  2.87e-08  5.03e-09  1.79e-28  -1.00
2013 01 14  2035   56306   74100  0  1.21e+03  2.26e-08  0  3.09e+03  1.88e+02  3.62e+00  4.30e-38  3.25e-28  -1.00
2013 01 14  2040   56306   74400  0  1.18e+03  1.20e-08  0  3.15e+03  2.02e+02  4.31e-27  3.60e-09  9.39e-10  -1.00
2013 01 14  2045   56306   74700  0  1.09e+03  1.26e-08  0  2.97e+03  1.80e+02  9.58e-09  1.29e-10  2.44e-28  -1.00
2013 01 14  2050   56306   75000  0  1.19e+03  4.76e+00  0  3.45e+03  2.24e+02  2.56e-08  1.99e-27  3.75e-28  -1.00
2013 01 14  2055   56306   75300  0  1.12e+03  2.16e+00  0  3.53e+03  2.34e+02 -1.00e+05  1.73e-35  3.97e-28  -1.00
2013 01 14  2100   56306   75600  0  1.04e+03  6.99e-08  0  3.43e+03  2.51e+02 -1.00e+05  1.00e-27  4.53e-28  -1.00
2013 01 14  2105   56306   75900  0  9.69e+02  2.04e-08  0  3.45e+03  2.41e+02 -1.00e+05  1.09e-27  4.05e-28  -1.00
2013 01 14  2110   56306   76200  0  7.71e+02  3.77e-08  0  3.57e+03  2.46e+02 -1.00e+05  2.42e-09  2.21e-28  -1.00
2013 01 14  2115   56306   76500  0  1.07e+03  6.92e-27  0  3.56e+03  2.38e+02  4.79e-08  8.78e-28  3.77e-28  -1.00
2013 01 14  2120   56306   76800  0  1.15e+03  4.50e-08  0  3.32e+03  2.17e+02 -1.00e+05  1.18e-27  3.61e-28  -1.00
2013 01 14  2125   56306   77100  0  1.27e+03  8.69e-10  0  3.49e+03  2.15e+02 -1.00e+05  3.83e-09  2.52e-28  -1.00
2013 01 14  2130   56306   77400  0  1.07e+03  2.93e-08  0  3.01e+03  1.57e+02 -1.00e+05  1.63e-27  2.89e-28  -1.00
2013 01 14  2135   56306   77700  0  1.32e+03  4.88e-27  0  2.82e+03  1.46e+02 -1.00e+05  5.24e-09  4.26e-28  -1.00
2013 01 14  2140   56306   78000  0  1.38e+03  9.19e-27  0  3.02e+03  1.28e+02 -1.00e+05  4.10e-28  2.94e-28  -1.00
2013 01 14  2145   56306   78300  0  1.23e+03  5.65e-08  0  2.95e+03  1.39e+02  9.58e-09  1.35e-27  2.67e-28  -1.00
2013 01 14  2150   56306   78600  0  9.03e+02  1.41e-08  0  2.92e+03  1.73e+02  2.64e-27  6.62e-28  2.37e-28  -1.00
2013 01 14  2155   56306   78900  0  1.16e+03  3.46e-27  0  2.98e+03  1.56e+02 -1.00e+05  1.83e-27  2.96e-28  -1.00
2013 01 14  2200   56306   79200  0  1.14e+03  8.47e-08  0  3.06e+03  1.66e+02 -1.00e+05  2.98e-27  1.15e-28  -1.00
2013 01 14  2205   56306   79500  0  1.16e+03  4.24e-08  0  3.02e+03  1.48e+02  2.39e-36  1.19e-27  2.73e-28  -1.00
2013 01 14  2210   56306   79800  0  1.06e+03  7.53e-08  0  3.03e+03  1.55e+02  1.50e-27  7.78e-28  2.24e-28  -1.00
2013 01 14  2215   56306   80100  0  1.26e+03  2.04e-09  0  3.03e+03  1.71e+02  1.92e-08  1.36e-27  4.61e-28  -1.00
2013 01 14  2220   56306   80400  0  1.08e+03  5.74e-08  0  3.05e+03  1.24e+02 -1.00e+05  2.18e-09  3.23e-28  -1.00
2013 01 14  2225   56306   80700  0  1.03e+03  8.00e-09  0  2.84e+03  1.25e+02 -1.00e+05  7.45e-28  3.46e-28  -1.00
2013 01 14  2230   56306   81000  0  1.21e+03  3.77e-08  0  3.06e+03  1.31e+02 -1.00e+05  8.84e-28  9.66e-10  -1.00
2013 01 14  2235   56306   81300  0  1.08e+03  5.77e-27  0  3.00e+03  1.34e+02  1.92e-08  3.72e-28  2.37e-28  -1.00
2013 01 14  2240   56306   81600  0  1.24e+03  5.65e-08  0  3.25e+03  1.73e+02 -1.00e+05  8.74e-28  3.25e-28  -1.00
2013 01 14  2245   56306   81900  0  1.26e+03  3.78e-08  0  3.19e+03  1.85e+02 -1.00e+05  3.72e-28  4.83e-10  -1.00
2013 01 14  2250   56306   82200  0  1.30e+03  2.82e-08  0  3.26e+03  1.87e+02 -1.00e+05  8.38e-28  3.63e-28  -1.00
2013 01 14  2255   56306   82500  0  1.21e+03  1.13e-08  0  3.31e+03  1.82e+02 -1.00e+05  1.49e-27  2.03e-28  -1.00
2013 01 14  2300   56306   82800  0  1.03e+03  5.19e-27  0  3.16e+03  1.73e+02 -1.00e+05  1.49e-27  1.89e-28  -1.00
2013 01 14  2305   56306   83100  0  1.18e+03  1.73e-27  0  3.43e+03  2.20e+02 -1.00e+05  6.08e-09  1.89e-28  -1.00
2013 01 14  2310   56306   83400  0  1.03e+03  1.88e-08  0  3.95e+03  2.57e+02 -1.00e+05  9.83e-28  5.13e-10  -1.00
2013 01 14  2315   56306   83700  0  1.07e+03 -1.00e+05  0  4.13e+03  3.08e+02  9.58e-09  3.72e-28  3.77e-28  -1.00
2013 01 14  2320   56306   84000  0  1.23e+03  5.65e-08  0  3.97e+03  2.67e+02 -1.00e+05  1.49e-27  2.89e-28  -1.00
2013 01 14  2325   56306   84300  0  9.92e+02  4.76e-27  0  3.28e+03  1.65e+02 -1.00e+05  7.45e-28  1.41e-28  -1.00
2013 01 14  2330   56306   84600  0  8.35e+02  2.61e-08  0  3.15e+03  1.32e+02 -1.00e+05  1.63e-09  2.86e-28  -1.00
2013 01 14  2335   56306   84900  0  9.60e+02  3.97e+00  0  2.92e+03  1.35e+02  9.58e-09  4.63e-28  3.37e-28  -1.00
2013 01 14  2340   56306   85200  0  1.26e+03  2.96e-08  0  3.04e+03  9.36e+01 -1.00e+05  1.22e-09  3.25e-28  -1.00
2013 01 14  2345   56306   85500  0  9.87e+02  2.82e-08  0  3.05e+03  1.29e+02 -1.00e+05  8.76e-28  2.53e-28  -1.00
2013 01 14  2350   56306   85800  0  1.04e+03  4.97e-27  0  2.95e+03  9.05e+01 -1.00e+05  1.07e-27  1.89e-28  -1.00
2013 01 14  2355   56306   86100  0  1.22e+03  6.75e-09  0  2.98e+03  9.26e+01 -1.00e+05  7.45e-28  2.50e-28  -1.00
