:Data_list: 20140816_ace_sis_5m.txt
:Created: 2014 Aug 17 0011 UT
# Prepared by the U.S. Dept. of Commerce, NOAA, Space Weather Prediction Center
# Please send comments and suggestions to SWPC.Webmaster@noaa.gov 
# 
# Units: proton flux p/cs2-sec-ster
# Status(S): 0 = nominal data, 1 to 8 = bad data record, 9 = no data
# Missing data values: -1.00e+05
# Source: ACE Satellite - Solar Isotope Spectrometer
#
# 5-minute averaged Real-time Integral Flux of High-energy Solar Protons
# 
#                 Modified Seconds
# UT Date   Time   Julian  of the      ---- Integral Proton Flux ----
# YR MO DA  HHMM     Day     Day       S    > 10 MeV    S    > 30 MeV
#--------------------------------------------------------------------
2014 08 16  0000    56885       0      0    1.11e+00    0    7.87e-01
2014 08 16  0005    56885     300      0    1.08e+00    0    7.66e-01
2014 08 16  0010    56885     600      0    1.11e+00    0    7.79e-01
2014 08 16  0015    56885     900      0    1.11e+00    0    7.83e-01
2014 08 16  0020    56885    1200      0    1.11e+00    0    7.79e-01
2014 08 16  0025    56885    1500      0    1.11e+00    0    7.91e-01
2014 08 16  0030    56885    1800      0    1.10e+00    0    7.82e-01
2014 08 16  0035    56885    2100      0    1.10e+00    0    7.81e-01
2014 08 16  0040    56885    2400      0    1.13e+00    0    8.05e-01
2014 08 16  0045    56885    2700      0    1.11e+00    0    7.88e-01
2014 08 16  0050    56885    3000      0    1.08e+00    0    7.64e-01
2014 08 16  0055    56885    3300      0    1.12e+00    0    7.84e-01
2014 08 16  0100    56885    3600      0    1.09e+00    0    7.67e-01
2014 08 16  0105    56885    3900      0    1.13e+00    0    7.93e-01
2014 08 16  0110    56885    4200      0    1.09e+00    0    7.67e-01
2014 08 16  0115    56885    4500      0    1.09e+00    0    7.69e-01
2014 08 16  0120    56885    4800      0    1.11e+00    0    7.87e-01
2014 08 16  0125    56885    5100      0    1.11e+00    0    7.86e-01
2014 08 16  0130    56885    5400      0    1.13e+00    0    7.99e-01
2014 08 16  0135    56885    5700      0    1.11e+00    0    7.83e-01
2014 08 16  0140    56885    6000      0    1.10e+00    0    7.68e-01
2014 08 16  0145    56885    6300      0    1.10e+00    0    7.78e-01
2014 08 16  0150    56885    6600      0    1.11e+00    0    7.78e-01
2014 08 16  0155    56885    6900      0    1.12e+00    0    7.92e-01
2014 08 16  0200    56885    7200      0    1.11e+00    0    7.76e-01
2014 08 16  0205    56885    7500      0    1.11e+00    0    7.90e-01
2014 08 16  0210    56885    7800      0    1.11e+00    0    7.82e-01
2014 08 16  0215    56885    8100      0    1.09e+00    0    7.64e-01
2014 08 16  0220    56885    8400      0    1.11e+00    0    7.82e-01
2014 08 16  0225    56885    8700      0    1.12e+00    0    7.87e-01
2014 08 16  0230    56885    9000      0    1.09e+00    0    7.74e-01
2014 08 16  0235    56885    9300      0    1.09e+00    0    7.69e-01
2014 08 16  0240    56885    9600      0    1.09e+00    0    7.66e-01
2014 08 16  0245    56885    9900      0    1.12e+00    0    7.88e-01
2014 08 16  0250    56885   10200      0    1.10e+00    0    7.81e-01
2014 08 16  0255    56885   10500      0    1.10e+00    0    7.73e-01
2014 08 16  0300    56885   10800      0    1.09e+00    0    7.67e-01
2014 08 16  0305    56885   11100      0    1.13e+00    0    8.06e-01
2014 08 16  0310    56885   11400      0    1.10e+00    0    7.67e-01
2014 08 16  0315    56885   11700      0    1.12e+00    0    7.88e-01
2014 08 16  0320    56885   12000      0    1.11e+00    0    7.80e-01
2014 08 16  0325    56885   12300      0    1.10e+00    0    7.78e-01
2014 08 16  0330    56885   12600      0    1.07e+00    0    7.64e-01
2014 08 16  0335    56885   12900      0    1.12e+00    0    7.92e-01
2014 08 16  0340    56885   13200      0    1.09e+00    0    7.74e-01
2014 08 16  0345    56885   13500      0    1.08e+00    0    7.63e-01
2014 08 16  0350    56885   13800      0    1.10e+00    0    7.80e-01
2014 08 16  0355    56885   14100      0    1.09e+00    0    7.64e-01
2014 08 16  0400    56885   14400      0    1.09e+00    0    7.62e-01
2014 08 16  0405    56885   14700      0    1.09e+00    0    7.74e-01
2014 08 16  0410    56885   15000      0    1.10e+00    0    7.74e-01
2014 08 16  0415    56885   15300      0    1.12e+00    0    7.88e-01
2014 08 16  0420    56885   15600      0    1.12e+00    0    7.94e-01
2014 08 16  0425    56885   15900      0    1.10e+00    0    7.70e-01
2014 08 16  0430    56885   16200      0    1.09e+00    0    7.69e-01
2014 08 16  0435    56885   16500      0    1.11e+00    0    7.80e-01
2014 08 16  0440    56885   16800      0    1.07e+00    0    7.57e-01
2014 08 16  0445    56885   17100      0    1.11e+00    0    7.83e-01
2014 08 16  0450    56885   17400      0    1.10e+00    0    7.79e-01
2014 08 16  0455    56885   17700      0    1.11e+00    0    7.84e-01
2014 08 16  0500    56885   18000      0    1.09e+00    0    7.66e-01
2014 08 16  0505    56885   18300      0    1.12e+00    0    7.89e-01
2014 08 16  0510    56885   18600      0    1.10e+00    0    7.71e-01
2014 08 16  0515    56885   18900      0    1.11e+00    0    7.86e-01
2014 08 16  0520    56885   19200      0    1.10e+00    0    7.67e-01
2014 08 16  0525    56885   19500      0    1.05e+00    0    7.34e-01
2014 08 16  0530    56885   19800      0    1.12e+00    0    7.84e-01
2014 08 16  0535    56885   20100      0    1.10e+00    0    7.79e-01
2014 08 16  0540    56885   20400      0    1.11e+00    0    7.86e-01
2014 08 16  0545    56885   20700      0    1.13e+00    0    7.93e-01
2014 08 16  0550    56885   21000      0    1.11e+00    0    7.91e-01
2014 08 16  0555    56885   21300      0    1.10e+00    0    7.77e-01
2014 08 16  0600    56885   21600      0    1.09e+00    0    7.71e-01
2014 08 16  0605    56885   21900      0    1.12e+00    0    7.85e-01
2014 08 16  0610    56885   22200      0    1.10e+00    0    7.72e-01
2014 08 16  0615    56885   22500      0    1.10e+00    0    7.78e-01
2014 08 16  0620    56885   22800      0    1.10e+00    0    7.71e-01
2014 08 16  0625    56885   23100      0    1.11e+00    0    7.72e-01
2014 08 16  0630    56885   23400      0    1.11e+00    0    7.85e-01
2014 08 16  0635    56885   23700      0    1.12e+00    0    7.95e-01
2014 08 16  0640    56885   24000      0    1.09e+00    0    7.69e-01
2014 08 16  0645    56885   24300      0    1.13e+00    0    7.93e-01
2014 08 16  0650    56885   24600      0    1.12e+00    0    7.94e-01
2014 08 16  0655    56885   24900      0    1.09e+00    0    7.66e-01
2014 08 16  0700    56885   25200      0    1.08e+00    0    7.59e-01
2014 08 16  0705    56885   25500      0    1.09e+00    0    7.56e-01
2014 08 16  0710    56885   25800      0    1.09e+00    0    7.65e-01
2014 08 16  0715    56885   26100      0    1.11e+00    0    7.82e-01
2014 08 16  0720    56885   26400      0    1.12e+00    0    7.92e-01
2014 08 16  0725    56885   26700      0    1.09e+00    0    7.70e-01
2014 08 16  0730    56885   27000      0    1.09e+00    0    7.73e-01
2014 08 16  0735    56885   27300      0    1.08e+00    0    7.56e-01
2014 08 16  0740    56885   27600      0    1.12e+00    0    7.90e-01
2014 08 16  0745    56885   27900      0    1.08e+00    0    7.59e-01
2014 08 16  0750    56885   28200      0    1.11e+00    0    7.86e-01
2014 08 16  0755    56885   28500      0    1.12e+00    0    7.92e-01
2014 08 16  0800    56885   28800      0    1.11e+00    0    7.83e-01
2014 08 16  0805    56885   29100      0    1.09e+00    0    7.71e-01
2014 08 16  0810    56885   29400      0    1.09e+00    0    7.77e-01
2014 08 16  0815    56885   29700      0    1.12e+00    0    7.93e-01
2014 08 16  0820    56885   30000      0    1.09e+00    0    7.65e-01
2014 08 16  0825    56885   30300      0    1.09e+00    0    7.67e-01
2014 08 16  0830    56885   30600      0    1.08e+00    0    7.51e-01
2014 08 16  0835    56885   30900      0    1.10e+00    0    7.72e-01
2014 08 16  0840    56885   31200      0    1.13e+00    0    8.05e-01
2014 08 16  0845    56885   31500      0    1.10e+00    0    7.78e-01
2014 08 16  0850    56885   31800      0    1.10e+00    0    7.83e-01
2014 08 16  0855    56885   32100      0    1.08e+00    0    7.59e-01
2014 08 16  0900    56885   32400      0    1.10e+00    0    7.72e-01
2014 08 16  0905    56885   32700      0    1.09e+00    0    7.63e-01
2014 08 16  0910    56885   33000      0    1.08e+00    0    7.55e-01
2014 08 16  0915    56885   33300      0    1.09e+00    0    7.70e-01
2014 08 16  0920    56885   33600      0    1.10e+00    0    7.73e-01
2014 08 16  0925    56885   33900      0    1.12e+00    0    7.93e-01
2014 08 16  0930    56885   34200      0    1.12e+00    0    7.83e-01
2014 08 16  0935    56885   34500      0    1.11e+00    0    7.82e-01
2014 08 16  0940    56885   34800      0    1.10e+00    0    7.62e-01
2014 08 16  0945    56885   35100      0    1.10e+00    0    7.70e-01
2014 08 16  0950    56885   35400      0    1.12e+00    0    7.82e-01
2014 08 16  0955    56885   35700      0    1.09e+00    0    7.65e-01
2014 08 16  1000    56885   36000      0    1.11e+00    0    7.77e-01
2014 08 16  1005    56885   36300      0    1.09e+00    0    7.76e-01
2014 08 16  1010    56885   36600      0    1.09e+00    0    7.65e-01
2014 08 16  1015    56885   36900      0    1.07e+00    0    7.56e-01
2014 08 16  1020    56885   37200      0    1.12e+00    0    7.95e-01
2014 08 16  1025    56885   37500      0    1.12e+00    0    7.94e-01
2014 08 16  1030    56885   37800      0    1.10e+00    0    7.86e-01
2014 08 16  1035    56885   38100      0    1.12e+00    0    7.86e-01
2014 08 16  1040    56885   38400      0    1.11e+00    0    7.85e-01
2014 08 16  1045    56885   38700      0    1.08e+00    0    7.55e-01
2014 08 16  1050    56885   39000      0    1.12e+00    0    7.85e-01
2014 08 16  1055    56885   39300      0    1.09e+00    0    7.70e-01
2014 08 16  1100    56885   39600      0    1.12e+00    0    7.89e-01
2014 08 16  1105    56885   39900      0    1.08e+00    0    7.59e-01
2014 08 16  1110    56885   40200      0    1.11e+00    0    7.91e-01
2014 08 16  1115    56885   40500      0    1.10e+00    0    7.73e-01
2014 08 16  1120    56885   40800      0    1.09e+00    0    7.61e-01
2014 08 16  1125    56885   41100      0    1.12e+00    0    7.92e-01
2014 08 16  1130    56885   41400      0    1.11e+00    0    7.80e-01
2014 08 16  1135    56885   41700      0    1.11e+00    0    7.88e-01
2014 08 16  1140    56885   42000      0    1.10e+00    0    7.74e-01
2014 08 16  1145    56885   42300      0    1.10e+00    0    7.71e-01
2014 08 16  1150    56885   42600      0    1.11e+00    0    7.82e-01
2014 08 16  1155    56885   42900      0    1.12e+00    0    7.90e-01
2014 08 16  1200    56885   43200      0    1.11e+00    0    7.73e-01
2014 08 16  1205    56885   43500      0    1.08e+00    0    7.63e-01
2014 08 16  1210    56885   43800      0    1.08e+00    0    7.63e-01
2014 08 16  1215    56885   44100      0    1.10e+00    0    7.84e-01
2014 08 16  1220    56885   44400      0    1.09e+00    0    7.75e-01
2014 08 16  1225    56885   44700      0    1.10e+00    0    7.78e-01
2014 08 16  1230    56885   45000      0    1.10e+00    0    7.71e-01
2014 08 16  1235    56885   45300      0    1.09e+00    0    7.75e-01
2014 08 16  1240    56885   45600      0    1.10e+00    0    7.81e-01
2014 08 16  1245    56885   45900      0    1.10e+00    0    7.84e-01
2014 08 16  1250    56885   46200      0    1.09e+00    0    7.66e-01
2014 08 16  1255    56885   46500      0    1.11e+00    0    7.79e-01
2014 08 16  1300    56885   46800      0    1.11e+00    0    7.76e-01
2014 08 16  1305    56885   47100      0    1.11e+00    0    7.73e-01
2014 08 16  1310    56885   47400      0    1.07e+00    0    7.52e-01
2014 08 16  1315    56885   47700      0    1.13e+00    0    7.92e-01
2014 08 16  1320    56885   48000      0    1.09e+00    0    7.72e-01
2014 08 16  1325    56885   48300      0    1.10e+00    0    7.77e-01
2014 08 16  1330    56885   48600      0    1.10e+00    0    7.74e-01
2014 08 16  1335    56885   48900      0    1.09e+00    0    7.73e-01
2014 08 16  1340    56885   49200      0    1.11e+00    0    7.84e-01
2014 08 16  1345    56885   49500      0    1.08e+00    0    7.69e-01
2014 08 16  1350    56885   49800      0    1.11e+00    0    7.87e-01
2014 08 16  1355    56885   50100      0    1.09e+00    0    7.66e-01
2014 08 16  1400    56885   50400      0    1.11e+00    0    7.88e-01
2014 08 16  1405    56885   50700      0    1.10e+00    0    7.68e-01
2014 08 16  1410    56885   51000      0    1.12e+00    0    7.92e-01
2014 08 16  1415    56885   51300      0    1.09e+00    0    7.69e-01
2014 08 16  1420    56885   51600      0    1.08e+00    0    7.66e-01
2014 08 16  1425    56885   51900      0    1.12e+00    0    7.95e-01
2014 08 16  1430    56885   52200      0    1.09e+00    0    7.70e-01
2014 08 16  1435    56885   52500      0    1.08e+00    0    7.61e-01
2014 08 16  1440    56885   52800      0    1.13e+00    0    7.97e-01
2014 08 16  1445    56885   53100      0    1.12e+00    0    7.85e-01
2014 08 16  1450    56885   53400      0    1.09e+00    0    7.83e-01
2014 08 16  1455    56885   53700      0    1.12e+00    0    7.87e-01
2014 08 16  1500    56885   54000      0    1.09e+00    0    7.80e-01
2014 08 16  1505    56885   54300      0    1.12e+00    0    7.84e-01
2014 08 16  1510    56885   54600      0    1.10e+00    0    7.74e-01
2014 08 16  1515    56885   54900      0    1.13e+00    0    7.93e-01
2014 08 16  1520    56885   55200      0    1.09e+00    0    7.64e-01
2014 08 16  1525    56885   55500      0    1.09e+00    0    7.67e-01
2014 08 16  1530    56885   55800      0    1.09e+00    0    7.69e-01
2014 08 16  1535    56885   56100      0    1.10e+00    0    7.78e-01
2014 08 16  1540    56885   56400      0    1.09e+00    0    7.62e-01
2014 08 16  1545    56885   56700      0    1.05e+00    0    7.35e-01
2014 08 16  1550    56885   57000      0    1.12e+00    0    7.87e-01
2014 08 16  1555    56885   57300      0    1.08e+00    0    7.70e-01
2014 08 16  1600    56885   57600      0    1.08e+00    0    7.61e-01
2014 08 16  1605    56885   57900      0    1.12e+00    0    7.91e-01
2014 08 16  1610    56885   58200      0    1.10e+00    0    7.69e-01
2014 08 16  1615    56885   58500      0    1.10e+00    0    7.72e-01
2014 08 16  1620    56885   58800      0    1.11e+00    0    7.76e-01
2014 08 16  1625    56885   59100      0    1.08e+00    0    7.49e-01
2014 08 16  1630    56885   59400      0    1.11e+00    0    7.85e-01
2014 08 16  1635    56885   59700      0    1.11e+00    0    7.88e-01
2014 08 16  1640    56885   60000      0    1.10e+00    0    7.80e-01
2014 08 16  1645    56885   60300      0    1.05e+00    0    7.41e-01
2014 08 16  1650    56885   60600      0    1.08e+00    0    7.80e-01
2014 08 16  1655    56885   60900      0    1.11e+00    0    7.88e-01
2014 08 16  1700    56885   61200      0    1.12e+00    0    7.96e-01
2014 08 16  1705    56885   61500      0    1.09e+00    0    7.77e-01
2014 08 16  1710    56885   61800      0    1.15e+00    0    8.21e-01
2014 08 16  1715    56885   62100      0    1.08e+00    0    7.52e-01
2014 08 16  1720    56885   62400      0    1.07e+00    0    7.60e-01
2014 08 16  1725    56885   62700      0    1.15e+00    0    8.26e-01
2014 08 16  1730    56885   63000      0    1.12e+00    0    7.80e-01
2014 08 16  1735    56885   63300      0    1.11e+00    0    7.85e-01
2014 08 16  1740    56885   63600      0    1.16e+00    0    8.17e-01
2014 08 16  1745    56885   63900      0    1.09e+00    0    7.60e-01
2014 08 16  1750    56885   64200      0    1.13e+00    0    8.05e-01
2014 08 16  1755    56885   64500      0    1.14e+00    0    8.02e-01
2014 08 16  1800    56885   64800      0    1.13e+00    0    8.09e-01
2014 08 16  1805    56885   65100      0    1.10e+00    0    7.82e-01
2014 08 16  1810    56885   65400      0    1.10e+00    0    7.90e-01
2014 08 16  1815    56885   65700      0    1.07e+00    0    7.61e-01
2014 08 16  1820    56885   66000      0    1.07e+00    0    7.49e-01
2014 08 16  1825    56885   66300      0    1.14e+00    0    7.94e-01
2014 08 16  1830    56885   66600      0    1.11e+00    0    7.77e-01
2014 08 16  1835    56885   66900      0    1.10e+00    0    7.80e-01
2014 08 16  1840    56885   67200      0    1.08e+00    0    7.80e-01
2014 08 16  1845    56885   67500      0    1.06e+00    0    7.57e-01
2014 08 16  1850    56885   67800      0    1.09e+00    0    7.69e-01
2014 08 16  1855    56885   68100      0    1.09e+00    0    7.72e-01
2014 08 16  1900    56885   68400      0    1.14e+00    0    8.00e-01
2014 08 16  1905    56885   68700      0    1.08e+00    0    7.73e-01
2014 08 16  1910    56885   69000      0    1.13e+00    0    8.10e-01
2014 08 16  1915    56885   69300      0    1.08e+00    0    7.70e-01
2014 08 16  1920    56885   69600      0    1.11e+00    0    7.76e-01
2014 08 16  1925    56885   69900      0    1.16e+00    0    8.18e-01
2014 08 16  1930    56885   70200      0    1.09e+00    0    7.68e-01
2014 08 16  1935    56885   70500      0    1.13e+00    0    8.06e-01
2014 08 16  1940    56885   70800      0    1.09e+00    0    7.73e-01
2014 08 16  1945    56885   71100      0    1.07e+00    0    7.51e-01
2014 08 16  1950    56885   71400      0    1.08e+00    0    7.57e-01
2014 08 16  1955    56885   71700      0    1.07e+00    0    7.58e-01
2014 08 16  2000    56885   72000      0    1.14e+00    0    7.96e-01
2014 08 16  2005    56885   72300      0    1.10e+00    0    7.78e-01
2014 08 16  2010    56885   72600      0    1.10e+00    0    7.84e-01
2014 08 16  2015    56885   72900      0    1.12e+00    0    7.80e-01
2014 08 16  2020    56885   73200      0    1.09e+00    0    7.75e-01
2014 08 16  2025    56885   73500      0    1.10e+00    0    7.80e-01
2014 08 16  2030    56885   73800      0    1.13e+00    0    8.05e-01
2014 08 16  2035    56885   74100      0    1.11e+00    0    7.77e-01
2014 08 16  2040    56885   74400      0    1.10e+00    0    7.78e-01
2014 08 16  2045    56885   74700      0    1.09e+00    0    7.59e-01
2014 08 16  2050    56885   75000      0    1.09e+00    0    7.69e-01
2014 08 16  2055    56885   75300      0    1.09e+00    0    7.70e-01
2014 08 16  2100    56885   75600      0    1.12e+00    0    7.84e-01
2014 08 16  2105    56885   75900      0    1.12e+00    0    7.85e-01
2014 08 16  2110    56885   76200      0    1.08e+00    0    7.49e-01
2014 08 16  2115    56885   76500      0    1.11e+00    0    7.84e-01
2014 08 16  2120    56885   76800      0    1.09e+00    0    7.73e-01
2014 08 16  2125    56885   77100      0    1.10e+00    0    7.75e-01
2014 08 16  2130    56885   77400      0    1.11e+00    0    7.81e-01
2014 08 16  2135    56885   77700      0    1.09e+00    0    7.68e-01
2014 08 16  2140    56885   78000      0    1.13e+00    0    7.99e-01
2014 08 16  2145    56885   78300      0    1.12e+00    0    7.96e-01
2014 08 16  2150    56885   78600      0    1.10e+00    0    7.78e-01
2014 08 16  2155    56885   78900      0    1.13e+00    0    7.97e-01
2014 08 16  2200    56885   79200      0    1.11e+00    0    7.75e-01
2014 08 16  2205    56885   79500      0    1.10e+00    0    7.76e-01
2014 08 16  2210    56885   79800      0    1.11e+00    0    7.86e-01
2014 08 16  2215    56885   80100      0    1.14e+00    0    8.10e-01
2014 08 16  2220    56885   80400      0    1.13e+00    0    7.97e-01
2014 08 16  2225    56885   80700      0    1.13e+00    0    7.97e-01
2014 08 16  2230    56885   81000      0    1.09e+00    0    7.67e-01
2014 08 16  2235    56885   81300      0    1.10e+00    0    7.70e-01
2014 08 16  2240    56885   81600      0    1.11e+00    0    7.74e-01
2014 08 16  2245    56885   81900      0    1.09e+00    0    7.60e-01
2014 08 16  2250    56885   82200      0    1.10e+00    0    7.73e-01
2014 08 16  2255    56885   82500      0    1.12e+00    0    7.90e-01
2014 08 16  2300    56885   82800      0    1.11e+00    0    7.86e-01
2014 08 16  2305    56885   83100      0    1.11e+00    0    7.85e-01
2014 08 16  2310    56885   83400      0    1.10e+00    0    7.74e-01
2014 08 16  2315    56885   83700      0    1.10e+00    0    7.78e-01
2014 08 16  2320    56885   84000      0    1.10e+00    0    7.65e-01
2014 08 16  2325    56885   84300      0    1.09e+00    0    7.63e-01
2014 08 16  2330    56885   84600      0    1.13e+00    0    7.88e-01
2014 08 16  2335    56885   84900      0    1.10e+00    0    7.75e-01
2014 08 16  2340    56885   85200      0    1.12e+00    0    7.95e-01
2014 08 16  2345    56885   85500      0    1.12e+00    0    7.97e-01
2014 08 16  2350    56885   85800      0    1.13e+00    0    7.95e-01
2014 08 16  2355    56885   86100      0    1.10e+00    0    7.78e-01
