:Data_list: 20140602_ace_sis_5m.txt
:Created: 2014 Jun 03 0011 UT
# Prepared by the U.S. Dept. of Commerce, NOAA, Space Weather Prediction Center
# Please send comments and suggestions to SWPC.Webmaster@noaa.gov 
# 
# Units: proton flux p/cs2-sec-ster
# Status(S): 0 = nominal data, 1 to 8 = bad data record, 9 = no data
# Missing data values: -1.00e+05
# Source: ACE Satellite - Solar Isotope Spectrometer
#
# 5-minute averaged Real-time Integral Flux of High-energy Solar Protons
# 
#                 Modified Seconds
# UT Date   Time   Julian  of the      ---- Integral Proton Flux ----
# YR MO DA  HHMM     Day     Day       S    > 10 MeV    S    > 30 MeV
#--------------------------------------------------------------------
2014 06 02  0000    56810       0      0    1.01e+00    0    7.08e-01
2014 06 02  0005    56810     300      0    1.04e+00    0    7.38e-01
2014 06 02  0010    56810     600      0    1.03e+00    0    7.33e-01
2014 06 02  0015    56810     900      0    1.04e+00    0    7.26e-01
2014 06 02  0020    56810    1200      0    1.04e+00    0    7.38e-01
2014 06 02  0025    56810    1500      0    1.03e+00    0    7.26e-01
2014 06 02  0030    56810    1800      0    1.04e+00    0    7.29e-01
2014 06 02  0035    56810    2100      0    1.04e+00    0    7.41e-01
2014 06 02  0040    56810    2400      0    1.04e+00    0    7.26e-01
2014 06 02  0045    56810    2700      0    1.01e+00    0    7.10e-01
2014 06 02  0050    56810    3000      0    1.02e+00    0    7.07e-01
2014 06 02  0055    56810    3300      0    1.06e+00    0    7.48e-01
2014 06 02  0100    56810    3600      0    1.03e+00    0    7.19e-01
2014 06 02  0105    56810    3900      0    1.05e+00    0    7.38e-01
2014 06 02  0110    56810    4200      0    1.07e+00    0    7.59e-01
2014 06 02  0115    56810    4500      0    9.87e-01    0    6.90e-01
2014 06 02  0120    56810    4800      0    1.05e+00    0    7.39e-01
2014 06 02  0125    56810    5100      0    1.01e+00    0    7.11e-01
2014 06 02  0130    56810    5400      0    1.06e+00    0    7.53e-01
2014 06 02  0135    56810    5700      0    1.05e+00    0    7.43e-01
2014 06 02  0140    56810    6000      0    1.01e+00    0    7.08e-01
2014 06 02  0145    56810    6300      0    1.10e+00    0    7.80e-01
2014 06 02  0150    56810    6600      0    1.15e+00    0    8.29e-01
2014 06 02  0155    56810    6900      0    1.17e+00    0    8.11e-01
2014 06 02  0200    56810    7200      0    1.18e+00    0    8.30e-01
2014 06 02  0205    56810    7500      0    1.10e+00    0    7.71e-01
2014 06 02  0210    56810    7800      0    1.13e+00    0    7.93e-01
2014 06 02  0215    56810    8100      0    1.07e+00    0    7.59e-01
2014 06 02  0220    56810    8400      0    1.03e+00    0    7.28e-01
2014 06 02  0225    56810    8700      0    1.06e+00    0    7.51e-01
2014 06 02  0230    56810    9000      0    1.06e+00    0    7.51e-01
2014 06 02  0235    56810    9300      0    1.03e+00    0    7.16e-01
2014 06 02  0240    56810    9600      0    1.06e+00    0    7.45e-01
2014 06 02  0245    56810    9900      0    1.02e+00    0    7.16e-01
2014 06 02  0250    56810   10200      0    1.05e+00    0    7.37e-01
2014 06 02  0255    56810   10500      0    1.02e+00    0    7.09e-01
2014 06 02  0300    56810   10800      0    1.04e+00    0    7.45e-01
2014 06 02  0305    56810   11100      0    1.04e+00    0    7.36e-01
2014 06 02  0310    56810   11400      0    1.05e+00    0    7.37e-01
2014 06 02  0315    56810   11700      0    1.01e+00    0    7.04e-01
2014 06 02  0320    56810   12000      0    1.05e+00    0    7.25e-01
2014 06 02  0325    56810   12300      0    1.04e+00    0    7.23e-01
2014 06 02  0330    56810   12600      0    1.06e+00    0    7.50e-01
2014 06 02  0335    56810   12900      0    1.04e+00    0    7.36e-01
2014 06 02  0340    56810   13200      0    1.05e+00    0    7.48e-01
2014 06 02  0345    56810   13500      0    1.03e+00    0    7.20e-01
2014 06 02  0350    56810   13800      0    1.05e+00    0    7.48e-01
2014 06 02  0355    56810   14100      0    1.04e+00    0    7.28e-01
2014 06 02  0400    56810   14400      0    1.06e+00    0    7.45e-01
2014 06 02  0405    56810   14700      0    1.17e+00    0    8.28e-01
2014 06 02  0410    56810   15000      0    1.17e+00    0    8.21e-01
2014 06 02  0415    56810   15300      0    1.17e+00    0    8.32e-01
2014 06 02  0420    56810   15600      0    1.12e+00    0    7.89e-01
2014 06 02  0425    56810   15900      0    1.11e+00    0    7.88e-01
2014 06 02  0430    56810   16200      0    1.08e+00    0    7.59e-01
2014 06 02  0435    56810   16500      0    1.05e+00    0    7.44e-01
2014 06 02  0440    56810   16800      0    1.04e+00    0    7.31e-01
2014 06 02  0445    56810   17100      0    1.06e+00    0    7.54e-01
2014 06 02  0450    56810   17400      0    1.05e+00    0    7.45e-01
2014 06 02  0455    56810   17700      0    1.06e+00    0    7.41e-01
2014 06 02  0500    56810   18000      0    1.04e+00    0    7.32e-01
2014 06 02  0505    56810   18300      0    1.03e+00    0    7.26e-01
2014 06 02  0510    56810   18600      0    1.05e+00    0    7.33e-01
2014 06 02  0515    56810   18900      0    1.02e+00    0    7.25e-01
2014 06 02  0520    56810   19200      0    1.07e+00    0    7.51e-01
2014 06 02  0525    56810   19500      0    1.06e+00    0    7.52e-01
2014 06 02  0530    56810   19800      0    1.05e+00    0    7.42e-01
2014 06 02  0535    56810   20100      0    1.04e+00    0    7.32e-01
2014 06 02  0540    56810   20400      0    1.03e+00    0    7.24e-01
2014 06 02  0545    56810   20700      0    1.04e+00    0    7.37e-01
2014 06 02  0550    56810   21000      0    1.03e+00    0    7.24e-01
2014 06 02  0555    56810   21300      0    1.05e+00    0    7.38e-01
2014 06 02  0600    56810   21600      0    1.05e+00    0    7.36e-01
2014 06 02  0605    56810   21900      0    1.04e+00    0    7.22e-01
2014 06 02  0610    56810   22200      0    1.07e+00    0    7.43e-01
2014 06 02  0615    56810   22500      0    1.05e+00    0    7.48e-01
2014 06 02  0620    56810   22800      0    1.15e+00    0    8.14e-01
2014 06 02  0625    56810   23100      0    1.15e+00    0    8.23e-01
2014 06 02  0630    56810   23400      0    1.15e+00    0    8.05e-01
2014 06 02  0635    56810   23700      0    1.14e+00    0    8.11e-01
2014 06 02  0640    56810   24000      0    1.11e+00    0    7.73e-01
2014 06 02  0645    56810   24300      0    1.02e+00    0    7.24e-01
2014 06 02  0650    56810   24600      0    1.02e+00    0    7.20e-01
2014 06 02  0655    56810   24900      0    1.05e+00    0    7.39e-01
2014 06 02  0700    56810   25200      0    1.08e+00    0    7.57e-01
2014 06 02  0705    56810   25500      0    1.04e+00    0    7.37e-01
2014 06 02  0710    56810   25800      0    1.07e+00    0    7.60e-01
2014 06 02  0715    56810   26100      0    1.04e+00    0    7.26e-01
2014 06 02  0720    56810   26400      0    1.04e+00    0    7.41e-01
2014 06 02  0725    56810   26700      0    1.05e+00    0    7.35e-01
2014 06 02  0730    56810   27000      0    1.05e+00    0    7.43e-01
2014 06 02  0735    56810   27300      0    1.07e+00    0    7.51e-01
2014 06 02  0740    56810   27600      0    1.03e+00    0    7.20e-01
2014 06 02  0745    56810   27900      0    1.04e+00    0    7.37e-01
2014 06 02  0750    56810   28200      0    1.06e+00    0    7.39e-01
2014 06 02  0755    56810   28500      0    1.05e+00    0    7.36e-01
2014 06 02  0800    56810   28800      0    1.06e+00    0    7.45e-01
2014 06 02  0805    56810   29100      0    1.05e+00    0    7.41e-01
2014 06 02  0810    56810   29400      0    1.06e+00    0    7.48e-01
2014 06 02  0815    56810   29700      0    1.05e+00    0    7.42e-01
2014 06 02  0820    56810   30000      0    1.04e+00    0    7.35e-01
2014 06 02  0825    56810   30300      0    1.03e+00    0    7.16e-01
2014 06 02  0830    56810   30600      0    1.06e+00    0    7.49e-01
2014 06 02  0835    56810   30900      0    1.09e+00    0    7.65e-01
2014 06 02  0840    56810   31200      0    1.15e+00    0    8.13e-01
2014 06 02  0845    56810   31500      0    1.15e+00    0    8.23e-01
2014 06 02  0850    56810   31800      0    1.15e+00    0    8.10e-01
2014 06 02  0855    56810   32100      0    1.15e+00    0    8.17e-01
2014 06 02  0900    56810   32400      0    1.10e+00    0    7.73e-01
2014 06 02  0905    56810   32700      0    1.05e+00    0    7.46e-01
2014 06 02  0910    56810   33000      0    1.07e+00    0    7.53e-01
2014 06 02  0915    56810   33300      0    1.08e+00    0    7.60e-01
2014 06 02  0920    56810   33600      0    1.04e+00    0    7.24e-01
2014 06 02  0925    56810   33900      0    1.05e+00    0    7.36e-01
2014 06 02  0930    56810   34200      0    1.05e+00    0    7.51e-01
2014 06 02  0935    56810   34500      0    1.01e+00    0    7.09e-01
2014 06 02  0940    56810   34800      0    1.04e+00    0    7.33e-01
2014 06 02  0945    56810   35100      0    1.08e+00    0    7.47e-01
2014 06 02  0950    56810   35400      0    1.09e+00    0    7.71e-01
2014 06 02  0955    56810   35700      0    1.04e+00    0    7.38e-01
2014 06 02  1000    56810   36000      0    1.02e+00    0    7.19e-01
2014 06 02  1005    56810   36300      0    1.03e+00    0    7.29e-01
2014 06 02  1010    56810   36600      0    1.02e+00    0    7.14e-01
2014 06 02  1015    56810   36900      0    1.04e+00    0    7.37e-01
2014 06 02  1020    56810   37200      0    1.04e+00    0    7.42e-01
2014 06 02  1025    56810   37500      0    1.02e+00    0    7.18e-01
2014 06 02  1030    56810   37800      0    1.04e+00    0    7.23e-01
2014 06 02  1035    56810   38100      0    1.05e+00    0    7.43e-01
2014 06 02  1040    56810   38400      0    1.05e+00    0    7.37e-01
2014 06 02  1045    56810   38700      0    1.03e+00    0    7.26e-01
2014 06 02  1050    56810   39000      0    1.02e+00    0    7.21e-01
2014 06 02  1055    56810   39300      0    1.16e+00    0    8.22e-01
2014 06 02  1100    56810   39600      0    1.16e+00    0    8.23e-01
2014 06 02  1105    56810   39900      0    1.16e+00    0    8.24e-01
2014 06 02  1110    56810   40200      0    1.13e+00    0    7.96e-01
2014 06 02  1115    56810   40500      0    1.12e+00    0    7.99e-01
2014 06 02  1120    56810   40800      0    1.05e+00    0    7.32e-01
2014 06 02  1125    56810   41100      0    1.09e+00    0    7.74e-01
2014 06 02  1130    56810   41400      0    1.04e+00    0    7.40e-01
2014 06 02  1135    56810   41700      0    1.04e+00    0    7.29e-01
2014 06 02  1140    56810   42000      0    1.04e+00    0    7.33e-01
2014 06 02  1145    56810   42300      0    1.02e+00    0    7.19e-01
2014 06 02  1150    56810   42600      0    1.05e+00    0    7.37e-01
2014 06 02  1155    56810   42900      0    1.03e+00    0    7.35e-01
2014 06 02  1200    56810   43200      0    1.07e+00    0    7.52e-01
2014 06 02  1205    56810   43500      0    1.09e+00    0    7.74e-01
2014 06 02  1210    56810   43800      0    1.06e+00    0    7.35e-01
2014 06 02  1215    56810   44100      0    1.03e+00    0    7.29e-01
2014 06 02  1220    56810   44400      0    1.03e+00    0    7.26e-01
2014 06 02  1225    56810   44700      0    1.02e+00    0    7.31e-01
2014 06 02  1230    56810   45000      0    1.04e+00    0    7.30e-01
2014 06 02  1235    56810   45300      0    1.04e+00    0    7.41e-01
2014 06 02  1240    56810   45600      0    1.03e+00    0    7.28e-01
2014 06 02  1245    56810   45900      0    1.04e+00    0    7.35e-01
2014 06 02  1250    56810   46200      0    1.04e+00    0    7.23e-01
2014 06 02  1255    56810   46500      0    1.03e+00    0    7.22e-01
2014 06 02  1300    56810   46800      0    1.02e+00    0    7.20e-01
2014 06 02  1305    56810   47100      0    1.04e+00    0    7.35e-01
2014 06 02  1310    56810   47400      0    1.12e+00    0    7.99e-01
2014 06 02  1315    56810   47700      0    1.13e+00    0    8.00e-01
2014 06 02  1320    56810   48000      0    1.17e+00    0    8.31e-01
2014 06 02  1325    56810   48300      0    1.14e+00    0    8.14e-01
2014 06 02  1330    56810   48600      0    1.09e+00    0    7.70e-01
2014 06 02  1335    56810   48900      0    1.07e+00    0    7.54e-01
2014 06 02  1340    56810   49200      0    1.04e+00    0    7.35e-01
2014 06 02  1345    56810   49500      0    1.06e+00    0    7.49e-01
2014 06 02  1350    56810   49800      0    1.05e+00    0    7.45e-01
2014 06 02  1355    56810   50100      0    1.06e+00    0    7.49e-01
2014 06 02  1400    56810   50400      0    1.06e+00    0    7.48e-01
2014 06 02  1405    56810   50700      0    1.05e+00    0    7.45e-01
2014 06 02  1410    56810   51000      0    1.08e+00    0    7.68e-01
2014 06 02  1415    56810   51300      0    1.08e+00    0    7.63e-01
2014 06 02  1420    56810   51600      0    1.09e+00    0    7.72e-01
2014 06 02  1425    56810   51900      0    1.07e+00    0    7.58e-01
2014 06 02  1430    56810   52200      0    1.04e+00    0    7.30e-01
2014 06 02  1435    56810   52500      0    1.06e+00    0    7.38e-01
2014 06 02  1440    56810   52800      0    1.03e+00    0    7.29e-01
2014 06 02  1445    56810   53100      0    1.05e+00    0    7.38e-01
2014 06 02  1450    56810   53400      0    1.02e+00    0    7.16e-01
2014 06 02  1455    56810   53700      0    1.04e+00    0    7.35e-01
2014 06 02  1500    56810   54000      0    1.07e+00    0    7.59e-01
2014 06 02  1505    56810   54300      0    1.04e+00    0    7.36e-01
2014 06 02  1510    56810   54600      0    1.05e+00    0    7.49e-01
2014 06 02  1515    56810   54900      0    1.06e+00    0    7.53e-01
2014 06 02  1520    56810   55200      0    1.05e+00    0    7.40e-01
2014 06 02  1525    56810   55500      0    1.11e+00    0    7.74e-01
2014 06 02  1530    56810   55800      0    1.15e+00    0    8.21e-01
2014 06 02  1535    56810   56100      0    1.18e+00    0    8.34e-01
2014 06 02  1540    56810   56400      0    1.20e+00    0    8.53e-01
2014 06 02  1545    56810   56700      0    1.10e+00    0    7.86e-01
2014 06 02  1550    56810   57000      0    1.06e+00    0    7.48e-01
2014 06 02  1555    56810   57300      0    1.04e+00    0    7.26e-01
2014 06 02  1600    56810   57600      0    1.07e+00    0    7.59e-01
2014 06 02  1605    56810   57900      0    1.06e+00    0    7.45e-01
2014 06 02  1610    56810   58200      0    1.01e+00    0    7.15e-01
2014 06 02  1615    56810   58500      0    1.03e+00    0    7.30e-01
2014 06 02  1620    56810   58800      0    1.04e+00    0    7.30e-01
2014 06 02  1625    56810   59100      0    1.06e+00    0    7.43e-01
2014 06 02  1630    56810   59400      0    1.07e+00    0    7.59e-01
2014 06 02  1635    56810   59700      0    1.07e+00    0    7.60e-01
2014 06 02  1640    56810   60000      0    1.04e+00    0    7.32e-01
2014 06 02  1645    56810   60300      0    1.05e+00    0    7.38e-01
2014 06 02  1650    56810   60600      0    1.04e+00    0    7.29e-01
2014 06 02  1655    56810   60900      0    1.05e+00    0    7.40e-01
2014 06 02  1700    56810   61200      0    1.05e+00    0    7.38e-01
2014 06 02  1705    56810   61500      0    1.02e+00    0    7.24e-01
2014 06 02  1710    56810   61800      0    1.04e+00    0    7.43e-01
2014 06 02  1715    56810   62100      0    1.04e+00    0    7.36e-01
2014 06 02  1720    56810   62400      0    1.04e+00    0    7.29e-01
2014 06 02  1725    56810   62700      0    1.05e+00    0    7.45e-01
2014 06 02  1730    56810   63000      0    1.07e+00    0    7.57e-01
2014 06 02  1735    56810   63300      0    1.05e+00    0    7.40e-01
2014 06 02  1740    56810   63600      0    1.04e+00    0    7.32e-01
2014 06 02  1745    56810   63900      0    1.12e+00    0    7.89e-01
2014 06 02  1750    56810   64200      0    1.17e+00    0    8.22e-01
2014 06 02  1755    56810   64500      0    1.17e+00    0    8.34e-01
2014 06 02  1800    56810   64800      0    1.13e+00    0    8.06e-01
2014 06 02  1805    56810   65100      0    1.11e+00    0    7.80e-01
2014 06 02  1810    56810   65400      0    1.05e+00    0    7.39e-01
2014 06 02  1815    56810   65700      0    1.07e+00    0    7.59e-01
2014 06 02  1820    56810   66000      0    1.06e+00    0    7.41e-01
2014 06 02  1825    56810   66300      0    1.03e+00    0    7.29e-01
2014 06 02  1830    56810   66600      0    1.04e+00    0    7.43e-01
2014 06 02  1835    56810   66900      0    1.06e+00    0    7.43e-01
2014 06 02  1840    56810   67200      0    1.05e+00    0    7.47e-01
2014 06 02  1845    56810   67500      0    1.09e+00    0    7.69e-01
2014 06 02  1850    56810   67800      0    1.04e+00    0    7.36e-01
2014 06 02  1855    56810   68100      0    1.10e+00    0    7.81e-01
2014 06 02  1900    56810   68400      0    1.06e+00    0    7.48e-01
2014 06 02  1905    56810   68700      0    1.04e+00    0    7.34e-01
2014 06 02  1910    56810   69000      0    1.05e+00    0    7.50e-01
2014 06 02  1915    56810   69300      0    1.06e+00    0    7.52e-01
2014 06 02  1920    56810   69600      0    1.05e+00    0    7.41e-01
2014 06 02  1925    56810   69900      0    1.05e+00    0    7.38e-01
2014 06 02  1930    56810   70200      0    1.05e+00    0    7.31e-01
2014 06 02  1935    56810   70500      0    1.05e+00    0    7.51e-01
2014 06 02  1940    56810   70800      0    1.06e+00    0    7.48e-01
2014 06 02  1945    56810   71100      0    1.02e+00    0    7.08e-01
2014 06 02  1950    56810   71400      0    1.03e+00    0    7.24e-01
2014 06 02  1955    56810   71700      0    1.07e+00    0    7.65e-01
2014 06 02  2000    56810   72000      0    1.13e+00    0    8.01e-01
2014 06 02  2005    56810   72300      0    1.17e+00    0    8.12e-01
2014 06 02  2010    56810   72600      0    1.18e+00    0    8.38e-01
2014 06 02  2015    56810   72900      0    1.18e+00    0    8.42e-01
2014 06 02  2020    56810   73200      0    1.15e+00    0    8.14e-01
2014 06 02  2025    56810   73500      0    1.12e+00    0    7.84e-01
2014 06 02  2030    56810   73800      0    1.09e+00    0    7.67e-01
2014 06 02  2035    56810   74100      0    1.06e+00    0    7.48e-01
2014 06 02  2040    56810   74400      0    1.03e+00    0    7.29e-01
2014 06 02  2045    56810   74700      0    1.03e+00    0    7.30e-01
2014 06 02  2050    56810   75000      0    1.04e+00    0    7.29e-01
2014 06 02  2055    56810   75300      0    1.08e+00    0    7.48e-01
2014 06 02  2100    56810   75600      0    1.12e+00    0    7.86e-01
2014 06 02  2105    56810   75900      0    1.07e+00    0    7.42e-01
2014 06 02  2110    56810   76200      0    1.03e+00    0    7.23e-01
2014 06 02  2115    56810   76500      0    1.13e+00    0    7.94e-01
2014 06 02  2120    56810   76800      0    1.05e+00    0    7.40e-01
2014 06 02  2125    56810   77100      0    1.05e+00    0    7.41e-01
2014 06 02  2130    56810   77400      0    1.01e+00    0    7.26e-01
2014 06 02  2135    56810   77700      0    1.08e+00    0    7.69e-01
2014 06 02  2140    56810   78000      0    1.04e+00    0    7.32e-01
2014 06 02  2145    56810   78300      0    9.84e-01    0    6.79e-01
2014 06 02  2150    56810   78600      0    1.03e+00    0    7.29e-01
2014 06 02  2155    56810   78900      0    9.96e-01    0    7.01e-01
2014 06 02  2200    56810   79200      0    1.04e+00    0    7.42e-01
2014 06 02  2205    56810   79500      0    1.03e+00    0    7.32e-01
2014 06 02  2210    56810   79800      0    1.00e+00    0    7.17e-01
2014 06 02  2215    56810   80100      0    1.11e+00    0    7.87e-01
2014 06 02  2220    56810   80400      0    1.15e+00    0    8.10e-01
2014 06 02  2225    56810   80700      0    1.17e+00    0    8.26e-01
2014 06 02  2230    56810   81000      0    1.21e+00    0    8.48e-01
2014 06 02  2235    56810   81300      0    1.15e+00    0    8.14e-01
2014 06 02  2240    56810   81600      0    1.03e+00    0    7.32e-01
2014 06 02  2245    56810   81900      0    1.07e+00    0    7.54e-01
2014 06 02  2250    56810   82200      0    1.14e+00    0    8.16e-01
2014 06 02  2255    56810   82500      0    1.11e+00    0    7.84e-01
2014 06 02  2300    56810   82800      0    1.07e+00    0    7.53e-01
2014 06 02  2305    56810   83100      0    1.11e+00    0    7.76e-01
2014 06 02  2310    56810   83400      0    1.00e+00    0    6.93e-01
2014 06 02  2315    56810   83700      0    1.04e+00    0    7.50e-01
2014 06 02  2320    56810   84000      0    1.07e+00    0    7.71e-01
2014 06 02  2325    56810   84300      0    1.06e+00    0    7.56e-01
2014 06 02  2330    56810   84600      0    1.11e+00    0    7.94e-01
2014 06 02  2335    56810   84900      0    1.05e+00    0    7.42e-01
2014 06 02  2340    56810   85200      0    1.03e+00    0    7.17e-01
2014 06 02  2345    56810   85500      0    1.05e+00    0    7.41e-01
2014 06 02  2350    56810   85800      0    1.01e+00    0    6.97e-01
2014 06 02  2355    56810   86100      0    1.02e+00    0    7.15e-01
