:Data_list: 20141016_ace_sis_5m.txt
:Created: 2014 Oct 17 0011 UT
# Prepared by the U.S. Dept. of Commerce, NOAA, Space Weather Prediction Center
# Please send comments and suggestions to SWPC.Webmaster@noaa.gov 
# 
# Units: proton flux p/cs2-sec-ster
# Status(S): 0 = nominal data, 1 to 8 = bad data record, 9 = no data
# Missing data values: -1.00e+05
# Source: ACE Satellite - Solar Isotope Spectrometer
#
# 5-minute averaged Real-time Integral Flux of High-energy Solar Protons
# 
#                 Modified Seconds
# UT Date   Time   Julian  of the      ---- Integral Proton Flux ----
# YR MO DA  HHMM     Day     Day       S    > 10 MeV    S    > 30 MeV
#--------------------------------------------------------------------
2014 10 16  0000    56946       0      0    1.24e+00    0    8.83e-01
2014 10 16  0005    56946     300      0    1.26e+00    0    8.81e-01
2014 10 16  0010    56946     600      0    1.27e+00    0    8.88e-01
2014 10 16  0015    56946     900      0    1.27e+00    0    8.90e-01
2014 10 16  0020    56946    1200      0    1.27e+00    0    8.94e-01
2014 10 16  0025    56946    1500      0    1.27e+00    0    8.95e-01
2014 10 16  0030    56946    1800      0    1.26e+00    0    8.92e-01
2014 10 16  0035    56946    2100      0    1.27e+00    0    8.87e-01
2014 10 16  0040    56946    2400      0    1.29e+00    0    8.91e-01
2014 10 16  0045    56946    2700      0    1.24e+00    0    8.70e-01
2014 10 16  0050    56946    3000      0    1.27e+00    0    8.92e-01
2014 10 16  0055    56946    3300      0    1.25e+00    0    8.81e-01
2014 10 16  0100    56946    3600      0    1.29e+00    0    8.97e-01
2014 10 16  0105    56946    3900      0    1.26e+00    0    8.78e-01
2014 10 16  0110    56946    4200      0    1.25e+00    0    8.70e-01
2014 10 16  0115    56946    4500      0    1.24e+00    0    8.80e-01
2014 10 16  0120    56946    4800      0    1.24e+00    0    8.70e-01
2014 10 16  0125    56946    5100      0    1.25e+00    0    8.77e-01
2014 10 16  0130    56946    5400      0    1.28e+00    0    9.05e-01
2014 10 16  0135    56946    5700      0    1.26e+00    0    8.82e-01
2014 10 16  0140    56946    6000      0    1.25e+00    0    8.79e-01
2014 10 16  0145    56946    6300      0    1.28e+00    0    9.06e-01
2014 10 16  0150    56946    6600      0    1.26e+00    0    8.76e-01
2014 10 16  0155    56946    6900      0    1.25e+00    0    8.76e-01
2014 10 16  0200    56946    7200      0    1.25e+00    0    8.78e-01
2014 10 16  0205    56946    7500      0    1.25e+00    0    8.66e-01
2014 10 16  0210    56946    7800      0    1.27e+00    0    8.82e-01
2014 10 16  0215    56946    8100      0    1.27e+00    0    8.97e-01
2014 10 16  0220    56946    8400      0    1.28e+00    0    8.99e-01
2014 10 16  0225    56946    8700      0    1.31e+00    0    9.23e-01
2014 10 16  0230    56946    9000      0    1.27e+00    0    8.71e-01
2014 10 16  0235    56946    9300      0    1.29e+00    0    8.95e-01
2014 10 16  0240    56946    9600      0    1.28e+00    0    9.00e-01
2014 10 16  0245    56946    9900      0    1.28e+00    0    9.01e-01
2014 10 16  0250    56946   10200      0    1.28e+00    0    8.93e-01
2014 10 16  0255    56946   10500      0    1.28e+00    0    8.85e-01
2014 10 16  0300    56946   10800      0    1.29e+00    0    9.06e-01
2014 10 16  0305    56946   11100      0    1.29e+00    0    9.04e-01
2014 10 16  0310    56946   11400      0    1.26e+00    0    8.77e-01
2014 10 16  0315    56946   11700      0    1.27e+00    0    8.89e-01
2014 10 16  0320    56946   12000      0    1.27e+00    0    8.83e-01
2014 10 16  0325    56946   12300      0    1.29e+00    0    9.04e-01
2014 10 16  0330    56946   12600      0    1.28e+00    0    9.02e-01
2014 10 16  0335    56946   12900      0    1.26e+00    0    8.80e-01
2014 10 16  0340    56946   13200      0    1.28e+00    0    8.84e-01
2014 10 16  0345    56946   13500      0    1.28e+00    0    8.85e-01
2014 10 16  0350    56946   13800      0    1.29e+00    0    9.02e-01
2014 10 16  0355    56946   14100      0    1.25e+00    0    8.67e-01
2014 10 16  0400    56946   14400      0    1.28e+00    0    8.98e-01
2014 10 16  0405    56946   14700      0    1.29e+00    0    9.00e-01
2014 10 16  0410    56946   15000      0    1.28e+00    0    8.96e-01
2014 10 16  0415    56946   15300      0    1.27e+00    0    8.92e-01
2014 10 16  0420    56946   15600      0    1.29e+00    0    9.05e-01
2014 10 16  0425    56946   15900      0    1.27e+00    0    8.90e-01
2014 10 16  0430    56946   16200      0    1.30e+00    0    9.02e-01
2014 10 16  0435    56946   16500      0    1.30e+00    0    9.23e-01
2014 10 16  0440    56946   16800      0    1.28e+00    0    8.91e-01
2014 10 16  0445    56946   17100      0    1.27e+00    0    8.80e-01
2014 10 16  0450    56946   17400      0    1.28e+00    0    8.83e-01
2014 10 16  0455    56946   17700      0    1.29e+00    0    9.00e-01
2014 10 16  0500    56946   18000      0    1.28e+00    0    8.96e-01
2014 10 16  0505    56946   18300      0    1.29e+00    0    9.05e-01
2014 10 16  0510    56946   18600      0    1.28e+00    0    9.02e-01
2014 10 16  0515    56946   18900      0    1.32e+00    0    9.22e-01
2014 10 16  0520    56946   19200      0    1.24e+00    0    8.61e-01
2014 10 16  0525    56946   19500      0    1.29e+00    0    8.97e-01
2014 10 16  0530    56946   19800      0    1.30e+00    0    9.04e-01
2014 10 16  0535    56946   20100      0    1.30e+00    0    9.21e-01
2014 10 16  0540    56946   20400      0    1.30e+00    0    9.11e-01
2014 10 16  0545    56946   20700      0    1.30e+00    0    9.11e-01
2014 10 16  0550    56946   21000      0    1.26e+00    0    8.75e-01
2014 10 16  0555    56946   21300      0    1.27e+00    0    8.95e-01
2014 10 16  0600    56946   21600      0    1.28e+00    0    8.96e-01
2014 10 16  0605    56946   21900      0    1.29e+00    0    8.94e-01
2014 10 16  0610    56946   22200      0    1.27e+00    0    8.84e-01
2014 10 16  0615    56946   22500      0    1.28e+00    0    8.88e-01
2014 10 16  0620    56946   22800      0    1.29e+00    0    8.99e-01
2014 10 16  0625    56946   23100      0    1.28e+00    0    8.98e-01
2014 10 16  0630    56946   23400      0    1.29e+00    0    8.91e-01
2014 10 16  0635    56946   23700      0    1.27e+00    0    8.83e-01
2014 10 16  0640    56946   24000      0    1.29e+00    0    9.12e-01
2014 10 16  0645    56946   24300      0    1.29e+00    0    8.95e-01
2014 10 16  0650    56946   24600      0    1.26e+00    0    8.76e-01
2014 10 16  0655    56946   24900      0    1.32e+00    0    9.12e-01
2014 10 16  0700    56946   25200      0    1.30e+00    0    9.16e-01
2014 10 16  0705    56946   25500      0    1.27e+00    0    8.83e-01
2014 10 16  0710    56946   25800      0    1.29e+00    0    8.88e-01
2014 10 16  0715    56946   26100      0    1.32e+00    0    9.22e-01
2014 10 16  0720    56946   26400      0    1.31e+00    0    9.07e-01
2014 10 16  0725    56946   26700      0    1.33e+00    0    9.39e-01
2014 10 16  0730    56946   27000      0    1.32e+00    0    9.20e-01
2014 10 16  0735    56946   27300      0    1.36e+00    0    9.41e-01
2014 10 16  0740    56946   27600      0    1.30e+00    0    9.00e-01
2014 10 16  0745    56946   27900      0    1.31e+00    0    9.20e-01
2014 10 16  0750    56946   28200      0    1.33e+00    0    9.17e-01
2014 10 16  0755    56946   28500      0    1.30e+00    0    9.03e-01
2014 10 16  0800    56946   28800      0    1.34e+00    0    9.18e-01
2014 10 16  0805    56946   29100      0    1.30e+00    0    8.88e-01
2014 10 16  0810    56946   29400      0    1.33e+00    0    9.15e-01
2014 10 16  0815    56946   29700      0    1.29e+00    0    8.99e-01
2014 10 16  0820    56946   30000      0    1.36e+00    0    9.40e-01
2014 10 16  0825    56946   30300      0    1.33e+00    0    9.24e-01
2014 10 16  0830    56946   30600      0    1.35e+00    0    9.31e-01
2014 10 16  0835    56946   30900      0    1.31e+00    0    8.96e-01
2014 10 16  0840    56946   31200      0    1.26e+00    0    8.74e-01
2014 10 16  0845    56946   31500      0    1.35e+00    0    9.50e-01
2014 10 16  0850    56946   31800      0    1.28e+00    0    8.93e-01
2014 10 16  0855    56946   32100      0    1.32e+00    0    9.35e-01
2014 10 16  0900    56946   32400      0    1.34e+00    0    9.31e-01
2014 10 16  0905    56946   32700      0    1.30e+00    0    8.94e-01
2014 10 16  0910    56946   33000      0    1.35e+00    0    9.42e-01
2014 10 16  0915    56946   33300      0    1.25e+00    0    8.72e-01
2014 10 16  0920    56946   33600      0    1.32e+00    0    8.99e-01
2014 10 16  0925    56946   33900      0    1.33e+00    0    9.30e-01
2014 10 16  0930    56946   34200      0    1.28e+00    0    8.88e-01
2014 10 16  0935    56946   34500      0    1.34e+00    0    9.23e-01
2014 10 16  0940    56946   34800      0    1.35e+00    0    9.36e-01
2014 10 16  0945    56946   35100      0    1.35e+00    0    9.41e-01
2014 10 16  0950    56946   35400      0    1.32e+00    0    9.30e-01
2014 10 16  0955    56946   35700      0    1.28e+00    0    8.76e-01
2014 10 16  1000    56946   36000      0    1.29e+00    0    8.86e-01
2014 10 16  1005    56946   36300      0    1.31e+00    0    8.99e-01
2014 10 16  1010    56946   36600      0    1.30e+00    0    9.01e-01
2014 10 16  1015    56946   36900      0    1.25e+00    0    8.74e-01
2014 10 16  1020    56946   37200      0    1.29e+00    0    8.96e-01
2014 10 16  1025    56946   37500      0    1.40e+00    0    9.76e-01
2014 10 16  1030    56946   37800      0    1.27e+00    0    8.79e-01
2014 10 16  1035    56946   38100      0    1.28e+00    0    8.67e-01
2014 10 16  1040    56946   38400      0    1.34e+00    0    9.20e-01
2014 10 16  1045    56946   38700      0    1.33e+00    0    9.10e-01
2014 10 16  1050    56946   39000      0    1.32e+00    0    9.13e-01
2014 10 16  1055    56946   39300      0    1.29e+00    0    8.92e-01
2014 10 16  1100    56946   39600      0    1.31e+00    0    8.99e-01
2014 10 16  1105    56946   39900      0    1.35e+00    0    9.53e-01
2014 10 16  1110    56946   40200      0    1.33e+00    0    9.22e-01
2014 10 16  1115    56946   40500      0    1.32e+00    0    9.02e-01
2014 10 16  1120    56946   40800      0    1.25e+00    0    8.62e-01
2014 10 16  1125    56946   41100      0    1.31e+00    0    8.91e-01
2014 10 16  1130    56946   41400      0    1.33e+00    0    9.37e-01
2014 10 16  1135    56946   41700      0    1.31e+00    0    9.13e-01
2014 10 16  1140    56946   42000      0    1.35e+00    0    9.31e-01
2014 10 16  1145    56946   42300      0    1.33e+00    0    9.20e-01
2014 10 16  1150    56946   42600      0    1.31e+00    0    9.02e-01
2014 10 16  1155    56946   42900      0    1.32e+00    0    9.12e-01
2014 10 16  1200    56946   43200      0    1.32e+00    0    9.06e-01
2014 10 16  1205    56946   43500      0    1.32e+00    0    9.03e-01
2014 10 16  1210    56946   43800      0    1.30e+00    0    8.98e-01
2014 10 16  1215    56946   44100      0    1.34e+00    0    9.34e-01
2014 10 16  1220    56946   44400      0    1.32e+00    0    9.03e-01
2014 10 16  1225    56946   44700      0    1.29e+00    0    9.00e-01
2014 10 16  1230    56946   45000      0    1.31e+00    0    9.13e-01
2014 10 16  1235    56946   45300      0    1.32e+00    0    9.17e-01
2014 10 16  1240    56946   45600      0    1.29e+00    0    8.89e-01
2014 10 16  1245    56946   45900      0    1.35e+00    0    9.30e-01
2014 10 16  1250    56946   46200      0    1.34e+00    0    9.29e-01
2014 10 16  1255    56946   46500      0    1.28e+00    0    8.90e-01
2014 10 16  1300    56946   46800      0    1.31e+00    0    9.14e-01
2014 10 16  1305    56946   47100      0    1.30e+00    0    8.91e-01
2014 10 16  1310    56946   47400      0    1.33e+00    0    9.19e-01
2014 10 16  1315    56946   47700      0    1.32e+00    0    9.06e-01
2014 10 16  1320    56946   48000      0    1.29e+00    0    8.87e-01
2014 10 16  1325    56946   48300      0    1.31e+00    0    9.12e-01
2014 10 16  1330    56946   48600      0    1.31e+00    0    9.04e-01
2014 10 16  1335    56946   48900      0    1.31e+00    0    8.97e-01
2014 10 16  1340    56946   49200      0    1.31e+00    0    9.04e-01
2014 10 16  1345    56946   49500      0    1.33e+00    0    9.17e-01
2014 10 16  1350    56946   49800      0    1.33e+00    0    9.12e-01
2014 10 16  1355    56946   50100      0    1.31e+00    0    9.08e-01
2014 10 16  1400    56946   50400      0    1.31e+00    0    9.08e-01
2014 10 16  1405    56946   50700      0    1.30e+00    0    8.99e-01
2014 10 16  1410    56946   51000      0    1.34e+00    0    9.21e-01
2014 10 16  1415    56946   51300      0    1.32e+00    0    9.32e-01
2014 10 16  1420    56946   51600      0    1.31e+00    0    9.06e-01
2014 10 16  1425    56946   51900      0    1.29e+00    0    8.94e-01
2014 10 16  1430    56946   52200      0    1.34e+00    0    9.25e-01
2014 10 16  1435    56946   52500      0    1.30e+00    0    9.02e-01
2014 10 16  1440    56946   52800      0    1.35e+00    0    9.33e-01
2014 10 16  1445    56946   53100      0    1.31e+00    0    9.01e-01
2014 10 16  1450    56946   53400      0    1.34e+00    0    9.24e-01
2014 10 16  1455    56946   53700      0    1.30e+00    0    9.01e-01
2014 10 16  1500    56946   54000      0    1.35e+00    0    9.38e-01
2014 10 16  1505    56946   54300      0    1.31e+00    0    9.02e-01
2014 10 16  1510    56946   54600      0    1.33e+00    0    9.12e-01
2014 10 16  1515    56946   54900      0    1.34e+00    0    9.23e-01
2014 10 16  1520    56946   55200      0    1.30e+00    0    8.91e-01
2014 10 16  1525    56946   55500      0    1.37e+00    0    9.49e-01
2014 10 16  1530    56946   55800      0    1.29e+00    0    8.97e-01
2014 10 16  1535    56946   56100      0    1.33e+00    0    9.25e-01
2014 10 16  1540    56946   56400      0    1.29e+00    0    8.88e-01
2014 10 16  1545    56946   56700      0    1.31e+00    0    9.07e-01
2014 10 16  1550    56946   57000      0    1.32e+00    0    9.03e-01
2014 10 16  1555    56946   57300      0    1.30e+00    0    8.90e-01
2014 10 16  1600    56946   57600      0    1.32e+00    0    9.06e-01
2014 10 16  1605    56946   57900      0    1.32e+00    0    9.08e-01
2014 10 16  1610    56946   58200      0    1.32e+00    0    9.10e-01
2014 10 16  1615    56946   58500      0    1.31e+00    0    9.00e-01
2014 10 16  1620    56946   58800      0    1.30e+00    0    8.93e-01
2014 10 16  1625    56946   59100      0    1.34e+00    0    9.23e-01
2014 10 16  1630    56946   59400      0    1.34e+00    0    9.27e-01
2014 10 16  1635    56946   59700      0    1.32e+00    0    9.10e-01
2014 10 16  1640    56946   60000      0    1.33e+00    0    9.09e-01
2014 10 16  1645    56946   60300      0    1.33e+00    0    9.21e-01
2014 10 16  1650    56946   60600      0    1.32e+00    0    9.10e-01
2014 10 16  1655    56946   60900      0    1.31e+00    0    9.06e-01
2014 10 16  1700    56946   61200      0    1.31e+00    0    9.11e-01
2014 10 16  1705    56946   61500      0    1.33e+00    0    9.12e-01
2014 10 16  1710    56946   61800      0    1.35e+00    0    9.26e-01
2014 10 16  1715    56946   62100      0    1.32e+00    0    9.01e-01
2014 10 16  1720    56946   62400      0    1.32e+00    0    9.03e-01
2014 10 16  1725    56946   62700      0    1.34e+00    0    9.26e-01
2014 10 16  1730    56946   63000      0    1.34e+00    0    9.19e-01
2014 10 16  1735    56946   63300      0    1.37e+00    0    9.39e-01
2014 10 16  1740    56946   63600      0    1.35e+00    0    9.38e-01
2014 10 16  1745    56946   63900      0    1.35e+00    0    9.46e-01
2014 10 16  1750    56946   64200      0    1.34e+00    0    9.25e-01
2014 10 16  1755    56946   64500      0    1.31e+00    0    8.97e-01
2014 10 16  1800    56946   64800      0    1.33e+00    0    9.15e-01
2014 10 16  1805    56946   65100      0    1.33e+00    0    9.23e-01
2014 10 16  1810    56946   65400      0    1.29e+00    0    8.85e-01
2014 10 16  1815    56946   65700      0    1.34e+00    0    9.20e-01
2014 10 16  1820    56946   66000      0    1.29e+00    0    8.85e-01
2014 10 16  1825    56946   66300      0    1.31e+00    0    9.03e-01
2014 10 16  1830    56946   66600      0    1.31e+00    0    9.05e-01
2014 10 16  1835    56946   66900      0    1.32e+00    0    9.12e-01
2014 10 16  1840    56946   67200      0    1.32e+00    0    9.09e-01
2014 10 16  1845    56946   67500      0    1.32e+00    0    9.17e-01
2014 10 16  1850    56946   67800      0    1.34e+00    0    9.10e-01
2014 10 16  1855    56946   68100      0    1.35e+00    0    9.24e-01
2014 10 16  1900    56946   68400      0    1.36e+00    0    9.36e-01
2014 10 16  1905    56946   68700      0    1.33e+00    0    9.12e-01
2014 10 16  1910    56946   69000      0    1.30e+00    0    8.88e-01
2014 10 16  1915    56946   69300      0    1.35e+00    0    9.23e-01
2014 10 16  1920    56946   69600      0    1.33e+00    0    9.18e-01
2014 10 16  1925    56946   69900      0    1.32e+00    0    9.10e-01
2014 10 16  1930    56946   70200      0    1.34e+00    0    9.18e-01
2014 10 16  1935    56946   70500      0    1.30e+00    0    8.82e-01
2014 10 16  1940    56946   70800      0    1.34e+00    0    9.18e-01
2014 10 16  1945    56946   71100      0    1.32e+00    0    9.20e-01
2014 10 16  1950    56946   71400      0    1.37e+00    0    9.41e-01
2014 10 16  1955    56946   71700      0    1.33e+00    0    9.16e-01
2014 10 16  2000    56946   72000      0    1.33e+00    0    9.08e-01
2014 10 16  2005    56946   72300      0    1.33e+00    0    9.04e-01
2014 10 16  2010    56946   72600      0    1.30e+00    0    8.97e-01
2014 10 16  2015    56946   72900      0    1.35e+00    0    9.19e-01
2014 10 16  2020    56946   73200      0    1.29e+00    0    8.92e-01
2014 10 16  2025    56946   73500      0    1.35e+00    0    9.29e-01
2014 10 16  2030    56946   73800      0    1.32e+00    0    9.16e-01
2014 10 16  2035    56946   74100      0    1.33e+00    0    9.06e-01
2014 10 16  2040    56946   74400      0    1.37e+00    0    9.42e-01
2014 10 16  2045    56946   74700      0    1.35e+00    0    9.30e-01
2014 10 16  2050    56946   75000      0    1.32e+00    0    9.10e-01
2014 10 16  2055    56946   75300      0    1.32e+00    0    9.11e-01
2014 10 16  2100    56946   75600      0    1.35e+00    0    9.24e-01
2014 10 16  2105    56946   75900      0    1.35e+00    0    9.30e-01
2014 10 16  2110    56946   76200      0    1.32e+00    0    9.17e-01
2014 10 16  2115    56946   76500      0    1.33e+00    0    9.05e-01
2014 10 16  2120    56946   76800      0    1.34e+00    0    9.19e-01
2014 10 16  2125    56946   77100      0    1.35e+00    0    9.24e-01
2014 10 16  2130    56946   77400      0    1.35e+00    0    9.20e-01
2014 10 16  2135    56946   77700      0    1.38e+00    0    9.46e-01
2014 10 16  2140    56946   78000      0    1.34e+00    0    9.21e-01
2014 10 16  2145    56946   78300      0    1.35e+00    0    9.28e-01
2014 10 16  2150    56946   78600      0    1.36e+00    0    9.33e-01
2014 10 16  2155    56946   78900      0    1.38e+00    0    9.49e-01
2014 10 16  2200    56946   79200      0    1.34e+00    0    9.20e-01
2014 10 16  2205    56946   79500      0    1.34e+00    0    9.20e-01
2014 10 16  2210    56946   79800      0    1.37e+00    0    9.42e-01
2014 10 16  2215    56946   80100      0    1.35e+00    0    9.29e-01
2014 10 16  2220    56946   80400      0    1.37e+00    0    9.39e-01
2014 10 16  2225    56946   80700      0    1.34e+00    0    9.25e-01
2014 10 16  2230    56946   81000      0    1.34e+00    0    9.21e-01
2014 10 16  2235    56946   81300      0    1.33e+00    0    9.10e-01
2014 10 16  2240    56946   81600      0    1.36e+00    0    9.34e-01
2014 10 16  2245    56946   81900      0    1.36e+00    0    9.38e-01
2014 10 16  2250    56946   82200      0    1.33e+00    0    9.07e-01
2014 10 16  2255    56946   82500      0    1.32e+00    0    9.10e-01
2014 10 16  2300    56946   82800      0    1.31e+00    0    8.86e-01
2014 10 16  2305    56946   83100      0    1.32e+00    0    9.08e-01
2014 10 16  2310    56946   83400      0    1.34e+00    0    9.18e-01
2014 10 16  2315    56946   83700      0    1.35e+00    0    9.19e-01
2014 10 16  2320    56946   84000      0    1.35e+00    0    9.19e-01
2014 10 16  2325    56946   84300      0    1.35e+00    0    9.28e-01
2014 10 16  2330    56946   84600      0    1.36e+00    0    9.41e-01
2014 10 16  2335    56946   84900      0    1.35e+00    0    9.33e-01
2014 10 16  2340    56946   85200      0    1.31e+00    0    8.97e-01
2014 10 16  2345    56946   85500      0    1.32e+00    0    9.02e-01
2014 10 16  2350    56946   85800      0    1.33e+00    0    9.13e-01
2014 10 16  2355    56946   86100      0    1.35e+00    0    9.22e-01
