:Data_list: 20140518_ace_swepam_1m.txt
:Created: 2014 May 18 0901 UT
# Prepared by the U.S. Dept. of Commerce, NOAA, Space Weather Prediction Center
# Please send comments and suggestions to SWPC.Webmaster@noaa.gov 
# 
# Units: Proton density p/cc
# Units: Bulk speed km/s
# Units: Ion tempeture degrees K
# Status(S): 0 = nominal data, 1 to 8 = bad data record, 9 = no data
# Missing data values: Density and Speed = -9999.9, Temp. = -1.00e+05
# Source: ACE Satellite - Solar Wind Electron Proton Alpha Monitor
#
#   1-minute averaged Real-time Bulk Parameters of the Solar Wind Plasma
# 
#                Modified Seconds   -------------  Solar Wind  -----------
# UT Date   Time  Julian  of the          Proton      Bulk         Ion
# YR MO DA  HHMM    Day     Day     S    Density     Speed     Temperature
#-------------------------------------------------------------------------
2014 05 18  0000   56795       0    0        4.2      343.3     4.83e+04
2014 05 18  0001   56795      60    0        4.0      346.2     6.63e+04
2014 05 18  0002   56795     120    0        4.1      351.1     1.02e+05
2014 05 18  0003   56795     180    0        3.9      349.3     9.18e+04
2014 05 18  0004   56795     240    0        3.6      346.6     7.93e+04
2014 05 18  0005   56795     300    0        3.3      340.9     5.97e+04
2014 05 18  0006   56795     360    1        3.1      336.5     3.99e+04
2014 05 18  0007   56795     420    0        3.6      342.8     7.11e+04
2014 05 18  0008   56795     480    0        3.7      346.7     9.44e+04
2014 05 18  0009   56795     540    0        3.8      348.3     9.54e+04
2014 05 18  0010   56795     600    0        3.5      345.9     7.44e+04
2014 05 18  0011   56795     660    0        3.8      346.9     8.32e+04
2014 05 18  0012   56795     720    0        3.8      349.7     8.91e+04
2014 05 18  0013   56795     780    0        3.6      345.5     7.16e+04
2014 05 18  0014   56795     840    0        3.5      342.2     5.40e+04
2014 05 18  0015   56795     900    0        3.5      344.9     6.56e+04
2014 05 18  0016   56795     960    0        4.0      349.9     9.86e+04
2014 05 18  0017   56795    1020    0        3.8      348.7     9.49e+04
2014 05 18  0018   56795    1080    0        3.5      345.1     7.39e+04
2014 05 18  0019   56795    1140    0        3.3      342.2     6.36e+04
2014 05 18  0020   56795    1200    0        3.2      342.7     6.58e+04
2014 05 18  0021   56795    1260    0        3.2      341.7     6.20e+04
2014 05 18  0022   56795    1320    0        3.3      340.7     6.07e+04
2014 05 18  0023   56795    1380    0        3.3      344.1     7.17e+04
2014 05 18  0024   56795    1440    0        3.4      342.2     6.71e+04
2014 05 18  0025   56795    1500    0        3.6      354.3     1.12e+05
2014 05 18  0026   56795    1560    0        3.5      353.1     1.07e+05
2014 05 18  0027   56795    1620    0        3.3      341.7     6.02e+04
2014 05 18  0028   56795    1680    1        3.3      337.4     4.91e+04
2014 05 18  0029   56795    1740    0        3.5      344.0     7.41e+04
2014 05 18  0030   56795    1800    0        3.5      346.3     8.06e+04
2014 05 18  0031   56795    1860    0        3.5      341.9     6.62e+04
2014 05 18  0032   56795    1920    0        3.5      342.7     7.13e+04
2014 05 18  0033   56795    1980    0        3.3      345.7     7.80e+04
2014 05 18  0034   56795    2040    1        2.9      342.2     5.41e+04
2014 05 18  0035   56795    2100    0        2.8      339.3     4.77e+04
2014 05 18  0036   56795    2160    0        3.0      338.7     5.01e+04
2014 05 18  0037   56795    2220    0        3.0      337.5     4.59e+04
2014 05 18  0038   56795    2280    1        3.3      340.4     6.29e+04
2014 05 18  0039   56795    2340    0        4.7      344.0     7.32e+04
2014 05 18  0040   56795    2400    1        6.0      338.1     4.05e+04
2014 05 18  0041   56795    2460    0        3.7      341.8     7.22e+04
2014 05 18  0042   56795    2520    1        2.5      333.1     3.86e+04
2014 05 18  0043   56795    2580    0        3.2      351.0     1.26e+05
2014 05 18  0044   56795    2640    0        3.6      347.0     1.06e+05
2014 05 18  0045   56795    2700    0        2.8      332.5     3.38e+04
2014 05 18  0046   56795    2760    1        3.3      340.1     6.08e+04
2014 05 18  0047   56795    2820    0        3.4      343.5     8.32e+04
2014 05 18  0048   56795    2880    0        4.1      346.5     1.03e+05
2014 05 18  0049   56795    2940    0        3.5      347.5     1.00e+05
2014 05 18  0050   56795    3000    0        3.2      345.6     9.07e+04
2014 05 18  0051   56795    3060    1        3.3      345.4     8.78e+04
2014 05 18  0052   56795    3120    1        3.2      346.0     7.38e+04
2014 05 18  0053   56795    3180    0        3.1      349.3     7.30e+04
2014 05 18  0054   56795    3240    0        3.3      355.9     1.14e+05
2014 05 18  0055   56795    3300    1        3.6      359.9     1.57e+05
2014 05 18  0056   56795    3360    1        3.7      361.9     1.67e+05
2014 05 18  0057   56795    3420    1        3.7      365.2     1.71e+05
2014 05 18  0058   56795    3480    0        2.6      354.1     4.68e+04
2014 05 18  0059   56795    3540    0        2.6      354.4     4.78e+04
2014 05 18  0100   56795    3600    0        3.2      361.8     7.75e+04
2014 05 18  0101   56795    3660    0        3.3      356.7     8.67e+04
2014 05 18  0102   56795    3720    0        3.1      356.9     7.45e+04
2014 05 18  0103   56795    3780    0        3.3      357.0     7.91e+04
2014 05 18  0104   56795    3840    0        3.3      355.9     7.23e+04
2014 05 18  0105   56795    3900    0        3.5      350.5     8.95e+04
2014 05 18  0106   56795    3960    0        3.1      341.9     7.67e+04
2014 05 18  0107   56795    4020    0        3.0      341.1     7.39e+04
2014 05 18  0108   56795    4080    0        3.5      342.3     7.50e+04
2014 05 18  0109   56795    4140    0        3.7      339.5     6.38e+04
2014 05 18  0110   56795    4200    0        3.7      340.8     6.44e+04
2014 05 18  0111   56795    4260    0        4.0      347.3     7.65e+04
2014 05 18  0112   56795    4320    1        4.1      347.3     7.60e+04
2014 05 18  0113   56795    4380    0        4.3      345.3     7.24e+04
2014 05 18  0114   56795    4440    0        2.8      339.3     5.13e+04
2014 05 18  0115   56795    4500    0        4.4      342.0     5.79e+04
2014 05 18  0116   56795    4560    0        3.5      341.2     8.10e+04
2014 05 18  0117   56795    4620    0        7.8      351.3     8.03e+04
2014 05 18  0118   56795    4680    0        6.4      354.5     9.70e+04
2014 05 18  0119   56795    4740    0        7.6      352.8     7.72e+04
2014 05 18  0120   56795    4800    1        5.1      344.1     5.25e+04
2014 05 18  0121   56795    4860    1        3.4      344.1     6.64e+04
2014 05 18  0122   56795    4920    0        5.3      340.5     4.03e+04
2014 05 18  0123   56795    4980    0        4.4      341.4     5.46e+04
2014 05 18  0124   56795    5040    0        2.7      345.3     8.31e+04
2014 05 18  0125   56795    5100    0        5.1      340.9     5.68e+04
2014 05 18  0126   56795    5160    0        6.5      337.3     3.25e+04
2014 05 18  0127   56795    5220    0        3.5      344.6     5.86e+04
2014 05 18  0128   56795    5280    0        4.0      344.4     5.78e+04
2014 05 18  0129   56795    5340    0        4.5      337.9     3.11e+04
2014 05 18  0130   56795    5400    0        3.7      343.0     5.23e+04
2014 05 18  0131   56795    5460    0        3.9    -9999.9    -1.00e+05
2014 05 18  0132   56795    5520    0        3.9      345.3     4.70e+04
2014 05 18  0133   56795    5580    0        4.1      347.1     5.36e+04
2014 05 18  0134   56795    5640    0        4.3      354.0     5.97e+04
2014 05 18  0135   56795    5700    0        3.6      349.3     4.36e+04
2014 05 18  0136   56795    5760    0        4.1      348.0     3.69e+04
2014 05 18  0137   56795    5820    0        4.1      349.5     3.43e+04
2014 05 18  0138   56795    5880    0        3.7      346.6     3.68e+04
2014 05 18  0139   56795    5940    0        3.3      343.6     5.53e+04
2014 05 18  0140   56795    6000    0        3.3      341.8     7.03e+04
2014 05 18  0141   56795    6060    0        3.2      339.4     5.93e+04
2014 05 18  0142   56795    6120    0        3.3      340.3     4.66e+04
2014 05 18  0143   56795    6180    0        3.8      343.8     5.27e+04
2014 05 18  0144   56795    6240    0        4.0      343.2     5.30e+04
2014 05 18  0145   56795    6300    0        4.3      347.9     7.29e+04
2014 05 18  0146   56795    6360    0        4.6      347.4     1.01e+05
2014 05 18  0147   56795    6420    0        4.3      348.4     9.66e+04
2014 05 18  0148   56795    6480    0        3.8      343.5     7.02e+04
2014 05 18  0149   56795    6540    0        3.7      342.3     7.55e+04
2014 05 18  0150   56795    6600    0        3.0      337.2     4.87e+04
2014 05 18  0151   56795    6660    0        3.2      341.2     6.00e+04
2014 05 18  0152   56795    6720    0        3.5      346.0     7.13e+04
2014 05 18  0153   56795    6780    0        3.5      345.8     7.12e+04
2014 05 18  0154   56795    6840    0        3.3      347.4     7.45e+04
2014 05 18  0155   56795    6900    0        3.5      346.9     8.52e+04
2014 05 18  0156   56795    6960    0        3.7      343.8     7.46e+04
2014 05 18  0157   56795    7020    0        3.8      344.0     6.83e+04
2014 05 18  0158   56795    7080    0        3.8      347.3     8.51e+04
2014 05 18  0159   56795    7140    0        3.8      347.8     8.72e+04
2014 05 18  0200   56795    7200    0        3.9      346.7     8.05e+04
2014 05 18  0201   56795    7260    0        3.4      348.9     8.42e+04
2014 05 18  0202   56795    7320    0        4.1      344.1     7.44e+04
2014 05 18  0203   56795    7380    0        3.7      341.1     5.82e+04
2014 05 18  0204   56795    7440    9    -9999.9    -9999.9    -1.00e+05
2014 05 18  0205   56795    7500    0        4.0      350.2     1.01e+05
2014 05 18  0206   56795    7560    0        3.5      345.3     8.37e+04
2014 05 18  0207   56795    7620    0        3.4      344.2     7.47e+04
2014 05 18  0208   56795    7680    0        3.5      342.7     7.04e+04
2014 05 18  0209   56795    7740    0        3.4      343.6     7.04e+04
2014 05 18  0210   56795    7800    0        2.9      347.4     8.07e+04
2014 05 18  0211   56795    7860    0        2.6      341.9     6.37e+04
2014 05 18  0212   56795    7920    0        2.8      337.8     4.95e+04
2014 05 18  0213   56795    7980    0        3.3      340.3     5.41e+04
2014 05 18  0214   56795    8040    0        3.4      339.5     5.28e+04
2014 05 18  0215   56795    8100    0        3.1      338.2     4.83e+04
2014 05 18  0216   56795    8160    0        3.4      345.8     6.08e+04
2014 05 18  0217   56795    8220    0        3.8      350.8     9.36e+04
2014 05 18  0218   56795    8280    0        4.0      348.2     7.78e+04
2014 05 18  0219   56795    8340    0        2.2      338.2     2.27e+04
2014 05 18  0220   56795    8400    0        3.2      340.9     4.39e+04
2014 05 18  0221   56795    8460    0        3.4      341.2     4.93e+04
2014 05 18  0222   56795    8520    0        2.5      335.4     2.71e+04
2014 05 18  0223   56795    8580    0        2.7      340.4     4.26e+04
2014 05 18  0224   56795    8640    0        3.1      339.9     4.84e+04
2014 05 18  0225   56795    8700    0        2.9      337.0     3.74e+04
2014 05 18  0226   56795    8760    0        2.7      337.3     3.69e+04
2014 05 18  0227   56795    8820    0        2.8      340.1     4.75e+04
2014 05 18  0228   56795    8880    0        2.9      339.4     4.62e+04
2014 05 18  0229   56795    8940    0        2.9      338.3     4.21e+04
2014 05 18  0230   56795    9000    0        3.0      342.8     6.23e+04
2014 05 18  0231   56795    9060    0        3.3      345.1     7.56e+04
2014 05 18  0232   56795    9120    0        3.0      339.7     4.45e+04
2014 05 18  0233   56795    9180    0        3.1      342.0     5.53e+04
2014 05 18  0234   56795    9240    0        3.9      344.7     8.12e+04
2014 05 18  0235   56795    9300    0        3.0      339.0     4.46e+04
2014 05 18  0236   56795    9360    0        3.8      346.8     7.89e+04
2014 05 18  0237   56795    9420    0        3.8    -9999.9    -1.00e+05
2014 05 18  0238   56795    9480    0        3.6      339.4     6.33e+04
2014 05 18  0239   56795    9540    0        3.8      342.4     7.55e+04
2014 05 18  0240   56795    9600    0        3.8      343.8     6.97e+04
2014 05 18  0241   56795    9660    0        3.7      342.1     6.41e+04
2014 05 18  0242   56795    9720    0        3.7      342.2     7.04e+04
2014 05 18  0243   56795    9780    0        3.8      341.9     7.08e+04
2014 05 18  0244   56795    9840    0        4.1      340.3     6.76e+04
2014 05 18  0245   56795    9900    0        3.9      339.7     6.31e+04
2014 05 18  0246   56795    9960    0        3.6      341.8     6.70e+04
2014 05 18  0247   56795   10020    0        4.0      341.8     7.54e+04
2014 05 18  0248   56795   10080    0        5.0      337.5     6.38e+04
2014 05 18  0249   56795   10140    0        6.6      344.7     9.20e+04
2014 05 18  0250   56795   10200    3    -9999.9    -9999.9    -1.00e+05
2014 05 18  0251   56795   10260    0        2.6      343.3     4.33e+04
2014 05 18  0252   56795   10320    0        2.8      344.5     6.47e+04
2014 05 18  0253   56795   10380    0        3.5      349.5     1.04e+05
2014 05 18  0254   56795   10440    0        2.6      343.5     6.04e+04
2014 05 18  0255   56795   10500    0        3.6      348.3     8.53e+04
2014 05 18  0256   56795   10560    0        3.8      352.5     1.16e+05
2014 05 18  0257   56795   10620    0        4.2      351.1     1.01e+05
2014 05 18  0258   56795   10680    0        4.6      350.3     8.20e+04
2014 05 18  0259   56795   10740    0        3.7      347.7     7.18e+04
2014 05 18  0300   56795   10800    0        3.0      345.0     6.54e+04
2014 05 18  0301   56795   10860    0        3.1      342.8     5.47e+04
2014 05 18  0302   56795   10920    0        3.1      342.1     4.88e+04
2014 05 18  0303   56795   10980    0        2.8      345.1     5.89e+04
2014 05 18  0304   56795   11040    0        2.7      345.6     6.59e+04
2014 05 18  0305   56795   11100    0        2.8      345.0     6.96e+04
2014 05 18  0306   56795   11160    0        2.6      343.8     5.90e+04
2014 05 18  0307   56795   11220    0        2.7      344.8     6.48e+04
2014 05 18  0308   56795   11280    0        3.3      342.5     6.51e+04
2014 05 18  0309   56795   11340    0        2.6      342.6     4.46e+04
2014 05 18  0310   56795   11400    0        2.5      342.6     4.39e+04
2014 05 18  0311   56795   11460    0        5.2      352.5     1.04e+05
2014 05 18  0312   56795   11520    0        4.1      344.4     5.10e+04
2014 05 18  0313   56795   11580    0        3.9      344.2     4.31e+04
2014 05 18  0314   56795   11640    0        3.1      339.6     3.68e+04
2014 05 18  0315   56795   11700    0        2.6      337.2     2.78e+04
2014 05 18  0316   56795   11760    0        2.6      337.9     2.54e+04
2014 05 18  0317   56795   11820    0        3.9      346.1     4.23e+04
2014 05 18  0318   56795   11880    0        3.7      344.0     3.79e+04
2014 05 18  0319   56795   11940    0        3.4      341.8     3.37e+04
2014 05 18  0320   56795   12000    0        3.4      343.3     3.84e+04
2014 05 18  0321   56795   12060    0        2.6      338.8     2.89e+04
2014 05 18  0322   56795   12120    0        2.9      342.8     2.97e+04
2014 05 18  0323   56795   12180    0        3.5      345.5     4.13e+04
2014 05 18  0324   56795   12240    0        3.7      347.2     4.03e+04
2014 05 18  0325   56795   12300    0        3.8      347.2     4.30e+04
2014 05 18  0326   56795   12360    0        4.2      349.8     5.67e+04
2014 05 18  0327   56795   12420    1        3.6      340.8     4.07e+04
2014 05 18  0328   56795   12480    0        3.0      338.5     3.17e+04
2014 05 18  0329   56795   12540    0        2.9      342.2     3.65e+04
2014 05 18  0330   56795   12600    1        2.6      339.1     3.02e+04
2014 05 18  0331   56795   12660    0        3.0      342.5     3.88e+04
2014 05 18  0332   56795   12720    0        3.7      349.3     5.91e+04
2014 05 18  0333   56795   12780    0        3.7      344.8     5.20e+04
2014 05 18  0334   56795   12840    1        3.6      338.2     3.24e+04
2014 05 18  0335   56795   12900    0        3.8      342.4     3.81e+04
2014 05 18  0336   56795   12960    0        3.0      341.8     3.80e+04
2014 05 18  0337   56795   13020    1        2.3      335.0     2.86e+04
2014 05 18  0338   56795   13080    1        5.9      347.7     6.34e+04
2014 05 18  0339   56795   13140    1        4.7      348.7     7.31e+04
2014 05 18  0340   56795   13200    1        2.8      342.4     4.17e+04
2014 05 18  0341   56795   13260    1        3.5      345.6     6.75e+04
2014 05 18  0342   56795   13320    0        3.6      347.5     6.99e+04
2014 05 18  0343   56795   13380    0        3.6      347.7     7.01e+04
2014 05 18  0344   56795   13440    0        3.0      342.7     4.46e+04
2014 05 18  0345   56795   13500    0        4.3      349.1     7.99e+04
2014 05 18  0346   56795   13560    0        4.6      351.4     9.86e+04
2014 05 18  0347   56795   13620    0        4.1      350.8     9.12e+04
2014 05 18  0348   56795   13680    0        3.9      349.1     7.24e+04
2014 05 18  0349   56795   13740    0        3.7      347.7     5.80e+04
2014 05 18  0350   56795   13800    0        3.5      349.3     7.19e+04
2014 05 18  0351   56795   13860    0        4.3      352.5     9.71e+04
2014 05 18  0352   56795   13920    0        4.4      351.2     8.26e+04
2014 05 18  0353   56795   13980    0        2.9      344.1     6.70e+04
2014 05 18  0354   56795   14040    0        2.5      341.2     4.22e+04
2014 05 18  0355   56795   14100    0        3.1      344.7     4.45e+04
2014 05 18  0356   56795   14160    0        3.7      345.0     6.78e+04
2014 05 18  0357   56795   14220    0        3.0      341.6     5.72e+04
2014 05 18  0358   56795   14280    0        4.0      348.7     8.67e+04
2014 05 18  0359   56795   14340    0        3.5      349.4     9.97e+04
2014 05 18  0400   56795   14400    0        3.1      348.8     8.26e+04
2014 05 18  0401   56795   14460    0        3.1      348.3     8.37e+04
2014 05 18  0402   56795   14520    0        3.5      348.3     8.93e+04
2014 05 18  0403   56795   14580    0        3.8      346.4     8.32e+04
2014 05 18  0404   56795   14640    0        3.1      341.3     6.22e+04
2014 05 18  0405   56795   14700    0        2.8      339.3     4.96e+04
2014 05 18  0406   56795   14760    0        3.5      344.3     5.53e+04
2014 05 18  0407   56795   14820    0        3.9      349.2     5.91e+04
2014 05 18  0408   56795   14880    0        3.8      348.8     6.00e+04
2014 05 18  0409   56795   14940    0        4.1      351.0     6.26e+04
2014 05 18  0410   56795   15000    0        6.8      349.1     6.70e+04
2014 05 18  0411   56795   15060    0        5.3      349.4     8.67e+04
2014 05 18  0412   56795   15120    0        4.7      349.0     9.24e+04
2014 05 18  0413   56795   15180    0        2.6      335.3     3.64e+04
2014 05 18  0414   56795   15240    0        4.3      353.2     7.01e+04
2014 05 18  0415   56795   15300    0        4.6      356.1     1.12e+05
2014 05 18  0416   56795   15360    0        4.6      356.3     1.20e+05
2014 05 18  0417   56795   15420    0        3.8      346.5     6.29e+04
2014 05 18  0418   56795   15480    0        4.0      350.1     7.10e+04
2014 05 18  0419   56795   15540    0        4.1      348.7     6.41e+04
2014 05 18  0420   56795   15600    0        3.9      347.4     5.93e+04
2014 05 18  0421   56795   15660    0        3.8      349.5     6.36e+04
2014 05 18  0422   56795   15720    0        3.8      349.3     6.44e+04
2014 05 18  0423   56795   15780    0        4.0      346.6     6.55e+04
2014 05 18  0424   56795   15840    0        4.8      345.9     6.89e+04
2014 05 18  0425   56795   15900    0        5.0      348.4     7.59e+04
2014 05 18  0426   56795   15960    0        4.1      342.0     5.98e+04
2014 05 18  0427   56795   16020    0        3.9      343.0     5.32e+04
2014 05 18  0428   56795   16080    0        3.0      348.1     7.71e+04
2014 05 18  0429   56795   16140    0        3.7      349.2     8.32e+04
2014 05 18  0430   56795   16200    0        4.5      345.1     6.70e+04
2014 05 18  0431   56795   16260    0        4.4      348.3     8.46e+04
2014 05 18  0432   56795   16320    0        4.0      349.9     9.32e+04
2014 05 18  0433   56795   16380    0        3.6      340.2     5.08e+04
2014 05 18  0434   56795   16440    1        3.4      336.6     4.21e+04
2014 05 18  0435   56795   16500    0        4.0      341.8     6.91e+04
2014 05 18  0436   56795   16560    0        4.5      346.4     8.84e+04
2014 05 18  0437   56795   16620    0        4.5      348.2     9.71e+04
2014 05 18  0438   56795   16680    0        4.2      346.9     9.24e+04
2014 05 18  0439   56795   16740    0        3.9      342.6     7.22e+04
2014 05 18  0440   56795   16800    0        3.8      341.5     7.02e+04
2014 05 18  0441   56795   16860    0        3.6      338.7     5.62e+04
2014 05 18  0442   56795   16920    0        3.6      338.0     4.87e+04
2014 05 18  0443   56795   16980    0        4.0      338.8     5.57e+04
2014 05 18  0444   56795   17040    0        3.9      340.5     5.67e+04
2014 05 18  0445   56795   17100    0        4.0      341.4     6.52e+04
2014 05 18  0446   56795   17160    0        3.4      341.3     5.66e+04
2014 05 18  0447   56795   17220    0        3.6      339.3     5.72e+04
2014 05 18  0448   56795   17280    0        4.3      343.6     7.76e+04
2014 05 18  0449   56795   17340    0        4.5      345.0     8.38e+04
2014 05 18  0450   56795   17400    0        4.4      349.3     8.24e+04
2014 05 18  0451   56795   17460    0        4.1      347.1     7.04e+04
2014 05 18  0452   56795   17520    0        3.6      340.6     4.84e+04
2014 05 18  0453   56795   17580    0        3.5      338.5     3.97e+04
2014 05 18  0454   56795   17640    0        3.8      343.6     4.86e+04
2014 05 18  0455   56795   17700    0        3.5      342.9     4.72e+04
2014 05 18  0456   56795   17760    1        3.2      335.6     3.10e+04
2014 05 18  0457   56795   17820    0        3.4      340.0     4.89e+04
2014 05 18  0458   56795   17880    0        4.6      351.5     9.34e+04
2014 05 18  0459   56795   17940    1        3.8      344.6     5.14e+04
2014 05 18  0500   56795   18000    0        4.8      348.8     7.43e+04
2014 05 18  0501   56795   18060    0        4.7      354.5     9.79e+04
2014 05 18  0502   56795   18120    0        4.1      340.6     5.48e+04
2014 05 18  0503   56795   18180    1        4.0      338.9     4.60e+04
2014 05 18  0504   56795   18240    0        4.6      344.6     6.70e+04
2014 05 18  0505   56795   18300    0        4.2      344.8     6.66e+04
2014 05 18  0506   56795   18360    0        4.0      342.9     6.01e+04
2014 05 18  0507   56795   18420    0        4.3      345.1     7.53e+04
2014 05 18  0508   56795   18480    0        4.2      350.0     6.74e+04
2014 05 18  0509   56795   18540    0        4.0      348.5     5.48e+04
2014 05 18  0510   56795   18600    0        4.1      343.2     6.99e+04
2014 05 18  0511   56795   18660    0        4.3      345.1     7.05e+04
2014 05 18  0512   56795   18720    0        4.4      346.0     5.33e+04
2014 05 18  0513   56795   18780    0        3.7      340.3     4.20e+04
2014 05 18  0514   56795   18840    0        3.8      342.2     3.80e+04
2014 05 18  0515   56795   18900    0        4.3      348.1     4.37e+04
2014 05 18  0516   56795   18960    0        3.7      341.9     3.47e+04
2014 05 18  0517   56795   19020    0        4.6      346.7     4.74e+04
2014 05 18  0518   56795   19080    0        4.5      344.1     4.86e+04
2014 05 18  0519   56795   19140    0        4.3      344.3     4.55e+04
2014 05 18  0520   56795   19200    1        4.0      341.3     3.27e+04
2014 05 18  0521   56795   19260    0        3.2      342.4     3.70e+04
2014 05 18  0522   56795   19320    0        3.0      343.3     4.04e+04
2014 05 18  0523   56795   19380    0        8.6      352.0     5.90e+04
2014 05 18  0524   56795   19440    0        8.6      352.0     5.90e+04
2014 05 18  0525   56795   19500    3    -9999.9    -9999.9    -1.00e+05
2014 05 18  0526   56795   19560    0        4.9      346.9     5.42e+04
2014 05 18  0527   56795   19620    0        4.4      346.3     4.92e+04
2014 05 18  0528   56795   19680    0        5.4      349.6     6.00e+04
2014 05 18  0529   56795   19740    0        4.9      346.6     5.92e+04
2014 05 18  0530   56795   19800    0        3.9      338.6     5.45e+04
2014 05 18  0531   56795   19860    0        4.2      340.4     5.09e+04
2014 05 18  0532   56795   19920    0        4.3      343.2     5.20e+04
2014 05 18  0533   56795   19980    0        4.4      346.4     6.77e+04
2014 05 18  0534   56795   20040    0        4.5      344.3     6.36e+04
2014 05 18  0535   56795   20100    0        4.3      344.0     5.58e+04
2014 05 18  0536   56795   20160    0        4.3      339.2     3.78e+04
2014 05 18  0537   56795   20220    0        4.2      341.9     6.03e+04
2014 05 18  0538   56795   20280    0        3.8      343.2     6.19e+04
2014 05 18  0539   56795   20340    0        4.0      344.0     6.24e+04
2014 05 18  0540   56795   20400    0        4.4      347.4     7.46e+04
2014 05 18  0541   56795   20460    1        4.1      347.5     7.00e+04
2014 05 18  0542   56795   20520    0        3.5      342.4     4.93e+04
2014 05 18  0543   56795   20580    0        3.4      340.6     4.68e+04
2014 05 18  0544   56795   20640    0        4.9      340.9     4.98e+04
2014 05 18  0545   56795   20700    0        7.4      333.7     2.36e+04
2014 05 18  0546   56795   20760    0        4.4      349.7     7.38e+04
2014 05 18  0547   56795   20820    0        4.7      354.9     7.91e+04
2014 05 18  0548   56795   20880    0        3.5      349.3     7.27e+04
2014 05 18  0549   56795   20940    0        3.1      341.9     5.14e+04
2014 05 18  0550   56795   21000    0        3.8      342.4     5.43e+04
2014 05 18  0551   56795   21060    0        3.3      341.7     4.88e+04
2014 05 18  0552   56795   21120    0        3.7      340.8     4.99e+04
2014 05 18  0553   56795   21180    0        4.4      343.1     5.76e+04
2014 05 18  0554   56795   21240    0        4.7      345.3     6.38e+04
2014 05 18  0555   56795   21300    0        4.6      345.9     6.57e+04
2014 05 18  0556   56795   21360    0        5.0      348.0     9.21e+04
2014 05 18  0557   56795   21420    0        4.3      345.8     6.88e+04
2014 05 18  0558   56795   21480    0        3.7      341.9     3.90e+04
2014 05 18  0559   56795   21540    1        4.4      341.3     4.27e+04
2014 05 18  0600   56795   21600    0        4.6      344.6     5.00e+04
2014 05 18  0601   56795   21660    0        4.5      344.3     5.29e+04
2014 05 18  0602   56795   21720    0        4.5      342.7     5.11e+04
2014 05 18  0603   56795   21780    0        3.8      343.7     5.04e+04
2014 05 18  0604   56795   21840    0        2.9      351.4     3.56e+04
2014 05 18  0605   56795   21900    1        5.0      357.0     9.61e+04
2014 05 18  0606   56795   21960    0        3.9      342.1     5.59e+04
2014 05 18  0607   56795   22020    0        3.3      341.5     3.55e+04
2014 05 18  0608   56795   22080    0        3.6      345.8     4.63e+04
2014 05 18  0609   56795   22140    0        3.8      348.4     5.08e+04
2014 05 18  0610   56795   22200    0        4.0      348.3     5.74e+04
2014 05 18  0611   56795   22260    0        3.9      346.7     5.21e+04
2014 05 18  0612   56795   22320    0        3.9      346.9     4.56e+04
2014 05 18  0613   56795   22380    0        4.0      346.1     4.87e+04
2014 05 18  0614   56795   22440    0        3.7      344.2     4.90e+04
2014 05 18  0615   56795   22500    0        3.3      344.6     3.88e+04
2014 05 18  0616   56795   22560    1        3.0      343.6     3.04e+04
2014 05 18  0617   56795   22620    0        3.7      347.0     4.18e+04
2014 05 18  0618   56795   22680    0        4.2      347.9     5.47e+04
2014 05 18  0619   56795   22740    0        3.9      350.8     5.41e+04
2014 05 18  0620   56795   22800    0        4.0      346.8     5.77e+04
2014 05 18  0621   56795   22860    1        6.3      330.4    -1.00e+05
2014 05 18  0622   56795   22920    0        2.3      329.8     2.07e+04
2014 05 18  0623   56795   22980    0        2.7      339.2     2.01e+04
2014 05 18  0624   56795   23040    1        3.3      345.0     2.43e+04
2014 05 18  0625   56795   23100    0        4.3      351.9     3.29e+04
2014 05 18  0626   56795   23160    0        4.4      355.8     4.72e+04
2014 05 18  0627   56795   23220    0        3.5      348.1     4.03e+04
2014 05 18  0628   56795   23280    0        2.9      341.5     3.01e+04
2014 05 18  0629   56795   23340    0        3.9      356.1     6.04e+04
2014 05 18  0630   56795   23400    0        3.3      347.8     5.07e+04
2014 05 18  0631   56795   23460    1        2.8      337.9     3.97e+04
2014 05 18  0632   56795   23520    1        3.9      349.9     5.37e+04
2014 05 18  0633   56795   23580    0        4.1      352.0     5.23e+04
2014 05 18  0634   56795   23640    0        2.9      338.5     3.39e+04
2014 05 18  0635   56795   23700    0        3.5      340.9     5.35e+04
2014 05 18  0636   56795   23760    0        2.8      339.6     3.08e+04
2014 05 18  0637   56795   23820    1        4.4      350.2     5.47e+04
2014 05 18  0638   56795   23880    0        5.9      352.5     6.85e+04
2014 05 18  0639   56795   23940    0        8.4      350.6     5.83e+04
2014 05 18  0640   56795   24000    1        5.4      349.9     5.10e+04
2014 05 18  0641   56795   24060    0        4.8      342.2     4.09e+04
2014 05 18  0642   56795   24120    1        4.6      340.8     5.06e+04
2014 05 18  0643   56795   24180    0        4.6      346.8     7.89e+04
2014 05 18  0644   56795   24240    0        5.5      345.6     6.98e+04
2014 05 18  0645   56795   24300    0        5.2      345.2     6.46e+04
2014 05 18  0646   56795   24360    0        3.8      355.2     1.08e+05
2014 05 18  0647   56795   24420    0        3.7      360.0     1.11e+05
2014 05 18  0648   56795   24480    0        3.8      353.1     4.64e+04
2014 05 18  0649   56795   24540    1        3.6      347.4     5.26e+04
2014 05 18  0650   56795   24600    0        4.7      345.8     8.81e+04
2014 05 18  0651   56795   24660    1        5.6      337.1     2.41e+04
2014 05 18  0652   56795   24720    1        3.4      343.2     4.74e+04
2014 05 18  0653   56795   24780    0        3.8      348.5     1.16e+05
2014 05 18  0654   56795   24840    0        3.4      341.5     7.08e+04
2014 05 18  0655   56795   24900    0        3.4      340.1     6.30e+04
2014 05 18  0656   56795   24960    0        3.4      341.2     6.88e+04
2014 05 18  0657   56795   25020    0        3.2      346.8     8.52e+04
2014 05 18  0658   56795   25080    0        3.2      345.3     7.88e+04
2014 05 18  0659   56795   25140    0        3.3      341.7     6.77e+04
2014 05 18  0700   56795   25200    0        3.6      338.3     5.20e+04
2014 05 18  0701   56795   25260    0        3.7      335.9     3.94e+04
2014 05 18  0702   56795   25320    0        4.0      345.4     9.61e+04
2014 05 18  0703   56795   25380    0        4.4      342.7     7.75e+04
2014 05 18  0704   56795   25440    0        4.7      338.2     4.50e+04
2014 05 18  0705   56795   25500    0        3.4      345.1     7.94e+04
2014 05 18  0706   56795   25560    0        3.4      349.2     7.36e+04
2014 05 18  0707   56795   25620    0        3.2      342.4     6.17e+04
2014 05 18  0708   56795   25680    0        3.6      343.4     6.70e+04
2014 05 18  0709   56795   25740    0        4.4      349.2     1.05e+05
2014 05 18  0710   56795   25800    0        3.7      341.5     6.28e+04
2014 05 18  0711   56795   25860    0        3.6      344.5     6.70e+04
2014 05 18  0712   56795   25920    0        4.1      348.9     1.07e+05
2014 05 18  0713   56795   25980    0        3.6      344.9     6.75e+04
2014 05 18  0714   56795   26040    0        3.0      339.9     4.31e+04
2014 05 18  0715   56795   26100    0        3.5      343.0     5.35e+04
2014 05 18  0716   56795   26160    0        3.9      346.4     6.24e+04
2014 05 18  0717   56795   26220    0        4.8      348.1     7.10e+04
2014 05 18  0718   56795   26280    0        5.8      352.4     8.96e+04
2014 05 18  0719   56795   26340    0        4.9      353.6     9.35e+04
2014 05 18  0720   56795   26400    0        4.2      348.8     6.99e+04
2014 05 18  0721   56795   26460    0        4.2      345.8     5.72e+04
2014 05 18  0722   56795   26520    0        3.9      346.1     5.26e+04
2014 05 18  0723   56795   26580    0        3.8      346.9     4.57e+04
2014 05 18  0724   56795   26640    0        4.7      352.5     5.41e+04
2014 05 18  0725   56795   26700    0        3.9      351.4     7.40e+04
2014 05 18  0726   56795   26760    0        3.8      348.3     7.27e+04
2014 05 18  0727   56795   26820    0        3.3      347.2     6.18e+04
2014 05 18  0728   56795   26880    0        4.2      353.1     5.00e+04
2014 05 18  0729   56795   26940    0        4.2      350.4     8.80e+04
2014 05 18  0730   56795   27000    0        3.4      343.0     8.20e+04
2014 05 18  0731   56795   27060    0        3.0      344.1     8.56e+04
2014 05 18  0732   56795   27120    0        3.1      346.7     8.00e+04
2014 05 18  0733   56795   27180    0        3.1      346.5     6.51e+04
2014 05 18  0734   56795   27240    0        2.9      347.2     7.02e+04
2014 05 18  0735   56795   27300    0        3.3      349.9     7.17e+04
2014 05 18  0736   56795   27360    0        3.4      350.2     6.20e+04
2014 05 18  0737   56795   27420    0        3.6      351.1     3.30e+04
2014 05 18  0738   56795   27480    0        4.0      350.8     4.62e+04
2014 05 18  0739   56795   27540    0        3.6      349.8     3.54e+04
2014 05 18  0740   56795   27600    0        3.5      347.2     3.24e+04
2014 05 18  0741   56795   27660    0        4.2      355.2     4.64e+04
2014 05 18  0742   56795   27720    0        3.9      354.8     4.76e+04
2014 05 18  0743   56795   27780    0        3.4      347.7     3.74e+04
2014 05 18  0744   56795   27840    0        3.7      352.6     3.99e+04
2014 05 18  0745   56795   27900    1        4.0      360.0     8.70e+04
2014 05 18  0746   56795   27960    1        3.7      353.2     6.67e+04
2014 05 18  0747   56795   28020    1        3.7      356.0     8.66e+04
2014 05 18  0748   56795   28080    1        3.8      359.7     8.27e+04
2014 05 18  0749   56795   28140    0        3.2      351.2     3.69e+04
2014 05 18  0750   56795   28200    0        3.1      349.0     3.69e+04
2014 05 18  0751   56795   28260    0        4.1      361.3     8.42e+04
2014 05 18  0752   56795   28320    0        4.4      364.4     1.37e+05
2014 05 18  0753   56795   28380    0        5.2      357.8     9.28e+04
2014 05 18  0754   56795   28440    0       10.0      360.6     3.73e+04
2014 05 18  0755   56795   28500    0        3.6      359.3     5.24e+04
2014 05 18  0756   56795   28560    0       10.7      360.9     3.52e+04
2014 05 18  0757   56795   28620    0        5.5      359.4     5.02e+04
2014 05 18  0758   56795   28680    0        3.4      355.7     4.33e+04
2014 05 18  0759   56795   28740    0        2.8      350.5     2.78e+04
2014 05 18  0800   56795   28800    0        3.0      347.0     4.10e+04
2014 05 18  0801   56795   28860    0        3.5      350.3     3.90e+04
2014 05 18  0802   56795   28920    0        3.7      350.3     3.50e+04
2014 05 18  0803   56795   28980    0        3.8      349.3     4.95e+04
2014 05 18  0804   56795   29040    0        3.9      348.5     5.65e+04
2014 05 18  0805   56795   29100    0        4.2      348.9     5.54e+04
2014 05 18  0806   56795   29160    0        4.5      349.8     5.17e+04
2014 05 18  0807   56795   29220    0        4.2      348.6     3.70e+04
2014 05 18  0808   56795   29280    0        5.1      357.3     8.67e+04
2014 05 18  0809   56795   29340    0        4.9      355.8     7.89e+04
2014 05 18  0810   56795   29400    0        4.2      348.6     4.13e+04
2014 05 18  0811   56795   29460    0        4.3      349.7     5.13e+04
2014 05 18  0812   56795   29520    0        4.6      351.5     6.55e+04
2014 05 18  0813   56795   29580    0        4.7      347.3     5.25e+04
2014 05 18  0814   56795   29640    0        4.6      342.7     5.57e+04
2014 05 18  0815   56795   29700    0        4.0      345.0     6.12e+04
2014 05 18  0816   56795   29760    0        4.0      348.5     5.91e+04
2014 05 18  0817   56795   29820    0        3.5      348.0     4.93e+04
2014 05 18  0818   56795   29880    0        4.3      346.6     5.21e+04
2014 05 18  0819   56795   29940    0        5.4      354.6     8.00e+04
2014 05 18  0820   56795   30000    0        6.4      359.3     1.03e+05
2014 05 18  0821   56795   30060    0        5.8      351.1     8.20e+04
2014 05 18  0822   56795   30120    0        4.3      343.9     5.37e+04
2014 05 18  0823   56795   30180    0        4.2      344.2     6.03e+04
2014 05 18  0824   56795   30240    0        3.8      340.4     5.59e+04
2014 05 18  0825   56795   30300    0        3.4      343.5     4.88e+04
2014 05 18  0826   56795   30360    0        2.5      344.0     3.42e+04
2014 05 18  0827   56795   30420    0        3.6      346.3     4.52e+04
2014 05 18  0828   56795   30480    0        3.2      354.5     4.98e+04
2014 05 18  0829   56795   30540    0        8.3      355.0     4.29e+04
2014 05 18  0830   56795   30600    0        6.1      357.3     7.38e+04
2014 05 18  0831   56795   30660    0        5.5      359.8     6.27e+04
2014 05 18  0832   56795   30720    0        3.8      350.7     3.13e+04
2014 05 18  0833   56795   30780    0        3.6      352.4     2.82e+04
2014 05 18  0834   56795   30840    0        3.9      358.5     3.70e+04
2014 05 18  0835   56795   30900    0        4.2      355.7     3.80e+04
2014 05 18  0836   56795   30960    0        4.3      354.8     3.95e+04
2014 05 18  0837   56795   31020    0        4.4      359.3     4.36e+04
2014 05 18  0838   56795   31080    0        4.0      355.8     3.88e+04
2014 05 18  0839   56795   31140    0        3.7      348.5     3.68e+04
2014 05 18  0840   56795   31200    0        4.4      352.8     5.29e+04
2014 05 18  0841   56795   31260    0        3.0      348.4     3.29e+04
2014 05 18  0842   56795   31320    0        3.1      348.9     3.47e+04
2014 05 18  0843   56795   31380    0        3.8      353.5     5.14e+04
2014 05 18  0844   56795   31440    0        4.4      354.5     5.57e+04
2014 05 18  0845   56795   31500    0        4.9      355.4     5.88e+04
2014 05 18  0846   56795   31560    0        5.0      358.3     5.65e+04
2014 05 18  0847   56795   31620    0        5.1      360.5     6.42e+04
2014 05 18  0848   56795   31680    0        5.3      354.2     5.40e+04
2014 05 18  0849   56795   31740    0        5.0      352.8     5.00e+04
2014 05 18  0850   56795   31800    0        4.9      352.5     3.95e+04
2014 05 18  0851   56795   31860    0        5.0      354.8     3.79e+04
2014 05 18  0852   56795   31920    0        5.2      356.1     3.86e+04
2014 05 18  0853   56795   31980    0        5.3      355.2     4.17e+04
2014 05 18  0854   56795   32040    0        5.0      353.6     5.31e+04
2014 05 18  0855   56795   32100    0        4.1      346.9     4.91e+04
2014 05 18  0856   56795   32160    0        2.8      338.6     2.56e+04
2014 05 18  0857   56795   32220    0        3.5      350.0     4.05e+04
2014 05 18  0858   56795   32280    0        5.4      360.4     8.11e+04
2014 05 18  0859   56795   32340    0        4.3      346.8     3.87e+04
