:Data_list: 20140414_ace_mag_1m.txt
:Created: 2014 Apr 14 0901 UT
# Prepared by the U.S. Dept. of Commerce, NOAA, Space Weather Prediction Center
# Please send comments and suggestions to SWPC.Webmaster@noaa.gov 
# 
# Magnetometer values are in GSM coordinates.
# 
# Units: Bx, By, Bz, Bt in nT
# Units: Latitude  degrees +/-  90.0
# Units: Longitude degrees 0.0 - 360.0
# Status(S): 0 = nominal data, 1 to 8 = bad data record, 9 = no data
# Missing data values: -999.9
# Source: ACE Satellite - Magnetometer
#
#              1-minute averaged Real-time Interplanetary Magnetic Field Values 
# 
#                 Modified Seconds
# UT Date   Time  Julian   of the   ----------------  GSM Coordinates ---------------
# YR MO DA  HHMM    Day      Day    S     Bx      By      Bz      Bt     Lat.   Long.
#------------------------------------------------------------------------------------
2014 04 14  0000   56761       0    0     1.5    -3.0    -3.5     4.8   -46.2   296.3
2014 04 14  0001   56761      60    0     0.3    -2.4    -4.3     4.9   -60.4   276.0
2014 04 14  0002   56761     120    0     0.7    -2.2    -4.6     5.2   -63.3   286.6
2014 04 14  0003   56761     180    0     0.7    -2.3    -4.3     5.0   -60.5   287.5
2014 04 14  0004   56761     240    0     0.6    -2.5    -4.8     5.4   -61.9   283.6
2014 04 14  0005   56761     300    0     0.5    -2.8    -4.5     5.3   -58.0   279.3
2014 04 14  0006   56761     360    0     0.5    -2.8    -4.7     5.5   -58.5   279.1
2014 04 14  0007   56761     420    0     0.1    -3.0    -4.6     5.5   -56.8   272.5
2014 04 14  0008   56761     480    0    -0.2    -2.9    -4.6     5.5   -57.4   265.1
2014 04 14  0009   56761     540    0    -0.3    -2.2    -4.8     5.3   -65.0   262.6
2014 04 14  0010   56761     600    0     0.4    -2.4    -4.9     5.5   -63.1   280.4
2014 04 14  0011   56761     660    0     0.7    -3.4    -4.1     5.4   -49.6   281.0
2014 04 14  0012   56761     720    0     0.5    -2.5    -4.5     5.2   -60.0   280.2
2014 04 14  0013   56761     780    0     1.2    -2.7    -4.2     5.1   -54.6   294.4
2014 04 14  0014   56761     840    0     1.6    -3.2    -3.7     5.1   -46.0   296.8
2014 04 14  0015   56761     900    0     3.8    -3.7     0.4     5.3     4.1   315.9
2014 04 14  0016   56761     960    0     4.1    -3.8     1.0     5.7    10.0   317.7
2014 04 14  0017   56761    1020    0     4.1    -3.9     0.6     5.7     6.2   316.7
2014 04 14  0018   56761    1080    0     4.1    -3.8     0.3     5.6     3.4   317.1
2014 04 14  0019   56761    1140    0     3.8    -3.6    -0.6     5.3    -6.8   317.0
2014 04 14  0020   56761    1200    0     3.1    -3.2    -1.9     4.9   -23.5   314.1
2014 04 14  0021   56761    1260    0     2.8    -3.1    -2.1     4.6   -26.3   312.5
2014 04 14  0022   56761    1320    0     2.9    -3.3    -1.1     4.5   -14.6   311.0
2014 04 14  0023   56761    1380    0     2.6    -2.7    -2.4     4.4   -32.2   313.5
2014 04 14  0024   56761    1440    0     3.1    -2.4    -2.0     4.4   -26.3   322.0
2014 04 14  0025   56761    1500    0     3.0    -2.4    -1.4     4.1   -19.6   321.4
2014 04 14  0026   56761    1560    0     2.0    -2.2    -0.1     2.9    -2.4   312.8
2014 04 14  0027   56761    1620    0     2.5    -3.1     0.3     4.0     4.6   308.8
2014 04 14  0028   56761    1680    0     2.7    -3.2     0.2     4.1     3.0   310.1
2014 04 14  0029   56761    1740    0     2.6    -2.9     0.3     3.9     4.1   312.1
2014 04 14  0030   56761    1800    0     2.6    -2.4     0.9     3.7    14.5   316.4
2014 04 14  0031   56761    1860    0     2.5    -2.0     1.3     3.5    22.2   321.3
2014 04 14  0032   56761    1920    0     2.4    -2.0     1.0     3.3    17.6   319.7
2014 04 14  0033   56761    1980    0     2.9    -1.6     0.5     3.4     9.4   330.9
2014 04 14  0034   56761    2040    0     2.8    -1.2     0.5     3.1     9.8   336.2
2014 04 14  0035   56761    2100    0     2.6    -1.2     0.7     3.0    13.9   334.5
2014 04 14  0036   56761    2160    0     1.7    -0.9     1.1     2.3    30.2   332.3
2014 04 14  0037   56761    2220    0     0.9    -0.4     0.7     1.2    36.1   335.9
2014 04 14  0038   56761    2280    0     1.3    -0.3     1.6     2.1    50.6   346.2
2014 04 14  0039   56761    2340    0     0.7     0.6     2.2     2.4    66.7    39.9
2014 04 14  0040   56761    2400    0     1.7    -0.1     2.1     2.7    50.0   357.7
2014 04 14  0041   56761    2460    0     2.1    -0.4     2.2     3.1    45.1   350.3
2014 04 14  0042   56761    2520    0     3.6    -1.7     3.5     5.3    40.9   335.2
2014 04 14  0043   56761    2580    0     2.6    -1.5     2.8     4.1    42.4   331.1
2014 04 14  0044   56761    2640    0     2.1    -0.5     2.2     3.0    45.5   347.3
2014 04 14  0045   56761    2700    0     3.5    -1.0     3.2     4.9    41.2   343.4
2014 04 14  0046   56761    2760    0     3.7    -1.4     3.6     5.4    42.1   338.7
2014 04 14  0047   56761    2820    0     3.7    -1.2     3.7     5.4    43.3   342.0
2014 04 14  0048   56761    2880    0     3.6    -1.4     4.0     5.6    45.7   338.9
2014 04 14  0049   56761    2940    0     3.8    -1.5     3.9     5.7    43.8   338.5
2014 04 14  0050   56761    3000    0     4.2    -1.8     3.7     5.8    38.9   336.9
2014 04 14  0051   56761    3060    0     4.0    -1.9     3.9     5.9    41.1   334.7
2014 04 14  0052   56761    3120    0     3.9    -2.0     4.0     5.9    42.0   332.8
2014 04 14  0053   56761    3180    0     3.6    -1.8     4.3     5.9    47.2   333.5
2014 04 14  0054   56761    3240    0     3.9    -1.9     3.9     5.8    42.1   334.1
2014 04 14  0055   56761    3300    0     4.0    -2.0     3.6     5.7    38.4   333.3
2014 04 14  0056   56761    3360    0     4.1    -2.5     3.1     5.7    32.7   328.2
2014 04 14  0057   56761    3420    0     4.1    -2.7     2.9     5.7    30.7   327.1
2014 04 14  0058   56761    3480    0     3.7    -3.5     1.7     5.4    18.5   316.0
2014 04 14  0059   56761    3540    0     3.5    -3.8     1.4     5.4    14.7   312.4
2014 04 14  0100   56761    3600    0     3.6    -3.6     1.4     5.3    15.3   314.6
2014 04 14  0101   56761    3660    0     3.5    -3.8     1.2     5.3    13.3   312.9
2014 04 14  0102   56761    3720    0     3.4    -4.1     0.8     5.4     8.9   309.6
2014 04 14  0103   56761    3780    0     3.5    -3.8     0.8     5.2     8.4   312.6
2014 04 14  0104   56761    3840    0     3.4    -3.7     0.8     5.1     8.6   312.3
2014 04 14  0105   56761    3900    0     3.5    -3.8     1.0     5.2    10.9   312.7
2014 04 14  0106   56761    3960    0     3.6    -3.8     0.9     5.3     9.8   313.8
2014 04 14  0107   56761    4020    0     3.7    -3.7     0.8     5.3     8.7   315.2
2014 04 14  0108   56761    4080    0     3.8    -3.4     1.3     5.3    14.6   318.3
2014 04 14  0109   56761    4140    0     3.8    -3.5     1.0     5.3    11.4   316.9
2014 04 14  0110   56761    4200    0     3.7    -3.6     1.1     5.3    12.5   315.9
2014 04 14  0111   56761    4260    0     4.0    -3.6     0.8     5.4     8.8   317.5
2014 04 14  0112   56761    4320    0     3.8    -3.7     0.8     5.4     8.4   315.3
2014 04 14  0113   56761    4380    0     3.9    -3.7     0.7     5.4     7.6   316.1
2014 04 14  0114   56761    4440    0     3.9    -3.6     0.9     5.4    10.2   316.7
2014 04 14  0115   56761    4500    0     3.8    -3.8     0.3     5.4     3.5   315.0
2014 04 14  0116   56761    4560    0     3.7    -4.1     0.0     5.5     0.4   311.9
2014 04 14  0117   56761    4620    0     3.8    -3.9    -0.4     5.5    -4.6   314.2
2014 04 14  0118   56761    4680    0     3.7    -4.0    -0.5     5.5    -5.4   312.8
2014 04 14  0119   56761    4740    0     3.5    -4.0    -0.8     5.4    -8.7   311.6
2014 04 14  0120   56761    4800    0     3.4    -3.9    -1.3     5.3   -13.6   311.4
2014 04 14  0121   56761    4860    0     2.8    -3.9    -2.2     5.2   -25.0   305.8
2014 04 14  0122   56761    4920    0     2.3    -3.6    -2.9     5.2   -34.6   303.3
2014 04 14  0123   56761    4980    0     3.8    -3.8    -0.7     5.4    -7.4   314.4
2014 04 14  0124   56761    5040    0     3.9    -3.7    -0.3     5.4    -3.5   315.9
2014 04 14  0125   56761    5100    0     4.0    -3.7    -0.2     5.4    -2.1   317.2
2014 04 14  0126   56761    5160    0     3.9    -3.8    -0.3     5.4    -3.7   315.8
2014 04 14  0127   56761    5220    0     3.9    -3.7    -0.2     5.4    -1.7   316.6
2014 04 14  0128   56761    5280    0     3.8    -3.7    -0.3     5.3    -3.0   316.2
2014 04 14  0129   56761    5340    0     3.8    -3.7    -0.1     5.3    -1.2   316.0
2014 04 14  0130   56761    5400    0     4.2    -2.9     0.3     5.1     3.5   325.7
2014 04 14  0131   56761    5460    0     3.8    -3.2    -0.1     4.9    -1.0   320.1
2014 04 14  0132   56761    5520    0    -0.8    -3.7    -3.1     4.9   -40.0   257.8
2014 04 14  0133   56761    5580    0    -1.9    -3.6    -3.7     5.5   -42.5   241.9
2014 04 14  0134   56761    5640    0     0.2    -4.6    -3.0     5.5   -32.8   272.0
2014 04 14  0135   56761    5700    0     0.4    -4.7    -2.7     5.4   -30.3   274.4
2014 04 14  0136   56761    5760    0     0.4    -4.6    -2.5     5.3   -27.8   274.9
2014 04 14  0137   56761    5820    0     2.8    -2.5     0.1     3.7     1.0   318.3
2014 04 14  0138   56761    5880    0     4.7    -1.2     1.6     5.1    18.9   345.8
2014 04 14  0139   56761    5940    0     4.7    -1.0     1.9     5.1    21.5   348.3
2014 04 14  0140   56761    6000    0     4.5    -0.8     2.6     5.3    30.0   350.5
2014 04 14  0141   56761    6060    0     4.3    -0.4     3.4     5.5    38.0   354.9
2014 04 14  0142   56761    6120    0     4.5    -0.8     3.1     5.5    34.3   350.1
2014 04 14  0143   56761    6180    0     4.7    -1.2     2.7     5.5    29.2   345.6
2014 04 14  0144   56761    6240    0     4.8    -0.9     2.4     5.4    26.6   349.4
2014 04 14  0145   56761    6300    0     4.9    -0.7     2.1     5.4    22.7   351.9
2014 04 14  0146   56761    6360    0     4.9    -0.8     2.3     5.5    24.6   351.1
2014 04 14  0147   56761    6420    0     4.7    -1.1     2.4     5.4    26.1   346.8
2014 04 14  0148   56761    6480    0     4.7    -1.1     2.4     5.4    26.6   347.1
2014 04 14  0149   56761    6540    0     4.6    -1.2     2.4     5.3    26.2   345.6
2014 04 14  0150   56761    6600    0     4.5    -1.2     2.5     5.3    28.3   344.7
2014 04 14  0151   56761    6660    0     4.8    -1.0     2.1     5.4    23.1   348.6
2014 04 14  0152   56761    6720    0     4.8    -1.2     2.1     5.4    23.2   346.2
2014 04 14  0153   56761    6780    0     5.0    -1.1     1.9     5.5    19.8   347.4
2014 04 14  0154   56761    6840    0     5.0    -1.0     1.8     5.4    19.4   348.3
2014 04 14  0155   56761    6900    0     5.0    -1.2     1.7     5.4    18.0   346.5
2014 04 14  0156   56761    6960    0     4.9    -1.5     1.4     5.3    15.1   343.1
2014 04 14  0157   56761    7020    0     5.0    -1.6     1.3     5.4    13.8   342.2
2014 04 14  0158   56761    7080    0     4.9    -1.5     1.3     5.3    14.8   343.0
2014 04 14  0159   56761    7140    0     4.6    -2.0     0.2     5.0     2.1   335.9
2014 04 14  0200   56761    7200    0     3.4    -2.8    -2.6     5.1   -30.9   320.7
2014 04 14  0201   56761    7260    0     3.4    -2.9    -2.6     5.1   -30.6   319.4
2014 04 14  0202   56761    7320    0     4.0    -2.7    -2.0     5.2   -22.9   325.3
2014 04 14  0203   56761    7380    0     4.1    -2.5    -2.0     5.2   -22.0   329.1
2014 04 14  0204   56761    7440    0     4.3    -2.3    -1.9     5.2   -21.5   332.1
2014 04 14  0205   56761    7500    0     4.4    -2.3    -1.8     5.2   -19.5   332.1
2014 04 14  0206   56761    7560    0     4.3    -2.5    -1.5     5.2   -16.5   329.8
2014 04 14  0207   56761    7620    0     4.5    -2.7    -0.9     5.3    -9.9   329.1
2014 04 14  0208   56761    7680    0     4.6    -2.4    -1.3     5.4   -13.7   332.1
2014 04 14  0209   56761    7740    0     4.6    -2.5    -1.2     5.4   -13.3   331.4
2014 04 14  0210   56761    7800    0     4.6    -2.5    -1.2     5.4   -12.8   331.9
2014 04 14  0211   56761    7860    0     4.8    -2.4    -0.8     5.4    -8.7   333.6
2014 04 14  0212   56761    7920    0     4.6    -2.5    -1.2     5.4   -13.0   331.4
2014 04 14  0213   56761    7980    0     4.6    -2.6    -0.7     5.4    -7.6   330.4
2014 04 14  0214   56761    8040    0     4.7    -2.6    -0.6     5.4    -6.1   330.9
2014 04 14  0215   56761    8100    0     4.6    -2.6    -0.7     5.3    -7.9   331.1
2014 04 14  0216   56761    8160    0     4.6    -2.5    -1.0     5.4   -10.8   331.5
2014 04 14  0217   56761    8220    0     4.5    -2.8    -1.3     5.4   -13.3   328.5
2014 04 14  0218   56761    8280    0     4.5    -2.7    -1.4     5.4   -14.9   328.9
2014 04 14  0219   56761    8340    0     4.6    -2.6    -1.4     5.5   -14.9   330.5
2014 04 14  0220   56761    8400    0     4.7    -2.7    -1.1     5.5   -11.7   330.3
2014 04 14  0221   56761    8460    0     4.7    -2.7    -1.0     5.5   -10.1   330.0
2014 04 14  0222   56761    8520    0     4.7    -2.5    -1.1     5.5   -11.2   331.7
2014 04 14  0223   56761    8580    0     4.9    -2.4    -0.7     5.5    -7.3   333.5
2014 04 14  0224   56761    8640    0     5.0    -2.2    -0.9     5.5    -9.2   336.5
2014 04 14  0225   56761    8700    0     5.1    -2.0    -0.9     5.5    -9.5   338.2
2014 04 14  0226   56761    8760    0     5.0    -2.1    -0.8     5.5    -8.0   337.7
2014 04 14  0227   56761    8820    0     5.2    -1.5    -0.5     5.4    -5.4   343.9
2014 04 14  0228   56761    8880    0     4.9    -2.1    -1.0     5.4   -10.3   337.1
2014 04 14  0229   56761    8940    0     5.0    -2.1    -0.7     5.4    -7.6   337.6
2014 04 14  0230   56761    9000    0     4.3    -3.2    -1.2     5.5   -12.6   322.9
2014 04 14  0231   56761    9060    0     4.3    -3.3    -0.8     5.5    -8.3   322.4
2014 04 14  0232   56761    9120    0     4.4    -3.2    -0.7     5.5    -7.1   324.0
2014 04 14  0233   56761    9180    0     4.5    -2.6    -1.7     5.5   -17.9   330.1
2014 04 14  0234   56761    9240    0     4.9    -2.3    -1.2     5.5   -12.7   334.9
2014 04 14  0235   56761    9300    0     4.9    -2.3    -1.2     5.5   -12.7   334.5
2014 04 14  0236   56761    9360    0     4.9    -2.5    -1.0     5.6   -10.2   333.2
2014 04 14  0237   56761    9420    0     4.8    -2.6     0.1     5.5     1.4   331.5
2014 04 14  0238   56761    9480    0     3.0    -2.1    -3.5     5.1   -43.7   325.1
2014 04 14  0239   56761    9540    0     3.8    -2.6    -3.2     5.6   -34.6   325.6
2014 04 14  0240   56761    9600    0     4.2    -2.8    -2.4     5.6   -25.7   326.3
2014 04 14  0241   56761    9660    0     3.7    -2.5    -3.5     5.7   -38.0   326.0
2014 04 14  0242   56761    9720    0     4.0    -2.5    -3.3     5.7   -34.7   327.8
2014 04 14  0243   56761    9780    0     4.1    -2.4    -3.1     5.7   -33.4   329.7
2014 04 14  0244   56761    9840    0     4.3    -2.5    -2.6     5.6   -27.7   329.9
2014 04 14  0245   56761    9900    0     4.4    -2.6    -2.0     5.5   -21.3   328.8
2014 04 14  0246   56761    9960    0     4.5    -2.8    -1.5     5.5   -16.4   328.4
2014 04 14  0247   56761   10020    0     4.5    -2.9    -0.8     5.4    -8.6   327.6
2014 04 14  0248   56761   10080    0     4.6    -2.8    -1.0     5.5   -10.4   328.6
2014 04 14  0249   56761   10140    0     4.6    -2.7    -1.1     5.5   -11.0   329.5
2014 04 14  0250   56761   10200    0     4.6    -2.8    -1.0     5.5   -10.0   328.5
2014 04 14  0251   56761   10260    0     4.6    -2.7    -1.6     5.6   -16.4   329.6
2014 04 14  0252   56761   10320    0     4.7    -2.5    -1.3     5.5   -14.0   331.7
2014 04 14  0253   56761   10380    0     4.6    -2.8    -0.8     5.5    -8.2   328.5
2014 04 14  0254   56761   10440    0     4.7    -2.7    -0.8     5.5    -8.5   329.5
2014 04 14  0255   56761   10500    0     4.4    -2.9    -1.5     5.5   -16.0   327.1
2014 04 14  0256   56761   10560    0     4.3    -3.0    -1.9     5.6   -19.6   324.8
2014 04 14  0257   56761   10620    0     4.5    -2.7    -1.9     5.6   -19.4   328.8
2014 04 14  0258   56761   10680    0     4.4    -3.2    -1.5     5.6   -15.8   324.0
2014 04 14  0259   56761   10740    0     4.3    -3.2    -1.6     5.6   -16.4   323.3
2014 04 14  0300   56761   10800    0     4.2    -3.1    -2.1     5.7   -22.0   323.7
2014 04 14  0301   56761   10860    0     4.2    -3.1    -2.1     5.7   -22.3   324.0
2014 04 14  0302   56761   10920    0     4.2    -3.1    -2.0     5.7   -20.7   323.5
2014 04 14  0303   56761   10980    0     4.3    -3.1    -1.9     5.6   -19.7   324.8
2014 04 14  0304   56761   11040    0     4.3    -3.5    -1.5     5.7   -15.0   320.9
2014 04 14  0305   56761   11100    0     4.3    -3.4    -1.5     5.7   -15.7   321.7
2014 04 14  0306   56761   11160    0     4.6    -3.2    -1.4     5.7   -14.1   325.0
2014 04 14  0307   56761   11220    0     4.5    -3.4    -1.2     5.7   -11.8   323.0
2014 04 14  0308   56761   11280    0     4.1    -2.1    -3.4     5.7   -35.8   332.5
2014 04 14  0309   56761   11340    0     4.1    -2.1    -3.2     5.6   -35.2   333.4
2014 04 14  0310   56761   11400    0     3.9    -1.9    -3.5     5.5   -38.7   334.3
2014 04 14  0311   56761   11460    0     4.0    -2.0    -3.3     5.6   -36.6   333.6
2014 04 14  0312   56761   11520    0     4.1    -2.8    -2.3     5.5   -24.2   325.5
2014 04 14  0313   56761   11580    0     4.1    -2.8    -2.6     5.6   -27.6   326.2
2014 04 14  0314   56761   11640    0     4.3    -3.3    -0.9     5.5    -9.8   322.5
2014 04 14  0315   56761   11700    0     4.5    -3.2    -0.4     5.5    -4.2   324.5
2014 04 14  0316   56761   11760    0     4.7    -2.6    -0.3     5.4    -3.0   331.6
2014 04 14  0317   56761   11820    0     4.8    -2.3    -1.0     5.4   -10.4   333.9
2014 04 14  0318   56761   11880    0     4.3    -2.7    -2.0     5.4   -22.0   327.8
2014 04 14  0319   56761   11940    0     3.5    -3.2    -2.8     5.5   -30.6   317.6
2014 04 14  0320   56761   12000    0     3.8    -3.2    -2.4     5.5   -25.8   319.7
2014 04 14  0321   56761   12060    0     3.5    -2.9    -3.2     5.5   -35.3   320.8
2014 04 14  0322   56761   12120    0     2.0    -2.6    -4.6     5.7   -54.4   307.8
2014 04 14  0323   56761   12180    0     1.4    -2.5    -5.0     5.7   -60.2   298.7
2014 04 14  0324   56761   12240    0    -0.1    -2.0    -5.3     5.7   -69.2   266.9
2014 04 14  0325   56761   12300    0    -1.5    -1.5    -5.5     5.9   -69.1   223.8
2014 04 14  0326   56761   12360    0    -0.9    -1.9    -5.4     5.8   -68.5   243.9
2014 04 14  0327   56761   12420    0    -1.3    -1.6    -5.5     5.9   -69.1   231.0
2014 04 14  0328   56761   12480    0    -0.0    -2.8    -5.1     5.8   -61.7   269.5
2014 04 14  0329   56761   12540    0     0.1    -3.0    -5.0     5.9   -59.1   271.0
2014 04 14  0330   56761   12600    0     0.3    -2.5    -5.3     5.8   -64.5   277.3
2014 04 14  0331   56761   12660    0     2.0    -2.7    -4.6     5.7   -54.1   307.3
2014 04 14  0332   56761   12720    0     2.6    -3.1    -4.2     5.8   -46.5   310.1
2014 04 14  0333   56761   12780    0     2.0    -2.8    -4.7     5.8   -53.5   305.4
2014 04 14  0334   56761   12840    0     1.9    -3.3    -4.5     5.9   -49.3   300.1
2014 04 14  0335   56761   12900    0     1.8    -3.3    -4.4     5.8   -49.6   299.3
2014 04 14  0336   56761   12960    0     2.7    -2.8    -4.3     5.8   -48.5   314.0
2014 04 14  0337   56761   13020    0     2.6    -2.7    -4.4     5.8   -49.9   314.3
2014 04 14  0338   56761   13080    0     2.7    -2.5    -4.5     5.8   -50.6   316.5
2014 04 14  0339   56761   13140    0     2.6    -2.7    -4.4     5.8   -50.1   313.9
2014 04 14  0340   56761   13200    0     2.3    -2.7    -4.6     5.8   -52.1   309.5
2014 04 14  0341   56761   13260    0     2.1    -2.6    -4.7     5.8   -54.7   309.5
2014 04 14  0342   56761   13320    0     2.7    -2.5    -4.5     5.8   -51.0   317.4
2014 04 14  0343   56761   13380    0     1.6    -2.3    -5.1     5.8   -61.4   304.2
2014 04 14  0344   56761   13440    0     1.3    -2.3    -5.2     5.8   -63.0   300.5
2014 04 14  0345   56761   13500    0     1.9    -2.1    -5.0     5.7   -60.5   311.2
2014 04 14  0346   56761   13560    0     2.1    -1.9    -4.9     5.7   -60.1   317.7
2014 04 14  0347   56761   13620    0     1.8    -1.9    -5.0     5.7   -62.6   313.4
2014 04 14  0348   56761   13680    0     1.5    -1.9    -5.1     5.7   -64.5   308.1
2014 04 14  0349   56761   13740    0     1.2    -1.9    -5.2     5.7   -66.8   303.0
2014 04 14  0350   56761   13800    0    -0.2    -2.9    -4.7     5.5   -58.3   266.1
2014 04 14  0351   56761   13860    0    -0.6    -3.7    -4.3     5.7   -49.0   260.7
2014 04 14  0352   56761   13920    0    -0.2    -3.5    -4.5     5.7   -51.9   266.3
2014 04 14  0353   56761   13980    0    -0.2    -3.4    -4.5     5.7   -53.0   266.5
2014 04 14  0354   56761   14040    0     0.5    -3.2    -4.6     5.6   -54.4   279.5
2014 04 14  0355   56761   14100    0     0.5    -3.8    -3.9     5.5   -45.4   276.7
2014 04 14  0356   56761   14160    0     0.0    -3.9    -4.3     5.7   -47.9   270.2
2014 04 14  0357   56761   14220    0     0.0    -3.9    -4.3     5.7   -47.8   270.4
2014 04 14  0358   56761   14280    0     0.4    -3.1    -4.7     5.6   -55.8   277.6
2014 04 14  0359   56761   14340    0     0.3    -2.8    -4.8     5.6   -59.6   275.7
2014 04 14  0400   56761   14400    0     0.3    -3.9    -4.1     5.6   -46.4   274.1
2014 04 14  0401   56761   14460    0     0.2    -3.6    -4.5     5.8   -51.0   272.4
2014 04 14  0402   56761   14520    0     0.6    -3.4    -4.5     5.7   -52.4   280.5
2014 04 14  0403   56761   14580    0     0.6    -3.6    -4.4     5.7   -50.1   279.4
2014 04 14  0404   56761   14640    0    -0.7    -3.1    -4.9     5.8   -57.5   257.5
2014 04 14  0405   56761   14700    0    -0.8    -2.9    -5.0     5.9   -58.8   254.4
2014 04 14  0406   56761   14760    0    -0.7    -3.0    -4.9     5.8   -57.8   257.9
2014 04 14  0407   56761   14820    0    -0.2    -3.3    -4.8     5.8   -55.8   266.3
2014 04 14  0408   56761   14880    0    -0.4    -3.1    -4.8     5.8   -56.9   262.7
2014 04 14  0409   56761   14940    0    -0.4    -3.1    -4.9     5.8   -57.5   262.3
2014 04 14  0410   56761   15000    0    -0.5    -2.9    -5.0     5.8   -59.2   261.1
2014 04 14  0411   56761   15060    0    -0.8    -3.0    -4.9     5.8   -58.1   255.4
2014 04 14  0412   56761   15120    0    -1.1    -3.0    -4.8     5.8   -56.4   250.7
2014 04 14  0413   56761   15180    0    -1.1    -2.7    -5.0     5.8   -59.3   248.2
2014 04 14  0414   56761   15240    0    -1.1    -3.0    -4.8     5.7   -56.5   249.8
2014 04 14  0415   56761   15300    0    -1.2    -2.8    -4.9     5.8   -57.7   247.3
2014 04 14  0416   56761   15360    0    -1.5    -2.8    -4.9     5.8   -56.7   242.3
2014 04 14  0417   56761   15420    0    -1.5    -2.8    -4.9     5.8   -57.3   241.7
2014 04 14  0418   56761   15480    0    -1.8    -2.2    -4.9     5.7   -59.7   230.7
2014 04 14  0419   56761   15540    0    -1.3    -2.5    -4.9     5.6   -60.5   242.9
2014 04 14  0420   56761   15600    0    -1.5    -2.5    -4.9     5.7   -59.4   237.9
2014 04 14  0421   56761   15660    0    -2.0    -3.4    -4.3     5.8   -46.8   239.2
2014 04 14  0422   56761   15720    0    -2.1    -4.0    -3.5     5.7   -38.0   242.3
2014 04 14  0423   56761   15780    0    -2.5    -4.3    -3.0     5.7   -31.0   239.9
2014 04 14  0424   56761   15840    0    -2.3    -4.3    -3.0     5.7   -31.4   242.1
2014 04 14  0425   56761   15900    0    -2.6    -4.0    -3.2     5.8   -34.2   236.4
2014 04 14  0426   56761   15960    0    -2.8    -3.7    -3.4     5.8   -35.7   232.9
2014 04 14  0427   56761   16020    0    -2.8    -3.6    -3.5     5.8   -37.3   232.6
2014 04 14  0428   56761   16080    0    -1.8    -3.3    -4.2     5.6   -48.1   242.2
2014 04 14  0429   56761   16140    0    -1.0    -2.9    -4.7     5.6   -56.8   250.8
2014 04 14  0430   56761   16200    0    -1.0    -3.1    -4.6     5.6   -54.6   252.7
2014 04 14  0431   56761   16260    0    -0.9    -3.3    -4.4     5.6   -52.5   255.2
2014 04 14  0432   56761   16320    0    -0.4    -3.0    -4.6     5.5   -56.6   261.9
2014 04 14  0433   56761   16380    0    -0.8    -3.0    -4.5     5.5   -54.8   254.7
2014 04 14  0434   56761   16440    0    -0.9    -2.7    -4.7     5.5   -58.6   252.1
2014 04 14  0435   56761   16500    0    -0.5    -2.3    -4.9     5.4   -64.0   256.9
2014 04 14  0436   56761   16560    0    -0.2    -3.2    -4.6     5.6   -55.1   266.3
2014 04 14  0437   56761   16620    0    -0.1    -3.2    -4.5     5.5   -55.1   268.5
2014 04 14  0438   56761   16680    0    -0.4    -3.2    -4.5     5.5   -54.7   262.3
2014 04 14  0439   56761   16740    0    -1.3    -2.4    -5.0     5.6   -61.3   240.8
2014 04 14  0440   56761   16800    0    -1.2    -2.5    -4.9     5.7   -60.3   243.7
2014 04 14  0441   56761   16860    0    -0.9    -3.0    -4.6     5.6   -56.4   252.5
2014 04 14  0442   56761   16920    0    -1.1    -3.0    -4.6     5.7   -55.1   249.9
2014 04 14  0443   56761   16980    0    -1.1    -2.7    -4.9     5.6   -59.5   248.2
2014 04 14  0444   56761   17040    0    -0.5    -3.3    -4.2     5.4   -51.2   260.7
2014 04 14  0445   56761   17100    0    -0.5    -4.3    -3.4     5.5   -38.2   263.3
2014 04 14  0446   56761   17160    0    -0.5    -4.1    -3.6     5.4   -41.2   262.3
2014 04 14  0447   56761   17220    0    -0.7    -3.9    -3.7     5.4   -43.6   259.6
2014 04 14  0448   56761   17280    0    -1.3    -3.4    -4.0     5.5   -47.9   249.2
2014 04 14  0449   56761   17340    0    -1.3    -2.9    -4.4     5.5   -54.1   246.5
2014 04 14  0450   56761   17400    0    -0.4    -3.7    -3.8     5.4   -46.0   264.4
2014 04 14  0451   56761   17460    0    -0.3    -3.8    -3.8     5.4   -44.9   265.4
2014 04 14  0452   56761   17520    0    -0.5    -3.8    -3.8     5.4   -44.7   263.1
2014 04 14  0453   56761   17580    0    -0.8    -3.7    -3.8     5.4   -44.9   258.4
2014 04 14  0454   56761   17640    0    -0.1    -4.0    -3.6     5.4   -42.0   267.9
2014 04 14  0455   56761   17700    0    -0.2    -3.9    -3.7     5.4   -43.9   267.2
2014 04 14  0456   56761   17760    0    -0.5    -3.5    -4.0     5.4   -48.7   262.2
2014 04 14  0457   56761   17820    0    -0.5    -3.6    -3.9     5.3   -46.4   261.5
2014 04 14  0458   56761   17880    0    -0.2    -3.6    -3.9     5.3   -47.5   267.0
2014 04 14  0459   56761   17940    0    -0.4    -3.6    -3.8     5.2   -46.3   263.9
2014 04 14  0500   56761   18000    0    -1.3    -3.6    -3.8     5.4   -45.1   250.5
2014 04 14  0501   56761   18060    0    -1.0    -3.2    -4.1     5.3   -50.4   252.7
2014 04 14  0502   56761   18120    0    -1.4    -2.5    -4.5     5.4   -57.1   240.8
2014 04 14  0503   56761   18180    0    -1.5    -2.9    -4.3     5.4   -52.5   242.5
2014 04 14  0504   56761   18240    0    -1.1    -2.7    -4.4     5.3   -56.2   247.4
2014 04 14  0505   56761   18300    0    -1.1    -2.9    -4.5     5.4   -55.7   249.3
2014 04 14  0506   56761   18360    0    -0.8    -3.0    -4.4     5.4   -55.0   255.1
2014 04 14  0507   56761   18420    0    -0.6    -2.6    -4.8     5.5   -61.2   256.7
2014 04 14  0508   56761   18480    0    -0.8    -2.5    -4.9     5.5   -62.0   251.6
2014 04 14  0509   56761   18540    0    -0.6    -2.2    -5.0     5.5   -65.4   254.4
2014 04 14  0510   56761   18600    0    -0.2    -3.1    -4.5     5.4   -55.7   266.3
2014 04 14  0511   56761   18660    0    -1.3    -2.6    -4.7     5.6   -58.2   244.4
2014 04 14  0512   56761   18720    0    -1.3    -3.0    -4.5     5.6   -53.9   246.9
2014 04 14  0513   56761   18780    0    -1.6    -2.7    -4.5     5.5   -55.3   238.6
2014 04 14  0514   56761   18840    0    -1.0    -3.9    -3.8     5.6   -42.7   255.2
2014 04 14  0515   56761   18900    0    -1.7    -4.0    -3.5     5.6   -39.0   247.1
2014 04 14  0516   56761   18960    0    -1.3    -4.3    -3.2     5.5   -35.8   253.4
2014 04 14  0517   56761   19020    0    -1.0    -4.9    -1.9     5.4   -21.1   258.1
2014 04 14  0518   56761   19080    0    -0.8    -4.8    -2.0     5.3   -22.1   260.2
2014 04 14  0519   56761   19140    0    -0.7    -5.0    -1.7     5.4   -18.6   261.9
2014 04 14  0520   56761   19200    0    -0.3    -4.1    -3.3     5.3   -38.3   265.6
2014 04 14  0521   56761   19260    0    -0.3    -4.2    -3.0     5.2   -35.0   266.4
2014 04 14  0522   56761   19320    0    -0.7    -4.5    -2.6     5.2   -29.9   261.1
2014 04 14  0523   56761   19380    0    -0.7    -4.5    -2.5     5.2   -28.5   261.0
2014 04 14  0524   56761   19440    0    -0.6    -4.4    -2.5     5.1   -29.4   262.3
2014 04 14  0525   56761   19500    0     0.0    -4.4    -2.6     5.1   -30.6   270.5
2014 04 14  0526   56761   19560    0     0.0    -4.6    -2.0     5.1   -23.3   270.3
2014 04 14  0527   56761   19620    0    -0.6    -4.5    -2.3     5.1   -26.9   262.0
2014 04 14  0528   56761   19680    0    -1.0    -4.0    -2.9     5.0   -35.2   255.8
2014 04 14  0529   56761   19740    0    -1.2    -1.0    -5.0     5.2   -72.5   217.3
2014 04 14  0530   56761   19800    0    -1.1    -0.7    -5.1     5.3   -76.3   211.7
2014 04 14  0531   56761   19860    0    -0.9    -1.0    -5.1     5.3   -75.2   229.4
2014 04 14  0532   56761   19920    0    -0.7    -1.8    -4.9     5.3   -69.0   248.3
2014 04 14  0533   56761   19980    0    -0.1    -3.0    -4.1     5.1   -53.6   268.5
2014 04 14  0534   56761   20040    0     0.9    -2.9    -4.0     5.0   -53.0   287.3
2014 04 14  0535   56761   20100    0     1.1    -3.1    -3.9     5.1   -50.2   289.8
2014 04 14  0536   56761   20160    0     0.5    -2.9    -4.1     5.1   -54.1   280.4
2014 04 14  0537   56761   20220    0     0.4    -3.6    -3.6     5.1   -44.9   276.2
2014 04 14  0538   56761   20280    0     0.4    -3.4    -3.7     5.0   -47.1   276.9
2014 04 14  0539   56761   20340    0     0.0    -3.3    -3.7     5.0   -48.9   270.4
2014 04 14  0540   56761   20400    0    -2.1    -0.5    -4.6     5.1   -65.4   194.2
2014 04 14  0541   56761   20460    0    -2.3    -0.1    -4.7     5.3   -64.3   183.0
2014 04 14  0542   56761   20520    0    -2.5    -0.1    -4.7     5.3   -61.3   181.7
2014 04 14  0543   56761   20580    0    -2.3    -0.7    -4.8     5.3   -63.6   196.6
2014 04 14  0544   56761   20640    0    -2.6    -0.4    -4.7     5.4   -61.0   187.8
2014 04 14  0545   56761   20700    0    -3.5     0.2    -3.9     5.3   -47.8   176.4
2014 04 14  0546   56761   20760    0    -2.7    -0.9    -4.4     5.3   -57.1   198.5
2014 04 14  0547   56761   20820    0    -1.4    -1.8    -4.5     5.1   -62.5   232.1
2014 04 14  0548   56761   20880    0    -1.5    -1.8    -4.4     5.0   -61.9   231.4
2014 04 14  0549   56761   20940    0    -1.5    -1.6    -4.4     4.9   -63.3   227.4
2014 04 14  0550   56761   21000    0    -1.7    -1.0    -4.5     4.9   -67.0   210.7
2014 04 14  0551   56761   21060    0    -2.0    -0.9    -4.4     5.0   -63.4   205.0
2014 04 14  0552   56761   21120    0    -2.3    -0.6    -4.4     5.0   -61.5   194.6
2014 04 14  0553   56761   21180    0    -2.7    -1.2    -4.2     5.1   -54.5   204.1
2014 04 14  0554   56761   21240    0    -2.7    -0.8    -4.3     5.2   -56.7   196.5
2014 04 14  0555   56761   21300    0    -2.6    -0.4    -4.4     5.2   -59.1   187.7
2014 04 14  0556   56761   21360    0    -2.6    -0.5    -4.4     5.1   -59.2   191.2
2014 04 14  0557   56761   21420    0    -2.7    -0.5    -4.4     5.2   -58.6   191.2
2014 04 14  0558   56761   21480    0    -2.8    -0.3    -4.4     5.2   -57.5   185.2
2014 04 14  0559   56761   21540    0    -2.7    -0.3    -4.4     5.2   -58.5   186.2
2014 04 14  0600   56761   21600    0    -2.4    -0.4    -4.5     5.1   -61.1   189.4
2014 04 14  0601   56761   21660    0    -2.7    -0.1    -4.5     5.2   -59.3   183.1
2014 04 14  0602   56761   21720    0    -2.2    -1.3    -4.3     5.0   -58.9   211.0
2014 04 14  0603   56761   21780    0    -2.1    -1.9    -4.2     5.0   -55.6   222.0
2014 04 14  0604   56761   21840    0     0.6    -3.1    -3.4     4.6   -47.3   280.7
2014 04 14  0605   56761   21900    0     2.0    -3.6    -2.5     4.8   -31.5   298.5
2014 04 14  0606   56761   21960    0     2.0    -3.6    -2.4     4.8   -30.4   299.7
2014 04 14  0607   56761   22020    0     1.9    -3.6    -2.5     4.8   -31.0   297.8
2014 04 14  0608   56761   22080    0     1.7    -3.9    -2.2     4.8   -27.7   293.3
2014 04 14  0609   56761   22140    0     1.4    -3.8    -2.6     4.8   -32.4   289.7
2014 04 14  0610   56761   22200    0     1.1    -3.6    -3.1     4.8   -39.2   286.3
2014 04 14  0611   56761   22260    0     0.7    -3.7    -3.2     5.0   -40.6   281.1
2014 04 14  0612   56761   22320    0     0.4    -3.3    -3.6     4.9   -47.4   276.2
2014 04 14  0613   56761   22380    0     0.7    -3.5    -3.2     4.8   -42.1   282.0
2014 04 14  0614   56761   22440    0     0.6    -4.2    -2.6     4.9   -31.2   277.7
2014 04 14  0615   56761   22500    0     0.5    -4.0    -2.8     5.0   -35.1   277.5
2014 04 14  0616   56761   22560    0     0.6    -3.7    -3.2     5.0   -40.7   279.9
2014 04 14  0617   56761   22620    0     1.3    -4.2    -2.1     4.9   -25.6   286.5
2014 04 14  0618   56761   22680    0     0.6    -3.9    -3.2     5.1   -39.2   279.4
2014 04 14  0619   56761   22740    0     0.2    -3.6    -3.6     5.1   -44.4   273.1
2014 04 14  0620   56761   22800    0     0.0    -3.7    -3.6     5.1   -44.0   270.8
2014 04 14  0621   56761   22860    0    -0.6    -3.4    -3.8     5.1   -47.4   260.1
2014 04 14  0622   56761   22920    0    -0.8    -3.5    -3.7     5.1   -46.3   257.0
2014 04 14  0623   56761   22980    0    -0.8    -3.4    -3.7     5.1   -46.6   257.1
2014 04 14  0624   56761   23040    0     1.0    -3.4    -3.4     5.0   -44.0   286.6
2014 04 14  0625   56761   23100    0     1.9    -3.2    -3.2     4.9   -40.6   300.9
2014 04 14  0626   56761   23160    0     1.3    -3.4    -3.4     5.0   -42.3   291.1
2014 04 14  0627   56761   23220    0     1.4    -3.4    -3.4     5.0   -43.0   292.5
2014 04 14  0628   56761   23280    0     1.4    -3.4    -3.4     5.0   -43.0   292.4
2014 04 14  0629   56761   23340    0     1.1    -3.6    -3.4     5.0   -41.9   286.8
2014 04 14  0630   56761   23400    0     1.2    -3.5    -3.3     5.0   -41.7   289.5
2014 04 14  0631   56761   23460    0     1.0    -3.4    -3.5     5.0   -44.4   287.2
2014 04 14  0632   56761   23520    0     1.0    -3.1    -3.7     4.9   -48.3   288.1
2014 04 14  0633   56761   23580    0     0.6    -3.7    -3.0     4.8   -38.1   279.9
2014 04 14  0634   56761   23640    0     1.6    -4.0    -2.6     5.0   -30.8   291.7
2014 04 14  0635   56761   23700    0     1.5    -3.8    -2.9     5.0   -35.0   291.4
2014 04 14  0636   56761   23760    0     0.8    -3.5    -3.6     5.1   -45.0   282.3
2014 04 14  0637   56761   23820    0     1.0    -3.5    -3.4     5.0   -43.0   286.0
2014 04 14  0638   56761   23880    0     1.0    -3.4    -3.6     5.1   -45.5   285.7
2014 04 14  0639   56761   23940    0     0.8    -3.4    -3.7     5.1   -46.6   283.1
2014 04 14  0640   56761   24000    0     0.6    -3.7    -3.5     5.1   -43.0   279.5
2014 04 14  0641   56761   24060    0     0.3    -4.1    -3.2     5.2   -38.1   274.5
2014 04 14  0642   56761   24120    0    -0.0    -3.5    -3.8     5.2   -48.0   269.9
2014 04 14  0643   56761   24180    0     0.1    -3.5    -3.8     5.2   -47.7   271.3
2014 04 14  0644   56761   24240    0     0.1    -3.4    -3.9     5.2   -49.5   272.5
2014 04 14  0645   56761   24300    0     0.9    -3.8    -3.2     5.1   -39.4   284.0
2014 04 14  0646   56761   24360    0     1.0    -3.8    -3.1     5.0   -38.5   284.5
2014 04 14  0647   56761   24420    0     0.2    -3.7    -3.5     5.1   -43.7   272.5
2014 04 14  0648   56761   24480    0     1.1    -4.1    -2.6     5.0   -31.6   284.9
2014 04 14  0649   56761   24540    0    -0.2    -3.6    -3.7     5.1   -46.0   266.9
2014 04 14  0650   56761   24600    0     1.2    -3.6    -3.2     5.0   -40.1   287.6
2014 04 14  0651   56761   24660    0     1.7    -3.8    -2.6     4.9   -31.6   294.0
2014 04 14  0652   56761   24720    0     1.4    -3.9    -2.6     4.9   -32.0   290.4
2014 04 14  0653   56761   24780    0     1.6    -3.7    -2.8     4.9   -35.3   293.1
2014 04 14  0654   56761   24840    0     1.5    -3.8    -2.8     4.9   -35.0   291.7
2014 04 14  0655   56761   24900    0     1.4    -3.7    -3.0     5.0   -36.6   290.5
2014 04 14  0656   56761   24960    0     1.2    -4.2    -2.7     5.1   -31.7   286.3
2014 04 14  0657   56761   25020    0     0.6    -3.9    -3.2     5.1   -39.3   278.1
2014 04 14  0658   56761   25080    0     0.3    -3.6    -3.6     5.1   -44.7   274.2
2014 04 14  0659   56761   25140    0    -0.4    -3.4    -3.8     5.1   -47.6   263.6
2014 04 14  0700   56761   25200    0    -2.0    -2.8    -4.2     5.4   -51.3   234.4
2014 04 14  0701   56761   25260    0    -1.9    -3.4    -3.7     5.4   -43.8   240.2
2014 04 14  0702   56761   25320    0    -1.6    -3.8    -3.6     5.5   -41.2   246.6
2014 04 14  0703   56761   25380    0    -1.7    -3.8    -3.5     5.5   -39.6   245.8
2014 04 14  0704   56761   25440    0    -2.0    -3.5    -3.7     5.5   -42.5   239.8
2014 04 14  0705   56761   25500    0    -1.3    -3.2    -4.1     5.4   -49.4   247.9
2014 04 14  0706   56761   25560    0    -0.8    -3.6    -4.0     5.4   -47.0   256.9
2014 04 14  0707   56761   25620    0    -0.2    -4.0    -3.6     5.4   -42.0   266.5
2014 04 14  0708   56761   25680    0     0.9    -3.9    -3.4     5.2   -40.4   282.3
2014 04 14  0709   56761   25740    0     3.1    -3.6    -2.3     5.3   -25.6   311.2
2014 04 14  0710   56761   25800    0     3.7    -3.5    -1.8     5.4   -19.1   316.7
2014 04 14  0711   56761   25860    0     3.7    -3.5    -1.8     5.4   -19.5   316.5
2014 04 14  0712   56761   25920    0     4.1    -3.1    -1.2     5.3   -13.4   323.0
2014 04 14  0713   56761   25980    0     4.3    -3.1    -0.7     5.3    -7.1   324.2
2014 04 14  0714   56761   26040    0     4.2    -3.0    -0.6     5.2    -6.6   324.9
2014 04 14  0715   56761   26100    0     4.4    -2.9    -0.6     5.2    -6.6   326.7
2014 04 14  0716   56761   26160    0     4.4    -2.8    -0.3     5.2    -3.7   328.0
2014 04 14  0717   56761   26220    0     4.4    -3.0    -0.3     5.3    -3.5   325.1
2014 04 14  0718   56761   26280    0     4.6    -2.9    -0.1     5.4    -1.5   327.3
2014 04 14  0719   56761   26340    0     4.6    -3.0    -0.0     5.5    -0.3   326.9
2014 04 14  0720   56761   26400    0     4.6    -3.1    -0.3     5.5    -3.0   326.4
2014 04 14  0721   56761   26460    0     4.4    -3.2    -0.6     5.5    -6.1   323.7
2014 04 14  0722   56761   26520    0     4.5    -3.2    -0.3     5.5    -3.5   324.8
2014 04 14  0723   56761   26580    0     4.5    -3.3    -0.6     5.6    -6.4   323.7
2014 04 14  0724   56761   26640    0     4.3    -3.5    -1.0     5.6   -10.6   321.3
2014 04 14  0725   56761   26700    0     4.4    -3.4    -1.2     5.7   -12.5   322.0
2014 04 14  0726   56761   26760    0     4.3    -3.4    -1.2     5.6   -12.6   322.1
2014 04 14  0727   56761   26820    0     4.6    -3.2    -1.0     5.7   -10.3   325.5
2014 04 14  0728   56761   26880    0     4.4    -3.3    -1.1     5.6   -11.1   323.3
2014 04 14  0729   56761   26940    0     4.2    -3.2    -1.1     5.4   -12.0   322.7
2014 04 14  0730   56761   27000    0     4.3    -3.0    -1.1     5.3   -12.0   325.3
2014 04 14  0731   56761   27060    0     4.5    -2.7    -1.0     5.4   -10.8   328.6
2014 04 14  0732   56761   27120    0     4.6    -2.4    -1.5     5.4   -15.6   333.0
2014 04 14  0733   56761   27180    0     4.4    -2.6    -1.8     5.4   -19.0   328.8
2014 04 14  0734   56761   27240    0     4.1    -3.1    -1.7     5.4   -18.8   322.7
2014 04 14  0735   56761   27300    0     3.8    -3.5    -1.7     5.4   -17.9   317.0
2014 04 14  0736   56761   27360    0     3.4    -3.9    -1.8     5.5   -19.3   311.4
2014 04 14  0737   56761   27420    0     3.5    -3.6    -2.2     5.5   -24.1   314.3
2014 04 14  0738   56761   27480    0     3.6    -3.4    -2.3     5.5   -25.4   316.4
2014 04 14  0739   56761   27540    0     3.4    -3.7    -1.8     5.3   -19.4   313.2
2014 04 14  0740   56761   27600    0     3.3    -3.7    -2.0     5.4   -21.6   311.5
2014 04 14  0741   56761   27660    0     3.2    -3.9    -2.0     5.4   -22.2   309.2
2014 04 14  0742   56761   27720    0     3.0    -4.0    -2.2     5.4   -24.1   307.0
2014 04 14  0743   56761   27780    0     3.0    -3.9    -2.2     5.4   -24.6   307.8
2014 04 14  0744   56761   27840    0     2.9    -4.1    -2.0     5.4   -21.5   304.9
2014 04 14  0745   56761   27900    0     2.9    -4.0    -2.1     5.4   -22.9   306.1
2014 04 14  0746   56761   27960    0     2.0    -4.1    -2.7     5.3   -30.2   296.2
2014 04 14  0747   56761   28020    0     0.2    -3.9    -3.6     5.3   -43.2   272.4
2014 04 14  0748   56761   28080    0    -0.3    -3.4    -3.7     5.1   -47.2   264.2
2014 04 14  0749   56761   28140    0     0.6    -3.3    -3.6     4.9   -47.3   280.6
2014 04 14  0750   56761   28200    0     0.8    -3.7    -3.2     4.9   -40.2   282.2
2014 04 14  0751   56761   28260    0     0.8    -3.8    -3.1     5.0   -39.0   282.3
2014 04 14  0752   56761   28320    0     1.0    -4.0    -2.9     5.0   -35.5   284.7
2014 04 14  0753   56761   28380    0     0.9    -4.0    -3.2     5.2   -38.2   282.6
2014 04 14  0754   56761   28440    0     1.4    -4.0    -3.2     5.3   -36.8   288.7
2014 04 14  0755   56761   28500    0     1.4    -4.2    -3.0     5.4   -33.8   288.9
2014 04 14  0756   56761   28560    0     1.1    -4.2    -3.0     5.3   -34.7   284.4
2014 04 14  0757   56761   28620    0     1.1    -4.1    -3.1     5.2   -36.0   284.7
2014 04 14  0758   56761   28680    0     1.2    -4.0    -3.3     5.3   -38.2   286.4
2014 04 14  0759   56761   28740    0     1.3    -4.1    -3.2     5.4   -36.6   288.0
2014 04 14  0800   56761   28800    0     1.6    -4.2    -2.9     5.3   -33.2   291.0
2014 04 14  0801   56761   28860    0     2.0    -3.8    -3.1     5.3   -36.2   297.2
2014 04 14  0802   56761   28920    0     1.9    -3.7    -3.4     5.4   -39.2   297.1
2014 04 14  0803   56761   28980    0     1.6    -3.9    -3.4     5.4   -38.5   292.8
2014 04 14  0804   56761   29040    0     1.1    -4.5    -3.0     5.5   -33.3   284.2
2014 04 14  0805   56761   29100    0     1.0    -4.1    -3.6     5.5   -41.0   283.3
2014 04 14  0806   56761   29160    0     0.9    -4.2    -3.5     5.6   -39.3   282.3
2014 04 14  0807   56761   29220    0     2.0    -4.6    -2.2     5.5   -23.4   293.2
2014 04 14  0808   56761   29280    0     1.3    -4.8    -2.4     5.5   -26.0   285.6
2014 04 14  0809   56761   29340    0     1.1    -5.0    -2.0     5.5   -20.8   282.5
2014 04 14  0810   56761   29400    0     1.5    -4.6    -2.2     5.4   -24.3   288.0
2014 04 14  0811   56761   29460    0     1.5    -4.1    -2.8     5.2   -32.9   290.6
2014 04 14  0812   56761   29520    0     1.3    -4.3    -2.6     5.2   -29.9   286.7
2014 04 14  0813   56761   29580    0     0.8    -4.6    -2.4     5.2   -27.7   279.5
2014 04 14  0814   56761   29640    0    -0.5    -4.8    -2.0     5.3   -22.7   264.6
2014 04 14  0815   56761   29700    0    -0.2    -4.6    -2.5     5.3   -28.0   267.1
2014 04 14  0816   56761   29760    0    -0.6    -4.6    -2.6     5.3   -29.3   263.1
2014 04 14  0817   56761   29820    0    -0.3    -4.4    -2.8     5.3   -32.5   266.3
2014 04 14  0818   56761   29880    0    -0.0    -4.1    -3.2     5.2   -37.8   269.9
2014 04 14  0819   56761   29940    0     0.0    -3.9    -3.5     5.3   -42.1   270.7
2014 04 14  0820   56761   30000    0    -0.3    -3.8    -3.7     5.3   -43.7   265.9
2014 04 14  0821   56761   30060    0    -0.7    -3.9    -3.6     5.3   -42.2   260.0
2014 04 14  0822   56761   30120    0    -0.2    -3.8    -3.7     5.3   -44.4   266.8
2014 04 14  0823   56761   30180    0    -0.4    -3.6    -3.8     5.3   -46.6   263.8
2014 04 14  0824   56761   30240    0     0.1    -3.7    -3.7     5.3   -45.4   271.5
2014 04 14  0825   56761   30300    0    -0.0    -3.6    -3.7     5.2   -45.8   269.4
2014 04 14  0826   56761   30360    0     2.5    -3.7    -2.5     5.1   -28.9   303.4
2014 04 14  0827   56761   30420    0     4.8    -3.0    -0.8     5.7    -7.7   328.0
2014 04 14  0828   56761   30480    0     4.6    -3.2    -1.0     5.7   -10.3   325.5
2014 04 14  0829   56761   30540    0     4.5    -3.1    -1.1     5.6   -11.6   325.4
2014 04 14  0830   56761   30600    0     4.5    -3.2    -1.2     5.7   -11.9   324.9
2014 04 14  0831   56761   30660    0     4.5    -3.2    -1.1     5.6   -11.7   324.4
2014 04 14  0832   56761   30720    0     4.5    -3.1    -1.3     5.6   -13.1   325.1
2014 04 14  0833   56761   30780    0     4.4    -3.0    -1.7     5.6   -17.7   325.0
2014 04 14  0834   56761   30840    0     4.5    -3.1    -1.2     5.6   -12.4   325.4
2014 04 14  0835   56761   30900    0     4.4    -3.3    -1.4     5.7   -14.1   323.3
2014 04 14  0836   56761   30960    0     4.5    -3.3    -1.2     5.7   -12.5   323.7
2014 04 14  0837   56761   31020    0     4.3    -3.3    -1.2     5.6   -12.0   322.4
2014 04 14  0838   56761   31080    0     4.3    -3.2    -1.0     5.5   -10.6   323.7
2014 04 14  0839   56761   31140    0     4.5    -3.0    -1.2     5.5   -12.5   326.1
2014 04 14  0840   56761   31200    0     4.4    -3.1    -1.1     5.5   -11.2   325.1
2014 04 14  0841   56761   31260    0     4.6    -2.9    -0.6     5.4    -6.4   328.0
2014 04 14  0842   56761   31320    0     4.6    -2.8    -0.6     5.4    -6.2   328.9
2014 04 14  0843   56761   31380    0     4.5    -3.1    -0.7     5.4    -7.2   325.5
2014 04 14  0844   56761   31440    0     4.5    -3.0    -0.5     5.4    -5.4   326.9
2014 04 14  0845   56761   31500    0     4.6    -2.9    -0.5     5.4    -5.2   327.1
2014 04 14  0846   56761   31560    0     4.5    -3.0    -0.3     5.4    -3.0   326.8
2014 04 14  0847   56761   31620    0     4.7    -2.7    -0.4     5.4    -4.3   329.6
2014 04 14  0848   56761   31680    0     4.7    -2.7    -0.6     5.4    -6.5   330.4
2014 04 14  0849   56761   31740    0     4.5    -2.8    -0.8     5.4    -8.4   328.5
2014 04 14  0850   56761   31800    0     4.6    -2.8    -0.6     5.4    -5.9   328.0
2014 04 14  0851   56761   31860    0     4.4    -2.8    -0.6     5.2    -6.9   327.6
2014 04 14  0852   56761   31920    0     4.2    -3.0    -1.6     5.4   -17.1   324.0
2014 04 14  0853   56761   31980    0     4.0    -3.2    -2.1     5.5   -22.6   321.4
2014 04 14  0854   56761   32040    0     4.2    -2.7    -1.5     5.2   -16.7   327.3
2014 04 14  0855   56761   32100    0     4.7    -1.4     1.1     5.1    12.4   343.5
2014 04 14  0856   56761   32160    0     4.9    -1.4     0.5     5.1     5.4   344.5
2014 04 14  0857   56761   32220    0     5.0    -1.3     0.6     5.2     6.9   345.4
2014 04 14  0858   56761   32280    0     5.1    -1.1     0.7     5.2     7.8   347.8
2014 04 14  0859   56761   32340    0     5.0    -1.3     0.7     5.2     8.0   345.9
