:Data_list: 20141220_ace_epam_5m.txt
:Created: 2014 Dec 20 1001 UT
# Prepared by the U.S. Dept. of Commerce, NOAA, Space Weather Prediction Center
# Please send comments and suggestions to SWPC.Webmaster@noaa.gov 
# 
# Units: Differential Flux particles/cm2-s-ster-MeV
# Units: Anisotropy Index 0.0 - 2.0
# Status(S): 0 = nominal, 4,6,7,8 = bad data, unable to process, 9 = no data
# Missing data values: -1.00e+05, index = -1.00
# Source: ACE Satellite - Electron, Proton, and Alpha Monitor
#
#
#                      5-minute averaged Real-time Differential Electron and Proton Flux 
# 
#                Modified Seconds ---------------------------- Differential Flux ---------------------------
# UT Date   Time  Julian  of the  ----- Electron -----   ------------------- Protons keV -------------------   Anis.
# YR MO DA  HHMM    Day    Day    S    38-53   175-315   S    47-68   115-195   310-580   795-1193 1060-1900   Index
#-------------------------------------------------------------------------------------------------------------------
2014 12 20  0000   57011       0  0  4.49e+03  1.74e+02  0  3.07e+03  1.72e+01  2.25e+00  8.02e-01  1.83e-01  -1.00
2014 12 20  0005   57011     300  0  4.45e+03  1.86e+02  0  2.73e+03  1.68e+01  1.69e+00  6.49e-01  1.97e-01  -1.00
2014 12 20  0010   57011     600  0  4.38e+03  2.00e+02  0  2.92e+03  2.28e+01  1.91e+00  7.66e-01  2.73e-01  -1.00
2014 12 20  0015   57011     900  0  4.56e+03  1.86e+02  0  2.92e+03  1.57e+01  2.26e+00  5.94e-01  1.09e-01  -1.00
2014 12 20  0020   57011    1200  0  4.99e+03  1.89e+02  0  2.88e+03  2.01e+01  2.05e+00  2.96e-01  1.94e-01  -1.00
2014 12 20  0025   57011    1500  0  4.50e+03  1.71e+02  0  2.75e+03  2.23e+01  2.08e+00  5.42e-01  2.54e-01  -1.00
2014 12 20  0030   57011    1800  0  4.72e+03  1.88e+02  0  2.87e+03  2.02e+01  1.57e+00  5.88e-01  2.32e-01  -1.00
2014 12 20  0035   57011    2100  0  4.70e+03  1.77e+02  0  3.09e+03  2.32e+01  1.89e+00  7.04e-01  2.07e-01  -1.00
2014 12 20  0040   57011    2400  0  4.69e+03  1.86e+02  0  2.75e+03  1.92e+01  2.57e+00  7.05e-01  2.94e-01  -1.00
2014 12 20  0045   57011    2700  0  4.76e+03  1.84e+02  0  2.81e+03  1.44e+01  2.29e+00  5.89e-01  1.79e-01  -1.00
2014 12 20  0050   57011    3000  0  5.08e+03  2.03e+02  0  3.10e+03  2.14e+01  1.56e+00  3.72e-01  1.14e-01  -1.00
2014 12 20  0055   57011    3300  0  4.52e+03  2.19e+02  0  2.73e+03  1.86e+01  2.09e+00  5.95e-01  1.78e-01  -1.00
2014 12 20  0100   57011    3600  0  4.91e+03  1.90e+02  0  2.71e+03  1.68e+01  1.89e+00  4.72e-01  2.48e-01  -1.00
2014 12 20  0105   57011    3900  0  4.91e+03  1.78e+02  0  3.00e+03  2.27e+01  1.77e+00  3.92e-01  3.72e-02  -1.00
2014 12 20  0110   57011    4200  0  4.65e+03  2.02e+02  0  2.95e+03  2.10e+01  2.67e+00  8.74e-01  2.20e-01  -1.00
2014 12 20  0115   57011    4500  0  4.48e+03  1.95e+02  0  2.83e+03  2.00e+01  1.98e+00  7.10e-01  2.32e-01  -1.00
2014 12 20  0120   57011    4800  0  4.79e+03  1.86e+02  0  3.00e+03  1.83e+01  2.67e+00  5.81e-01  2.34e-01  -1.00
2014 12 20  0125   57011    5100  0  4.68e+03  1.74e+02  0  2.94e+03  1.70e+01  1.16e+00  8.79e-01  1.51e-01  -1.00
2014 12 20  0130   57011    5400  0  4.55e+03  2.08e+02  0  2.91e+03  2.53e+01  2.38e+00  5.22e-01  1.59e-01  -1.00
2014 12 20  0135   57011    5700  0  4.60e+03  1.93e+02  0  2.84e+03  2.29e+01  2.41e+00  4.35e-01  1.35e-01  -1.00
2014 12 20  0140   57011    6000  0  5.14e+03  2.02e+02  0  3.04e+03  2.38e+01  2.19e+00  5.60e-01  2.44e-01  -1.00
2014 12 20  0145   57011    6300  0  4.82e+03  2.05e+02  0  2.88e+03  2.01e+01  2.45e+00  5.17e-01  1.89e-01  -1.00
2014 12 20  0150   57011    6600  0  4.77e+03  1.95e+02  0  2.87e+03  2.33e+01  1.61e+00  6.29e-01  2.58e-01  -1.00
2014 12 20  0155   57011    6900  0  5.38e+03  2.19e+02  0  3.12e+03  1.93e+01  2.62e+00  2.89e-01  2.35e-01  -1.00
2014 12 20  0200   57011    7200  0  4.95e+03  1.81e+02  0  2.80e+03  2.16e+01  1.86e+00  4.59e-01  2.94e-01  -1.00
2014 12 20  0205   57011    7500  0  4.75e+03  1.99e+02  0  2.75e+03  1.77e+01  2.02e+00  4.90e-01  2.44e-01  -1.00
2014 12 20  0210   57011    7800  0  5.08e+03  2.06e+02  0  2.94e+03  1.99e+01  1.99e+00  7.69e-01  2.06e-01  -1.00
2014 12 20  0215   57011    8100  0  4.98e+03  1.84e+02  0  2.86e+03  2.26e+01  3.47e+00  4.13e-01  2.54e-01  -1.00
2014 12 20  0220   57011    8400  0  4.89e+03  1.86e+02  0  3.01e+03  1.64e+01  2.27e+00  7.20e-01  1.66e-01  -1.00
2014 12 20  0225   57011    8700  0  4.95e+03  2.12e+02  0  2.83e+03  1.98e+01  2.05e+00  3.27e-01  1.99e-01  -1.00
2014 12 20  0230   57011    9000  0  5.97e+03  2.19e+02  0  3.04e+03  2.61e+01  1.92e+00  6.40e-01  2.88e-01  -1.00
2014 12 20  0235   57011    9300  0  5.52e+03  2.23e+02  0  2.92e+03  1.55e+01  2.23e+00  2.96e-01  1.78e-01  -1.00
2014 12 20  0240   57011    9600  0  4.80e+03  2.09e+02  0  2.75e+03  1.68e+01  2.29e+00  2.25e-01  2.36e-01  -1.00
2014 12 20  0245   57011    9900  0  5.31e+03  2.20e+02  0  3.08e+03  1.92e+01  1.75e+00  6.14e-01  1.91e-01  -1.00
2014 12 20  0250   57011   10200  0  4.70e+03  1.96e+02  0  2.75e+03  2.09e+01  2.32e+00  1.09e+00  1.11e-01  -1.00
2014 12 20  0255   57011   10500  0  4.92e+03  1.89e+02  0  2.78e+03  1.93e+01  2.33e+00  1.10e+00  1.27e-01  -1.00
2014 12 20  0300   57011   10800  0  4.73e+03  1.80e+02  0  2.82e+03  2.26e+01  1.59e+00  6.80e-01  9.80e-02  -1.00
2014 12 20  0305   57011   11100  0  5.06e+03  2.06e+02  0  2.68e+03  2.12e+01  1.95e+00  5.06e-01  2.16e-01  -1.00
2014 12 20  0310   57011   11400  0  4.79e+03  2.23e+02  0  2.93e+03  1.81e+01  1.96e+00  5.15e-01  2.49e-01  -1.00
2014 12 20  0315   57011   11700  0  5.19e+03  2.01e+02  0  2.84e+03  1.96e+01  2.13e+00  3.23e-01  1.28e-01  -1.00
2014 12 20  0320   57011   12000  0  5.28e+03  2.18e+02  0  2.94e+03  1.89e+01  1.77e+00  4.78e-01  1.08e-01  -1.00
2014 12 20  0325   57011   12300  0  5.26e+03  2.20e+02  0  2.86e+03  2.21e+01  2.53e+00  5.70e-01  2.72e-01  -1.00
2014 12 20  0330   57011   12600  0  5.11e+03  2.02e+02  0  2.72e+03  1.96e+01  2.49e+00  3.51e-01  1.02e-01  -1.00
2014 12 20  0335   57011   12900  0  5.22e+03  2.07e+02  0  3.07e+03  2.11e+01  2.18e+00  2.46e-01  1.89e-01  -1.00
2014 12 20  0340   57011   13200  0  5.45e+03  2.40e+02  0  2.98e+03  2.13e+01  2.13e+00  7.26e-01  2.64e-01  -1.00
2014 12 20  0345   57011   13500  0  5.25e+03  2.02e+02  0  2.79e+03  2.04e+01  2.39e+00  5.22e-01  1.47e-01  -1.00
2014 12 20  0350   57011   13800  0  5.23e+03  2.34e+02  0  2.82e+03  2.46e+01  2.59e+00  4.11e-01  1.09e-01  -1.00
2014 12 20  0355   57011   14100  0  5.13e+03  2.23e+02  0  2.80e+03  1.64e+01  2.17e+00  4.71e-01  1.73e-01  -1.00
2014 12 20  0400   57011   14400  0  5.09e+03  2.29e+02  0  2.92e+03  1.82e+01  1.44e+00  5.79e-01  2.37e-01  -1.00
2014 12 20  0405   57011   14700  0  5.40e+03  2.33e+02  0  2.77e+03  1.90e+01  2.21e+00  6.34e-01  2.03e-01  -1.00
2014 12 20  0410   57011   15000  0  5.14e+03  2.21e+02  0  2.91e+03  2.73e+01  3.26e+00  5.69e-01  6.59e-02  -1.00
2014 12 20  0415   57011   15300  0  5.79e+03  2.43e+02  0  3.15e+03  2.16e+01  1.90e+00  4.47e-01  2.85e-01  -1.00
2014 12 20  0420   57011   15600  0  5.31e+03  2.19e+02  0  2.71e+03  2.51e+01  2.05e+00  3.87e-01  1.96e-01  -1.00
2014 12 20  0425   57011   15900  0  5.38e+03  2.34e+02  0  3.02e+03  2.10e+01  2.61e+00  1.89e-01  1.12e-01  -1.00
2014 12 20  0430   57011   16200  0  5.54e+03  2.29e+02  0  2.97e+03  2.01e+01  2.52e+00  4.22e-01  5.59e-02  -1.00
2014 12 20  0435   57011   16500  0  6.00e+03  2.69e+02  0  2.84e+03  2.00e+01  2.59e+00  4.02e-01  1.76e-01  -1.00
2014 12 20  0440   57011   16800  0  5.82e+03  2.38e+02  0  2.76e+03  2.34e+01  2.44e+00  7.87e-01  2.49e-01  -1.00
2014 12 20  0445   57011   17100  0  5.61e+03  2.72e+02  0  2.86e+03  1.89e+01  2.22e+00  6.92e-01  4.91e-02  -1.00
2014 12 20  0450   57011   17400  0  6.01e+03  2.47e+02  0  3.03e+03  1.80e+01  1.94e+00  3.58e-01  1.42e-01  -1.00
2014 12 20  0455   57011   17700  0  5.88e+03  2.43e+02  0  2.92e+03  2.64e+01  2.27e+00  4.08e-01  1.40e-01  -1.00
2014 12 20  0500   57011   18000  0  5.46e+03  2.44e+02  0  2.85e+03  2.19e+01  2.90e+00  3.94e-01  1.98e-01  -1.00
2014 12 20  0505   57011   18300  0  6.17e+03  2.34e+02  0  3.11e+03  1.92e+01  1.59e+00  1.96e-01  1.66e-01  -1.00
2014 12 20  0510   57011   18600  0  5.35e+03  2.40e+02  0  2.92e+03  1.66e+01  1.81e+00  4.91e-01  2.57e-01  -1.00
2014 12 20  0515   57011   18900  0  5.71e+03  2.51e+02  0  2.84e+03  1.66e+01  2.29e+00  6.93e-01  4.17e-02  -1.00
2014 12 20  0520   57011   19200  0  5.76e+03  2.36e+02  0  2.92e+03  1.84e+01  1.85e+00  8.37e-01  1.90e-01  -1.00
2014 12 20  0525   57011   19500  0  5.63e+03  2.28e+02  0  2.74e+03  2.18e+01  2.81e+00  9.07e-01  1.68e-01  -1.00
2014 12 20  0530   57011   19800  0  5.98e+03  2.88e+02  0  2.75e+03  2.22e+01  2.30e+00  6.03e-01  2.65e-01  -1.00
2014 12 20  0535   57011   20100  0  5.82e+03  2.42e+02  0  2.89e+03  1.87e+01  2.92e+00  5.14e-01  1.38e-01  -1.00
2014 12 20  0540   57011   20400  0  5.36e+03  2.38e+02  0  2.92e+03  2.35e+01  1.98e+00  6.90e-01  2.28e-01  -1.00
2014 12 20  0545   57011   20700  0  5.47e+03  2.65e+02  0  3.09e+03  2.28e+01  3.08e+00  5.66e-01  1.67e-01  -1.00
2014 12 20  0550   57011   21000  0  5.51e+03  2.41e+02  0  2.86e+03  2.24e+01  2.32e+00  4.80e-01  2.99e-01  -1.00
2014 12 20  0555   57011   21300  0  5.93e+03  2.52e+02  0  3.23e+03  2.11e+01  2.07e+00  5.49e-01  1.92e-01  -1.00
2014 12 20  0600   57011   21600  0  5.60e+03  2.59e+02  0  3.06e+03  1.88e+01  1.88e+00  3.52e-01  3.65e-01  -1.00
2014 12 20  0605   57011   21900  0  5.71e+03  2.67e+02  0  2.76e+03  1.79e+01  2.23e+00  4.05e-01  3.60e-01  -1.00
2014 12 20  0610   57011   22200  0  5.77e+03  2.51e+02  0  3.02e+03  2.13e+01  2.71e+00  1.02e+00  8.00e-02  -1.00
2014 12 20  0615   57011   22500  0  5.48e+03  2.72e+02  0  2.93e+03  2.08e+01  1.79e+00  4.44e-01  2.56e-01  -1.00
2014 12 20  0620   57011   22800  0  5.68e+03  2.66e+02  0  2.82e+03  1.79e+01  1.87e+00  4.29e-01  1.60e-01  -1.00
2014 12 20  0625   57011   23100  0  5.38e+03  2.35e+02  0  2.79e+03  2.44e+01  2.19e+00  6.47e-01  1.08e-01  -1.00
2014 12 20  0630   57011   23400  0  5.62e+03  2.68e+02  0  2.72e+03  2.35e+01  2.41e+00  6.95e-01  2.08e-01  -1.00
2014 12 20  0635   57011   23700  0  5.52e+03  2.65e+02  0  3.04e+03  2.33e+01  2.28e+00  8.82e-01  7.58e-02  -1.00
2014 12 20  0640   57011   24000  0  5.75e+03  2.44e+02  0  2.85e+03  1.70e+01  2.31e+00  3.30e-01  1.15e-01  -1.00
2014 12 20  0645   57011   24300  0  5.55e+03  2.51e+02  0  2.95e+03  1.99e+01  2.46e+00  8.13e-01  1.85e-01  -1.00
2014 12 20  0650   57011   24600  0  5.15e+03  2.25e+02  0  3.10e+03  1.72e+01  1.95e+00  9.65e-01  2.52e-01  -1.00
2014 12 20  0655   57011   24900  0  5.11e+03  2.45e+02  0  2.83e+03  2.02e+01  2.97e+00  6.46e-01  1.56e-01  -1.00
2014 12 20  0700   57011   25200  0  5.63e+03  2.53e+02  0  3.01e+03  2.06e+01  2.70e+00  5.38e-01  1.31e-01  -1.00
2014 12 20  0705   57011   25500  0  5.91e+03  2.49e+02  0  3.01e+03  2.15e+01  3.29e+00  4.83e-01  1.96e-01  -1.00
2014 12 20  0710   57011   25800  0  5.19e+03  2.43e+02  0  2.96e+03  2.26e+01  1.96e+00  6.02e-01  3.63e-01  -1.00
2014 12 20  0715   57011   26100  0  5.89e+03  2.58e+02  0  2.83e+03  2.02e+01  2.01e+00  4.56e-01  2.99e-01  -1.00
2014 12 20  0720   57011   26400  0  5.56e+03  2.35e+02  0  2.87e+03  2.48e+01  1.63e+00  6.14e-01  1.93e-01  -1.00
2014 12 20  0725   57011   26700  0  5.52e+03  2.43e+02  0  2.99e+03  2.46e+01  2.29e+00  5.41e-01  1.88e-01  -1.00
2014 12 20  0730   57011   27000  0  5.60e+03  2.61e+02  0  2.87e+03  2.34e+01  1.75e+00  5.72e-01  2.04e-01  -1.00
2014 12 20  0735   57011   27300  0  5.82e+03  2.58e+02  0  3.02e+03  2.30e+01  1.90e+00  8.06e-01  2.66e-01  -1.00
2014 12 20  0740   57011   27600  0  5.76e+03  2.64e+02  0  2.97e+03  2.60e+01  1.76e+00  4.80e-01  1.48e-01  -1.00
2014 12 20  0745   57011   27900  0  6.17e+03  2.66e+02  0  2.86e+03  2.16e+01  2.37e+00  6.32e-01  2.02e-01  -1.00
2014 12 20  0750   57011   28200  0  6.01e+03  2.53e+02  0  2.96e+03  1.99e+01  2.04e+00  7.35e-01  1.85e-01  -1.00
2014 12 20  0755   57011   28500  0  5.50e+03  2.71e+02  0  2.92e+03  2.21e+01  1.63e+00  4.45e-01  1.42e-01  -1.00
2014 12 20  0800   57011   28800  0  5.61e+03  2.42e+02  0  2.94e+03  2.21e+01  2.97e+00  7.61e-01  2.71e-01  -1.00
2014 12 20  0805   57011   29100  0  6.00e+03  2.49e+02  0  2.78e+03  1.98e+01  2.33e+00  5.66e-01  1.29e-01  -1.00
2014 12 20  0810   57011   29400  0  5.61e+03  2.61e+02  0  3.04e+03  2.07e+01  2.29e+00  6.22e-01  2.69e-01  -1.00
2014 12 20  0815   57011   29700  0  5.73e+03  2.43e+02  0  3.04e+03  2.24e+01  2.53e+00  5.66e-01  2.93e-01  -1.00
2014 12 20  0820   57011   30000  0  5.66e+03  2.75e+02  0  2.85e+03  2.13e+01  2.46e+00  5.49e-01  1.64e-01  -1.00
2014 12 20  0825   57011   30300  0  5.73e+03  2.63e+02  0  3.03e+03  2.06e+01  2.40e+00  5.54e-01  1.96e-01  -1.00
2014 12 20  0830   57011   30600  0  5.69e+03  2.56e+02  0  2.92e+03  2.24e+01  2.12e+00  6.21e-01  1.54e-01  -1.00
2014 12 20  0835   57011   30900  0  5.63e+03  2.82e+02  0  2.90e+03  2.10e+01  2.50e+00  6.45e-01  1.40e-01  -1.00
2014 12 20  0840   57011   31200  0  5.35e+03  2.42e+02  0  2.81e+03  2.09e+01  2.38e+00  8.75e-01  2.67e-01  -1.00
2014 12 20  0845   57011   31500  0  5.69e+03  2.52e+02  0  3.05e+03  2.13e+01  1.57e+00  8.04e-01  1.33e-01  -1.00
2014 12 20  0850   57011   31800  0  5.46e+03  2.39e+02  0  3.07e+03  2.33e+01  2.26e+00  6.42e-01  1.76e-01  -1.00
2014 12 20  0855   57011   32100  0  5.41e+03  2.45e+02  0  2.76e+03  2.17e+01  2.47e+00  5.25e-01  3.07e-01  -1.00
2014 12 20  0900   57011   32400  0  6.48e+03  2.62e+02  0  3.01e+03  2.14e+01  2.80e+00  7.91e-01  2.79e-01  -1.00
2014 12 20  0905   57011   32700  0  6.88e+03  2.64e+02  0  2.90e+03  2.08e+01  2.51e+00  5.99e-01  1.62e-01  -1.00
2014 12 20  0910   57011   33000  0  7.06e+03  2.70e+02  0  2.87e+03  2.27e+01  1.86e+00  5.21e-01  2.21e-01  -1.00
2014 12 20  0915   57011   33300  0  6.86e+03  2.84e+02  0  2.91e+03  2.32e+01  2.16e+00  6.56e-01  1.34e-01  -1.00
2014 12 20  0920   57011   33600  0  7.38e+03  2.88e+02  0  3.02e+03  2.17e+01  2.23e+00  6.67e-01  2.62e-01  -1.00
2014 12 20  0925   57011   33900  0  6.77e+03  2.88e+02  0  2.98e+03  2.00e+01  1.77e+00  7.75e-01  1.52e-01  -1.00
2014 12 20  0930   57011   34200  0  6.73e+03  2.87e+02  0  2.84e+03  2.05e+01  2.07e+00  4.52e-01  1.56e-01  -1.00
2014 12 20  0935   57011   34500  0  6.78e+03  2.86e+02  0  3.00e+03  2.17e+01  1.79e+00  7.99e-01  2.33e-01  -1.00
2014 12 20  0940   57011   34800  0  6.49e+03  2.85e+02  0  2.94e+03  2.36e+01  2.19e+00  6.25e-01  2.46e-01  -1.00
2014 12 20  0945   57011   35100  0  6.61e+03  2.71e+02  0  2.76e+03  1.64e+01  2.06e+00  5.83e-01  1.98e-01  -1.00
2014 12 20  0950   57011   35400  0  7.10e+03  2.93e+02  0  2.95e+03  2.45e+01  2.44e+00  6.36e-01  2.02e-01  -1.00
2014 12 20  0955   57011   35700  0  6.94e+03  2.83e+02  0  3.00e+03  2.06e+01  2.85e+00  6.38e-01  2.06e-01  -1.00
