:Data_list: 20140507_ace_sis_5m.txt
:Created: 2014 May 08 0011 UT
# Prepared by the U.S. Dept. of Commerce, NOAA, Space Weather Prediction Center
# Please send comments and suggestions to SWPC.Webmaster@noaa.gov 
# 
# Units: proton flux p/cs2-sec-ster
# Status(S): 0 = nominal data, 1 to 8 = bad data record, 9 = no data
# Missing data values: -1.00e+05
# Source: ACE Satellite - Solar Isotope Spectrometer
#
# 5-minute averaged Real-time Integral Flux of High-energy Solar Protons
# 
#                 Modified Seconds
# UT Date   Time   Julian  of the      ---- Integral Proton Flux ----
# YR MO DA  HHMM     Day     Day       S    > 10 MeV    S    > 30 MeV
#--------------------------------------------------------------------
2014 05 07  0000    56784       0      0    1.07e+00    0    7.59e-01
2014 05 07  0005    56784     300      0    1.03e+00    0    7.28e-01
2014 05 07  0010    56784     600      0    1.04e+00    0    7.36e-01
2014 05 07  0015    56784     900      0    1.01e+00    0    7.04e-01
2014 05 07  0020    56784    1200      0    1.01e+00    0    7.09e-01
2014 05 07  0025    56784    1500      0    1.04e+00    0    7.26e-01
2014 05 07  0030    56784    1800      0    1.04e+00    0    7.23e-01
2014 05 07  0035    56784    2100      0    1.05e+00    0    7.43e-01
2014 05 07  0040    56784    2400      0    1.05e+00    0    7.36e-01
2014 05 07  0045    56784    2700      0    1.05e+00    0    7.31e-01
2014 05 07  0050    56784    3000      0    1.03e+00    0    7.37e-01
2014 05 07  0055    56784    3300      0    1.05e+00    0    7.35e-01
2014 05 07  0100    56784    3600      0    1.05e+00    0    7.34e-01
2014 05 07  0105    56784    3900      0    1.03e+00    0    7.26e-01
2014 05 07  0110    56784    4200      0    1.04e+00    0    7.36e-01
2014 05 07  0115    56784    4500      0    1.03e+00    0    7.51e-01
2014 05 07  0120    56784    4800      0    1.00e+00    0    6.97e-01
2014 05 07  0125    56784    5100      0    1.04e+00    0    7.38e-01
2014 05 07  0130    56784    5400      0    1.03e+00    0    7.28e-01
2014 05 07  0135    56784    5700      0    1.02e+00    0    7.15e-01
2014 05 07  0140    56784    6000      0    1.04e+00    0    7.30e-01
2014 05 07  0145    56784    6300      0    1.02e+00    0    7.30e-01
2014 05 07  0150    56784    6600      0    1.03e+00    0    7.21e-01
2014 05 07  0155    56784    6900      0    1.04e+00    0    7.36e-01
2014 05 07  0200    56784    7200      0    1.04e+00    0    7.36e-01
2014 05 07  0205    56784    7500      0    1.05e+00    0    7.31e-01
2014 05 07  0210    56784    7800      0    9.95e-01    0    7.05e-01
2014 05 07  0215    56784    8100      0    1.09e+00    0    7.78e-01
2014 05 07  0220    56784    8400      0    1.03e+00    0    7.22e-01
2014 05 07  0225    56784    8700      0    9.76e-01    0    6.79e-01
2014 05 07  0230    56784    9000      0    1.04e+00    0    7.28e-01
2014 05 07  0235    56784    9300      0    9.98e-01    0    6.85e-01
2014 05 07  0240    56784    9600      0    1.12e+00    0    7.87e-01
2014 05 07  0245    56784    9900      0    1.02e+00    0    7.07e-01
2014 05 07  0250    56784   10200      0    1.02e+00    0    7.05e-01
2014 05 07  0255    56784   10500      0    1.00e+00    0    7.18e-01
2014 05 07  0300    56784   10800      0    1.00e+00    0    7.19e-01
2014 05 07  0305    56784   11100      0    1.02e+00    0    7.22e-01
2014 05 07  0310    56784   11400      0    1.01e+00    0    7.08e-01
2014 05 07  0315    56784   11700      0    1.04e+00    0    7.27e-01
2014 05 07  0320    56784   12000      0    1.04e+00    0    7.37e-01
2014 05 07  0325    56784   12300      0    1.07e+00    0    7.45e-01
2014 05 07  0330    56784   12600      0    1.06e+00    0    7.47e-01
2014 05 07  0335    56784   12900      0    1.04e+00    0    7.24e-01
2014 05 07  0340    56784   13200      0    1.07e+00    0    7.45e-01
2014 05 07  0345    56784   13500      0    1.06e+00    0    7.38e-01
2014 05 07  0350    56784   13800      0    1.02e+00    0    7.24e-01
2014 05 07  0355    56784   14100      0    1.03e+00    0    7.16e-01
2014 05 07  0400    56784   14400      0    1.04e+00    0    7.31e-01
2014 05 07  0405    56784   14700      0    1.05e+00    0    7.40e-01
2014 05 07  0410    56784   15000      0    1.05e+00    0    7.36e-01
2014 05 07  0415    56784   15300      0    1.06e+00    0    7.39e-01
2014 05 07  0420    56784   15600      0    1.04e+00    0    7.37e-01
2014 05 07  0425    56784   15900      0    1.04e+00    0    7.35e-01
2014 05 07  0430    56784   16200      0    1.04e+00    0    7.29e-01
2014 05 07  0435    56784   16500      0    1.04e+00    0    7.29e-01
2014 05 07  0440    56784   16800      0    1.01e+00    0    7.03e-01
2014 05 07  0445    56784   17100      0    1.03e+00    0    7.30e-01
2014 05 07  0450    56784   17400      0    1.02e+00    0    7.16e-01
2014 05 07  0455    56784   17700      0    1.05e+00    0    7.40e-01
2014 05 07  0500    56784   18000      0    1.05e+00    0    7.36e-01
2014 05 07  0505    56784   18300      0    1.03e+00    0    7.25e-01
2014 05 07  0510    56784   18600      0    1.03e+00    0    7.27e-01
2014 05 07  0515    56784   18900      0    1.03e+00    0    7.23e-01
2014 05 07  0520    56784   19200      0    1.03e+00    0    7.19e-01
2014 05 07  0525    56784   19500      0    1.02e+00    0    7.22e-01
2014 05 07  0530    56784   19800      0    1.06e+00    0    7.37e-01
2014 05 07  0535    56784   20100      0    1.02e+00    0    7.23e-01
2014 05 07  0540    56784   20400      0    1.06e+00    0    7.47e-01
2014 05 07  0545    56784   20700      0    1.02e+00    0    7.14e-01
2014 05 07  0550    56784   21000      0    1.04e+00    0    7.33e-01
2014 05 07  0555    56784   21300      0    1.03e+00    0    7.23e-01
2014 05 07  0600    56784   21600      0    1.02e+00    0    7.18e-01
2014 05 07  0605    56784   21900      0    1.05e+00    0    7.42e-01
2014 05 07  0610    56784   22200      0    1.03e+00    0    7.23e-01
2014 05 07  0615    56784   22500      0    1.04e+00    0    7.32e-01
2014 05 07  0620    56784   22800      0    1.04e+00    0    7.28e-01
2014 05 07  0625    56784   23100      0    1.04e+00    0    7.37e-01
2014 05 07  0630    56784   23400      0    1.01e+00    0    7.11e-01
2014 05 07  0635    56784   23700      0    1.05e+00    0    7.36e-01
2014 05 07  0640    56784   24000      0    1.05e+00    0    7.43e-01
2014 05 07  0645    56784   24300      0    1.05e+00    0    7.35e-01
2014 05 07  0650    56784   24600      0    1.05e+00    0    7.43e-01
2014 05 07  0655    56784   24900      0    1.01e+00    0    7.13e-01
2014 05 07  0700    56784   25200      0    1.00e+00    0    7.02e-01
2014 05 07  0705    56784   25500      0    1.03e+00    0    7.27e-01
2014 05 07  0710    56784   25800      0    1.04e+00    0    7.25e-01
2014 05 07  0715    56784   26100      0    1.05e+00    0    7.36e-01
2014 05 07  0720    56784   26400      0    1.06e+00    0    7.43e-01
2014 05 07  0725    56784   26700      0    1.04e+00    0    7.28e-01
2014 05 07  0730    56784   27000      0    1.04e+00    0    7.35e-01
2014 05 07  0735    56784   27300      0    1.03e+00    0    7.16e-01
2014 05 07  0740    56784   27600      0    1.06e+00    0    7.46e-01
2014 05 07  0745    56784   27900      0    1.06e+00    0    7.50e-01
2014 05 07  0750    56784   28200      0    1.04e+00    0    7.40e-01
2014 05 07  0755    56784   28500      0    1.04e+00    0    7.24e-01
2014 05 07  0800    56784   28800      0    1.04e+00    0    7.21e-01
2014 05 07  0805    56784   29100      0    1.05e+00    0    7.44e-01
2014 05 07  0810    56784   29400      0    1.03e+00    0    7.29e-01
2014 05 07  0815    56784   29700      0    1.04e+00    0    7.22e-01
2014 05 07  0820    56784   30000      0    1.04e+00    0    7.24e-01
2014 05 07  0825    56784   30300      0    1.03e+00    0    7.30e-01
2014 05 07  0830    56784   30600      0    1.04e+00    0    7.25e-01
2014 05 07  0835    56784   30900      0    1.05e+00    0    7.25e-01
2014 05 07  0840    56784   31200      0    1.02e+00    0    7.16e-01
2014 05 07  0845    56784   31500      0    1.04e+00    0    7.30e-01
2014 05 07  0850    56784   31800      0    1.05e+00    0    7.35e-01
2014 05 07  0855    56784   32100      0    1.03e+00    0    7.23e-01
2014 05 07  0900    56784   32400      0    1.04e+00    0    7.32e-01
2014 05 07  0905    56784   32700      0    1.05e+00    0    7.40e-01
2014 05 07  0910    56784   33000      0    1.04e+00    0    7.23e-01
2014 05 07  0915    56784   33300      0    1.05e+00    0    7.30e-01
2014 05 07  0920    56784   33600      0    1.04e+00    0    7.25e-01
2014 05 07  0925    56784   33900      0    1.04e+00    0    7.37e-01
2014 05 07  0930    56784   34200      0    1.05e+00    0    7.31e-01
2014 05 07  0935    56784   34500      0    1.07e+00    0    7.42e-01
2014 05 07  0940    56784   34800      0    1.07e+00    0    7.46e-01
2014 05 07  0945    56784   35100      0    1.04e+00    0    7.26e-01
2014 05 07  0950    56784   35400      0    1.05e+00    0    7.33e-01
2014 05 07  0955    56784   35700      0    1.07e+00    0    7.53e-01
2014 05 07  1000    56784   36000      0    1.04e+00    0    7.29e-01
2014 05 07  1005    56784   36300      0    1.06e+00    0    7.37e-01
2014 05 07  1010    56784   36600      0    1.04e+00    0    7.29e-01
2014 05 07  1015    56784   36900      0    1.05e+00    0    7.39e-01
2014 05 07  1020    56784   37200      0    1.04e+00    0    7.28e-01
2014 05 07  1025    56784   37500      0    1.05e+00    0    7.26e-01
2014 05 07  1030    56784   37800      0    1.05e+00    0    7.31e-01
2014 05 07  1035    56784   38100      0    1.05e+00    0    7.42e-01
2014 05 07  1040    56784   38400      0    1.04e+00    0    7.31e-01
2014 05 07  1045    56784   38700      0    1.04e+00    0    7.30e-01
2014 05 07  1050    56784   39000      0    1.03e+00    0    7.30e-01
2014 05 07  1055    56784   39300      0    1.05e+00    0    7.26e-01
2014 05 07  1100    56784   39600      0    1.05e+00    0    7.38e-01
2014 05 07  1105    56784   39900      0    1.01e+00    0    7.15e-01
2014 05 07  1110    56784   40200      0    1.07e+00    0    7.51e-01
2014 05 07  1115    56784   40500      0    1.02e+00    0    7.12e-01
2014 05 07  1120    56784   40800      0    1.07e+00    0    7.59e-01
2014 05 07  1125    56784   41100      0    1.04e+00    0    7.27e-01
2014 05 07  1130    56784   41400      0    1.04e+00    0    7.25e-01
2014 05 07  1135    56784   41700      0    1.02e+00    0    7.17e-01
2014 05 07  1140    56784   42000      0    1.06e+00    0    7.36e-01
2014 05 07  1145    56784   42300      0    1.07e+00    0    7.48e-01
2014 05 07  1150    56784   42600      0    1.07e+00    0    7.48e-01
2014 05 07  1155    56784   42900      0    1.07e+00    0    7.49e-01
2014 05 07  1200    56784   43200      0    1.07e+00    0    7.44e-01
2014 05 07  1205    56784   43500      0    1.04e+00    0    7.34e-01
2014 05 07  1210    56784   43800      0    1.03e+00    0    7.17e-01
2014 05 07  1215    56784   44100      0    1.01e+00    0    7.10e-01
2014 05 07  1220    56784   44400      0    1.05e+00    0    7.43e-01
2014 05 07  1225    56784   44700      0    1.06e+00    0    7.42e-01
2014 05 07  1230    56784   45000      0    1.02e+00    0    7.25e-01
2014 05 07  1235    56784   45300      0    1.04e+00    0    7.39e-01
2014 05 07  1240    56784   45600      0    1.03e+00    0    7.18e-01
2014 05 07  1245    56784   45900      0    1.02e+00    0    7.14e-01
2014 05 07  1250    56784   46200      0    1.05e+00    0    7.37e-01
2014 05 07  1255    56784   46500      0    1.06e+00    0    7.46e-01
2014 05 07  1300    56784   46800      0    1.06e+00    0    7.46e-01
2014 05 07  1305    56784   47100      0    1.03e+00    0    7.18e-01
2014 05 07  1310    56784   47400      0    1.04e+00    0    7.29e-01
2014 05 07  1315    56784   47700      0    1.07e+00    0    7.45e-01
2014 05 07  1320    56784   48000      0    1.05e+00    0    7.33e-01
2014 05 07  1325    56784   48300      0    1.08e+00    0    7.60e-01
2014 05 07  1330    56784   48600      0    1.06e+00    0    7.35e-01
2014 05 07  1335    56784   48900      0    1.01e+00    0    7.05e-01
2014 05 07  1340    56784   49200      0    1.05e+00    0    7.28e-01
2014 05 07  1345    56784   49500      0    1.05e+00    0    7.35e-01
2014 05 07  1350    56784   49800      0    1.06e+00    0    7.49e-01
2014 05 07  1355    56784   50100      0    1.07e+00    0    7.53e-01
2014 05 07  1400    56784   50400      0    1.06e+00    0    7.41e-01
2014 05 07  1405    56784   50700      0    1.08e+00    0    7.58e-01
2014 05 07  1410    56784   51000      0    1.06e+00    0    7.41e-01
2014 05 07  1415    56784   51300      0    1.08e+00    0    7.45e-01
2014 05 07  1420    56784   51600      0    1.05e+00    0    7.35e-01
2014 05 07  1425    56784   51900      0    1.02e+00    0    7.15e-01
2014 05 07  1430    56784   52200      0    1.04e+00    0    7.27e-01
2014 05 07  1435    56784   52500      0    1.08e+00    0    7.52e-01
2014 05 07  1440    56784   52800      0    1.06e+00    0    7.41e-01
2014 05 07  1445    56784   53100      0    1.04e+00    0    7.16e-01
2014 05 07  1450    56784   53400      0    1.05e+00    0    7.27e-01
2014 05 07  1455    56784   53700      0    1.07e+00    0    7.50e-01
2014 05 07  1500    56784   54000      0    1.06e+00    0    7.48e-01
2014 05 07  1505    56784   54300      0    1.06e+00    0    7.49e-01
2014 05 07  1510    56784   54600      0    1.06e+00    0    7.46e-01
2014 05 07  1515    56784   54900      0    1.04e+00    0    7.38e-01
2014 05 07  1520    56784   55200      0    1.04e+00    0    7.31e-01
2014 05 07  1525    56784   55500      0    1.05e+00    0    7.40e-01
2014 05 07  1530    56784   55800      0    1.07e+00    0    7.53e-01
2014 05 07  1535    56784   56100      0    1.07e+00    0    7.59e-01
2014 05 07  1540    56784   56400      0    1.03e+00    0    7.22e-01
2014 05 07  1545    56784   56700      0    1.05e+00    0    7.34e-01
2014 05 07  1550    56784   57000      0    1.03e+00    0    7.17e-01
2014 05 07  1555    56784   57300      0    1.05e+00    0    7.27e-01
2014 05 07  1600    56784   57600      0    1.07e+00    0    7.50e-01
2014 05 07  1605    56784   57900      0    1.05e+00    0    7.43e-01
2014 05 07  1610    56784   58200      0    1.05e+00    0    7.27e-01
2014 05 07  1615    56784   58500      0    1.04e+00    0    7.29e-01
2014 05 07  1620    56784   58800      0    1.04e+00    0    7.24e-01
2014 05 07  1625    56784   59100      0    1.03e+00    0    7.22e-01
2014 05 07  1630    56784   59400      0    1.05e+00    0    7.37e-01
2014 05 07  1635    56784   59700      0    1.05e+00    0    7.28e-01
2014 05 07  1640    56784   60000      0    1.04e+00    0    7.41e-01
2014 05 07  1645    56784   60300      0    1.05e+00    0    7.38e-01
2014 05 07  1650    56784   60600      0    1.05e+00    0    7.38e-01
2014 05 07  1655    56784   60900      0    1.07e+00    0    7.50e-01
2014 05 07  1700    56784   61200      0    1.04e+00    0    7.19e-01
2014 05 07  1705    56784   61500      0    1.04e+00    0    7.30e-01
2014 05 07  1710    56784   61800      0    1.06e+00    0    7.42e-01
2014 05 07  1715    56784   62100      0    1.05e+00    0    7.40e-01
2014 05 07  1720    56784   62400      0    1.04e+00    0    7.29e-01
2014 05 07  1725    56784   62700      0    1.07e+00    0    7.49e-01
2014 05 07  1730    56784   63000      0    1.05e+00    0    7.40e-01
2014 05 07  1735    56784   63300      0    1.05e+00    0    7.29e-01
2014 05 07  1740    56784   63600      0    1.08e+00    0    7.52e-01
2014 05 07  1745    56784   63900      0    1.08e+00    0    7.59e-01
2014 05 07  1750    56784   64200      0    1.05e+00    0    7.42e-01
2014 05 07  1755    56784   64500      0    1.08e+00    0    7.53e-01
2014 05 07  1800    56784   64800      0    1.06e+00    0    7.45e-01
2014 05 07  1805    56784   65100      0    1.06e+00    0    7.48e-01
2014 05 07  1810    56784   65400      0    1.08e+00    0    7.58e-01
2014 05 07  1815    56784   65700      0    1.06e+00    0    7.41e-01
2014 05 07  1820    56784   66000      0    1.06e+00    0    7.45e-01
2014 05 07  1825    56784   66300      0    1.06e+00    0    7.49e-01
2014 05 07  1830    56784   66600      0    1.09e+00    0    7.62e-01
2014 05 07  1835    56784   66900      0    1.12e+00    0    7.82e-01
2014 05 07  1840    56784   67200      0    1.09e+00    0    7.62e-01
2014 05 07  1845    56784   67500      0    1.10e+00    0    7.66e-01
2014 05 07  1850    56784   67800      0    1.10e+00    0    7.65e-01
2014 05 07  1855    56784   68100      0    1.13e+00    0    7.85e-01
2014 05 07  1900    56784   68400      0    1.12e+00    0    7.69e-01
2014 05 07  1905    56784   68700      0    1.17e+00    0    8.01e-01
2014 05 07  1910    56784   69000      0    1.15e+00    0    7.73e-01
2014 05 07  1915    56784   69300      0    1.15e+00    0    7.82e-01
2014 05 07  1920    56784   69600      0    1.15e+00    0    7.76e-01
2014 05 07  1925    56784   69900      0    1.19e+00    0    8.05e-01
2014 05 07  1930    56784   70200      0    1.16e+00    0    7.75e-01
2014 05 07  1935    56784   70500      0    1.15e+00    0    7.72e-01
2014 05 07  1940    56784   70800      0    1.14e+00    0    7.64e-01
2014 05 07  1945    56784   71100      0    1.15e+00    0    7.74e-01
2014 05 07  1950    56784   71400      0    1.21e+00    0    8.12e-01
2014 05 07  1955    56784   71700      0    1.22e+00    0    8.07e-01
2014 05 07  2000    56784   72000      0    1.23e+00    0    8.16e-01
2014 05 07  2005    56784   72300      0    1.25e+00    0    8.10e-01
2014 05 07  2010    56784   72600      0    1.28e+00    0    8.12e-01
2014 05 07  2015    56784   72900      0    1.29e+00    0    8.19e-01
2014 05 07  2020    56784   73200      0    1.31e+00    0    8.24e-01
2014 05 07  2025    56784   73500      0    1.30e+00    0    8.14e-01
2014 05 07  2030    56784   73800      0    1.31e+00    0    8.11e-01
2014 05 07  2035    56784   74100      0    1.31e+00    0    8.12e-01
2014 05 07  2040    56784   74400      0    1.37e+00    0    8.22e-01
2014 05 07  2045    56784   74700      0    1.41e+00    0    8.31e-01
2014 05 07  2050    56784   75000      0    1.39e+00    0    8.14e-01
2014 05 07  2055    56784   75300      0    1.39e+00    0    8.18e-01
2014 05 07  2100    56784   75600      0    1.39e+00    0    8.25e-01
2014 05 07  2105    56784   75900      0    1.32e+00    0    8.01e-01
2014 05 07  2110    56784   76200      0    1.30e+00    0    8.13e-01
2014 05 07  2115    56784   76500      0    1.31e+00    0    8.12e-01
2014 05 07  2120    56784   76800      0    1.33e+00    0    8.24e-01
2014 05 07  2125    56784   77100      0    1.34e+00    0    8.02e-01
2014 05 07  2130    56784   77400      0    1.38e+00    0    8.20e-01
2014 05 07  2135    56784   77700      0    1.39e+00    0    8.29e-01
2014 05 07  2140    56784   78000      0    1.38e+00    0    8.13e-01
2014 05 07  2145    56784   78300      0    1.38e+00    0    8.19e-01
2014 05 07  2150    56784   78600      0    1.35e+00    0    8.13e-01
2014 05 07  2155    56784   78900      0    1.29e+00    0    8.01e-01
2014 05 07  2200    56784   79200      0    1.28e+00    0    7.87e-01
2014 05 07  2205    56784   79500      0    1.23e+00    0    7.84e-01
2014 05 07  2210    56784   79800      0    1.22e+00    0    7.92e-01
2014 05 07  2215    56784   80100      0    1.25e+00    0    8.00e-01
2014 05 07  2220    56784   80400      0    1.21e+00    0    7.52e-01
2014 05 07  2225    56784   80700      0    1.23e+00    0    7.77e-01
2014 05 07  2230    56784   81000      0    1.18e+00    0    7.72e-01
2014 05 07  2235    56784   81300      0    1.16e+00    0    7.53e-01
2014 05 07  2240    56784   81600      0    1.15e+00    0    7.45e-01
2014 05 07  2245    56784   81900      0    1.18e+00    0    7.70e-01
2014 05 07  2250    56784   82200      0    1.18e+00    0    7.69e-01
2014 05 07  2255    56784   82500      0    1.24e+00    0    7.75e-01
2014 05 07  2300    56784   82800      0    1.31e+00    0    7.95e-01
2014 05 07  2305    56784   83100      0    1.27e+00    0    7.88e-01
2014 05 07  2310    56784   83400      0    1.24e+00    0    7.86e-01
2014 05 07  2315    56784   83700      0    1.21e+00    0    7.67e-01
2014 05 07  2320    56784   84000      0    1.21e+00    0    7.62e-01
2014 05 07  2325    56784   84300      0    1.26e+00    0    7.88e-01
2014 05 07  2330    56784   84600      0    1.30e+00    0    7.97e-01
2014 05 07  2335    56784   84900      0    1.30e+00    0    7.87e-01
2014 05 07  2340    56784   85200      0    1.27e+00    0    7.83e-01
2014 05 07  2345    56784   85500      0    1.32e+00    0    7.98e-01
2014 05 07  2350    56784   85800      0    1.43e+00    0    8.17e-01
2014 05 07  2355    56784   86100      0    1.35e+00    0    7.84e-01
