:Data_list: 20141205_ace_mag_1m.txt
:Created: 2014 Dec 05 1001 UT
# Prepared by the U.S. Dept. of Commerce, NOAA, Space Weather Prediction Center
# Please send comments and suggestions to SWPC.Webmaster@noaa.gov 
# 
# Magnetometer values are in GSM coordinates.
# 
# Units: Bx, By, Bz, Bt in nT
# Units: Latitude  degrees +/-  90.0
# Units: Longitude degrees 0.0 - 360.0
# Status(S): 0 = nominal data, 1 to 8 = bad data record, 9 = no data
# Missing data values: -999.9
# Source: ACE Satellite - Magnetometer
#
#              1-minute averaged Real-time Interplanetary Magnetic Field Values 
# 
#                 Modified Seconds
# UT Date   Time  Julian   of the   ----------------  GSM Coordinates ---------------
# YR MO DA  HHMM    Day      Day    S     Bx      By      Bz      Bt     Lat.   Long.
#------------------------------------------------------------------------------------
2014 12 05  0000   56996       0    0     0.8    -3.8     4.7     6.2    50.5   282.2
2014 12 05  0001   56996      60    0     0.6    -4.4     4.1     6.0    42.3   277.4
2014 12 05  0002   56996     120    0    -0.3    -5.7     2.9     6.4    26.4   267.3
2014 12 05  0003   56996     180    0     0.3    -4.9     3.2     5.9    33.2   273.8
2014 12 05  0004   56996     240    0     1.4    -3.7     4.5     6.0    48.2   290.8
2014 12 05  0005   56996     300    0     0.8    -5.5     2.5     6.1    24.6   278.5
2014 12 05  0006   56996     360    0     0.9    -5.6     2.4     6.2    23.1   279.1
2014 12 05  0007   56996     420    0     0.2    -6.0     0.9     6.1     8.9   272.2
2014 12 05  0008   56996     480    0     0.0    -6.0     0.4     6.1     3.6   270.2
2014 12 05  0009   56996     540    0    -0.5    -6.1     0.2     6.2     1.8   265.1
2014 12 05  0010   56996     600    0    -1.5    -6.0    -0.6     6.2    -5.8   256.3
2014 12 05  0011   56996     660    0    -0.0    -6.1     0.3     6.1     2.4   269.7
2014 12 05  0012   56996     720    0    -0.0    -6.6     0.6     6.6     5.2   269.7
2014 12 05  0013   56996     780    0     0.3    -6.6     0.3     6.6     2.6   272.8
2014 12 05  0014   56996     840    0    -0.7    -6.3    -1.3     6.5   -11.9   263.7
2014 12 05  0015   56996     900    0    -0.6    -6.4    -1.8     6.6   -15.8   265.0
2014 12 05  0016   56996     960    0    -0.3    -6.4    -1.7     6.6   -15.3   266.9
2014 12 05  0017   56996    1020    0    -0.3    -6.2    -2.0     6.5   -18.3   267.5
2014 12 05  0018   56996    1080    0    -1.1    -6.3    -1.7     6.6   -14.6   260.0
2014 12 05  0019   56996    1140    0    -0.4    -6.3    -1.4     6.5   -12.5   266.4
2014 12 05  0020   56996    1200    0    -0.6    -6.3    -1.5     6.5   -13.2   264.9
2014 12 05  0021   56996    1260    0    -0.1    -6.2    -1.7     6.4   -15.3   269.2
2014 12 05  0022   56996    1320    0    -0.2    -6.2    -1.5     6.4   -13.3   267.9
2014 12 05  0023   56996    1380    0    -0.1    -6.3    -1.2     6.4   -10.5   268.7
2014 12 05  0024   56996    1440    0    -0.3    -6.2    -0.9     6.3    -7.9   267.2
2014 12 05  0025   56996    1500    0    -0.6    -6.0    -1.0     6.2    -9.6   264.4
2014 12 05  0026   56996    1560    0    -0.1    -6.1    -1.9     6.4   -16.8   269.0
2014 12 05  0027   56996    1620    0     0.3    -6.3    -1.6     6.5   -14.4   272.9
2014 12 05  0028   56996    1680    0     0.1    -6.1    -1.9     6.3   -17.2   270.9
2014 12 05  0029   56996    1740    0    -0.2    -6.2    -2.0     6.5   -17.9   268.1
2014 12 05  0030   56996    1800    0     0.2    -6.2    -1.6     6.4   -14.1   272.0
2014 12 05  0031   56996    1860    0     1.6    -6.3    -0.4     6.5    -3.2   284.6
2014 12 05  0032   56996    1920    0     0.9    -6.3    -1.2     6.5   -10.3   277.8
2014 12 05  0033   56996    1980    0     1.1    -6.4    -1.1     6.6    -9.3   279.7
2014 12 05  0034   56996    2040    0     1.0    -6.4    -1.1     6.6   -10.0   279.1
2014 12 05  0035   56996    2100    0     0.9    -6.5    -1.3     6.6   -11.3   278.1
2014 12 05  0036   56996    2160    0     1.1    -6.4    -1.2     6.6   -10.2   279.9
2014 12 05  0037   56996    2220    0     1.8    -6.3    -0.8     6.6    -6.6   285.6
2014 12 05  0038   56996    2280    0     2.1    -6.5    -0.5     6.9    -3.9   288.0
2014 12 05  0039   56996    2340    0     3.1    -5.7     0.3     6.5     2.7   298.7
2014 12 05  0040   56996    2400    0     4.3    -4.3     1.7     6.3    15.9   315.5
2014 12 05  0041   56996    2460    0     4.5    -3.8     2.0     6.2    18.8   319.6
2014 12 05  0042   56996    2520    0     4.8    -3.2     2.5     6.3    23.3   325.9
2014 12 05  0043   56996    2580    0     4.7    -3.0     2.6     6.2    25.1   327.2
2014 12 05  0044   56996    2640    0     4.2    -3.9     2.2     6.1    21.4   316.9
2014 12 05  0045   56996    2700    0     4.2    -3.7     2.8     6.2    26.4   318.6
2014 12 05  0046   56996    2760    0     4.0    -4.2     2.4     6.2    22.3   313.5
2014 12 05  0047   56996    2820    0     4.8    -2.5     3.4     6.4    32.2   332.2
2014 12 05  0048   56996    2880    0     4.8    -3.2     3.0     6.5    27.8   326.2
2014 12 05  0049   56996    2940    0     4.8    -2.6     3.6     6.5    33.8   331.5
2014 12 05  0050   56996    3000    0     4.8    -2.1     3.8     6.5    36.2   336.1
2014 12 05  0051   56996    3060    0     4.6    -2.6     3.0     6.1    29.7   330.3
2014 12 05  0052   56996    3120    0     4.7    -4.0     1.9     6.4    17.2   319.9
2014 12 05  0053   56996    3180    0     4.7    -3.5     1.8     6.1    17.5   322.9
2014 12 05  0054   56996    3240    0     4.7    -2.2     3.0     6.0    30.1   334.5
2014 12 05  0055   56996    3300    0     4.8    -2.0     3.5     6.2    34.3   337.5
2014 12 05  0056   56996    3360    0     4.9    -2.4     3.4     6.4    32.1   334.3
2014 12 05  0057   56996    3420    0     4.6    -2.5     3.2     6.2    31.6   331.5
2014 12 05  0058   56996    3480    0     4.6    -3.8     1.9     6.2    17.4   320.2
2014 12 05  0059   56996    3540    0     5.1    -2.6     2.9     6.4    27.0   332.8
2014 12 05  0100   56996    3600    0     5.0    -2.6     3.2     6.4    29.3   332.7
2014 12 05  0101   56996    3660    0     4.6    -2.4     3.6     6.3    34.6   332.2
2014 12 05  0102   56996    3720    0     4.7    -2.8     2.9     6.2    28.3   329.4
2014 12 05  0103   56996    3780    0     4.0    -0.9     4.0     5.7    43.9   347.3
2014 12 05  0104   56996    3840    0     3.9    -0.8     4.3     5.9    47.7   347.8
2014 12 05  0105   56996    3900    0     4.1    -0.9     4.2     5.9    45.1   347.6
2014 12 05  0106   56996    3960    0     3.8    -1.0     4.4     5.9    48.5   345.2
2014 12 05  0107   56996    4020    0     4.1    -0.9     4.1     5.9    43.8   348.2
2014 12 05  0108   56996    4080    0     4.1    -0.5     4.3     6.0    46.0   353.5
2014 12 05  0109   56996    4140    0     4.1    -1.0     4.3     6.0    45.9   346.4
2014 12 05  0110   56996    4200    0     3.9    -1.0     4.4     6.0    47.5   344.9
2014 12 05  0111   56996    4260    0     3.8    -1.1     4.6     6.0    49.4   343.3
2014 12 05  0112   56996    4320    0     3.8    -1.3     4.5     6.0    48.5   341.4
2014 12 05  0113   56996    4380    0     3.8    -1.3     4.6     6.1    49.2   341.4
2014 12 05  0114   56996    4440    0     3.9    -1.2     4.4     6.0    47.0   343.6
2014 12 05  0115   56996    4500    0     3.8    -1.2     4.5     6.0    48.7   341.7
2014 12 05  0116   56996    4560    0     4.0    -0.9     4.2     5.9    45.6   346.9
2014 12 05  0117   56996    4620    0     4.0    -1.0     4.3     5.9    46.1   345.9
2014 12 05  0118   56996    4680    0     4.4    -0.5     4.2     6.1    44.0   353.6
2014 12 05  0119   56996    4740    0     4.2     0.0     4.2     6.0    45.2     0.6
2014 12 05  0120   56996    4800    0     4.1     0.2     4.1     5.8    44.5     2.4
2014 12 05  0121   56996    4860    0     4.0    -0.1     4.1     5.8    45.9   358.9
2014 12 05  0122   56996    4920    0     4.0    -0.2     4.2     5.8    45.9   357.3
2014 12 05  0123   56996    4980    0     4.2    -0.5     3.8     5.7    42.6   353.2
2014 12 05  0124   56996    5040    0     4.3    -1.0     3.5     5.6    38.4   347.0
2014 12 05  0125   56996    5100    0     4.8    -1.8     2.4     5.7    25.1   339.0
2014 12 05  0126   56996    5160    0     3.5    -2.6    -2.9     5.2   -33.4   323.1
2014 12 05  0127   56996    5220    0     3.5    -3.7    -5.2     7.3   -45.2   313.5
2014 12 05  0128   56996    5280    0     3.7    -3.7    -5.1     7.3   -44.3   314.8
2014 12 05  0129   56996    5340    0     4.0    -3.7    -4.7     7.2   -40.9   317.7
2014 12 05  0130   56996    5400    0     4.3    -3.8    -4.1     7.1   -35.4   318.7
2014 12 05  0131   56996    5460    0     4.7    -3.5    -4.1     7.1   -35.3   323.1
2014 12 05  0132   56996    5520    0     4.9    -3.5    -3.7     7.0   -31.3   324.0
2014 12 05  0133   56996    5580    0     5.1    -3.4    -3.4     6.9   -28.9   326.5
2014 12 05  0134   56996    5640    0     5.5    -3.3    -2.2     6.8   -19.3   329.5
2014 12 05  0135   56996    5700    0     6.0    -2.7    -1.3     6.7   -11.5   336.1
2014 12 05  0136   56996    5760    0     6.0    -2.6    -1.7     6.7   -14.4   336.4
2014 12 05  0137   56996    5820    0     5.7    -2.8    -1.9     6.6   -16.9   333.7
2014 12 05  0138   56996    5880    0     5.5    -3.2    -2.8     6.9   -23.4   329.5
2014 12 05  0139   56996    5940    0     6.0    -2.9    -2.0     6.9   -16.6   334.0
2014 12 05  0140   56996    6000    0     6.3    -2.8    -1.0     6.9    -8.3   336.1
2014 12 05  0141   56996    6060    0     5.7    -3.3    -2.4     7.0   -20.0   330.2
2014 12 05  0142   56996    6120    0     6.0    -3.2    -1.8     7.0   -15.2   331.5
2014 12 05  0143   56996    6180    0     6.2    -3.1    -1.6     7.1   -12.6   333.4
2014 12 05  0144   56996    6240    0     5.8    -3.6    -2.2     7.2   -17.8   328.3
2014 12 05  0145   56996    6300    0     6.1    -3.3    -1.3     7.1   -10.4   331.8
2014 12 05  0146   56996    6360    0     6.3    -3.0    -1.0     7.0    -8.3   334.8
2014 12 05  0147   56996    6420    0     6.3    -2.8    -0.6     7.0    -4.7   335.8
2014 12 05  0148   56996    6480    0     6.3    -2.8    -0.3     6.9    -2.8   335.7
2014 12 05  0149   56996    6540    0     6.5    -2.3     0.1     6.9     0.6   340.3
2014 12 05  0150   56996    6600    0     6.4    -2.5    -0.2     6.9    -1.4   338.9
2014 12 05  0151   56996    6660    0     6.6    -2.3    -0.0     7.0    -0.2   341.0
2014 12 05  0152   56996    6720    0     6.6    -2.2     0.0     6.9     0.3   341.5
2014 12 05  0153   56996    6780    0     6.6    -2.1     0.2     6.9     1.6   342.4
2014 12 05  0154   56996    6840    0     6.7    -2.2     0.0     7.0     0.3   341.9
2014 12 05  0155   56996    6900    0     6.4    -2.5    -0.7     6.9    -5.4   338.7
2014 12 05  0156   56996    6960    0     6.6    -1.9     0.5     6.9     4.5   344.0
2014 12 05  0157   56996    7020    0     6.7    -1.6     0.8     6.9     6.9   346.4
2014 12 05  0158   56996    7080    0     6.6    -1.1     1.3     6.8    11.1   350.3
2014 12 05  0159   56996    7140    0     6.5    -1.0     1.6     6.7    13.4   351.0
2014 12 05  0200   56996    7200    0     6.5    -0.9     1.5     6.7    13.0   352.1
2014 12 05  0201   56996    7260    0     6.6    -0.8     1.4     6.8    12.0   352.9
2014 12 05  0202   56996    7320    0     6.6    -1.0     1.3     6.8    11.0   351.2
2014 12 05  0203   56996    7380    0     6.7    -1.1     1.1     6.9     9.0   351.1
2014 12 05  0204   56996    7440    0     6.8    -1.2     1.1     7.0     8.9   350.0
2014 12 05  0205   56996    7500    0     6.8    -1.1     1.3     7.1    10.4   350.8
2014 12 05  0206   56996    7560    0     6.9    -1.1     1.5     7.1    12.4   351.0
2014 12 05  0207   56996    7620    0     6.8    -0.8     1.6     7.1    13.0   353.3
2014 12 05  0208   56996    7680    0     6.9    -0.4     1.6     7.0    12.8   356.5
2014 12 05  0209   56996    7740    0     6.8     0.1     1.6     7.0    13.4     0.8
2014 12 05  0210   56996    7800    0     6.7     0.4     1.2     6.9    10.1     3.7
2014 12 05  0211   56996    7860    0     6.6     0.3     1.3     6.8    11.2     2.6
2014 12 05  0212   56996    7920    0     6.5    -0.8     1.9     6.8    15.8   352.8
2014 12 05  0213   56996    7980    0     6.4    -0.9     2.0     6.8    17.3   352.1
2014 12 05  0214   56996    8040    0     6.2    -1.2     2.4     6.8    20.9   348.9
2014 12 05  0215   56996    8100    0     6.1    -1.0     2.5     6.7    22.3   350.3
2014 12 05  0216   56996    8160    0     6.3    -0.5     2.4     6.8    20.8   355.1
2014 12 05  0217   56996    8220    0     6.3    -0.4     2.4     6.7    20.5   356.4
2014 12 05  0218   56996    8280    0     6.5    -0.1     2.0     6.8    17.4   359.4
2014 12 05  0219   56996    8340    0     6.7    -0.3     1.6     6.9    13.1   357.8
2014 12 05  0220   56996    8400    0     6.7     0.1     1.2     6.8     9.9     0.4
2014 12 05  0221   56996    8460    0     6.6     0.5     1.1     6.7     9.3     4.6
2014 12 05  0222   56996    8520    0     6.6     0.7     1.3     6.8    11.2     6.4
2014 12 05  0223   56996    8580    0     6.6     1.0     1.6     6.8    13.1     8.3
2014 12 05  0224   56996    8640    0     6.5     0.4     2.1     6.9    17.8     3.2
2014 12 05  0225   56996    8700    0     6.5    -0.4     2.3     6.9    19.4   356.3
2014 12 05  0226   56996    8760    0     6.5     0.9     1.8     6.8    15.2     7.9
2014 12 05  0227   56996    8820    0     6.4     1.8     1.9     6.8    15.7    15.5
2014 12 05  0228   56996    8880    0     6.3     1.7     2.0     6.8    16.8    14.9
2014 12 05  0229   56996    8940    0     6.3     1.7     1.8     6.7    15.6    14.9
2014 12 05  0230   56996    9000    0     6.3     0.7     2.0     6.7    17.5     6.2
2014 12 05  0231   56996    9060    0     6.3     1.3     2.6     6.9    22.0    11.2
2014 12 05  0232   56996    9120    0     6.5     1.4     2.7     7.2    22.0    11.9
2014 12 05  0233   56996    9180    0     6.6     1.2     2.9     7.3    23.1    10.4
2014 12 05  0234   56996    9240    0     6.6     1.2     2.9     7.3    23.0    10.1
2014 12 05  0235   56996    9300    0     6.6     1.3     3.0     7.3    23.9    11.3
2014 12 05  0236   56996    9360    0     6.7     1.4     2.7     7.4    21.2    12.1
2014 12 05  0237   56996    9420    0     6.7     1.1     3.0     7.5    23.6     9.4
2014 12 05  0238   56996    9480    0     6.8     0.8     2.8     7.4    22.4     7.0
2014 12 05  0239   56996    9540    0     6.5     1.8     3.3     7.5    25.9    15.4
2014 12 05  0240   56996    9600    0     6.4     1.5     3.2     7.3    26.0    13.5
2014 12 05  0241   56996    9660    0     6.4     1.7     3.2     7.3    25.5    15.2
2014 12 05  0242   56996    9720    0     6.4     1.4     3.2     7.3    25.5    12.2
2014 12 05  0243   56996    9780    0     6.6     1.1     3.1     7.3    24.8     9.2
2014 12 05  0244   56996    9840    0     6.5     0.9     3.1     7.3    25.5     8.1
2014 12 05  0245   56996    9900    0     6.6     0.4     3.2     7.3    25.8     3.7
2014 12 05  0246   56996    9960    0     6.5     0.1     3.2     7.3    26.2     0.8
2014 12 05  0247   56996   10020    0     6.4     0.0     3.2     7.1    26.3     0.1
2014 12 05  0248   56996   10080    0     5.9    -0.2     3.9     7.1    33.4   358.5
2014 12 05  0249   56996   10140    0     6.5     0.1     3.2     7.2    26.0     1.1
2014 12 05  0250   56996   10200    0     6.2    -0.1     3.8     7.2    31.3   358.9
2014 12 05  0251   56996   10260    0     5.5    -2.1     1.8     6.1    16.9   339.5
2014 12 05  0252   56996   10320    0     4.4    -4.6     0.3     6.4     2.8   314.0
2014 12 05  0253   56996   10380    0     3.7    -5.0    -0.7     6.3    -6.2   306.3
2014 12 05  0254   56996   10440    0     3.8    -4.8    -0.1     6.1    -0.7   308.2
2014 12 05  0255   56996   10500    0     4.0    -4.8     0.0     6.3     0.3   310.0
2014 12 05  0256   56996   10560    0     4.0    -4.9    -0.2     6.4    -1.8   308.9
2014 12 05  0257   56996   10620    0     2.7    -5.6    -1.8     6.5   -15.9   295.5
2014 12 05  0258   56996   10680    0     1.3    -5.8    -2.5     6.5   -22.9   282.4
2014 12 05  0259   56996   10740    0     0.9    -5.9    -2.8     6.6   -25.0   278.2
2014 12 05  0300   56996   10800    0     1.0    -6.1    -1.9     6.5   -17.2   278.9
2014 12 05  0301   56996   10860    0     0.6    -6.1    -2.6     6.7   -23.4   275.6
2014 12 05  0302   56996   10920    0     0.0    -6.3    -2.1     6.7   -18.5   270.4
2014 12 05  0303   56996   10980    0     1.0    -5.3    -3.9     6.6   -36.0   280.4
2014 12 05  0304   56996   11040    0     1.5    -5.6    -2.8     6.4   -25.4   285.3
2014 12 05  0305   56996   11100    0     2.1    -5.8    -2.0     6.5   -17.7   289.7
2014 12 05  0306   56996   11160    0     1.8    -6.1    -1.8     6.6   -16.2   286.8
2014 12 05  0307   56996   11220    0     1.7    -6.0    -1.9     6.6   -17.0   285.8
2014 12 05  0308   56996   11280    0     1.5    -5.9    -2.3     6.5   -20.8   284.4
2014 12 05  0309   56996   11340    0     1.3    -6.0    -2.5     6.6   -22.4   282.0
2014 12 05  0310   56996   11400    0     1.1    -6.0    -2.7     6.7   -23.6   280.9
2014 12 05  0311   56996   11460    0     1.1    -5.8    -2.8     6.5   -25.5   280.3
2014 12 05  0312   56996   11520    0     0.8    -6.2    -3.2     7.0   -27.2   277.0
2014 12 05  0313   56996   11580    0     0.6    -6.8    -2.7     7.4   -21.6   275.1
2014 12 05  0314   56996   11640    0     0.3    -6.5    -2.9     7.1   -23.9   272.9
2014 12 05  0315   56996   11700    0     0.2    -6.7    -2.7     7.2   -22.2   272.1
2014 12 05  0316   56996   11760    0     0.9    -6.2    -2.8     6.9   -24.0   278.1
2014 12 05  0317   56996   11820    0     1.2    -6.1    -2.9     6.8   -25.0   281.2
2014 12 05  0318   56996   11880    0     1.5    -6.3    -3.0     7.1   -24.7   283.4
2014 12 05  0319   56996   11940    0     2.2    -6.0    -3.1     7.1   -25.4   289.8
2014 12 05  0320   56996   12000    0     1.4    -6.2    -3.2     7.2   -26.7   282.6
2014 12 05  0321   56996   12060    0    -0.1    -6.7    -3.1     7.3   -24.7   269.2
2014 12 05  0322   56996   12120    0     0.1    -6.1    -3.1     6.9   -27.1   271.0
2014 12 05  0323   56996   12180    0    -0.8    -5.8    -3.7     6.9   -32.3   262.6
2014 12 05  0324   56996   12240    0    -0.4    -5.8    -3.9     7.0   -33.8   266.4
2014 12 05  0325   56996   12300    0    -1.4    -5.7    -3.8     7.0   -32.9   256.3
2014 12 05  0326   56996   12360    0    -2.0    -5.5    -4.2     7.2   -35.6   249.9
2014 12 05  0327   56996   12420    0    -1.8    -5.7    -4.1     7.2   -34.5   252.4
2014 12 05  0328   56996   12480    0    -2.0    -5.5    -4.1     7.2   -35.2   249.9
2014 12 05  0329   56996   12540    0    -1.6    -5.6    -4.2     7.2   -36.1   254.1
2014 12 05  0330   56996   12600    0    -1.8    -5.7    -4.3     7.4   -35.9   252.7
2014 12 05  0331   56996   12660    0    -2.2    -5.6    -5.0     7.8   -39.5   248.4
2014 12 05  0332   56996   12720    0    -2.2    -5.8    -4.8     7.9   -37.6   248.9
2014 12 05  0333   56996   12780    0    -2.1    -5.6    -4.9     7.8   -39.1   249.6
2014 12 05  0334   56996   12840    0    -2.2    -5.8    -5.1     8.0   -39.1   249.5
2014 12 05  0335   56996   12900    0    -1.6    -6.0    -4.4     7.6   -35.5   255.3
2014 12 05  0336   56996   12960    0    -1.6    -6.5    -3.7     7.6   -28.8   256.3
2014 12 05  0337   56996   13020    0    -2.5    -6.1    -3.7     7.5   -29.2   248.0
2014 12 05  0338   56996   13080    0    -2.4    -5.8    -4.4     7.7   -35.1   247.3
2014 12 05  0339   56996   13140    0    -1.5    -6.5    -4.7     8.1   -35.2   257.3
2014 12 05  0340   56996   13200    0    -1.8    -6.1    -5.1     8.1   -39.0   253.7
2014 12 05  0341   56996   13260    0    -2.2    -5.6    -5.2     8.0   -40.9   248.2
2014 12 05  0342   56996   13320    0    -2.3    -5.6    -5.4     8.1   -41.8   248.1
2014 12 05  0343   56996   13380    0    -2.4    -4.7    -5.7     7.7   -47.5   243.2
2014 12 05  0344   56996   13440    0    -2.4    -4.1    -6.3     7.9   -53.0   239.9
2014 12 05  0345   56996   13500    0    -2.3    -4.3    -6.1     7.9   -51.4   242.0
2014 12 05  0346   56996   13560    0    -2.8    -4.7    -5.7     7.9   -46.2   238.8
2014 12 05  0347   56996   13620    0    -2.3    -4.9    -5.5     7.7   -45.8   245.0
2014 12 05  0348   56996   13680    0    -2.4    -4.7    -5.5     7.7   -46.1   242.8
2014 12 05  0349   56996   13740    0    -2.7    -4.8    -5.7     7.9   -45.8   240.9
2014 12 05  0350   56996   13800    0    -3.4    -4.6    -5.9     8.2   -45.9   234.1
2014 12 05  0351   56996   13860    0    -3.0    -4.7    -5.8     8.1   -46.2   237.4
2014 12 05  0352   56996   13920    0    -3.1    -5.2    -5.3     8.0   -41.1   239.1
2014 12 05  0353   56996   13980    0    -3.1    -5.3    -5.5     8.2   -41.7   239.3
2014 12 05  0354   56996   14040    0    -3.2    -5.3    -5.5     8.3   -41.7   239.1
2014 12 05  0355   56996   14100    0    -2.8    -5.5    -5.2     8.1   -40.1   243.0
2014 12 05  0356   56996   14160    0    -2.7    -5.7    -5.3     8.3   -40.2   244.6
2014 12 05  0357   56996   14220    0    -3.2    -5.8    -5.2     8.4   -38.0   240.9
2014 12 05  0358   56996   14280    0    -3.2    -5.5    -5.7     8.6   -41.9   240.1
2014 12 05  0359   56996   14340    0    -3.3    -5.3    -6.1     8.7   -44.4   237.8
2014 12 05  0400   56996   14400    0    -2.7    -5.8    -4.9     8.1   -37.3   245.5
2014 12 05  0401   56996   14460    0    -3.3    -5.9    -5.6     8.7   -39.8   240.8
2014 12 05  0402   56996   14520    0    -3.5    -5.9    -4.3     8.1   -32.5   239.2
2014 12 05  0403   56996   14580    0    -4.1    -2.8    -5.6     7.5   -48.8   214.5
2014 12 05  0404   56996   14640    0    -3.3     0.0    -6.5     7.3   -62.8   179.8
2014 12 05  0405   56996   14700    0    -3.6    -0.7    -6.6     7.5   -60.9   190.9
2014 12 05  0406   56996   14760    0    -4.0    -0.3    -6.7     7.8   -58.9   183.8
2014 12 05  0407   56996   14820    0    -4.6    -1.7    -6.0     7.8   -51.2   200.5
2014 12 05  0408   56996   14880    0    -4.6    -4.2    -4.2     7.5   -34.0   222.1
2014 12 05  0409   56996   14940    0    -4.7    -4.3    -3.8     7.4   -30.9   222.5
2014 12 05  0410   56996   15000    0    -5.7    -3.4    -4.0     7.7   -31.6   210.8
2014 12 05  0411   56996   15060    0    -6.1    -2.2    -4.8     8.0   -36.5   200.0
2014 12 05  0412   56996   15120    0    -6.5    -2.5    -5.1     8.6   -36.6   201.2
2014 12 05  0413   56996   15180    0    -6.8    -2.5    -5.1     8.8   -35.3   199.9
2014 12 05  0414   56996   15240    0    -7.0    -2.2    -5.0     8.9   -34.5   197.6
2014 12 05  0415   56996   15300    0    -7.2    -2.0    -4.9     8.9   -33.1   195.3
2014 12 05  0416   56996   15360    0    -7.2    -2.1    -4.9     9.0   -33.0   196.4
2014 12 05  0417   56996   15420    0    -6.4    -3.6    -5.3     9.1   -35.6   209.3
2014 12 05  0418   56996   15480    0    -6.2    -4.0    -5.2     9.0   -35.1   213.0
2014 12 05  0419   56996   15540    0    -6.5    -3.9    -5.1     9.1   -34.0   210.8
2014 12 05  0420   56996   15600    0    -6.6    -3.6    -5.0     9.0   -33.7   208.8
2014 12 05  0421   56996   15660    0    -6.7    -3.4    -5.0     9.0   -33.9   207.0
2014 12 05  0422   56996   15720    0    -6.7    -3.1    -4.9     8.9   -33.6   204.9
2014 12 05  0423   56996   15780    0    -6.7    -3.5    -4.6     8.9   -31.4   207.7
2014 12 05  0424   56996   15840    0    -6.9    -3.3    -4.5     8.9   -30.4   205.4
2014 12 05  0425   56996   15900    0    -6.9    -3.4    -4.2     8.8   -28.4   206.5
2014 12 05  0426   56996   15960    0    -7.1    -3.5    -4.0     8.8   -26.8   206.3
2014 12 05  0427   56996   16020    0    -7.0    -3.9    -3.7     8.8   -24.9   209.1
2014 12 05  0428   56996   16080    0    -6.9    -3.7    -4.0     8.8   -27.3   208.6
2014 12 05  0429   56996   16140    0    -6.7    -3.6    -4.3     8.7   -29.6   208.1
2014 12 05  0430   56996   16200    0    -6.6    -3.7    -4.3     8.7   -29.4   209.2
2014 12 05  0431   56996   16260    0    -6.8    -3.5    -4.3     8.8   -29.5   207.2
2014 12 05  0432   56996   16320    0    -7.1    -3.7    -3.9     8.9   -25.9   207.9
2014 12 05  0433   56996   16380    0    -6.9    -3.5    -4.5     9.0   -30.1   206.9
2014 12 05  0434   56996   16440    0    -7.0    -3.6    -4.7     9.1   -30.8   207.4
2014 12 05  0435   56996   16500    0    -6.9    -3.5    -4.8     9.1   -31.8   206.9
2014 12 05  0436   56996   16560    0    -6.7    -3.4    -5.0     9.0   -33.8   207.2
2014 12 05  0437   56996   16620    0    -7.3    -3.4    -4.0     9.0   -26.4   204.7
2014 12 05  0438   56996   16680    0    -7.9    -3.2    -3.6     9.2   -23.1   202.3
2014 12 05  0439   56996   16740    0    -8.0    -2.9    -3.6     9.2   -23.0   200.1
2014 12 05  0440   56996   16800    0    -8.1    -2.9    -3.5     9.3   -22.2   199.7
2014 12 05  0441   56996   16860    0    -8.0    -2.9    -3.2     9.1   -20.7   200.0
2014 12 05  0442   56996   16920    0    -7.9    -3.0    -3.3     9.1   -21.3   200.9
2014 12 05  0443   56996   16980    0    -7.9    -3.0    -3.4     9.1   -21.8   201.1
2014 12 05  0444   56996   17040    0    -7.9    -3.2    -3.5     9.2   -22.4   202.0
2014 12 05  0445   56996   17100    0    -7.8    -3.3    -3.5     9.1   -22.4   202.7
2014 12 05  0446   56996   17160    0    -8.0    -2.7    -3.1     9.0   -20.2   199.1
2014 12 05  0447   56996   17220    0    -7.8    -2.8    -3.1     8.8   -20.4   199.8
2014 12 05  0448   56996   17280    0    -7.7    -2.9    -3.2     8.8   -21.0   200.8
2014 12 05  0449   56996   17340    0    -7.7    -2.7    -3.2     8.8   -21.4   199.4
2014 12 05  0450   56996   17400    0    -7.8    -2.6    -3.2     8.8   -21.3   198.6
2014 12 05  0451   56996   17460    0    -7.7    -2.6    -3.2     8.7   -21.7   198.8
2014 12 05  0452   56996   17520    0    -7.8    -2.5    -3.0     8.7   -20.0   197.9
2014 12 05  0453   56996   17580    0    -7.8    -2.6    -2.8     8.7   -19.1   198.4
2014 12 05  0454   56996   17640    0    -7.7    -2.6    -2.8     8.6   -19.2   198.5
2014 12 05  0455   56996   17700    0    -7.7    -2.5    -3.0     8.6   -20.6   198.4
2014 12 05  0456   56996   17760    0    -7.8    -2.5    -2.8     8.7   -18.7   198.0
2014 12 05  0457   56996   17820    0    -7.8    -2.5    -3.0     8.7   -19.9   197.6
2014 12 05  0458   56996   17880    0    -7.7    -2.2    -3.4     8.7   -22.8   196.0
2014 12 05  0459   56996   17940    0    -7.6    -2.3    -3.4     8.7   -23.1   197.0
2014 12 05  0500   56996   18000    0    -7.7    -2.2    -3.4     8.7   -23.4   196.1
2014 12 05  0501   56996   18060    0    -7.5    -2.3    -3.4     8.5   -23.5   197.0
2014 12 05  0502   56996   18120    0    -7.6    -3.4    -3.1     8.9   -20.6   204.0
2014 12 05  0503   56996   18180    0    -7.4    -3.5    -3.5     8.9   -22.8   205.5
2014 12 05  0504   56996   18240    0    -7.3    -3.5    -3.5     8.8   -23.6   205.4
2014 12 05  0505   56996   18300    0    -7.2    -3.2    -3.5     8.6   -23.7   203.8
2014 12 05  0506   56996   18360    0    -7.2    -3.7    -3.5     8.8   -23.0   207.3
2014 12 05  0507   56996   18420    0    -7.3    -3.7    -3.4     8.8   -22.7   206.9
2014 12 05  0508   56996   18480    0    -7.1    -3.7    -3.4     8.7   -23.2   207.4
2014 12 05  0509   56996   18540    0    -7.2    -3.7    -3.2     8.7   -21.6   207.5
2014 12 05  0510   56996   18600    0    -7.3    -3.7    -3.2     8.8   -21.0   206.8
2014 12 05  0511   56996   18660    0    -7.6    -3.8    -3.0     9.0   -19.1   206.3
2014 12 05  0512   56996   18720    0    -7.6    -3.6    -2.7     8.9   -17.9   205.6
2014 12 05  0513   56996   18780    0    -7.6    -3.5    -2.6     8.7   -17.3   204.8
2014 12 05  0514   56996   18840    0    -7.7    -3.6    -2.6     8.9   -17.0   205.2
2014 12 05  0515   56996   18900    0    -7.7    -3.5    -2.6     8.9   -17.0   204.7
2014 12 05  0516   56996   18960    0    -7.2    -3.4    -2.0     8.2   -14.5   205.1
2014 12 05  0517   56996   19020    0    -6.9    -3.7    -1.3     7.9    -9.2   208.1
2014 12 05  0518   56996   19080    0    -7.4    -3.8    -2.0     8.5   -13.7   207.0
2014 12 05  0519   56996   19140    0    -7.0    -3.5    -1.5     8.0   -10.8   206.7
2014 12 05  0520   56996   19200    0    -6.7    -4.0    -1.5     7.9   -10.9   211.0
2014 12 05  0521   56996   19260    0    -7.0    -4.0    -1.8     8.3   -12.9   209.4
2014 12 05  0522   56996   19320    0    -6.9    -4.0    -1.8     8.2   -12.8   210.4
2014 12 05  0523   56996   19380    0    -6.7    -4.5    -1.5     8.2   -10.3   214.0
2014 12 05  0524   56996   19440    0    -6.4    -4.3    -1.7     7.9   -12.1   213.6
2014 12 05  0525   56996   19500    0    -5.8    -4.2    -1.3     7.3   -10.1   215.8
2014 12 05  0526   56996   19560    0    -5.9    -4.4    -1.5     7.5   -11.8   216.5
2014 12 05  0527   56996   19620    0    -5.5    -4.2    -2.0     7.2   -16.1   217.7
2014 12 05  0528   56996   19680    0    -4.4    -3.7    -3.9     7.0   -34.3   220.2
2014 12 05  0529   56996   19740    0    -5.4    -4.9    -0.6     7.3    -4.4   222.5
2014 12 05  0530   56996   19800    0    -5.6    -4.7    -0.3     7.3    -2.6   220.3
2014 12 05  0531   56996   19860    0    -6.7    -4.0    -2.0     8.0   -14.3   210.9
2014 12 05  0532   56996   19920    0    -5.8    -4.1    -3.5     7.9   -26.7   215.1
2014 12 05  0533   56996   19980    0    -6.4    -3.7    -3.7     8.2   -26.4   210.3
2014 12 05  0534   56996   20040    0    -6.2    -4.1    -3.7     8.3   -26.3   213.3
2014 12 05  0535   56996   20100    0    -5.9    -3.4    -4.0     7.9   -30.4   209.9
2014 12 05  0536   56996   20160    0    -5.6    -3.9    -2.8     7.4   -22.2   214.7
2014 12 05  0537   56996   20220    0    -5.7    -4.0    -2.9     7.5   -22.4   215.5
2014 12 05  0538   56996   20280    0    -5.9    -4.5    -2.7     7.9   -19.8   216.9
2014 12 05  0539   56996   20340    0    -5.7    -4.1    -2.1     7.4   -16.5   215.8
2014 12 05  0540   56996   20400    0    -5.7    -3.8    -2.3     7.2   -18.8   213.6
2014 12 05  0541   56996   20460    0    -5.5    -4.4    -2.3     7.4   -18.4   218.4
2014 12 05  0542   56996   20520    0    -5.7    -4.5    -2.3     7.7   -17.4   218.4
2014 12 05  0543   56996   20580    0    -5.6    -4.5    -2.2     7.5   -16.8   219.1
2014 12 05  0544   56996   20640    0    -5.1    -4.6    -2.0     7.2   -16.0   222.1
2014 12 05  0545   56996   20700    0    -4.4    -4.8    -2.3     6.9   -19.8   226.9
2014 12 05  0546   56996   20760    0    -4.8    -4.6    -2.5     7.1   -20.7   224.0
2014 12 05  0547   56996   20820    0    -4.2    -4.7    -2.4     6.8   -20.8   228.1
2014 12 05  0548   56996   20880    0    -4.0    -4.6    -0.5     6.1    -4.3   228.6
2014 12 05  0549   56996   20940    0    -4.3    -4.3    -0.9     6.1    -8.5   225.4
2014 12 05  0550   56996   21000    0    -5.8    -3.8    -1.8     7.1   -14.3   213.1
2014 12 05  0551   56996   21060    0    -4.7    -4.3    -2.2     6.8   -18.9   222.1
2014 12 05  0552   56996   21120    0    -4.2    -4.8    -2.8     7.0   -24.0   228.6
2014 12 05  0553   56996   21180    0    -5.1    -4.1    -2.5     7.0   -20.8   219.3
2014 12 05  0554   56996   21240    0    -4.7    -4.3    -3.1     7.1   -26.4   222.6
2014 12 05  0555   56996   21300    0    -5.6    -2.5    -3.7     7.2   -30.7   204.2
2014 12 05  0556   56996   21360    0    -5.5    -3.1     0.1     6.3     0.9   209.6
2014 12 05  0557   56996   21420    0    -5.4    -3.7     0.1     6.6     0.6   214.7
2014 12 05  0558   56996   21480    0    -5.3    -3.8    -0.6     6.6    -4.9   215.5
2014 12 05  0559   56996   21540    0    -5.9    -3.3    -0.8     6.8    -6.8   209.5
2014 12 05  0600   56996   21600    0    -6.1    -3.3    -0.5     7.0    -4.5   208.4
2014 12 05  0601   56996   21660    0    -6.2    -2.8    -1.2     7.0    -9.7   204.5
2014 12 05  0602   56996   21720    0    -6.2    -2.5    -1.8     6.9   -15.3   202.2
2014 12 05  0603   56996   21780    0    -6.0    -2.2    -2.3     6.8   -19.7   200.1
2014 12 05  0604   56996   21840    0    -5.7    -2.6    -3.0     6.9   -25.7   204.9
2014 12 05  0605   56996   21900    0    -5.8    -3.0    -3.3     7.3   -26.9   207.5
2014 12 05  0606   56996   21960    0    -5.5    -3.3    -3.4     7.3   -28.1   211.2
2014 12 05  0607   56996   22020    0    -5.0    -3.6    -3.3     7.0   -28.5   215.2
2014 12 05  0608   56996   22080    0    -5.1    -3.7    -3.5     7.2   -29.1   216.5
2014 12 05  0609   56996   22140    0    -3.2    -5.0    -0.2     6.0    -1.8   237.2
2014 12 05  0610   56996   22200    0    -4.4    -5.0     0.0     6.7     0.3   228.6
2014 12 05  0611   56996   22260    0    -4.4    -4.9     1.3     6.7    11.6   227.8
2014 12 05  0612   56996   22320    0    -4.7    -5.1     0.4     7.0     3.3   227.0
2014 12 05  0613   56996   22380    0    -4.8    -4.3    -1.4     6.6   -12.4   221.4
2014 12 05  0614   56996   22440    0    -4.8    -3.7    -2.6     6.7   -23.4   217.8
2014 12 05  0615   56996   22500    0    -4.2    -3.7    -3.8     6.8   -34.1   221.0
2014 12 05  0616   56996   22560    0    -4.3    -3.8    -3.6     6.8   -31.8   221.5
2014 12 05  0617   56996   22620    0    -3.9    -5.0    -2.9     7.0   -24.4   232.4
2014 12 05  0618   56996   22680    0    -4.9    -4.8    -1.7     7.1   -13.6   224.6
2014 12 05  0619   56996   22740    0    -5.0    -4.9    -1.4     7.1   -11.4   224.5
2014 12 05  0620   56996   22800    0    -6.0    -2.7    -2.9     7.2   -24.2   204.3
2014 12 05  0621   56996   22860    0    -6.2    -3.6    -2.2     7.5   -17.3   209.7
2014 12 05  0622   56996   22920    0    -5.9    -3.4    -2.6     7.3   -20.8   209.8
2014 12 05  0623   56996   22980    0    -5.9    -3.4    -2.8     7.4   -22.0   209.8
2014 12 05  0624   56996   23040    0    -5.8    -3.8    -2.6     7.4   -20.7   213.2
2014 12 05  0625   56996   23100    0    -5.9    -3.6    -2.8     7.5   -22.1   211.2
2014 12 05  0626   56996   23160    0    -5.8    -3.3    -3.1     7.4   -24.4   209.9
2014 12 05  0627   56996   23220    0    -5.8    -3.4    -3.3     7.5   -26.0   210.0
2014 12 05  0628   56996   23280    0    -5.7    -3.3    -3.7     7.5   -29.2   210.1
2014 12 05  0629   56996   23340    0    -5.9    -4.2    -2.8     7.7   -21.5   215.4
2014 12 05  0630   56996   23400    0    -5.6    -4.1    -3.0     7.6   -23.3   216.3
2014 12 05  0631   56996   23460    0    -5.6    -4.3    -2.8     7.6   -21.7   217.7
2014 12 05  0632   56996   23520    0    -5.3    -4.6    -2.7     7.6   -20.8   221.0
2014 12 05  0633   56996   23580    0    -5.3    -4.6    -2.6     7.5   -20.1   220.9
2014 12 05  0634   56996   23640    0    -5.2    -4.7    -2.4     7.4   -18.7   221.7
2014 12 05  0635   56996   23700    0    -5.1    -4.9    -2.3     7.5   -18.1   223.4
2014 12 05  0636   56996   23760    0    -5.1    -4.9    -2.2     7.4   -17.2   223.7
2014 12 05  0637   56996   23820    0    -5.4    -4.5    -2.6     7.5   -20.5   219.8
2014 12 05  0638   56996   23880    0    -5.1    -5.0    -2.2     7.5   -17.5   224.7
2014 12 05  0639   56996   23940    0    -5.0    -5.0    -2.3     7.4   -18.4   224.7
2014 12 05  0640   56996   24000    0    -3.9    -5.5    -2.2     7.1   -18.3   234.8
2014 12 05  0641   56996   24060    0    -0.1    -5.9    -0.9     6.0    -9.0   268.8
2014 12 05  0642   56996   24120    0     4.0    -4.7     0.9     6.2     8.2   310.6
2014 12 05  0643   56996   24180    0     5.6    -2.9     1.6     6.5    14.1   332.7
2014 12 05  0644   56996   24240    0     5.4    -3.6     0.9     6.5     7.7   325.9
2014 12 05  0645   56996   24300    0     4.2    -5.1     0.4     6.6     3.3   309.7
2014 12 05  0646   56996   24360    0     3.4    -6.0     0.2     6.9     2.0   300.0
2014 12 05  0647   56996   24420    0     4.0    -5.7     0.3     7.0     2.7   305.0
2014 12 05  0648   56996   24480    0     5.1    -4.6     1.1     6.9     9.4   318.3
2014 12 05  0649   56996   24540    0     5.2    -3.8     1.4     6.6    12.6   323.9
2014 12 05  0650   56996   24600    0     5.6    -2.8     1.8     6.5    15.9   333.9
2014 12 05  0651   56996   24660    0     5.9    -1.7     1.9     6.5    17.2   343.6
2014 12 05  0652   56996   24720    0     5.6    -3.3     1.1     6.6     9.7   329.4
2014 12 05  0653   56996   24780    0     5.3    -3.9     0.9     6.7     7.5   323.7
2014 12 05  0654   56996   24840    0     4.9    -4.6     0.3     6.7     3.0   316.3
2014 12 05  0655   56996   24900    0     4.5    -4.9     0.5     6.7     4.7   312.5
2014 12 05  0656   56996   24960    0     4.1    -5.3     0.9     6.8     7.9   308.0
2014 12 05  0657   56996   25020    0     3.8    -5.5     0.7     6.7     5.9   305.1
2014 12 05  0658   56996   25080    0     3.7    -5.4     0.5     6.6     4.2   304.7
2014 12 05  0659   56996   25140    0     3.1    -6.0     0.2     6.8     2.1   297.0
2014 12 05  0700   56996   25200    0     3.1    -6.2     0.3     6.9     2.4   296.6
2014 12 05  0701   56996   25260    0     2.9    -6.4     0.2     7.0     1.3   294.1
2014 12 05  0702   56996   25320    0     3.1    -6.2     0.1     6.9     1.1   296.8
2014 12 05  0703   56996   25380    0     2.4    -6.5     0.0     6.9     0.1   289.9
2014 12 05  0704   56996   25440    0     2.7    -6.4    -0.4     7.0    -3.3   293.1
2014 12 05  0705   56996   25500    0     3.1    -6.2     0.2     6.9     1.3   296.7
2014 12 05  0706   56996   25560    0     1.7    -7.0    -1.3     7.3   -10.1   283.5
2014 12 05  0707   56996   25620    0     2.7    -6.8     0.2     7.3     1.4   291.3
2014 12 05  0708   56996   25680    0     3.5    -6.6     1.4     7.6    10.4   297.7
2014 12 05  0709   56996   25740    0     3.7    -6.1     1.7     7.4    13.3   301.1
2014 12 05  0710   56996   25800    0     3.7    -6.3     1.5     7.5    11.8   300.8
2014 12 05  0711   56996   25860    0     4.1    -6.1     1.7     7.5    12.9   304.0
2014 12 05  0712   56996   25920    0     4.3    -6.0     1.7     7.6    13.0   305.6
2014 12 05  0713   56996   25980    0     4.5    -5.9     1.8     7.6    13.5   307.4
2014 12 05  0714   56996   26040    0     4.3    -6.0     1.9     7.6    14.4   305.4
2014 12 05  0715   56996   26100    0     4.2    -6.0     1.9     7.6    14.7   304.7
2014 12 05  0716   56996   26160    0     4.3    -5.9     1.9     7.6    14.7   306.3
2014 12 05  0717   56996   26220    0     4.4    -5.7     2.3     7.6    17.9   308.1
2014 12 05  0718   56996   26280    0     4.5    -5.4     2.6     7.5    20.3   310.1
2014 12 05  0719   56996   26340    0     4.4    -5.2     2.0     7.1    16.5   310.0
2014 12 05  0720   56996   26400    0     4.8    -5.3     1.3     7.3    10.4   312.2
2014 12 05  0721   56996   26460    0     5.0    -5.0     1.8     7.3    14.6   315.3
2014 12 05  0722   56996   26520    0     4.8    -5.1     1.9     7.3    15.4   313.6
2014 12 05  0723   56996   26580    0     5.0    -4.8     2.3     7.3    18.2   316.3
2014 12 05  0724   56996   26640    0     5.5    -4.2     2.9     7.6    22.9   322.8
2014 12 05  0725   56996   26700    0     5.5    -3.9     3.2     7.5    25.2   324.9
2014 12 05  0726   56996   26760    0     5.5    -2.9     3.4     7.1    28.6   332.3
2014 12 05  0727   56996   26820    0     5.4    -3.2     3.3     7.1    27.8   329.6
2014 12 05  0728   56996   26880    0     5.4    -3.3     3.4     7.2    28.4   328.8
2014 12 05  0729   56996   26940    0     5.5    -3.3     3.6     7.3    29.0   329.1
2014 12 05  0730   56996   27000    0     5.8    -2.3     3.5     7.1    29.7   338.5
2014 12 05  0731   56996   27060    0     5.8    -1.2     3.6     6.9    31.0   348.5
2014 12 05  0732   56996   27120    0     5.3    -2.1     3.9     6.9    34.1   338.4
2014 12 05  0733   56996   27180    0     5.4    -2.0     4.2     7.1    35.8   339.8
2014 12 05  0734   56996   27240    0     4.9    -3.3     3.9     7.1    33.2   326.5
2014 12 05  0735   56996   27300    0     4.6    -4.1     3.6     7.1    30.2   318.8
2014 12 05  0736   56996   27360    0     4.9    -3.6     3.7     7.1    31.8   323.5
2014 12 05  0737   56996   27420    0     4.8    -2.8     3.7     6.7    33.7   330.1
2014 12 05  0738   56996   27480    0     5.1    -2.3     3.8     6.8    34.3   335.6
2014 12 05  0739   56996   27540    0     5.0    -2.9     3.4     6.7    30.3   329.8
2014 12 05  0740   56996   27600    0     5.4    -2.2     3.2     6.7    28.3   338.0
2014 12 05  0741   56996   27660    0     5.7    -1.8     2.9     6.7    25.7   342.2
2014 12 05  0742   56996   27720    0     5.5    -2.1     3.1     6.7    27.3   339.0
2014 12 05  0743   56996   27780    0     5.0    -3.4     3.3     6.9    28.6   325.9
2014 12 05  0744   56996   27840    0     5.1    -3.3     3.3     6.9    28.3   327.0
2014 12 05  0745   56996   27900    0     5.0    -3.4     2.8     6.7    25.2   325.6
2014 12 05  0746   56996   27960    0     5.2    -2.9     3.2     6.8    28.2   330.7
2014 12 05  0747   56996   28020    0     5.4    -2.3     3.7     6.9    32.3   337.0
2014 12 05  0748   56996   28080    0     5.5    -1.3     4.1     7.0    36.4   346.3
2014 12 05  0749   56996   28140    0     5.5    -1.7     3.8     6.9    33.9   342.9
2014 12 05  0750   56996   28200    0     5.4    -2.0     3.6     6.8    31.8   340.0
2014 12 05  0751   56996   28260    0     5.7    -1.6     3.6     6.9    30.9   344.5
2014 12 05  0752   56996   28320    0     5.9    -1.5     3.5     7.1    29.5   345.5
2014 12 05  0753   56996   28380    0     6.0    -1.8     3.3     7.1    27.9   342.9
2014 12 05  0754   56996   28440    0     5.9    -1.6     3.3     7.0    28.5   344.7
2014 12 05  0755   56996   28500    0     5.8    -1.5     3.5     7.0    29.9   345.6
2014 12 05  0756   56996   28560    0     5.9    -1.8     3.5     7.1    29.6   342.6
2014 12 05  0757   56996   28620    0     5.9    -1.5     3.7     7.1    30.9   345.6
2014 12 05  0758   56996   28680    0     5.7    -1.6     3.6     6.9    31.5   344.4
2014 12 05  0759   56996   28740    0     5.6    -1.5     3.8     6.9    33.6   345.2
2014 12 05  0800   56996   28800    0     5.7    -1.5     3.8     7.0    32.9   345.4
2014 12 05  0801   56996   28860    0     5.7    -1.6     3.7     7.0    32.2   344.4
2014 12 05  0802   56996   28920    0     5.3    -1.5     3.6     6.6    32.7   344.2
2014 12 05  0803   56996   28980    0     5.4    -1.7     3.4     6.6    30.8   342.8
2014 12 05  0804   56996   29040    0     5.4    -1.6     3.5     6.6    31.6   343.8
2014 12 05  0805   56996   29100    0     5.5    -1.4     3.5     6.6    32.0   345.6
2014 12 05  0806   56996   29160    0     5.2    -1.4     3.4     6.4    32.2   345.0
2014 12 05  0807   56996   29220    0     5.0    -1.3     3.3     6.2    32.6   345.0
2014 12 05  0808   56996   29280    0     4.9    -1.1     3.3     6.0    33.1   347.9
2014 12 05  0809   56996   29340    0     4.8    -1.0     3.3     6.0    34.2   348.6
2014 12 05  0810   56996   29400    0     5.1    -1.3     3.0     6.0    29.7   346.0
2014 12 05  0811   56996   29460    0     4.9    -1.5     2.5     5.7    26.1   343.0
2014 12 05  0812   56996   29520    0     5.3    -1.4     2.9     6.2    27.6   344.8
2014 12 05  0813   56996   29580    0     5.7    -0.8     3.5     6.8    30.8   352.1
2014 12 05  0814   56996   29640    0     5.6    -0.8     3.0     6.4    27.8   351.7
2014 12 05  0815   56996   29700    0     5.6    -1.1     2.8     6.4    26.4   348.9
2014 12 05  0816   56996   29760    0     5.7    -1.2     2.7     6.4    24.9   348.1
2014 12 05  0817   56996   29820    0     6.0    -1.3     2.4     6.6    21.0   347.5
2014 12 05  0818   56996   29880    0     5.9    -1.2     2.4     6.5    22.0   348.6
2014 12 05  0819   56996   29940    0     5.9    -1.2     2.6     6.5    23.1   348.4
2014 12 05  0820   56996   30000    0     5.9    -1.1     2.8     6.6    25.1   349.2
2014 12 05  0821   56996   30060    0     6.0    -0.8     2.9     6.7    25.7   352.3
2014 12 05  0822   56996   30120    0     6.1    -0.6     2.8     6.8    24.5   354.4
2014 12 05  0823   56996   30180    0     6.1    -0.2     2.6     6.6    22.9   358.4
2014 12 05  0824   56996   30240    0     2.9    -0.6     1.6     3.3    28.1   348.8
2014 12 05  0825   56996   30300    0    -2.1    -2.8     0.3     3.6     4.2   232.9
2014 12 05  0826   56996   30360    0    -2.4    -2.0    -0.1     3.2    -1.4   219.5
2014 12 05  0827   56996   30420    0    -2.2    -2.4    -0.0     3.2    -0.6   227.3
2014 12 05  0828   56996   30480    0    -3.7    -2.7    -0.7     4.6    -8.7   216.7
2014 12 05  0829   56996   30540    0    -5.1    -2.0    -1.7     5.7   -16.8   200.9
2014 12 05  0830   56996   30600    0    -3.9    -2.2    -0.9     4.6   -11.9   209.5
2014 12 05  0831   56996   30660    0    -3.0    -2.2    -0.8     3.8   -12.6   216.7
2014 12 05  0832   56996   30720    0    -2.9    -1.2    -0.8     3.3   -13.7   201.9
2014 12 05  0833   56996   30780    0    -3.6    -1.8    -1.4     4.3   -19.7   206.6
2014 12 05  0834   56996   30840    0    -3.3    -1.4    -1.3     3.8   -20.1   203.1
2014 12 05  0835   56996   30900    0    -2.8    -1.3    -1.1     3.2   -19.2   204.5
2014 12 05  0836   56996   30960    0    -2.3    -1.8    -0.3     2.9    -6.1   217.8
2014 12 05  0837   56996   31020    0    -2.6    -2.4    -0.2     3.6    -3.0   223.0
2014 12 05  0838   56996   31080    0    -3.6    -1.2    -1.6     4.2   -22.6   198.3
2014 12 05  0839   56996   31140    0    -4.0    -0.8    -1.8     4.5   -23.8   191.8
2014 12 05  0840   56996   31200    0    -5.2    -1.0    -2.8     5.9   -27.8   190.6
2014 12 05  0841   56996   31260    0    -6.2    -0.7    -3.6     7.2   -29.9   186.1
2014 12 05  0842   56996   31320    0    -6.7    -1.2    -3.3     7.6   -26.0   190.3
2014 12 05  0843   56996   31380    0    -6.8    -2.3    -3.1     7.8   -23.2   198.7
2014 12 05  0844   56996   31440    0    -7.0    -2.1    -3.2     8.0   -23.8   196.8
2014 12 05  0845   56996   31500    0    -7.1    -2.4    -3.2     8.1   -23.0   198.4
2014 12 05  0846   56996   31560    0    -6.9    -2.6    -2.9     7.9   -21.6   200.8
2014 12 05  0847   56996   31620    0    -6.9    -2.6    -2.9     7.9   -21.3   200.9
2014 12 05  0848   56996   31680    0    -6.8    -2.5    -2.9     7.8   -21.7   200.2
2014 12 05  0849   56996   31740    0    -6.8    -2.5    -2.7     7.7   -20.5   200.0
2014 12 05  0850   56996   31800    0    -6.8    -2.7    -2.5     7.7   -19.0   202.0
2014 12 05  0851   56996   31860    0    -6.5    -2.9    -2.2     7.5   -17.2   203.9
2014 12 05  0852   56996   31920    0    -6.5    -2.9    -2.0     7.4   -15.8   203.9
2014 12 05  0853   56996   31980    0    -6.4    -2.8    -2.1     7.3   -16.9   203.3
2014 12 05  0854   56996   32040    0    -6.3    -2.9    -1.8     7.2   -14.8   204.6
2014 12 05  0855   56996   32100    0    -6.0    -3.6    -1.4     7.2   -11.4   211.2
2014 12 05  0856   56996   32160    0    -6.8    -2.5    -2.5     7.6   -18.9   200.2
2014 12 05  0857   56996   32220    0    -6.9    -3.0    -1.7     7.7   -12.5   203.9
2014 12 05  0858   56996   32280    0    -7.0    -2.2    -2.5     7.8   -18.8   197.5
2014 12 05  0859   56996   32340    0    -7.0    -2.0    -2.6     7.7   -19.5   196.1
2014 12 05  0900   56996   32400    0    -6.8    -2.3    -2.3     7.5   -17.9   198.8
2014 12 05  0901   56996   32460    0    -6.6    -2.3    -2.1     7.3   -16.8   199.1
2014 12 05  0902   56996   32520    0    -6.7    -2.4    -2.0     7.4   -15.8   199.8
2014 12 05  0903   56996   32580    0    -6.6    -2.6    -1.9     7.3   -15.0   201.3
2014 12 05  0904   56996   32640    0    -6.6    -2.5    -1.9     7.4   -15.2   200.8
2014 12 05  0905   56996   32700    0    -6.6    -2.2    -1.8     7.2   -14.8   198.5
2014 12 05  0906   56996   32760    0    -6.6    -2.4    -1.7     7.2   -13.3   199.9
2014 12 05  0907   56996   32820    0    -6.4    -2.6    -1.4     7.1   -11.2   202.3
2014 12 05  0908   56996   32880    0    -6.8    -2.4    -1.9     7.4   -15.2   199.3
2014 12 05  0909   56996   32940    0    -6.7    -2.6    -1.9     7.4   -14.6   200.8
2014 12 05  0910   56996   33000    0    -6.7    -2.8    -1.7     7.5   -13.0   202.4
2014 12 05  0911   56996   33060    0    -6.7    -2.2    -1.6     7.2   -12.5   198.4
2014 12 05  0912   56996   33120    0    -6.6    -2.0    -2.2     7.2   -17.4   196.7
2014 12 05  0913   56996   33180    0    -6.5    -2.2    -1.8     7.1   -14.4   198.9
2014 12 05  0914   56996   33240    0    -6.7    -1.8    -2.1     7.3   -16.7   195.3
2014 12 05  0915   56996   33300    0    -6.3     0.2    -3.0     7.0   -25.5   178.5
2014 12 05  0916   56996   33360    0    -6.0     0.8    -3.6     7.0   -30.6   172.8
2014 12 05  0917   56996   33420    0    -6.4     0.5    -3.0     7.1   -25.4   175.2
2014 12 05  0918   56996   33480    0    -6.3    -1.2    -2.6     6.9   -21.7   191.2
2014 12 05  0919   56996   33540    0    -6.3    -1.9    -2.1     6.9   -17.9   196.6
2014 12 05  0920   56996   33600    0    -6.6    -2.2    -1.9     7.2   -15.4   198.0
2014 12 05  0921   56996   33660    0    -6.2    -2.9    -1.0     6.9    -8.4   205.0
2014 12 05  0922   56996   33720    0    -5.9    -3.4    -0.7     6.8    -6.1   209.7
2014 12 05  0923   56996   33780    0    -5.8    -3.6    -0.6     6.8    -5.1   211.5
2014 12 05  0924   56996   33840    0    -5.8    -3.5    -0.6     6.8    -4.8   211.5
2014 12 05  0925   56996   33900    0    -5.9    -3.6    -0.7     6.9    -6.2   211.2
2014 12 05  0926   56996   33960    0    -6.2    -3.7    -0.8     7.3    -6.0   211.2
2014 12 05  0927   56996   34020    0    -6.1    -4.2    -0.3     7.4    -2.0   214.7
2014 12 05  0928   56996   34080    0    -6.0    -4.1    -0.3     7.2    -2.5   214.5
2014 12 05  0929   56996   34140    0    -6.0    -4.1    -0.5     7.2    -3.9   214.3
2014 12 05  0930   56996   34200    0    -5.9    -4.0    -0.5     7.2    -3.6   214.3
2014 12 05  0931   56996   34260    0    -6.1    -4.0    -0.7     7.3    -5.1   213.5
2014 12 05  0932   56996   34320    0    -6.1    -4.0    -0.7     7.4    -5.8   213.3
2014 12 05  0933   56996   34380    0    -5.9    -3.8    -0.7     7.1    -5.3   212.9
2014 12 05  0934   56996   34440    0    -5.9    -3.9    -0.4     7.1    -3.5   213.6
2014 12 05  0935   56996   34500    0    -5.8    -3.9    -0.4     7.0    -2.9   214.1
2014 12 05  0936   56996   34560    0    -6.0    -3.8    -0.8     7.1    -6.5   212.5
2014 12 05  0937   56996   34620    0    -6.0    -3.4    -1.1     7.0    -9.1   210.0
2014 12 05  0938   56996   34680    0    -6.0    -2.9    -1.4     6.8   -12.2   205.7
2014 12 05  0939   56996   34740    0    -5.6    -0.8    -3.2     6.5   -29.5   187.6
2014 12 05  0940   56996   34800    0    -5.5    -0.6    -3.4     6.5   -31.8   186.7
2014 12 05  0941   56996   34860    0    -6.0    -0.9    -3.6     7.1   -30.6   188.7
2014 12 05  0942   56996   34920    0    -5.9    -2.0    -2.8     6.8   -24.1   198.6
2014 12 05  0943   56996   34980    0    -5.9    -2.8    -2.5     7.0   -21.2   205.2
2014 12 05  0944   56996   35040    0    -6.1    -2.8    -2.5     7.1   -20.3   204.7
2014 12 05  0945   56996   35100    0    -6.0    -2.6    -2.6     7.0   -21.4   203.4
2014 12 05  0946   56996   35160    0    -5.6    -2.4    -2.5     6.5   -22.4   202.9
2014 12 05  0947   56996   35220    0    -5.7    -2.9    -2.7     6.9   -22.8   206.6
2014 12 05  0948   56996   35280    0    -5.7    -3.2    -2.8     7.1   -23.1   209.6
2014 12 05  0949   56996   35340    0    -6.0    -3.5    -1.9     7.2   -15.0   210.5
2014 12 05  0950   56996   35400    0    -6.1    -3.6    -1.6     7.2   -12.8   210.3
2014 12 05  0951   56996   35460    0    -6.1    -3.9    -1.2     7.4    -9.1   212.3
2014 12 05  0952   56996   35520    0    -6.2    -3.7    -1.2     7.4    -9.6   210.8
2014 12 05  0953   56996   35580    0    -6.3    -3.7    -0.9     7.4    -7.0   210.8
2014 12 05  0954   56996   35640    0    -6.3    -3.6    -1.2     7.3    -9.3   209.8
2014 12 05  0955   56996   35700    0    -4.6    -5.3     0.1     7.0     0.5   229.1
2014 12 05  0956   56996   35760    0    -4.4    -5.7     0.4     7.2     3.0   232.4
2014 12 05  0957   56996   35820    0    -5.0    -5.1    -0.2     7.1    -1.8   225.4
2014 12 05  0958   56996   35880    0    -5.2    -4.7    -0.4     7.0    -3.4   222.2
2014 12 05  0959   56996   35940    0    -4.7    -5.7     0.2     7.3     1.9   230.6
