:Data_list: 20141210_ace_swepam_1m.txt
:Created: 2014 Dec 10 1001 UT
# Prepared by the U.S. Dept. of Commerce, NOAA, Space Weather Prediction Center
# Please send comments and suggestions to SWPC.Webmaster@noaa.gov 
# 
# Units: Proton density p/cc
# Units: Bulk speed km/s
# Units: Ion tempeture degrees K
# Status(S): 0 = nominal data, 1 to 8 = bad data record, 9 = no data
# Missing data values: Density and Speed = -9999.9, Temp. = -1.00e+05
# Source: ACE Satellite - Solar Wind Electron Proton Alpha Monitor
#
#   1-minute averaged Real-time Bulk Parameters of the Solar Wind Plasma
# 
#                Modified Seconds   -------------  Solar Wind  -----------
# UT Date   Time  Julian  of the          Proton      Bulk         Ion
# YR MO DA  HHMM    Day     Day     S    Density     Speed     Temperature
#-------------------------------------------------------------------------
2014 12 10  0000   57001       0    0       15.2      496.3     6.08e+04
2014 12 10  0001   57001      60    0       12.8      489.9     5.86e+04
2014 12 10  0002   57001     120    0        7.1      451.5     4.29e+04
2014 12 10  0003   57001     180    0        4.9      473.7     7.80e+04
2014 12 10  0004   57001     240    0        4.6      479.9     8.22e+04
2014 12 10  0005   57001     300    0        5.2      463.1     5.60e+04
2014 12 10  0006   57001     360    0        6.3      493.9     9.33e+04
2014 12 10  0007   57001     420    0        6.6      511.3     1.19e+05
2014 12 10  0008   57001     480    0        6.5      489.7     8.78e+04
2014 12 10  0009   57001     540    0        6.3      500.4     1.09e+05
2014 12 10  0010   57001     600    1        6.8      519.0     2.14e+05
2014 12 10  0011   57001     660    1        6.5      500.5     1.51e+05
2014 12 10  0012   57001     720    1        5.9      491.4     8.90e+04
2014 12 10  0013   57001     780    1        5.8      506.2     1.16e+05
2014 12 10  0014   57001     840    0        9.0      507.0     1.04e+05
2014 12 10  0015   57001     900    0       15.3      503.8     6.31e+04
2014 12 10  0016   57001     960    1       15.2      518.2     8.10e+04
2014 12 10  0017   57001    1020    1        5.7      501.7     9.04e+04
2014 12 10  0018   57001    1080    0        5.7      501.3     8.89e+04
2014 12 10  0019   57001    1140    0        5.9      531.8     1.48e+05
2014 12 10  0020   57001    1200    0        5.5      515.8     1.10e+05
2014 12 10  0021   57001    1260    0        5.8      533.6     1.47e+05
2014 12 10  0022   57001    1320    0       20.5      556.2     1.01e+05
2014 12 10  0023   57001    1380    1       21.3      534.0     1.14e+05
2014 12 10  0024   57001    1440    1       20.0      536.2     1.23e+05
2014 12 10  0025   57001    1500    1        9.6      541.3     2.61e+05
2014 12 10  0026   57001    1560    0        4.9      517.2     2.19e+05
2014 12 10  0027   57001    1620    0        4.4      504.5     1.73e+05
2014 12 10  0028   57001    1680    0       10.8      571.4     4.31e+05
2014 12 10  0029   57001    1740    0        7.1      530.0     2.62e+05
2014 12 10  0030   57001    1800    0        3.0      483.2     7.64e+04
2014 12 10  0031   57001    1860    0        8.5      493.6     8.29e+04
2014 12 10  0032   57001    1920    0       17.4      507.9     7.29e+04
2014 12 10  0033   57001    1980    0       15.3      497.9     7.41e+04
2014 12 10  0034   57001    2040    0       17.9      503.6     8.09e+04
2014 12 10  0035   57001    2100    0        6.7      465.1     7.88e+04
2014 12 10  0036   57001    2160    0        6.5      482.2     9.40e+04
2014 12 10  0037   57001    2220    1        6.8      497.0     1.17e+05
2014 12 10  0038   57001    2280    0        5.6      467.9     7.09e+04
2014 12 10  0039   57001    2340    0        5.3      481.7     8.15e+04
2014 12 10  0040   57001    2400    1        5.7      507.0     1.16e+05
2014 12 10  0041   57001    2460    0        3.8      504.2     1.04e+05
2014 12 10  0042   57001    2520    0        3.2      519.5     2.47e+05
2014 12 10  0043   57001    2580    0        3.6      536.3     3.46e+05
2014 12 10  0044   57001    2640    1        4.8      513.4     2.10e+05
2014 12 10  0045   57001    2700    1        5.8      505.6     1.17e+05
2014 12 10  0046   57001    2760    0        6.2      530.8     1.84e+05
2014 12 10  0047   57001    2820    0        6.6      522.2     1.67e+05
2014 12 10  0048   57001    2880    0        6.7      491.8     7.74e+04
2014 12 10  0049   57001    2940    0        6.2      511.8     1.07e+05
2014 12 10  0050   57001    3000    1        5.5      524.3     1.62e+05
2014 12 10  0051   57001    3060    0        5.7      494.7     7.80e+04
2014 12 10  0052   57001    3120    0        5.9      524.9     9.97e+04
2014 12 10  0053   57001    3180    0        6.3      543.4     1.36e+05
2014 12 10  0054   57001    3240    1        5.5      499.3     7.70e+04
2014 12 10  0055   57001    3300    0        5.5      527.6     1.23e+05
2014 12 10  0056   57001    3360    0        5.8      536.6     1.43e+05
2014 12 10  0057   57001    3420    0        5.2      518.5     9.76e+04
2014 12 10  0058   57001    3480    0       14.0      532.6     7.45e+04
2014 12 10  0059   57001    3540    0       19.3      538.9     7.10e+04
2014 12 10  0100   57001    3600    0       19.8      536.1     7.04e+04
2014 12 10  0101   57001    3660    0        8.3      547.8     2.16e+05
2014 12 10  0102   57001    3720    0        5.6      522.6     1.68e+05
2014 12 10  0103   57001    3780    0        1.4      484.0     9.10e+04
2014 12 10  0104   57001    3840    0        1.4      485.0     8.87e+04
2014 12 10  0105   57001    3900    0        2.4      497.1     1.10e+05
2014 12 10  0106   57001    3960    0        5.1      515.6     9.08e+04
2014 12 10  0107   57001    4020    0        4.9      496.5     6.11e+04
2014 12 10  0108   57001    4080    0       11.4      514.1     5.16e+04
2014 12 10  0109   57001    4140    0        4.5      495.1     5.85e+04
2014 12 10  0110   57001    4200    0        3.2      501.6     8.84e+04
2014 12 10  0111   57001    4260    0        3.3      514.0     1.43e+05
2014 12 10  0112   57001    4320    0        3.1      504.7     1.07e+05
2014 12 10  0113   57001    4380    0        3.9      506.9     7.10e+04
2014 12 10  0114   57001    4440    0        5.3      522.9     8.95e+04
2014 12 10  0115   57001    4500    0        5.1      523.0     9.10e+04
2014 12 10  0116   57001    4560    0        4.1      510.6     6.90e+04
2014 12 10  0117   57001    4620    0        3.6      501.1     5.77e+04
2014 12 10  0118   57001    4680    0        3.8      503.3     6.70e+04
2014 12 10  0119   57001    4740    0        4.4      512.9     8.12e+04
2014 12 10  0120   57001    4800    1        6.1      504.9     7.49e+04
2014 12 10  0121   57001    4860    0       10.6      478.1     5.55e+04
2014 12 10  0122   57001    4920    1       11.7      503.9     1.03e+05
2014 12 10  0123   57001    4980    0        3.5      549.6     1.99e+05
2014 12 10  0124   57001    5040    0        3.0      510.9     1.19e+05
2014 12 10  0125   57001    5100    0        3.2      540.2     1.42e+05
2014 12 10  0126   57001    5160    0        2.6      546.9     2.00e+05
2014 12 10  0127   57001    5220    0        2.7      509.7     1.10e+05
2014 12 10  0128   57001    5280    0        2.6      519.3     1.27e+05
2014 12 10  0129   57001    5340    0        3.6      535.7     1.65e+05
2014 12 10  0130   57001    5400    0        9.8      512.3     1.07e+05
2014 12 10  0131   57001    5460    0       12.7      517.0     8.46e+04
2014 12 10  0132   57001    5520    0        7.3      544.1     2.44e+05
2014 12 10  0133   57001    5580    0        2.6      556.8     3.76e+05
2014 12 10  0134   57001    5640    0       18.8      562.8     7.75e+04
2014 12 10  0135   57001    5700    0       13.1      537.3     9.63e+04
2014 12 10  0136   57001    5760    0        1.4      476.4     1.07e+05
2014 12 10  0137   57001    5820    0        1.1      452.5     4.09e+04
2014 12 10  0138   57001    5880    0        1.5      474.6     8.73e+04
2014 12 10  0139   57001    5940    0        4.9      541.0     1.77e+05
2014 12 10  0140   57001    6000    0        4.3      503.6     1.07e+05
2014 12 10  0141   57001    6060    0        4.6      533.8     1.45e+05
2014 12 10  0142   57001    6120    0       14.3      553.7     1.03e+05
2014 12 10  0143   57001    6180    0        5.6      546.6     1.79e+05
2014 12 10  0144   57001    6240    1       12.9      552.5     1.20e+05
2014 12 10  0145   57001    6300    1       12.1      521.6     6.82e+04
2014 12 10  0146   57001    6360    0       12.8      514.3     5.44e+04
2014 12 10  0147   57001    6420    0        9.0      521.0     9.44e+04
2014 12 10  0148   57001    6480    0        4.4      502.4     8.54e+04
2014 12 10  0149   57001    6540    0        3.2      486.7     5.80e+04
2014 12 10  0150   57001    6600    0        3.2      497.9     7.09e+04
2014 12 10  0151   57001    6660    0        3.4      512.8     9.10e+04
2014 12 10  0152   57001    6720    0        3.8      519.2     1.03e+05
2014 12 10  0153   57001    6780    0        3.8      519.3     1.01e+05
2014 12 10  0154   57001    6840    0        4.1      527.8     1.29e+05
2014 12 10  0155   57001    6900    1        3.7      510.7     9.34e+04
2014 12 10  0156   57001    6960    0        3.2      511.8     1.18e+05
2014 12 10  0157   57001    7020    0        4.4      529.5     1.32e+05
2014 12 10  0158   57001    7080    0       15.8      526.0     5.76e+04
2014 12 10  0159   57001    7140    1       17.7      510.8     4.66e+04
2014 12 10  0200   57001    7200    0        7.8      515.9     9.74e+04
2014 12 10  0201   57001    7260    0        4.5      516.7     1.47e+05
2014 12 10  0202   57001    7320    0        5.0      523.1     1.97e+05
2014 12 10  0203   57001    7380    0        4.4      510.2     1.34e+05
2014 12 10  0204   57001    7440    0        4.1      500.3     7.17e+04
2014 12 10  0205   57001    7500    0        4.3      503.8     7.04e+04
2014 12 10  0206   57001    7560    0        4.4      506.9     7.80e+04
2014 12 10  0207   57001    7620    0        6.2      518.5     9.50e+04
2014 12 10  0208   57001    7680    0        5.5      513.9     8.47e+04
2014 12 10  0209   57001    7740    0        4.0      491.4     4.90e+04
2014 12 10  0210   57001    7800    0        4.8      457.4     2.47e+04
2014 12 10  0211   57001    7860    0        4.7      493.1     5.62e+04
2014 12 10  0212   57001    7920    0        4.7      510.0     7.94e+04
2014 12 10  0213   57001    7980    0       11.7      468.8     4.57e+04
2014 12 10  0214   57001    8040    0        5.4      500.4     7.34e+04
2014 12 10  0215   57001    8100    0       12.7      519.1     6.49e+04
2014 12 10  0216   57001    8160    0       12.8      488.4     5.71e+04
2014 12 10  0217   57001    8220    0        5.8      476.9     6.14e+04
2014 12 10  0218   57001    8280    0        3.3      489.1     7.97e+04
2014 12 10  0219   57001    8340    0        3.7      471.1     5.76e+04
2014 12 10  0220   57001    8400    0        4.0      472.3     5.64e+04
2014 12 10  0221   57001    8460    0        4.0      500.4     1.04e+05
2014 12 10  0222   57001    8520    0        4.4      507.2     1.16e+05
2014 12 10  0223   57001    8580    0        5.1      493.9     8.34e+04
2014 12 10  0224   57001    8640    0        7.9      495.1     8.47e+04
2014 12 10  0225   57001    8700    0       13.5      504.0     8.09e+04
2014 12 10  0226   57001    8760    0        5.0      493.2     9.81e+04
2014 12 10  0227   57001    8820    0        3.8      510.6     1.69e+05
2014 12 10  0228   57001    8880    0        3.7      514.7     1.66e+05
2014 12 10  0229   57001    8940    0        3.9      488.7     9.01e+04
2014 12 10  0230   57001    9000    0        5.4      512.7     1.16e+05
2014 12 10  0231   57001    9060    0        5.4      510.7     1.16e+05
2014 12 10  0232   57001    9120    0        5.6      493.9     8.98e+04
2014 12 10  0233   57001    9180    0        5.7      506.7     1.14e+05
2014 12 10  0234   57001    9240    0       12.0      508.0     9.23e+04
2014 12 10  0235   57001    9300    0       17.5      509.1     7.79e+04
2014 12 10  0236   57001    9360    0       12.4      517.4     1.61e+05
2014 12 10  0237   57001    9420    0        5.5      514.1     2.02e+05
2014 12 10  0238   57001    9480    0        5.0      506.3     1.57e+05
2014 12 10  0239   57001    9540    0        6.0      509.4     1.44e+05
2014 12 10  0240   57001    9600    0        5.1      499.6     1.96e+05
2014 12 10  0241   57001    9660    0        5.4      499.9     1.84e+05
2014 12 10  0242   57001    9720    0        6.9      501.6     1.38e+05
2014 12 10  0243   57001    9780    0        7.0      503.8     1.48e+05
2014 12 10  0244   57001    9840    0        5.9      493.8     1.12e+05
2014 12 10  0245   57001    9900    0        6.1      498.2     1.17e+05
2014 12 10  0246   57001    9960    0        5.6      468.1     6.96e+04
2014 12 10  0247   57001   10020    0        5.6      486.8     1.06e+05
2014 12 10  0248   57001   10080    0        5.0      489.8     1.65e+05
2014 12 10  0249   57001   10140    0        4.7      469.5     9.68e+04
2014 12 10  0250   57001   10200    0        4.4      477.2     1.31e+05
2014 12 10  0251   57001   10260    0        4.2      483.1     1.41e+05
2014 12 10  0252   57001   10320    0        5.8      477.7     9.63e+04
2014 12 10  0253   57001   10380    0        7.1      481.8     8.11e+04
2014 12 10  0254   57001   10440    0        7.1      497.4     1.09e+05
2014 12 10  0255   57001   10500    0        7.4      492.8     1.11e+05
2014 12 10  0256   57001   10560    0        7.7      468.8     7.32e+04
2014 12 10  0257   57001   10620    0        8.6      486.0     9.11e+04
2014 12 10  0258   57001   10680    0       14.8      500.8     8.86e+04
2014 12 10  0259   57001   10740    0       15.6      472.9     7.23e+04
2014 12 10  0300   57001   10800    0       14.6      487.4     8.42e+04
2014 12 10  0301   57001   10860    0       19.7      506.6     8.34e+04
2014 12 10  0302   57001   10920    0        6.4      466.6     7.82e+04
2014 12 10  0303   57001   10980    0        5.1      488.7     1.19e+05
2014 12 10  0304   57001   11040    0        5.3      504.5     1.52e+05
2014 12 10  0305   57001   11100    0        5.9      468.9     9.64e+04
2014 12 10  0306   57001   11160    0        5.7      473.0     9.40e+04
2014 12 10  0307   57001   11220    0        5.4      478.5     9.94e+04
2014 12 10  0308   57001   11280    0        5.6      469.8     8.79e+04
2014 12 10  0309   57001   11340    0        5.6      472.1     8.94e+04
2014 12 10  0310   57001   11400    0        5.3      488.1     1.12e+05
2014 12 10  0311   57001   11460    0        5.1      493.9     1.21e+05
2014 12 10  0312   57001   11520    0        4.4      484.7     1.02e+05
2014 12 10  0313   57001   11580    0        9.8      539.8     4.64e+05
2014 12 10  0314   57001   11640    0        8.9      530.2     4.15e+05
2014 12 10  0315   57001   11700    0        3.6      468.6     9.31e+04
2014 12 10  0316   57001   11760    0        3.8      472.7     9.51e+04
2014 12 10  0317   57001   11820    0        3.0      463.6     6.92e+04
2014 12 10  0318   57001   11880    0        5.1      495.1     1.19e+05
2014 12 10  0319   57001   11940    0        5.6      499.3     1.42e+05
2014 12 10  0320   57001   12000    0        5.1      490.4     1.15e+05
2014 12 10  0321   57001   12060    0        5.0      495.0     1.23e+05
2014 12 10  0322   57001   12120    0        5.3      500.5     1.43e+05
2014 12 10  0323   57001   12180    0        5.0      487.8     1.13e+05
2014 12 10  0324   57001   12240    0        4.5      484.4     1.02e+05
2014 12 10  0325   57001   12300    0        4.0      492.3     1.20e+05
2014 12 10  0326   57001   12360    0        3.8      494.4     1.14e+05
2014 12 10  0327   57001   12420    0        6.6      491.5     8.33e+04
2014 12 10  0328   57001   12480    0       11.9      484.0     5.61e+04
2014 12 10  0329   57001   12540    0       12.5      477.9     5.25e+04
2014 12 10  0330   57001   12600    0       12.2      501.2     1.02e+05
2014 12 10  0331   57001   12660    1        4.6      522.0     3.25e+05
2014 12 10  0332   57001   12720    0        3.7      479.5     9.12e+04
2014 12 10  0333   57001   12780    0        3.6      499.8     1.21e+05
2014 12 10  0334   57001   12840    0        4.0      497.0     9.10e+04
2014 12 10  0335   57001   12900    0        4.1      503.7     1.00e+05
2014 12 10  0336   57001   12960    0        4.2      515.4     1.52e+05
2014 12 10  0337   57001   13020    0        5.3      522.3     1.57e+05
2014 12 10  0338   57001   13080    0        5.4      490.8     9.76e+04
2014 12 10  0339   57001   13140    0        4.9      491.5     1.13e+05
2014 12 10  0340   57001   13200    0        4.3      511.0     1.51e+05
2014 12 10  0341   57001   13260    0        3.9      505.7     1.48e+05
2014 12 10  0342   57001   13320    0        4.1      497.0     1.59e+05
2014 12 10  0343   57001   13380    0        4.7      507.6     2.13e+05
2014 12 10  0344   57001   13440    0        5.2      500.2     2.01e+05
2014 12 10  0345   57001   13500    0        4.5      465.5     8.05e+04
2014 12 10  0346   57001   13560    1        1.8      448.7     6.11e+04
2014 12 10  0347   57001   13620    1        2.0      449.0     6.18e+04
2014 12 10  0348   57001   13680    0        4.2      453.2     7.07e+04
2014 12 10  0349   57001   13740    0        4.1      474.8     1.21e+05
2014 12 10  0350   57001   13800    1        5.1      504.8     2.85e+05
2014 12 10  0351   57001   13860    1        4.1      476.9     1.38e+05
2014 12 10  0352   57001   13920    1        4.3      491.8     1.83e+05
2014 12 10  0353   57001   13980    1        4.2      497.5     2.49e+05
2014 12 10  0354   57001   14040    0        3.7      478.4     1.74e+05
2014 12 10  0355   57001   14100    1        3.5      477.9     1.50e+05
2014 12 10  0356   57001   14160    1        3.6      493.1     1.97e+05
2014 12 10  0357   57001   14220    1        3.8      502.4     2.37e+05
2014 12 10  0358   57001   14280    1        4.0      508.4     2.73e+05
2014 12 10  0359   57001   14340    1        4.6      507.5     2.53e+05
2014 12 10  0400   57001   14400    0        5.4      496.9     1.58e+05
2014 12 10  0401   57001   14460    0        6.0      509.6     2.00e+05
2014 12 10  0402   57001   14520    0        6.5      514.4     2.17e+05
2014 12 10  0403   57001   14580    0        4.8      487.1     1.23e+05
2014 12 10  0404   57001   14640    0        5.1      490.2     1.34e+05
2014 12 10  0405   57001   14700    0        4.9      498.1     1.54e+05
2014 12 10  0406   57001   14760    0        4.8      488.1     1.09e+05
2014 12 10  0407   57001   14820    0        4.9      502.2     1.36e+05
2014 12 10  0408   57001   14880    0        5.7      512.9     1.61e+05
2014 12 10  0409   57001   14940    0        4.8      501.1     1.44e+05
2014 12 10  0410   57001   15000    0        5.8      496.3     1.80e+05
2014 12 10  0411   57001   15060    0        5.2      478.7     1.23e+05
2014 12 10  0412   57001   15120    0        4.7      469.6     8.24e+04
2014 12 10  0413   57001   15180    0        4.9      476.2     9.12e+04
2014 12 10  0414   57001   15240    0        4.6      464.6     7.13e+04
2014 12 10  0415   57001   15300    0        4.7      447.3     5.23e+04
2014 12 10  0416   57001   15360    0        5.3      460.1     6.99e+04
2014 12 10  0417   57001   15420    0        5.5      449.0     6.68e+04
2014 12 10  0418   57001   15480    0        5.6      424.8     4.61e+04
2014 12 10  0419   57001   15540    1        2.1      452.5     4.91e+04
2014 12 10  0420   57001   15600    1        2.1      452.5     4.91e+04
2014 12 10  0421   57001   15660    0        5.1      448.4     6.53e+04
2014 12 10  0422   57001   15720    0        5.0      469.6     1.00e+05
2014 12 10  0423   57001   15780    0        4.6      478.4     1.04e+05
2014 12 10  0424   57001   15840    0        4.7      451.9     6.83e+04
2014 12 10  0425   57001   15900    0        5.2      468.6     9.71e+04
2014 12 10  0426   57001   15960    0        5.6      486.2     1.27e+05
2014 12 10  0427   57001   16020    0        5.7      470.3     9.73e+04
2014 12 10  0428   57001   16080    0        5.0      462.9     7.93e+04
2014 12 10  0429   57001   16140    0        4.4      466.6     8.08e+04
2014 12 10  0430   57001   16200    0        4.5      454.4     6.92e+04
2014 12 10  0431   57001   16260    0        4.6      452.7     7.49e+04
2014 12 10  0432   57001   16320    0        4.5      483.6     1.15e+05
2014 12 10  0433   57001   16380    0        4.7      491.0     1.35e+05
2014 12 10  0434   57001   16440    0        4.4      483.3     1.04e+05
2014 12 10  0435   57001   16500    0        4.7      494.4     1.48e+05
2014 12 10  0436   57001   16560    0        4.8      498.3     1.70e+05
2014 12 10  0437   57001   16620    0        4.5      484.3     1.24e+05
2014 12 10  0438   57001   16680    0        5.0      481.4     1.56e+05
2014 12 10  0439   57001   16740    0        4.4      471.4     1.08e+05
2014 12 10  0440   57001   16800    0        4.2      461.4     7.40e+04
2014 12 10  0441   57001   16860    0        6.3      482.4     1.29e+05
2014 12 10  0442   57001   16920    0        6.6      482.9     1.21e+05
2014 12 10  0443   57001   16980    0       11.5      486.2     9.10e+04
2014 12 10  0444   57001   17040    0       16.5      499.5     8.48e+04
2014 12 10  0445   57001   17100    0       15.7      499.3     8.83e+04
2014 12 10  0446   57001   17160    0       10.3      487.6     8.98e+04
2014 12 10  0447   57001   17220    0        5.6      487.9     1.27e+05
2014 12 10  0448   57001   17280    0        5.0      496.0     1.76e+05
2014 12 10  0449   57001   17340    0        5.2      492.2     1.12e+05
2014 12 10  0450   57001   17400    0        5.5      498.9     1.29e+05
2014 12 10  0451   57001   17460    0        7.0      517.6     1.97e+05
2014 12 10  0452   57001   17520    9    -9999.9    -9999.9    -1.00e+05
2014 12 10  0453   57001   17580    0        3.1      485.9     1.21e+05
2014 12 10  0454   57001   17640    0        5.5      485.8     9.09e+04
2014 12 10  0455   57001   17700    0       16.3      513.5     8.96e+04
2014 12 10  0456   57001   17760    0       20.7      521.1     9.18e+04
2014 12 10  0457   57001   17820    0        9.3      485.9     8.79e+04
2014 12 10  0458   57001   17880    0        4.9      489.6     1.24e+05
2014 12 10  0459   57001   17940    0        5.3      497.9     1.40e+05
2014 12 10  0500   57001   18000    0        5.8      475.6     9.95e+04
2014 12 10  0501   57001   18060    0        5.8      464.0     7.32e+04
2014 12 10  0502   57001   18120    0        5.6      483.2     1.04e+05
2014 12 10  0503   57001   18180    0        5.5      489.6     1.18e+05
2014 12 10  0504   57001   18240    0        5.1      477.1     8.78e+04
2014 12 10  0505   57001   18300    0        4.9      496.2     1.16e+05
2014 12 10  0506   57001   18360    1        5.2      512.1     1.54e+05
2014 12 10  0507   57001   18420    0        4.6      481.2     9.16e+04
2014 12 10  0508   57001   18480    1        4.7      509.5     1.32e+05
2014 12 10  0509   57001   18540    0        4.7      517.1     1.40e+05
2014 12 10  0510   57001   18600    0        4.8      480.9     8.47e+04
2014 12 10  0511   57001   18660    0        4.6      494.6     1.04e+05
2014 12 10  0512   57001   18720    0        4.9      508.3     1.37e+05
2014 12 10  0513   57001   18780    0        4.7      482.9     1.01e+05
2014 12 10  0514   57001   18840    0        4.5      484.6     9.92e+04
2014 12 10  0515   57001   18900    0        4.4      494.6     1.18e+05
2014 12 10  0516   57001   18960    0        4.2      484.9     1.09e+05
2014 12 10  0517   57001   19020    0        4.0      476.7     9.67e+04
2014 12 10  0518   57001   19080    1        3.9      482.2     1.02e+05
2014 12 10  0519   57001   19140    1        3.6      487.1     1.08e+05
2014 12 10  0520   57001   19200    0        3.2      495.7     1.51e+05
2014 12 10  0521   57001   19260    0        3.5      516.1     2.53e+05
2014 12 10  0522   57001   19320    0        3.8      526.4     2.20e+05
2014 12 10  0523   57001   19380    1        3.9      500.2     1.20e+05
2014 12 10  0524   57001   19440    0        4.3      524.9     1.85e+05
2014 12 10  0525   57001   19500    9    -9999.9    -9999.9    -1.00e+05
2014 12 10  0526   57001   19560    0        4.1      481.2     9.42e+04
2014 12 10  0527   57001   19620    0        4.7      511.5     1.77e+05
2014 12 10  0528   57001   19680    0        4.6      512.9     1.75e+05
2014 12 10  0529   57001   19740    0        4.6      515.7     1.93e+05
2014 12 10  0530   57001   19800    0        4.8      519.1     2.09e+05
2014 12 10  0531   57001   19860    0        4.8      512.6     1.75e+05
2014 12 10  0532   57001   19920    0        4.4      504.8     1.59e+05
2014 12 10  0533   57001   19980    0        4.5      507.6     1.77e+05
2014 12 10  0534   57001   20040    0        4.5      509.7     1.78e+05
2014 12 10  0535   57001   20100    1        4.0      500.4     1.54e+05
2014 12 10  0536   57001   20160    1        3.9      489.4     1.32e+05
2014 12 10  0537   57001   20220    1        4.0      483.0     1.17e+05
2014 12 10  0538   57001   20280    1        4.1      507.9     1.69e+05
2014 12 10  0539   57001   20340    0        5.2      530.9     2.23e+05
2014 12 10  0540   57001   20400    0        4.2      498.1     1.04e+05
2014 12 10  0541   57001   20460    0        4.8      526.7     1.86e+05
2014 12 10  0542   57001   20520    0        6.5      541.0     2.24e+05
2014 12 10  0543   57001   20580    0        5.5      502.0     1.18e+05
2014 12 10  0544   57001   20640    0       13.0      511.7     9.67e+04
2014 12 10  0545   57001   20700    0       16.8      529.6     1.01e+05
2014 12 10  0546   57001   20760    0       13.6      498.7     9.27e+04
2014 12 10  0547   57001   20820    0       13.8      492.9     8.17e+04
2014 12 10  0548   57001   20880    0        8.3      511.8     1.40e+05
2014 12 10  0549   57001   20940    0        2.3      507.8     1.61e+05
2014 12 10  0550   57001   21000    0        2.5      503.2     1.52e+05
2014 12 10  0551   57001   21060    0        3.0      525.4     2.31e+05
2014 12 10  0552   57001   21120    0        3.5      525.4     2.50e+05
2014 12 10  0553   57001   21180    0        3.4      494.3     1.19e+05
2014 12 10  0554   57001   21240    0        3.3      512.7     1.49e+05
2014 12 10  0555   57001   21300    0        3.3      525.1     1.95e+05
2014 12 10  0556   57001   21360    0        2.8      511.8     1.28e+05
2014 12 10  0557   57001   21420    0        3.5      535.9     2.28e+05
2014 12 10  0558   57001   21480    0        3.5      535.9     2.28e+05
2014 12 10  0559   57001   21540    0        4.7      459.0     6.00e+04
2014 12 10  0600   57001   21600    0       10.2      514.9     1.54e+05
2014 12 10  0601   57001   21660    0       11.4      541.7     1.99e+05
2014 12 10  0602   57001   21720    0       11.1      526.7     1.77e+05
2014 12 10  0603   57001   21780    0       11.2      534.8     1.89e+05
2014 12 10  0604   57001   21840    1        5.6      494.4     1.29e+05
2014 12 10  0605   57001   21900    1        0.5      446.2     6.38e+04
2014 12 10  0606   57001   21960    1        0.7      449.8     6.79e+04
2014 12 10  0607   57001   22020    1        1.7      467.3     7.34e+04
2014 12 10  0608   57001   22080    1        3.0      484.8     8.58e+04
2014 12 10  0609   57001   22140    1        4.4      501.9     1.07e+05
2014 12 10  0610   57001   22200    0       10.1      553.6     1.43e+05
2014 12 10  0611   57001   22260    0       10.0      549.1     1.40e+05
2014 12 10  0612   57001   22320    0       10.4      564.1     1.64e+05
2014 12 10  0613   57001   22380    1        1.7      470.0     6.22e+04
2014 12 10  0614   57001   22440    1        3.4      487.4     8.86e+04
2014 12 10  0615   57001   22500    1        3.9      499.6     1.31e+05
2014 12 10  0616   57001   22560    1        4.6      511.5     1.58e+05
2014 12 10  0617   57001   22620    1        3.3      491.5     1.18e+05
2014 12 10  0618   57001   22680    1        2.6      480.9     9.18e+04
2014 12 10  0619   57001   22740    1        2.6      471.7     7.05e+04
2014 12 10  0620   57001   22800    1        2.9      484.8     9.65e+04
2014 12 10  0621   57001   22860    1        6.1      529.6     1.40e+05
2014 12 10  0622   57001   22920    0        6.9      530.3     1.23e+05
2014 12 10  0623   57001   22980    1        3.1      488.6     9.44e+04
2014 12 10  0624   57001   23040    1        3.4      499.9     1.29e+05
2014 12 10  0625   57001   23100    1        3.4      486.6     1.10e+05
2014 12 10  0626   57001   23160    1        3.6      453.0     4.75e+04
2014 12 10  0627   57001   23220    1        3.2      463.6     5.49e+04
2014 12 10  0628   57001   23280    1        2.9      479.2     7.91e+04
2014 12 10  0629   57001   23340    1        3.5      433.0     3.85e+04
2014 12 10  0630   57001   23400    0        9.8      508.7     9.18e+04
2014 12 10  0631   57001   23460    0       10.2      514.1     9.56e+04
2014 12 10  0632   57001   23520    0        3.3      519.1     2.17e+05
2014 12 10  0633   57001   23580    0        3.4      514.8     1.89e+05
2014 12 10  0634   57001   23640    0        3.4      518.3     1.81e+05
2014 12 10  0635   57001   23700    0        3.5      489.6     1.22e+05
2014 12 10  0636   57001   23760    0        3.8      465.6     7.43e+04
2014 12 10  0637   57001   23820    0        3.6      476.6     7.89e+04
2014 12 10  0638   57001   23880    0        3.6      480.6     8.23e+04
2014 12 10  0639   57001   23940    0        3.7      473.8     7.67e+04
2014 12 10  0640   57001   24000    0        3.1      497.8     9.78e+04
2014 12 10  0641   57001   24060    0        3.1      499.0     1.02e+05
2014 12 10  0642   57001   24120    0        3.2      486.5     8.59e+04
2014 12 10  0643   57001   24180    0        2.6      506.8     1.26e+05
2014 12 10  0644   57001   24240    0        2.7      522.7     1.46e+05
2014 12 10  0645   57001   24300    0        2.6      493.2     1.07e+05
2014 12 10  0646   57001   24360    0        3.0      509.5     1.25e+05
2014 12 10  0647   57001   24420    0        3.1      516.6     1.42e+05
2014 12 10  0648   57001   24480    0        3.1      511.7     1.33e+05
2014 12 10  0649   57001   24540    0        3.1      516.5     1.65e+05
2014 12 10  0650   57001   24600    0        3.0      515.9     1.64e+05
2014 12 10  0651   57001   24660    0        3.0      517.6     1.66e+05
2014 12 10  0652   57001   24720    0        3.2      519.2     1.70e+05
2014 12 10  0653   57001   24780    0        3.1      507.4     1.42e+05
2014 12 10  0654   57001   24840    0        2.9      496.2     1.15e+05
2014 12 10  0655   57001   24900    0        3.1      508.6     1.43e+05
2014 12 10  0656   57001   24960    0        3.3      523.4     1.74e+05
2014 12 10  0657   57001   25020    0        3.2      515.4     1.51e+05
2014 12 10  0658   57001   25080    0        3.5      528.0     1.89e+05
2014 12 10  0659   57001   25140    0        3.6      532.7     1.96e+05
2014 12 10  0700   57001   25200    0        2.7      517.5     1.24e+05
2014 12 10  0701   57001   25260    0        3.8      530.8     2.17e+05
2014 12 10  0702   57001   25320    0        3.3      505.9     1.17e+05
2014 12 10  0703   57001   25380    0        3.7      525.5     1.61e+05
2014 12 10  0704   57001   25440    0        3.8      528.7     1.69e+05
2014 12 10  0705   57001   25500    0        5.4      541.9     1.88e+05
2014 12 10  0706   57001   25560    0        3.3      518.8     1.19e+05
2014 12 10  0707   57001   25620    0        2.0      505.2     7.61e+04
2014 12 10  0708   57001   25680    0        1.9      488.6     5.09e+04
2014 12 10  0709   57001   25740    0        2.1      486.0     4.91e+04
2014 12 10  0710   57001   25800    0        2.4      498.7     7.96e+04
2014 12 10  0711   57001   25860    0        3.0      489.3     8.27e+04
2014 12 10  0712   57001   25920    0        3.6      476.7     5.87e+04
2014 12 10  0713   57001   25980    0        3.3      501.5     8.91e+04
2014 12 10  0714   57001   26040    0        3.5      508.5     1.01e+05
2014 12 10  0715   57001   26100    0        3.3      472.2     5.78e+04
2014 12 10  0716   57001   26160    1        3.1      488.1     7.36e+04
2014 12 10  0717   57001   26220    1        2.9      495.4     8.18e+04
2014 12 10  0718   57001   26280    0        3.2      480.5     6.78e+04
2014 12 10  0719   57001   26340    0        3.0      496.1     8.75e+04
2014 12 10  0720   57001   26400    0        3.0      512.5     1.09e+05
2014 12 10  0721   57001   26460    0        3.2      487.3     8.06e+04
2014 12 10  0722   57001   26520    0        3.1      489.5     7.72e+04
2014 12 10  0723   57001   26580    0        3.2      513.7     1.09e+05
2014 12 10  0724   57001   26640    0        3.0      512.8     1.10e+05
2014 12 10  0725   57001   26700    0        2.9      515.6     1.15e+05
2014 12 10  0726   57001   26760    0        3.0      524.3     1.34e+05
2014 12 10  0727   57001   26820    0        3.1      500.4     1.02e+05
2014 12 10  0728   57001   26880    0        3.4      483.1     6.99e+04
2014 12 10  0729   57001   26940    0        3.3      508.2     1.03e+05
2014 12 10  0730   57001   27000    0        3.5      515.9     1.21e+05
2014 12 10  0731   57001   27060    1        3.2      483.7     7.78e+04
2014 12 10  0732   57001   27120    0        3.2      510.6     1.28e+05
2014 12 10  0733   57001   27180    0        3.1      505.1     1.08e+05
2014 12 10  0734   57001   27240    0        3.1      483.5     7.23e+04
2014 12 10  0735   57001   27300    1        3.1      497.3     8.46e+04
2014 12 10  0736   57001   27360    1        3.0      509.8     1.02e+05
2014 12 10  0737   57001   27420    1        3.0      512.3     1.05e+05
2014 12 10  0738   57001   27480    0        5.7      549.9     2.87e+05
2014 12 10  0739   57001   27540    0        2.9      507.6     1.50e+05
2014 12 10  0740   57001   27600    0        1.0      481.7     6.32e+04
2014 12 10  0741   57001   27660    0        1.4      488.6     6.87e+04
2014 12 10  0742   57001   27720    0        1.4      487.7     6.24e+04
2014 12 10  0743   57001   27780    0        1.3      487.3     6.17e+04
2014 12 10  0744   57001   27840    0        2.6      504.5     7.91e+04
2014 12 10  0745   57001   27900    0        3.1      506.8     7.58e+04
2014 12 10  0746   57001   27960    0        3.7      524.0     1.16e+05
2014 12 10  0747   57001   28020    0        3.9      524.8     1.18e+05
2014 12 10  0748   57001   28080    0        3.3      490.1     7.59e+04
2014 12 10  0749   57001   28140    0        3.6      529.3     1.51e+05
2014 12 10  0750   57001   28200    0        3.5      517.7     1.27e+05
2014 12 10  0751   57001   28260    0        3.3      474.5     6.22e+04
2014 12 10  0752   57001   28320    0        3.3      521.1     1.56e+05
2014 12 10  0753   57001   28380    0        3.2      506.9     1.16e+05
2014 12 10  0754   57001   28440    0        3.2      482.5     7.40e+04
2014 12 10  0755   57001   28500    0        3.2      503.6     1.08e+05
2014 12 10  0756   57001   28560    0        3.3      521.2     1.38e+05
2014 12 10  0757   57001   28620    0        3.4      488.7     9.70e+04
2014 12 10  0758   57001   28680    0        3.4      479.9     7.96e+04
2014 12 10  0759   57001   28740    0        3.2      520.5     1.29e+05
2014 12 10  0800   57001   28800    0        3.5      504.2     1.14e+05
2014 12 10  0801   57001   28860    0        3.5      472.6     6.82e+04
2014 12 10  0802   57001   28920    0        3.2      520.8     1.19e+05
2014 12 10  0803   57001   28980    0        3.3      518.4     1.14e+05
2014 12 10  0804   57001   29040    0        3.6      471.1     6.64e+04
2014 12 10  0805   57001   29100    0        3.3      523.1     1.26e+05
2014 12 10  0806   57001   29160    0        3.5      520.5     1.28e+05
2014 12 10  0807   57001   29220    0        3.3      477.6     7.66e+04
2014 12 10  0808   57001   29280    0        3.3      509.5     1.11e+05
2014 12 10  0809   57001   29340    0        3.5      517.9     1.26e+05
2014 12 10  0810   57001   29400    0        3.6      517.5     1.28e+05
2014 12 10  0811   57001   29460    0        6.0      540.2     2.94e+05
2014 12 10  0812   57001   29520    0        3.3      501.3     1.76e+05
2014 12 10  0813   57001   29580    0        4.4      460.2     5.67e+04
2014 12 10  0814   57001   29640    0        6.2      478.7     7.06e+04
2014 12 10  0815   57001   29700    0        3.0      509.7     1.11e+05
2014 12 10  0816   57001   29760    0        2.9      495.9     9.84e+04
2014 12 10  0817   57001   29820    0        2.9      507.5     1.25e+05
2014 12 10  0818   57001   29880    0        2.7      510.3     1.41e+05
2014 12 10  0819   57001   29940    0        2.6      492.6     9.09e+04
2014 12 10  0820   57001   30000    0        2.7      501.4     1.10e+05
2014 12 10  0821   57001   30060    0        3.0      512.9     1.39e+05
2014 12 10  0822   57001   30120    0        2.9      476.8     5.60e+04
2014 12 10  0823   57001   30180    0        3.0      511.2     1.22e+05
2014 12 10  0824   57001   30240    0        3.7      517.1     1.53e+05
2014 12 10  0825   57001   30300    0        2.6      489.0     8.72e+04
2014 12 10  0826   57001   30360    0        2.7      472.0     5.37e+04
2014 12 10  0827   57001   30420    0        3.1      495.7     1.02e+05
2014 12 10  0828   57001   30480    0        3.1      507.1     1.21e+05
2014 12 10  0829   57001   30540    0        3.1      501.7     1.12e+05
2014 12 10  0830   57001   30600    0        3.4      504.3     1.38e+05
2014 12 10  0831   57001   30660    0        5.6      501.4     1.28e+05
2014 12 10  0832   57001   30720    0        7.6      492.2     5.88e+04
2014 12 10  0833   57001   30780    0        3.3      494.1     9.89e+04
2014 12 10  0834   57001   30840    0        4.3      479.9     6.58e+04
2014 12 10  0835   57001   30900    0       12.0      525.4     8.74e+04
2014 12 10  0836   57001   30960    0        3.2      500.9     1.02e+05
2014 12 10  0837   57001   31020    0        3.1      451.0     3.27e+04
2014 12 10  0838   57001   31080    0        3.3      518.0     1.49e+05
2014 12 10  0839   57001   31140    0        3.3      509.6     1.35e+05
2014 12 10  0840   57001   31200    0        3.4      469.6     5.99e+04
2014 12 10  0841   57001   31260    0        3.3      502.5     1.38e+05
2014 12 10  0842   57001   31320    0        9.6      508.8     9.35e+04
2014 12 10  0843   57001   31380    0       12.8      504.2     5.34e+04
2014 12 10  0844   57001   31440    0        5.6      530.7     2.42e+05
2014 12 10  0845   57001   31500    0        4.0      508.0     1.55e+05
2014 12 10  0846   57001   31560    0        1.9      474.0     4.54e+04
2014 12 10  0847   57001   31620    0        2.2      476.9     7.31e+04
2014 12 10  0848   57001   31680    0        3.4      502.2     1.37e+05
2014 12 10  0849   57001   31740    0        3.2      486.3     8.06e+04
2014 12 10  0850   57001   31800    0        3.5      480.0     9.01e+04
2014 12 10  0851   57001   31860    0        3.5      512.1     1.38e+05
2014 12 10  0852   57001   31920    0        3.0      508.8     1.31e+05
2014 12 10  0853   57001   31980    0        3.5      455.7     4.20e+04
2014 12 10  0854   57001   32040    0        3.3      509.7     1.16e+05
2014 12 10  0855   57001   32100    0        3.0      501.7     1.05e+05
2014 12 10  0856   57001   32160    0        3.1      483.1     8.13e+04
2014 12 10  0857   57001   32220    0        3.9      491.9     7.78e+04
2014 12 10  0858   57001   32280    0        3.2      495.4     8.28e+04
2014 12 10  0859   57001   32340    0        2.7      493.6     9.10e+04
2014 12 10  0900   57001   32400    0        3.4      495.3     8.58e+04
2014 12 10  0901   57001   32460    0        3.6      497.9     7.95e+04
2014 12 10  0902   57001   32520    0        3.5      498.1     8.18e+04
2014 12 10  0903   57001   32580    0        3.8      498.6     7.79e+04
2014 12 10  0904   57001   32640    0        3.5      498.4     7.47e+04
2014 12 10  0905   57001   32700    0        2.9      493.1     8.98e+04
2014 12 10  0906   57001   32760    0        3.0      494.0     8.41e+04
2014 12 10  0907   57001   32820    0        3.1      497.3     8.58e+04
2014 12 10  0908   57001   32880    0        4.2      498.3     7.41e+04
2014 12 10  0909   57001   32940    0        2.7      494.7     8.67e+04
2014 12 10  0910   57001   33000    0        2.8      496.6     7.35e+04
2014 12 10  0911   57001   33060    0        3.6      497.8     6.84e+04
2014 12 10  0912   57001   33120    0        3.1      494.5     7.70e+04
2014 12 10  0913   57001   33180    0        2.8      493.1     8.16e+04
2014 12 10  0914   57001   33240    0        2.6      491.0     9.70e+04
2014 12 10  0915   57001   33300    0        2.6      489.8     9.84e+04
2014 12 10  0916   57001   33360    0        2.5      489.7     9.46e+04
2014 12 10  0917   57001   33420    0        2.6      487.6     9.57e+04
2014 12 10  0918   57001   33480    0        2.6      487.7     9.53e+04
2014 12 10  0919   57001   33540    0        2.6      488.3     9.07e+04
2014 12 10  0920   57001   33600    0        2.8      489.0     8.28e+04
2014 12 10  0921   57001   33660    0        2.7      486.6     9.38e+04
2014 12 10  0922   57001   33720    0        2.7      486.6     9.45e+04
2014 12 10  0923   57001   33780    0        3.0      486.9     1.04e+05
2014 12 10  0924   57001   33840    0        7.3      494.1     1.73e+05
2014 12 10  0925   57001   33900    0        3.8      487.3     7.62e+04
2014 12 10  0926   57001   33960    0        4.1      490.0     6.42e+04
2014 12 10  0927   57001   34020    0        4.3      492.1     6.72e+04
2014 12 10  0928   57001   34080    0        4.6      491.4     6.48e+04
2014 12 10  0929   57001   34140    0        4.4      488.9     6.25e+04
2014 12 10  0930   57001   34200    0        4.6      490.4     5.85e+04
2014 12 10  0931   57001   34260    0        4.5      491.4     5.74e+04
2014 12 10  0932   57001   34320    0        4.4      490.3     5.68e+04
2014 12 10  0933   57001   34380    0        4.4      490.1     5.79e+04
2014 12 10  0934   57001   34440    0        4.5      489.1     6.87e+04
2014 12 10  0935   57001   34500    0        5.0      483.9     8.28e+04
2014 12 10  0936   57001   34560    0        5.7      479.3     8.40e+04
2014 12 10  0937   57001   34620    0        5.7      480.5     8.38e+04
2014 12 10  0938   57001   34680    0        5.3      481.3     9.08e+04
2014 12 10  0939   57001   34740    0        6.2      481.5     7.98e+04
2014 12 10  0940   57001   34800    0        5.7      480.4     7.91e+04
2014 12 10  0941   57001   34860    0        5.0      481.8     8.64e+04
2014 12 10  0942   57001   34920    0        5.4      481.8     8.08e+04
2014 12 10  0943   57001   34980    0        5.1      484.4     8.28e+04
2014 12 10  0944   57001   35040    0        4.8      485.3     7.95e+04
2014 12 10  0945   57001   35100    0        4.4      478.9     8.57e+04
2014 12 10  0946   57001   35160    0        4.3      482.8     8.40e+04
2014 12 10  0947   57001   35220    0        4.6      487.5     8.12e+04
2014 12 10  0948   57001   35280    3    -9999.9    -9999.9    -1.00e+05
2014 12 10  0949   57001   35340    3    -9999.9    -9999.9    -1.00e+05
2014 12 10  0950   57001   35400    0        4.3      488.8     7.70e+04
2014 12 10  0951   57001   35460    0        4.3      488.5     7.84e+04
2014 12 10  0952   57001   35520    0        4.3      487.5     8.21e+04
2014 12 10  0953   57001   35580    0        4.3      485.3     8.57e+04
2014 12 10  0954   57001   35640    0        4.6      482.3     8.80e+04
2014 12 10  0955   57001   35700    0        4.6      485.5     8.01e+04
2014 12 10  0956   57001   35760    0        4.7      481.8     7.41e+04
2014 12 10  0957   57001   35820    0        4.8      482.2     8.72e+04
2014 12 10  0958   57001   35880    0        5.0      482.3     7.86e+04
2014 12 10  0959   57001   35940    0        4.9      477.9     7.98e+04
