:Data_list: 20140825_ace_mag_1m.txt
:Created: 2014 Aug 25 0901 UT
# Prepared by the U.S. Dept. of Commerce, NOAA, Space Weather Prediction Center
# Please send comments and suggestions to SWPC.Webmaster@noaa.gov 
# 
# Magnetometer values are in GSM coordinates.
# 
# Units: Bx, By, Bz, Bt in nT
# Units: Latitude  degrees +/-  90.0
# Units: Longitude degrees 0.0 - 360.0
# Status(S): 0 = nominal data, 1 to 8 = bad data record, 9 = no data
# Missing data values: -999.9
# Source: ACE Satellite - Magnetometer
#
#              1-minute averaged Real-time Interplanetary Magnetic Field Values 
# 
#                 Modified Seconds
# UT Date   Time  Julian   of the   ----------------  GSM Coordinates ---------------
# YR MO DA  HHMM    Day      Day    S     Bx      By      Bz      Bt     Lat.   Long.
#------------------------------------------------------------------------------------
2014 08 25  0000   56894       0    0     1.7     0.6     3.5     3.9    62.9    18.8
2014 08 25  0001   56894      60    0     1.7     0.9     3.3     3.8    59.9    28.5
2014 08 25  0002   56894     120    0     1.6     1.0     3.2     3.7    59.2    32.6
2014 08 25  0003   56894     180    0     1.5     1.1     3.1     3.6    59.3    37.1
2014 08 25  0004   56894     240    0     1.5     1.1     3.2     3.7    58.9    36.2
2014 08 25  0005   56894     300    0     1.5     1.0     3.2     3.7    60.9    33.9
2014 08 25  0006   56894     360    0     1.5     0.8     3.2     3.7    61.9    27.6
2014 08 25  0007   56894     420    0     1.5     0.6     3.4     3.7    63.7    21.8
2014 08 25  0008   56894     480    0     1.8     0.8     3.3     3.8    58.8    24.4
2014 08 25  0009   56894     540    0     1.8     0.9     3.2     3.8    57.9    28.0
2014 08 25  0010   56894     600    0     1.8     1.1     3.1     3.8    55.4    32.1
2014 08 25  0011   56894     660    0     1.9     1.4     3.3     4.1    54.6    35.5
2014 08 25  0012   56894     720    0     2.1     1.4     3.7     4.5    55.4    33.9
2014 08 25  0013   56894     780    0     1.9     1.3     3.4     4.1    56.2    33.3
2014 08 25  0014   56894     840    0     1.8     1.0     3.4     4.0    59.3    30.7
2014 08 25  0015   56894     900    0     1.9     1.1     3.9     4.5    60.9    28.9
2014 08 25  0016   56894     960    0     2.0     1.1     4.0     4.6    60.5    29.1
2014 08 25  0017   56894    1020    0     1.9     1.1     4.1     4.6    62.0    30.5
2014 08 25  0018   56894    1080    0     1.8     1.1     4.2     4.7    63.1    32.0
2014 08 25  0019   56894    1140    0     1.7     1.1     4.1     4.5    63.5    32.8
2014 08 25  0020   56894    1200    0     1.3     1.0     4.0     4.3    67.6    36.2
2014 08 25  0021   56894    1260    0     1.6     1.1     4.2     4.6    65.8    34.0
2014 08 25  0022   56894    1320    0     1.7     1.1     4.1     4.6    63.4    32.5
2014 08 25  0023   56894    1380    0     1.4     0.9     4.2     4.5    67.7    33.1
2014 08 25  0024   56894    1440    0     1.0     0.8     4.3     4.5    73.3    39.0
2014 08 25  0025   56894    1500    0     0.9     0.9     4.4     4.5    73.5    44.6
2014 08 25  0026   56894    1560    0     1.0     1.0     4.3     4.5    72.1    46.4
2014 08 25  0027   56894    1620    0     1.1     1.1     4.2     4.5    69.7    46.8
2014 08 25  0028   56894    1680    0     1.1     1.2     4.3     4.6    69.2    46.5
2014 08 25  0029   56894    1740    0     1.3     1.1     4.3     4.6    68.9    39.3
2014 08 25  0030   56894    1800    0     1.3     1.1     4.3     4.6    69.0    39.5
2014 08 25  0031   56894    1860    0     1.4     1.3     4.3     4.7    66.2    42.6
2014 08 25  0032   56894    1920    0     1.4     1.2     4.2     4.6    66.3    41.5
2014 08 25  0033   56894    1980    0     1.2     0.9     4.5     4.8    71.3    37.6
2014 08 25  0034   56894    2040    0     1.3     1.1     4.3     4.6    68.2    39.9
2014 08 25  0035   56894    2100    0     2.3     1.7     3.9     4.8    53.9    37.2
2014 08 25  0036   56894    2160    0     2.1     1.6     4.1     4.8    57.1    36.6
2014 08 25  0037   56894    2220    0     2.0     1.3     4.2     4.8    60.2    33.3
2014 08 25  0038   56894    2280    0     2.0     1.4     4.1     4.8    59.5    35.2
2014 08 25  0039   56894    2340    0     1.9     1.6     4.2     4.9    59.8    39.7
2014 08 25  0040   56894    2400    0     1.8     1.7     4.2     4.9    59.4    43.8
2014 08 25  0041   56894    2460    0     1.9     1.7     4.2     4.9    59.3    42.0
2014 08 25  0042   56894    2520    0     1.8     1.7     4.3     4.9    59.5    42.8
2014 08 25  0043   56894    2580    0     2.0     1.7     4.1     4.9    58.0    40.6
2014 08 25  0044   56894    2640    0     1.8     1.8     4.1     4.8    58.3    44.7
2014 08 25  0045   56894    2700    0     1.8     1.5     4.2     4.8    60.3    40.9
2014 08 25  0046   56894    2760    0     1.7     1.5     4.0     4.7    60.4    42.2
2014 08 25  0047   56894    2820    0     1.5     1.8     3.9     4.6    59.5    50.4
2014 08 25  0048   56894    2880    0     1.2     2.0     3.9     4.6    59.3    58.0
2014 08 25  0049   56894    2940    0     1.3     2.0     3.9     4.6    58.4    57.4
2014 08 25  0050   56894    3000    0     2.2     0.3     3.2     3.9    55.2     7.1
2014 08 25  0051   56894    3060    0     2.3    -0.2     3.0     3.8    52.6   356.2
2014 08 25  0052   56894    3120    0     2.2     0.2     3.1     3.8    54.5     4.3
2014 08 25  0053   56894    3180    0     2.2     0.3     3.0     3.7    54.2     7.6
2014 08 25  0054   56894    3240    0     2.2     0.2     2.9     3.6    52.9     5.2
2014 08 25  0055   56894    3300    0     2.1     0.1     2.9     3.6    53.7     3.0
2014 08 25  0056   56894    3360    0     2.0     0.2     2.9     3.5    54.8     6.0
2014 08 25  0057   56894    3420    0     2.1     0.3     2.9     3.6    53.7     7.3
2014 08 25  0058   56894    3480    0     2.0     0.4     2.8     3.5    54.3     9.9
2014 08 25  0059   56894    3540    0     2.0     0.2     2.9     3.5    55.4     6.8
2014 08 25  0100   56894    3600    0     1.9     0.3     3.0     3.5    57.1     8.8
2014 08 25  0101   56894    3660    0     1.9     0.4     2.9     3.5    55.9    11.8
2014 08 25  0102   56894    3720    0     2.0     0.4     2.9     3.6    55.8    12.2
2014 08 25  0103   56894    3780    0     2.1     0.5     3.4     4.0    57.7    12.4
2014 08 25  0104   56894    3840    0     2.1     0.5     3.4     4.0    57.5    14.7
2014 08 25  0105   56894    3900    0     1.8    -0.1     3.5     3.9    62.8   357.5
2014 08 25  0106   56894    3960    0     1.4     0.2     2.9     3.2    64.9     6.8
2014 08 25  0107   56894    4020    0     2.2     0.8     3.7     4.4    57.2    21.1
2014 08 25  0108   56894    4080    0     2.2     0.8     3.5     4.2    56.8    20.0
2014 08 25  0109   56894    4140    0     2.0     0.9     3.2     3.9    55.7    23.2
2014 08 25  0110   56894    4200    0     2.0     0.7     3.2     3.8    56.1    20.2
2014 08 25  0111   56894    4260    0     2.3     0.8     3.4     4.2    54.7    19.7
2014 08 25  0112   56894    4320    0     1.8     1.1     3.4     4.0    58.0    33.0
2014 08 25  0113   56894    4380    0     2.2     0.8     3.5     4.2    56.0    21.0
2014 08 25  0114   56894    4440    0     2.2     0.7     3.7     4.3    58.3    18.8
2014 08 25  0115   56894    4500    0     2.2     0.8     3.7     4.4    57.0    19.2
2014 08 25  0116   56894    4560    0     2.3     0.8     3.7     4.4    56.6    19.3
2014 08 25  0117   56894    4620    0     2.3     0.8     3.7     4.4    56.7    18.3
2014 08 25  0118   56894    4680    0     2.3     0.7     3.6     4.4    55.6    17.6
2014 08 25  0119   56894    4740    0     2.2     0.5     3.6     4.3    58.2    12.2
2014 08 25  0120   56894    4800    0     2.3     0.7     3.7     4.4    57.4    18.1
2014 08 25  0121   56894    4860    0     2.1     0.6     3.8     4.4    60.3    17.2
2014 08 25  0122   56894    4920    0     2.0     0.8     3.8     4.4    60.6    21.1
2014 08 25  0123   56894    4980    0     1.9     0.8     3.8     4.4    61.7    22.5
2014 08 25  0124   56894    5040    0     1.8     0.7     3.7     4.2    62.4    20.9
2014 08 25  0125   56894    5100    0     1.8     0.5     3.6     4.0    61.9    14.6
2014 08 25  0126   56894    5160    0     1.9     0.3     3.5     3.9    61.2     8.1
2014 08 25  0127   56894    5220    0     1.7     0.9     3.6     4.1    61.4    28.7
2014 08 25  0128   56894    5280    0     1.6     1.5     3.9     4.4    61.0    42.9
2014 08 25  0129   56894    5340    0     1.7     1.4     3.8     4.4    59.9    40.3
2014 08 25  0130   56894    5400    0     1.6     1.5     3.7     4.3    59.5    41.6
2014 08 25  0131   56894    5460    0     1.8     1.4     3.7     4.3    58.7    38.8
2014 08 25  0132   56894    5520    0     1.8     1.3     3.6     4.3    58.2    35.5
2014 08 25  0133   56894    5580    0     1.8     1.4     3.6     4.3    58.4    37.4
2014 08 25  0134   56894    5640    0     1.8     1.4     3.5     4.2    56.9    36.7
2014 08 25  0135   56894    5700    0     1.8     1.5     3.5     4.2    56.4    40.5
2014 08 25  0136   56894    5760    0     1.8     1.3     3.5     4.2    57.7    35.7
2014 08 25  0137   56894    5820    0     1.6     1.7     3.3     4.0    54.6    46.4
2014 08 25  0138   56894    5880    0     1.5     1.8     3.1     3.9    52.7    50.6
2014 08 25  0139   56894    5940    0     1.4     1.6     3.5     4.1    58.6    48.6
2014 08 25  0140   56894    6000    0     1.3     2.1     3.0     3.9    50.4    58.0
2014 08 25  0141   56894    6060    0     1.0     2.8     2.8     4.1    43.3    71.0
2014 08 25  0142   56894    6120    0     1.4     2.5     3.4     4.4    50.3    61.0
2014 08 25  0143   56894    6180    0     1.4     2.6     3.2     4.3    46.7    61.7
2014 08 25  0144   56894    6240    0     1.4     2.5     3.2     4.3    47.8    59.9
2014 08 25  0145   56894    6300    0     1.4     2.5     3.1     4.2    47.8    59.9
2014 08 25  0146   56894    6360    0     1.4     2.5     3.1     4.3    47.8    61.2
2014 08 25  0147   56894    6420    0     1.2     2.7     3.3     4.4    48.5    65.6
2014 08 25  0148   56894    6480    0     1.2     2.6     3.3     4.4    49.1    65.8
2014 08 25  0149   56894    6540    0     1.2     2.6     3.4     4.4    49.7    65.4
2014 08 25  0150   56894    6600    0     0.7     2.3     3.0     3.8    50.8    73.7
2014 08 25  0151   56894    6660    0     1.2     2.6     3.3     4.4    48.9    65.3
2014 08 25  0152   56894    6720    0     1.1     2.5     3.3     4.3    51.1    66.5
2014 08 25  0153   56894    6780    0     1.1     2.0     3.0     3.7    52.4    61.9
2014 08 25  0154   56894    6840    0     1.5     1.8     3.3     4.1    54.0    49.9
2014 08 25  0155   56894    6900    0     1.6     1.4     3.4     4.0    58.1    41.7
2014 08 25  0156   56894    6960    0     1.4     1.4     3.4     4.0    59.2    45.1
2014 08 25  0157   56894    7020    0     1.5     1.1     3.6     4.1    62.9    38.1
2014 08 25  0158   56894    7080    0     1.5     1.0     3.7     4.1    63.9    32.4
2014 08 25  0159   56894    7140    0     1.5     1.1     3.6     4.1    63.4    35.4
2014 08 25  0200   56894    7200    0     1.6     0.8     3.4     3.8    61.7    26.5
2014 08 25  0201   56894    7260    0     1.1     0.8     3.6     3.9    69.3    34.6
2014 08 25  0202   56894    7320    0     1.6     1.0     3.7     4.1    63.7    31.9
2014 08 25  0203   56894    7380    0     1.5     1.0     3.7     4.1    64.1    33.3
2014 08 25  0204   56894    7440    0     1.5     1.0     3.7     4.1    63.6    32.6
2014 08 25  0205   56894    7500    0     1.5     1.0     3.6     4.0    63.2    34.1
2014 08 25  0206   56894    7560    0     1.5     0.7     3.6     3.9    65.4    26.4
2014 08 25  0207   56894    7620    0     1.6     1.1     3.5     4.0    60.7    32.5
2014 08 25  0208   56894    7680    0     1.5     1.1     3.2     3.7    60.2    35.7
2014 08 25  0209   56894    7740    0     1.6     1.0     3.3     3.9    60.3    31.1
2014 08 25  0210   56894    7800    0     1.6     1.3     3.3     3.9    57.8    39.0
2014 08 25  0211   56894    7860    0     1.7     1.7     3.2     4.0    53.0    45.6
2014 08 25  0212   56894    7920    0     1.7     1.8     3.2     4.1    52.4    47.1
2014 08 25  0213   56894    7980    0     1.7     1.6     3.3     4.1    54.7    42.1
2014 08 25  0214   56894    8040    0     1.7     1.6     3.2     4.0    54.3    44.3
2014 08 25  0215   56894    8100    0     1.5     1.6     3.2     3.9    56.1    45.5
2014 08 25  0216   56894    8160    0     1.7     1.6     3.3     4.0    54.9    43.2
2014 08 25  0217   56894    8220    0     1.7     1.5     3.2     3.9    55.0    41.6
2014 08 25  0218   56894    8280    0     1.7     1.6     3.3     4.0    55.4    42.8
2014 08 25  0219   56894    8340    0     1.7     1.6     3.3     4.0    54.4    44.0
2014 08 25  0220   56894    8400    0     1.6     1.6     3.3     3.9    56.1    45.1
2014 08 25  0221   56894    8460    0     1.5     1.4     3.5     4.0    59.7    41.8
2014 08 25  0222   56894    8520    0     1.5     1.2     3.5     4.0    60.5    39.3
2014 08 25  0223   56894    8580    0     1.5     1.8     3.2     4.0    53.2    49.3
2014 08 25  0224   56894    8640    0     1.7     1.7     3.2     4.0    52.5    45.7
2014 08 25  0225   56894    8700    0     1.6     0.6     3.5     3.9    64.3    20.8
2014 08 25  0226   56894    8760    0     1.8     0.9     3.4     3.9    59.5    25.9
2014 08 25  0227   56894    8820    0     1.8     0.8     3.5     4.0    60.0    24.0
2014 08 25  0228   56894    8880    0     2.0     0.3     3.5     4.0    60.4     9.1
2014 08 25  0229   56894    8940    0     1.9     0.6     3.1     3.7    56.7    17.9
2014 08 25  0230   56894    9000    0     1.4     0.8     2.7     3.1    58.4    28.9
2014 08 25  0231   56894    9060    0     2.0     0.9     3.1     3.8    54.6    25.2
2014 08 25  0232   56894    9120    0     2.4    -0.6     3.2     4.0    52.3   345.3
2014 08 25  0233   56894    9180    0     2.2    -0.7     3.2     3.9    53.7   343.6
2014 08 25  0234   56894    9240    0     2.2    -0.9     3.2     3.9    53.2   338.0
2014 08 25  0235   56894    9300    0     2.3    -0.8     3.1     3.9    51.7   340.8
2014 08 25  0236   56894    9360    0     2.4    -0.1     3.2     4.1    53.0   357.0
2014 08 25  0237   56894    9420    0     2.3     0.4     3.3     4.1    54.6     9.8
2014 08 25  0238   56894    9480    0     2.5     0.1     3.4     4.3    53.6     2.7
2014 08 25  0239   56894    9540    0     2.7    -0.1     3.5     4.4    52.1   357.2
2014 08 25  0240   56894    9600    0     2.7    -0.2     3.5     4.4    52.5   356.4
2014 08 25  0241   56894    9660    0     2.6    -0.3     3.4     4.3    52.0   354.3
2014 08 25  0242   56894    9720    0     1.9    -0.9     3.2     3.8    56.7   333.3
2014 08 25  0243   56894    9780    0     2.4    -0.5     3.2     4.0    52.5   347.4
2014 08 25  0244   56894    9840    0     2.3    -0.7     2.8     3.7    49.2   342.9
2014 08 25  0245   56894    9900    0     2.2    -0.2     1.9     2.9    40.0   354.2
2014 08 25  0246   56894    9960    0     2.6    -1.1     2.5     3.8    41.1   337.3
2014 08 25  0247   56894   10020    0     2.3    -1.1     2.6     3.7    45.8   335.7
2014 08 25  0248   56894   10080    0     1.5    -1.1     2.3     2.9    51.7   324.2
2014 08 25  0249   56894   10140    0     2.1    -1.7     2.5     3.7    43.4   321.7
2014 08 25  0250   56894   10200    0     2.2    -1.6     2.5     3.7    43.5   323.7
2014 08 25  0251   56894   10260    0     2.1    -1.8     2.5     3.7    41.5   319.4
2014 08 25  0252   56894   10320    0     2.2    -1.2     2.8     3.7    47.8   330.8
2014 08 25  0253   56894   10380    0     2.3    -1.2     2.8     3.8    46.6   331.7
2014 08 25  0254   56894   10440    0     2.3    -1.2     2.8     3.8    47.0   331.9
2014 08 25  0255   56894   10500    0     2.3    -1.1     2.7     3.8    46.4   334.0
2014 08 25  0256   56894   10560    0     1.9    -1.2     2.8     3.6    51.5   328.9
2014 08 25  0257   56894   10620    0     2.3    -1.1     2.8     3.8    47.6   334.4
2014 08 25  0258   56894   10680    0     1.9    -0.8     2.6     3.4    51.2   336.6
2014 08 25  0259   56894   10740    0     2.3    -0.9     2.7     3.7    47.0   338.9
2014 08 25  0300   56894   10800    0     2.3    -0.9     2.7     3.7    48.2   338.3
2014 08 25  0301   56894   10860    0     1.5    -1.0     2.4     3.1    53.3   327.7
2014 08 25  0302   56894   10920    0     2.2    -0.8     2.8     3.6    49.5   339.2
2014 08 25  0303   56894   10980    0     2.2    -0.4     2.7     3.5    51.1   350.1
2014 08 25  0304   56894   11040    0     2.3    -1.0     2.7     3.7    47.7   337.1
2014 08 25  0305   56894   11100    0     2.3    -1.0     2.7     3.7    47.3   337.0
2014 08 25  0306   56894   11160    0     2.3    -0.9     2.7     3.7    47.9   339.1
2014 08 25  0307   56894   11220    0     2.3    -0.9     2.7     3.7    47.2   338.0
2014 08 25  0308   56894   11280    0     2.4    -0.3     2.8     3.7    49.6   351.7
2014 08 25  0309   56894   11340    0     1.6    -0.8     2.5     3.0    55.0   333.8
2014 08 25  0310   56894   11400    0     2.3    -0.4     2.7     3.6    49.8   349.4
2014 08 25  0311   56894   11460    0     2.4    -0.4     2.7     3.6    47.8   349.8
2014 08 25  0312   56894   11520    0     2.5    -0.3     2.6     3.6    46.5   354.2
2014 08 25  0313   56894   11580    0     2.4    -0.2     2.7     3.6    47.3   355.9
2014 08 25  0314   56894   11640    0     2.4    -0.2     2.5     3.5    46.2   354.3
2014 08 25  0315   56894   11700    0     2.4    -0.1     2.6     3.6    47.0   358.0
2014 08 25  0316   56894   11760    0     2.4    -0.0     2.6     3.5    48.2   359.0
2014 08 25  0317   56894   11820    0     2.1     0.9     3.1     3.9    53.3    23.3
2014 08 25  0318   56894   11880    0     2.3     1.0     3.2     4.0    51.7    22.5
2014 08 25  0319   56894   11940    0     2.1     1.3     3.0     3.9    50.7    31.2
2014 08 25  0320   56894   12000    0     2.0     1.4     3.1     4.0    50.9    35.4
2014 08 25  0321   56894   12060    0     2.0     1.3     3.0     3.8    51.8    33.6
2014 08 25  0322   56894   12120    0     2.1     1.7     3.0     4.0    48.5    38.8
2014 08 25  0323   56894   12180    0     2.1     1.9     2.7     3.9    44.6    42.7
2014 08 25  0324   56894   12240    0     1.9     2.2     2.5     3.8    41.1    48.8
2014 08 25  0325   56894   12300    0     1.8     1.8     2.8     3.8    47.8    45.1
2014 08 25  0326   56894   12360    0     1.8     1.9     2.8     3.9    47.1    47.3
2014 08 25  0327   56894   12420    0     1.9     1.6     2.9     3.8    49.9    40.4
2014 08 25  0328   56894   12480    0     1.8     1.8     2.9     3.8    48.6    45.5
2014 08 25  0329   56894   12540    0     1.8     1.9     2.8     3.8    47.2    46.5
2014 08 25  0330   56894   12600    0     1.4     2.4     2.5     3.8    41.8    60.7
2014 08 25  0331   56894   12660    0     1.4     2.5     2.4     3.7    40.6    61.3
2014 08 25  0332   56894   12720    0     1.6     2.6     2.2     3.7    35.5    59.1
2014 08 25  0333   56894   12780    0     1.3     2.6     2.0     3.6    34.3    63.2
2014 08 25  0334   56894   12840    0     1.7     2.4     2.2     3.7    36.8    55.0
2014 08 25  0335   56894   12900    0     1.6     2.7     2.1     3.8    33.7    59.7
2014 08 25  0336   56894   12960    0     1.5     3.0     2.0     3.9    30.4    64.2
2014 08 25  0337   56894   13020    0     1.5     2.9     2.0     3.9    31.5    62.4
2014 08 25  0338   56894   13080    0     1.4     3.0     2.0     3.9    31.3    65.8
2014 08 25  0339   56894   13140    0     1.2     3.1     1.9     3.9    29.7    68.6
2014 08 25  0340   56894   13200    0     1.1     3.2     1.8     3.9    28.6    70.5
2014 08 25  0341   56894   13260    0     1.3     3.0     1.9     3.7    29.9    67.1
2014 08 25  0342   56894   13320    0     1.2     3.1     1.9     3.8    29.4    68.6
2014 08 25  0343   56894   13380    0     1.2     3.2     1.9     3.9    29.1    68.9
2014 08 25  0344   56894   13440    0     1.3     3.0     2.0     3.8    30.8    67.6
2014 08 25  0345   56894   13500    0     1.4     2.8     2.0     3.7    32.2    63.2
2014 08 25  0346   56894   13560    0     1.2     3.0     2.0     3.8    32.2    67.4
2014 08 25  0347   56894   13620    0     1.3     2.9     1.9     3.7    30.9    66.7
2014 08 25  0348   56894   13680    0     1.3     2.9     1.8     3.7    29.6    65.3
2014 08 25  0349   56894   13740    0     2.0     2.1     2.1     3.6    35.7    47.1
2014 08 25  0350   56894   13800    0     2.6     1.3     2.2     3.6    37.6    27.5
2014 08 25  0351   56894   13860    0     2.6     1.2     2.3     3.7    38.8    24.5
2014 08 25  0352   56894   13920    0     2.7     1.0     2.2     3.7    37.7    19.3
2014 08 25  0353   56894   13980    0     2.5     1.0     2.4     3.6    41.2    20.5
2014 08 25  0354   56894   14040    0     2.6     0.9     2.3     3.6    40.6    19.7
2014 08 25  0355   56894   14100    0     2.5     1.2     2.2     3.5    37.6    24.9
2014 08 25  0356   56894   14160    0     2.6     1.2     2.1     3.5    36.3    24.0
2014 08 25  0357   56894   14220    0     2.6     1.1     2.2     3.6    38.3    22.6
2014 08 25  0358   56894   14280    0     2.6     1.4     2.1     3.6    35.0    28.6
2014 08 25  0359   56894   14340    0     2.6     1.2     2.1     3.5    36.7    25.6
2014 08 25  0400   56894   14400    0     2.1     1.7     2.5     3.7    42.6    39.2
2014 08 25  0401   56894   14460    0     2.2     1.6     2.5     3.7    43.1    36.3
2014 08 25  0402   56894   14520    0     2.1     1.7     2.5     3.7    42.9    39.0
2014 08 25  0403   56894   14580    0     2.2     1.6     2.4     3.6    41.4    37.0
2014 08 25  0404   56894   14640    0     2.3     1.5     2.4     3.6    41.5    32.9
2014 08 25  0405   56894   14700    0     2.6     1.4     2.1     3.6    35.2    28.9
2014 08 25  0406   56894   14760    0     3.1     1.2     1.5     3.6    24.5    21.4
2014 08 25  0407   56894   14820    0     3.1     1.4     1.3     3.6    21.1    23.8
2014 08 25  0408   56894   14880    0     3.0     1.5     1.2     3.6    19.8    27.0
2014 08 25  0409   56894   14940    0     3.0     1.5     1.2     3.6    19.7    26.2
2014 08 25  0410   56894   15000    0     3.2     1.3     1.1     3.7    16.9    22.5
2014 08 25  0411   56894   15060    0     3.4     1.3     0.9     3.7    14.4    21.0
2014 08 25  0412   56894   15120    0     3.3     1.4     1.2     3.8    18.3    22.8
2014 08 25  0413   56894   15180    0     3.3     1.3     1.2     3.8    18.6    21.3
2014 08 25  0414   56894   15240    0     3.2     1.3     1.2     3.7    19.4    22.8
2014 08 25  0415   56894   15300    0     2.9     1.5     1.7     3.7    28.1    27.9
2014 08 25  0416   56894   15360    0     2.0     1.6     2.6     3.7    45.9    37.6
2014 08 25  0417   56894   15420    0     1.6     1.4     3.0     3.7    55.0    41.7
2014 08 25  0418   56894   15480    0     1.4     1.5     3.1     3.7    56.3    45.5
2014 08 25  0419   56894   15540    0     1.5     1.6     3.0     3.7    53.7    47.7
2014 08 25  0420   56894   15600    0     1.4     1.5     3.1     3.7    56.8    46.4
2014 08 25  0421   56894   15660    0     1.5     1.7     2.9     3.7    51.1    48.0
2014 08 25  0422   56894   15720    0     1.7     1.9     2.6     3.6    45.3    47.9
2014 08 25  0423   56894   15780    0     1.7     2.1     2.5     3.6    43.1    50.9
2014 08 25  0424   56894   15840    0     1.9     1.6     2.6     3.6    46.1    40.7
2014 08 25  0425   56894   15900    0     2.4     1.2     2.4     3.5    41.7    26.8
2014 08 25  0426   56894   15960    0     2.4     0.7     2.4     3.5    43.7    17.0
2014 08 25  0427   56894   16020    0     2.4     0.6     2.5     3.5    44.8    13.5
2014 08 25  0428   56894   16080    0     2.5     0.5     2.3     3.4    43.0    10.8
2014 08 25  0429   56894   16140    0     2.4     0.2     2.5     3.4    46.5     5.6
2014 08 25  0430   56894   16200    0     2.3     0.0     2.7     3.5    50.0     0.6
2014 08 25  0431   56894   16260    0     2.2     2.0     1.6     3.4    29.2    42.5
2014 08 25  0432   56894   16320    0     2.2     1.9     1.8     3.4    32.5    41.0
2014 08 25  0433   56894   16380    0     2.3     1.2     2.3     3.4    41.6    27.9
2014 08 25  0434   56894   16440    0     2.2     0.9     2.6     3.5    47.6    22.9
2014 08 25  0435   56894   16500    0     2.1     1.0     2.5     3.4    46.7    24.2
2014 08 25  0436   56894   16560    0     2.0     0.9     2.5     3.3    48.8    24.6
2014 08 25  0437   56894   16620    0     1.9     1.0     2.7     3.5    51.9    27.6
2014 08 25  0438   56894   16680    0     1.9     1.0     2.7     3.5    51.9    28.8
2014 08 25  0439   56894   16740    0     2.2     1.3     2.3     3.4    42.9    30.5
2014 08 25  0440   56894   16800    0     2.3     1.4     2.1     3.4    37.9    31.2
2014 08 25  0441   56894   16860    0     2.4     1.5     1.9     3.4    34.1    32.0
2014 08 25  0442   56894   16920    0     2.3     1.4     2.0     3.4    36.1    31.4
2014 08 25  0443   56894   16980    0     2.4     1.6     1.6     3.4    29.4    33.4
2014 08 25  0444   56894   17040    0     2.4     1.6     1.7     3.3    29.8    34.0
2014 08 25  0445   56894   17100    0     2.4     1.3     1.9     3.4    35.4    28.2
2014 08 25  0446   56894   17160    0     2.3     1.3     2.0     3.3    36.3    29.5
2014 08 25  0447   56894   17220    0     2.3     1.1     2.0     3.2    38.2    26.3
2014 08 25  0448   56894   17280    0     2.1     0.7     2.3     3.2    46.2    17.2
2014 08 25  0449   56894   17340    0     2.1     1.0     2.4     3.3    45.4    24.9
2014 08 25  0450   56894   17400    0     2.1     0.9     2.5     3.4    46.5    23.9
2014 08 25  0451   56894   17460    0     2.2     0.9     2.4     3.4    44.5    22.4
2014 08 25  0452   56894   17520    0     2.2     1.0     2.3     3.4    43.6    24.0
2014 08 25  0453   56894   17580    0     2.2     1.2     2.2     3.3    41.5    27.5
2014 08 25  0454   56894   17640    0     2.3     1.3     2.0     3.4    37.5    29.1
2014 08 25  0455   56894   17700    0     2.2     1.4     2.1     3.4    37.9    32.5
2014 08 25  0456   56894   17760    0     2.2     1.5     2.0     3.3    37.1    33.2
2014 08 25  0457   56894   17820    0     2.5     0.8     2.0     3.2    37.2    17.1
2014 08 25  0458   56894   17880    0     2.4     0.8     1.9     3.2    37.7    18.8
2014 08 25  0459   56894   17940    0     2.4     0.9     2.0     3.2    39.1    19.9
2014 08 25  0500   56894   18000    0     2.3     1.0     2.1     3.3    39.2    23.4
2014 08 25  0501   56894   18060    0     2.0     1.7     1.7     3.2    32.7    40.0
2014 08 25  0502   56894   18120    0     1.9     2.4     1.1     3.2    20.4    52.0
2014 08 25  0503   56894   18180    0     2.0     2.0     1.4     3.2    26.3    45.3
2014 08 25  0504   56894   18240    0     2.1     1.9     1.6     3.2    30.7    42.1
2014 08 25  0505   56894   18300    0     2.2     1.2     1.9     3.1    37.5    28.8
2014 08 25  0506   56894   18360    0     2.5     0.2     1.9     3.1    37.0     4.5
2014 08 25  0507   56894   18420    0     2.6     0.5     1.5     3.1    29.5    11.0
2014 08 25  0508   56894   18480    0     2.5     0.5     1.6     3.0    31.3    11.5
2014 08 25  0509   56894   18540    0     2.5     0.4     1.6     3.0    32.6     8.8
2014 08 25  0510   56894   18600    0     2.4     0.5     1.5     2.9    32.1    11.6
2014 08 25  0511   56894   18660    0     2.4     0.6     1.5     2.9    31.4    13.0
2014 08 25  0512   56894   18720    0     2.1     0.3     1.7     2.7    37.9     6.8
2014 08 25  0513   56894   18780    0     2.0     0.9     1.1     2.5    26.1    24.7
2014 08 25  0514   56894   18840    0     2.1     0.9     1.2     2.5    27.1    23.9
2014 08 25  0515   56894   18900    0     2.1     0.8     1.2     2.5    29.4    20.7
2014 08 25  0516   56894   18960    0     2.1     0.8     1.3     2.6    31.1    20.4
2014 08 25  0517   56894   19020    0     2.1     0.8     1.4     2.6    32.5    21.2
2014 08 25  0518   56894   19080    0     2.0     0.7     1.4     2.6    33.7    20.0
2014 08 25  0519   56894   19140    0     1.9     0.8     1.3     2.5    31.0    22.5
2014 08 25  0520   56894   19200    0     1.9     0.7     1.3     2.4    32.4    20.9
2014 08 25  0521   56894   19260    0     1.8     0.6     1.5     2.4    39.6    18.4
2014 08 25  0522   56894   19320    0     1.8     0.4     1.4     2.3    37.5    13.9
2014 08 25  0523   56894   19380    0     1.5     0.3     1.3     2.0    39.1    11.0
2014 08 25  0524   56894   19440    0     1.1     0.3     0.8     1.4    36.7    14.6
2014 08 25  0525   56894   19500    0     0.9     0.2     1.1     1.5    49.4    13.4
2014 08 25  0526   56894   19560    0     0.8     0.4     1.0     1.3    47.9    23.7
2014 08 25  0527   56894   19620    0     0.8     0.2     1.0     1.3    51.5    15.6
2014 08 25  0528   56894   19680    0     0.7     0.1     1.0     1.2    55.5    10.8
2014 08 25  0529   56894   19740    0     0.5     0.0     1.1     1.2    64.3     0.5
2014 08 25  0530   56894   19800    0     0.6     0.1     1.1     1.3    60.6     5.6
2014 08 25  0531   56894   19860    0     0.4     0.0     1.0     1.1    66.7     6.4
2014 08 25  0532   56894   19920    0     0.5     0.1     0.9     1.1    62.8     7.4
2014 08 25  0533   56894   19980    0     0.3    -0.0     0.9     1.0    73.8   351.2
2014 08 25  0534   56894   20040    0     0.4     0.1     1.0     1.0    66.5     8.9
2014 08 25  0535   56894   20100    0     0.5     0.1     1.1     1.2    65.5    13.6
2014 08 25  0536   56894   20160    0     0.4    -0.1     1.0     1.1    69.3   345.8
2014 08 25  0537   56894   20220    0     0.4     0.0     1.0     1.1    66.3     2.4
2014 08 25  0538   56894   20280    0     0.9     0.3     1.4     1.7    56.2    20.0
2014 08 25  0539   56894   20340    0     0.0    -0.4     1.0     1.1    66.6   272.1
2014 08 25  0540   56894   20400    0    -0.2    -0.6     0.8     1.1    52.1   251.2
2014 08 25  0541   56894   20460    0    -0.2    -0.6     0.9     1.1    53.3   247.9
2014 08 25  0542   56894   20520    0    -0.3    -0.6     0.8     1.0    50.5   244.1
2014 08 25  0543   56894   20580    0    -0.2    -0.6     0.8     1.0    52.3   252.2
2014 08 25  0544   56894   20640    0    -0.0    -0.4     0.9     1.0    65.4   265.7
2014 08 25  0545   56894   20700    0     0.0    -0.4     1.0     1.0    69.9   272.5
2014 08 25  0546   56894   20760    0    -0.3    -0.5     0.9     1.0    57.9   242.0
2014 08 25  0547   56894   20820    0    -0.1    -0.5     0.8     1.0    59.7   253.0
2014 08 25  0548   56894   20880    0    -0.0    -0.5     0.8     1.0    61.2   269.1
2014 08 25  0549   56894   20940    0     0.1    -0.6     0.8     1.0    53.0   284.7
2014 08 25  0550   56894   21000    0     0.1    -0.5     0.8     0.9    56.7   285.9
2014 08 25  0551   56894   21060    0     0.1    -0.5     0.9     1.0    60.0   285.6
2014 08 25  0552   56894   21120    0    -0.0    -0.5     0.9     1.0    62.6   268.6
2014 08 25  0553   56894   21180    0     0.0    -0.4     0.9     1.0    66.8   277.1
2014 08 25  0554   56894   21240    0     0.1    -0.4     0.9     1.0    66.7   279.8
2014 08 25  0555   56894   21300    0     0.1    -0.3     1.1     1.1    71.1   292.5
2014 08 25  0556   56894   21360    0     0.2    -0.3     1.3     1.3    76.5   305.8
2014 08 25  0557   56894   21420    0     0.0    -0.3     1.2     1.3    76.4   275.1
2014 08 25  0558   56894   21480    0     0.1    -0.2     1.1     1.2    77.9   286.8
2014 08 25  0559   56894   21540    0     0.2    -0.1     1.2     1.2    77.4   328.6
2014 08 25  0600   56894   21600    0     0.3     0.1     1.3     1.3    75.9    14.7
2014 08 25  0601   56894   21660    0     0.6     0.6     1.5     1.7    60.4    44.8
2014 08 25  0602   56894   21720    0     0.5     0.7     1.4     1.6    58.8    53.9
2014 08 25  0603   56894   21780    0     0.5     0.6     1.4     1.6    61.4    51.4
2014 08 25  0604   56894   21840    0     0.5     0.6     1.6     1.7    64.0    51.2
2014 08 25  0605   56894   21900    0     0.4     0.4     1.6     1.7    71.3    45.2
2014 08 25  0606   56894   21960    0     0.3     0.4     1.6     1.6    72.8    51.2
2014 08 25  0607   56894   22020    0     0.0     0.1     1.5     1.5    84.3    77.6
2014 08 25  0608   56894   22080    0     0.2     0.2     1.5     1.5    77.9    50.9
2014 08 25  0609   56894   22140    0     0.3     0.6     1.5     1.6    65.7    59.8
2014 08 25  0610   56894   22200    0     0.7     1.2     1.6     2.2    49.1    62.3
2014 08 25  0611   56894   22260    0     0.6     1.3     1.7     2.2    49.1    66.6
2014 08 25  0612   56894   22320    0     0.7     1.5     1.7     2.4    44.3    64.7
2014 08 25  0613   56894   22380    0     0.7     1.6     1.8     2.5    45.6    65.7
2014 08 25  0614   56894   22440    0     0.7     1.5     1.6     2.3    44.9    64.7
2014 08 25  0615   56894   22500    0     0.4     1.3     1.3     1.9    44.8    72.5
2014 08 25  0616   56894   22560    0     0.2     0.7     1.4     1.6    64.1    72.4
2014 08 25  0617   56894   22620    0    -0.1     0.1     1.1     1.1    80.9   140.9
2014 08 25  0618   56894   22680    0    -0.1     0.6     1.2     1.3    62.4    95.4
2014 08 25  0619   56894   22740    0    -0.0     0.8     1.1     1.3    55.2    90.9
2014 08 25  0620   56894   22800    0    -0.0     0.8     1.0     1.3    48.3    91.5
2014 08 25  0621   56894   22860    0    -0.1     1.0     0.9     1.3    43.5    93.1
2014 08 25  0622   56894   22920    0    -0.2     1.2     0.6     1.3    26.4    98.8
2014 08 25  0623   56894   22980    0    -0.1     0.8     0.5     0.9    31.6    99.9
2014 08 25  0624   56894   23040    0    -0.1    -0.6     0.5     0.8    38.7   261.1
2014 08 25  0625   56894   23100    0    -0.6     0.8    -0.4     1.1   -22.5   124.9
2014 08 25  0626   56894   23160    0    -0.5     0.1    -0.7     0.8   -55.7   163.4
2014 08 25  0627   56894   23220    0    -0.5     0.1    -0.7     0.8   -53.0   173.6
2014 08 25  0628   56894   23280    0    -0.7     0.3    -0.8     1.1   -44.6   157.9
2014 08 25  0629   56894   23340    0    -0.8     0.6    -0.7     1.2   -33.2   142.2
2014 08 25  0630   56894   23400    0    -0.9     0.2    -1.2     1.6   -51.9   165.1
2014 08 25  0631   56894   23460    0    -0.9     1.7    -0.4     2.0   -12.1   118.4
2014 08 25  0632   56894   23520    0    -1.0     1.9    -0.6     2.2   -14.7   116.7
2014 08 25  0633   56894   23580    0    -1.2     2.0    -0.8     2.4   -20.4   120.4
2014 08 25  0634   56894   23640    0    -1.3     2.0    -0.9     2.5   -20.3   123.3
2014 08 25  0635   56894   23700    0    -1.4     2.1    -0.9     2.7   -20.1   124.0
2014 08 25  0636   56894   23760    0    -1.5     1.8    -0.9     2.5   -20.7   129.9
2014 08 25  0637   56894   23820    0    -1.4     1.6    -0.9     2.3   -23.1   132.5
2014 08 25  0638   56894   23880    0    -1.4     1.5    -0.9     2.3   -22.9   132.8
2014 08 25  0639   56894   23940    0    -1.4     1.4    -1.0     2.2   -25.8   135.9
2014 08 25  0640   56894   24000    0    -1.4     1.5    -0.8     2.2   -22.6   134.2
2014 08 25  0641   56894   24060    0    -1.3     1.5    -0.9     2.2   -25.2   130.3
2014 08 25  0642   56894   24120    0    -1.2     1.8    -1.0     2.4   -24.4   125.0
2014 08 25  0643   56894   24180    0    -1.1     1.9    -0.9     2.4   -22.0   120.6
2014 08 25  0644   56894   24240    0    -1.2     1.9    -0.9     2.4   -22.0   121.6
2014 08 25  0645   56894   24300    0    -1.4     1.3    -1.0     2.2   -28.3   135.5
2014 08 25  0646   56894   24360    0    -1.4     1.1    -1.1     2.1   -30.9   141.6
2014 08 25  0647   56894   24420    0    -1.3     1.1    -0.9     1.9   -26.6   140.8
2014 08 25  0648   56894   24480    0    -1.3     1.2    -0.7     1.9   -20.4   137.2
2014 08 25  0649   56894   24540    0    -1.4     1.1    -0.8     1.9   -24.3   142.0
2014 08 25  0650   56894   24600    0    -1.4     0.8    -1.0     1.9   -32.2   150.8
2014 08 25  0651   56894   24660    0    -1.5     0.6    -1.2     2.0   -35.7   158.0
2014 08 25  0652   56894   24720    0    -1.5     0.3    -1.3     2.0   -40.9   168.5
2014 08 25  0653   56894   24780    0    -1.1    -0.1    -1.0     1.5   -43.3   183.4
2014 08 25  0654   56894   24840    0    -1.1    -0.2    -1.0     1.5   -41.0   192.0
2014 08 25  0655   56894   24900    0    -1.0    -0.3    -1.1     1.5   -46.4   194.6
2014 08 25  0656   56894   24960    0    -0.8    -0.1    -1.1     1.4   -52.8   185.1
2014 08 25  0657   56894   25020    0    -0.7    -0.1    -1.2     1.4   -58.1   190.6
2014 08 25  0658   56894   25080    0    -0.8    -0.5    -1.1     1.5   -47.1   212.6
2014 08 25  0659   56894   25140    0    -0.9    -0.9    -0.8     1.6   -32.2   224.1
2014 08 25  0700   56894   25200    0    -0.9    -1.1    -0.8     1.7   -29.6   231.1
2014 08 25  0701   56894   25260    0    -0.9    -1.2    -0.7     1.6   -26.0   233.8
2014 08 25  0702   56894   25320    0    -0.8    -1.2    -0.7     1.6   -25.1   236.9
2014 08 25  0703   56894   25380    0    -0.9    -1.3    -0.6     1.7   -21.1   235.3
2014 08 25  0704   56894   25440    0    -0.7    -1.3    -0.6     1.6   -22.1   242.1
2014 08 25  0705   56894   25500    0    -0.9    -1.2    -0.8     1.7   -26.7   231.8
2014 08 25  0706   56894   25560    0    -0.8    -1.3    -0.7     1.7   -25.8   236.4
2014 08 25  0707   56894   25620    0    -0.9    -1.3    -0.8     1.7   -28.3   235.8
2014 08 25  0708   56894   25680    0    -0.7    -1.2    -0.8     1.6   -30.9   239.6
2014 08 25  0709   56894   25740    0    -0.7    -0.9     0.6     1.3    25.8   231.3
2014 08 25  0710   56894   25800    0    -0.6    -1.0    -0.8     1.4   -33.1   238.3
2014 08 25  0711   56894   25860    0    -0.7    -1.2    -1.0     1.7   -34.5   237.6
2014 08 25  0712   56894   25920    0    -0.7    -1.2    -1.0     1.7   -36.9   238.9
2014 08 25  0713   56894   25980    0    -0.7    -1.0    -0.8     1.5   -32.4   234.2
2014 08 25  0714   56894   26040    0    -0.8    -1.0    -0.8     1.5   -31.3   232.9
2014 08 25  0715   56894   26100    0    -0.6    -1.3    -0.9     1.7   -32.2   245.1
2014 08 25  0716   56894   26160    0    -0.6    -1.1    -0.8     1.6   -32.5   240.3
2014 08 25  0717   56894   26220    0    -1.0    -0.9    -1.0     1.7   -35.4   222.6
2014 08 25  0718   56894   26280    0    -0.9    -0.9    -0.9     1.6   -36.4   227.4
2014 08 25  0719   56894   26340    0    -0.9    -0.9    -1.0     1.6   -36.0   224.7
2014 08 25  0720   56894   26400    0    -1.0    -0.9    -1.0     1.7   -36.0   221.2
2014 08 25  0721   56894   26460    0    -1.1    -0.8    -1.1     1.7   -38.4   217.1
2014 08 25  0722   56894   26520    0    -1.0    -0.7    -1.0     1.6   -40.8   213.8
2014 08 25  0723   56894   26580    0    -1.0    -0.8    -0.9     1.6   -36.9   216.5
2014 08 25  0724   56894   26640    0    -0.9    -0.6    -1.0     1.5   -40.6   214.0
2014 08 25  0725   56894   26700    0    -1.1     0.1    -1.3     1.7   -48.8   174.4
2014 08 25  0726   56894   26760    0    -1.2     0.2    -1.3     1.8   -46.5   170.1
2014 08 25  0727   56894   26820    0    -1.3     0.2    -1.3     1.8   -45.5   171.3
2014 08 25  0728   56894   26880    0    -1.2     0.1    -1.2     1.7   -45.7   173.0
2014 08 25  0729   56894   26940    0    -1.0     0.1    -1.3     1.6   -52.2   174.8
2014 08 25  0730   56894   27000    0    -0.8     0.3    -1.2     1.5   -55.0   161.0
2014 08 25  0731   56894   27060    0    -0.7     0.4    -1.1     1.3   -53.7   150.7
2014 08 25  0732   56894   27120    0    -0.7     0.4    -1.0     1.3   -51.9   150.0
2014 08 25  0733   56894   27180    0    -0.8     0.4    -1.0     1.3   -47.7   155.1
2014 08 25  0734   56894   27240    0    -0.6     0.3    -0.7     1.0   -43.2   154.4
2014 08 25  0735   56894   27300    0    -0.8     0.2    -1.0     1.3   -48.6   169.4
2014 08 25  0736   56894   27360    0    -0.8    -0.0    -0.7     1.1   -44.1   181.8
2014 08 25  0737   56894   27420    0    -0.9     0.1    -0.8     1.2   -42.5   175.3
2014 08 25  0738   56894   27480    0    -0.9     0.1    -1.0     1.3   -49.3   175.1
2014 08 25  0739   56894   27540    0    -0.8     0.2    -0.8     1.2   -45.0   169.4
2014 08 25  0740   56894   27600    0    -0.9     0.2    -1.1     1.4   -51.6   167.7
2014 08 25  0741   56894   27660    0    -1.1    -0.1    -1.2     1.6   -48.9   185.4
2014 08 25  0742   56894   27720    0    -1.0    -0.4    -1.2     1.6   -48.4   201.4
2014 08 25  0743   56894   27780    0    -1.0    -0.7    -1.1     1.6   -41.4   217.0
2014 08 25  0744   56894   27840    0    -0.9    -1.0    -1.0     1.7   -36.0   230.6
2014 08 25  0745   56894   27900    0    -1.1    -1.1    -1.1     1.9   -36.9   224.8
2014 08 25  0746   56894   27960    0    -0.9    -0.9    -1.0     1.6   -39.5   224.1
2014 08 25  0747   56894   28020    0    -0.5    -1.2    -0.6     1.4   -26.0   246.3
2014 08 25  0748   56894   28080    0    -0.5    -0.8    -0.5     1.1   -30.0   238.6
2014 08 25  0749   56894   28140    0    -0.5    -0.5    -0.8     1.1   -46.5   226.8
2014 08 25  0750   56894   28200    0    -0.8    -0.9    -0.8     1.5   -33.8   229.6
2014 08 25  0751   56894   28260    0    -0.9    -1.1    -0.7     1.6   -27.7   231.3
2014 08 25  0752   56894   28320    0    -0.8    -1.1    -0.8     1.5   -29.8   234.8
2014 08 25  0753   56894   28380    0    -0.7    -1.3    -0.8     1.7   -29.8   240.1
2014 08 25  0754   56894   28440    0    -1.0    -1.1    -1.2     1.9   -39.2   230.2
2014 08 25  0755   56894   28500    0    -1.3    -0.6    -1.5     2.0   -46.7   204.4
2014 08 25  0756   56894   28560    0    -1.2    -0.3    -1.3     1.7   -46.4   193.6
2014 08 25  0757   56894   28620    0    -1.3    -0.4    -1.3     1.8   -43.1   198.4
2014 08 25  0758   56894   28680    0    -1.4    -0.5    -1.6     2.1   -46.9   201.4
2014 08 25  0759   56894   28740    0    -1.5    -0.7    -2.0     2.6   -50.1   203.6
2014 08 25  0800   56894   28800    0    -1.6    -0.5    -2.1     2.7   -51.1   196.6
2014 08 25  0801   56894   28860    0    -1.1    -1.3    -1.1     2.1   -33.3   230.9
2014 08 25  0802   56894   28920    0    -1.0    -1.2    -1.2     2.0   -37.8   228.8
2014 08 25  0803   56894   28980    0    -1.0    -1.1    -1.2     2.0   -38.1   227.4
2014 08 25  0804   56894   29040    0    -1.0    -1.2    -1.2     1.9   -37.5   229.4
2014 08 25  0805   56894   29100    0    -1.0    -1.2    -1.1     1.9   -36.3   231.2
2014 08 25  0806   56894   29160    0    -1.0    -1.1    -1.2     1.9   -38.0   229.0
2014 08 25  0807   56894   29220    0    -0.9    -1.2    -1.1     1.9   -36.7   231.4
2014 08 25  0808   56894   29280    0    -1.0    -1.1    -1.2     1.9   -37.0   227.3
2014 08 25  0809   56894   29340    0    -1.1    -1.1    -1.2     1.9   -36.8   225.2
2014 08 25  0810   56894   29400    0    -1.1    -1.1    -1.2     1.9   -36.5   225.5
2014 08 25  0811   56894   29460    0    -1.2    -1.1    -1.2     2.0   -35.8   224.0
2014 08 25  0812   56894   29520    0    -1.2    -1.1    -1.1     2.0   -35.6   223.9
2014 08 25  0813   56894   29580    0    -1.1    -1.1    -1.1     1.9   -35.9   224.8
2014 08 25  0814   56894   29640    0    -1.0    -1.0    -1.0     1.8   -34.6   225.3
2014 08 25  0815   56894   29700    0    -1.1    -1.1    -1.1     1.9   -34.4   224.7
2014 08 25  0816   56894   29760    0    -1.2    -1.2    -1.3     2.1   -36.5   224.9
2014 08 25  0817   56894   29820    0    -1.1    -1.2    -1.2     2.0   -35.6   226.3
2014 08 25  0818   56894   29880    0    -1.1    -1.1    -1.1     1.9   -35.9   225.2
2014 08 25  0819   56894   29940    0    -1.0    -1.1    -0.9     1.8   -31.1   226.3
2014 08 25  0820   56894   30000    0    -0.9    -1.2    -0.7     1.7   -25.2   233.1
2014 08 25  0821   56894   30060    0    -0.9    -1.3    -0.6     1.7   -20.8   234.4
2014 08 25  0822   56894   30120    0    -1.0    -1.3    -0.7     1.8   -22.9   234.2
2014 08 25  0823   56894   30180    0    -0.9    -1.1    -0.7     1.7   -26.6   230.4
2014 08 25  0824   56894   30240    0    -1.0    -1.1    -0.7     1.7   -26.7   229.0
2014 08 25  0825   56894   30300    0    -1.1    -1.1    -1.0     1.8   -31.9   224.6
2014 08 25  0826   56894   30360    0    -1.1    -1.0    -1.1     1.8   -36.9   222.6
2014 08 25  0827   56894   30420    0    -1.1    -1.0    -1.3     2.0   -40.9   221.2
2014 08 25  0828   56894   30480    0    -1.3    -1.1    -1.5     2.2   -42.0   220.2
2014 08 25  0829   56894   30540    0    -1.2    -1.2    -1.5     2.2   -40.8   223.3
2014 08 25  0830   56894   30600    0    -1.2    -1.2    -1.5     2.3   -40.3   226.0
2014 08 25  0831   56894   30660    0    -1.2    -1.4    -1.4     2.3   -37.6   228.4
2014 08 25  0832   56894   30720    0    -1.3    -1.5    -1.3     2.4   -32.3   229.3
2014 08 25  0833   56894   30780    0    -1.4    -1.9    -1.1     2.6   -25.0   233.9
2014 08 25  0834   56894   30840    0    -1.3    -1.8    -1.1     2.5   -25.2   233.9
2014 08 25  0835   56894   30900    0    -1.4    -1.3    -1.8     2.7   -43.2   223.0
2014 08 25  0836   56894   30960    0    -1.7    -1.0    -2.4     3.1   -49.6   211.6
2014 08 25  0837   56894   31020    0    -1.6    -1.3    -2.2     3.1   -47.0   218.9
2014 08 25  0838   56894   31080    0    -1.6    -1.5    -2.2     3.1   -45.8   222.5
2014 08 25  0839   56894   31140    0    -1.6    -1.6    -2.1     3.1   -42.7   225.5
2014 08 25  0840   56894   31200    0    -1.7    -1.9    -1.8     3.2   -34.3   228.4
2014 08 25  0841   56894   31260    0    -1.4    -1.5    -1.7     2.7   -39.9   226.4
2014 08 25  0842   56894   31320    0    -1.3    -1.6    -1.7     2.7   -39.3   232.4
2014 08 25  0843   56894   31380    0    -1.2    -1.8    -1.6     2.7   -35.2   236.0
2014 08 25  0844   56894   31440    0    -1.2    -2.3    -1.5     3.0   -30.1   243.3
2014 08 25  0845   56894   31500    0    -2.0    -2.6    -1.0     3.4   -17.7   232.9
2014 08 25  0846   56894   31560    0    -2.4    -2.5    -1.1     3.6   -17.6   226.0
2014 08 25  0847   56894   31620    0    -2.4    -2.5    -1.1     3.7   -18.2   225.7
2014 08 25  0848   56894   31680    0    -2.4    -2.4    -1.3     3.6   -21.3   225.6
2014 08 25  0849   56894   31740    0    -2.3    -2.4    -1.3     3.6   -21.7   226.7
2014 08 25  0850   56894   31800    0    -2.7    -2.2    -1.3     3.7   -21.0   220.1
2014 08 25  0851   56894   31860    0    -2.7    -2.2    -1.5     3.8   -22.6   219.5
2014 08 25  0852   56894   31920    0    -2.6    -2.2    -1.6     3.8   -24.9   220.4
2014 08 25  0853   56894   31980    0    -2.7    -2.1    -1.7     3.8   -26.1   218.1
2014 08 25  0854   56894   32040    0    -2.5    -2.0    -1.8     3.7   -29.0   218.6
2014 08 25  0855   56894   32100    0    -2.4    -1.9    -1.9     3.6   -32.2   218.6
2014 08 25  0856   56894   32160    0    -2.8    -1.6    -1.9     3.7   -30.8   210.6
2014 08 25  0857   56894   32220    0    -2.0    -2.2    -1.8     3.5   -31.5   228.2
2014 08 25  0858   56894   32280    0    -2.1    -2.0    -2.0     3.6   -34.8   224.2
2014 08 25  0859   56894   32340    0    -2.1    -2.0    -2.1     3.6   -35.6   223.4
