:Data_list: 20140203_ace_sis_5m.txt
:Created: 2014 Feb 04 0011 UT
# Prepared by the U.S. Dept. of Commerce, NOAA, Space Weather Prediction Center
# Please send comments and suggestions to SWPC.Webmaster@noaa.gov 
# 
# Units: proton flux p/cs2-sec-ster
# Status(S): 0 = nominal data, 1 to 8 = bad data record, 9 = no data
# Missing data values: -1.00e+05
# Source: ACE Satellite - Solar Isotope Spectrometer
#
# 5-minute averaged Real-time Integral Flux of High-energy Solar Protons
# 
#                 Modified Seconds
# UT Date   Time   Julian  of the      ---- Integral Proton Flux ----
# YR MO DA  HHMM     Day     Day       S    > 10 MeV    S    > 30 MeV
#--------------------------------------------------------------------
2014 02 03  0000    56691       0      0    1.08e+00    0    7.52e-01
2014 02 03  0005    56691     300      0    1.07e+00    0    7.47e-01
2014 02 03  0010    56691     600      0    1.09e+00    0    7.60e-01
2014 02 03  0015    56691     900      0    1.08e+00    0    7.47e-01
2014 02 03  0020    56691    1200      0    1.09e+00    0    7.66e-01
2014 02 03  0025    56691    1500      0    1.06e+00    0    7.38e-01
2014 02 03  0030    56691    1800      0    1.10e+00    0    7.68e-01
2014 02 03  0035    56691    2100      0    1.14e+00    0    7.99e-01
2014 02 03  0040    56691    2400      0    1.11e+00    0    7.74e-01
2014 02 03  0045    56691    2700      0    1.11e+00    0    7.72e-01
2014 02 03  0050    56691    3000      0    1.10e+00    0    7.65e-01
2014 02 03  0055    56691    3300      0    1.11e+00    0    7.79e-01
2014 02 03  0100    56691    3600      0    1.08e+00    0    7.62e-01
2014 02 03  0105    56691    3900      0    1.09e+00    0    7.56e-01
2014 02 03  0110    56691    4200      0    1.12e+00    0    7.86e-01
2014 02 03  0115    56691    4500      0    1.10e+00    0    7.71e-01
2014 02 03  0120    56691    4800      0    1.09e+00    0    7.66e-01
2014 02 03  0125    56691    5100      0    1.11e+00    0    7.79e-01
2014 02 03  0130    56691    5400      0    1.08e+00    0    7.61e-01
2014 02 03  0135    56691    5700      0    1.09e+00    0    7.62e-01
2014 02 03  0140    56691    6000      0    1.08e+00    0    7.50e-01
2014 02 03  0145    56691    6300      0    1.06e+00    0    7.36e-01
2014 02 03  0150    56691    6600      0    1.06e+00    0    7.37e-01
2014 02 03  0155    56691    6900      0    1.08e+00    0    7.62e-01
2014 02 03  0200    56691    7200      0    1.08e+00    0    7.48e-01
2014 02 03  0205    56691    7500      0    1.06e+00    0    7.35e-01
2014 02 03  0210    56691    7800      0    1.09e+00    0    7.64e-01
2014 02 03  0215    56691    8100      0    1.06e+00    0    7.43e-01
2014 02 03  0220    56691    8400      0    1.07e+00    0    7.48e-01
2014 02 03  0225    56691    8700      0    1.07e+00    0    7.51e-01
2014 02 03  0230    56691    9000      0    1.09e+00    0    7.66e-01
2014 02 03  0235    56691    9300      0    1.07e+00    0    7.46e-01
2014 02 03  0240    56691    9600      0    1.08e+00    0    7.63e-01
2014 02 03  0245    56691    9900      0    1.11e+00    0    7.80e-01
2014 02 03  0250    56691   10200      0    1.11e+00    0    7.71e-01
2014 02 03  0255    56691   10500      0    1.09e+00    0    7.67e-01
2014 02 03  0300    56691   10800      0    1.11e+00    0    7.81e-01
2014 02 03  0305    56691   11100      0    1.08e+00    0    7.52e-01
2014 02 03  0310    56691   11400      0    1.08e+00    0    7.67e-01
2014 02 03  0315    56691   11700      0    1.10e+00    0    7.65e-01
2014 02 03  0320    56691   12000      0    1.08e+00    0    7.51e-01
2014 02 03  0325    56691   12300      0    1.10e+00    0    7.71e-01
2014 02 03  0330    56691   12600      0    1.08e+00    0    7.52e-01
2014 02 03  0335    56691   12900      0    1.08e+00    0    7.56e-01
2014 02 03  0340    56691   13200      0    1.08e+00    0    7.60e-01
2014 02 03  0345    56691   13500      0    1.06e+00    0    7.40e-01
2014 02 03  0350    56691   13800      0    1.06e+00    0    7.43e-01
2014 02 03  0355    56691   14100      0    1.05e+00    0    7.42e-01
2014 02 03  0400    56691   14400      0    1.05e+00    0    7.30e-01
2014 02 03  0405    56691   14700      0    1.07e+00    0    7.55e-01
2014 02 03  0410    56691   15000      0    1.09e+00    0    7.66e-01
2014 02 03  0415    56691   15300      0    1.06e+00    0    7.35e-01
2014 02 03  0420    56691   15600      0    1.07e+00    0    7.47e-01
2014 02 03  0425    56691   15900      0    1.05e+00    0    7.43e-01
2014 02 03  0430    56691   16200      0    1.08e+00    0    7.51e-01
2014 02 03  0435    56691   16500      0    1.08e+00    0    7.57e-01
2014 02 03  0440    56691   16800      0    1.07e+00    0    7.41e-01
2014 02 03  0445    56691   17100      0    1.07e+00    0    7.49e-01
2014 02 03  0450    56691   17400      0    1.06e+00    0    7.46e-01
2014 02 03  0455    56691   17700      0    1.08e+00    0    7.62e-01
2014 02 03  0500    56691   18000      0    1.11e+00    0    7.82e-01
2014 02 03  0505    56691   18300      0    1.09e+00    0    7.64e-01
2014 02 03  0510    56691   18600      0    1.12e+00    0    7.95e-01
2014 02 03  0515    56691   18900      0    1.10e+00    0    7.60e-01
2014 02 03  0520    56691   19200      0    1.13e+00    0    8.03e-01
2014 02 03  0525    56691   19500      0    1.12e+00    0    7.77e-01
2014 02 03  0530    56691   19800      0    1.09e+00    0    7.54e-01
2014 02 03  0535    56691   20100      0    1.06e+00    0    7.42e-01
2014 02 03  0540    56691   20400      0    1.10e+00    0    7.70e-01
2014 02 03  0545    56691   20700      0    1.04e+00    0    7.28e-01
2014 02 03  0550    56691   21000      0    1.07e+00    0    7.61e-01
2014 02 03  0555    56691   21300      0    1.04e+00    0    7.36e-01
2014 02 03  0600    56691   21600      0    1.06e+00    0    7.49e-01
2014 02 03  0605    56691   21900      0    1.07e+00    0    7.68e-01
2014 02 03  0610    56691   22200      0    1.08e+00    0    7.51e-01
2014 02 03  0615    56691   22500      0    1.12e+00    0    7.69e-01
2014 02 03  0620    56691   22800      0    1.12e+00    0    7.88e-01
2014 02 03  0625    56691   23100      0    1.12e+00    0    7.88e-01
2014 02 03  0630    56691   23400      0    1.11e+00    0    7.81e-01
2014 02 03  0635    56691   23700      0    1.05e+00    0    7.43e-01
2014 02 03  0640    56691   24000      0    1.11e+00    0    7.79e-01
2014 02 03  0645    56691   24300      0    1.12e+00    0    7.78e-01
2014 02 03  0650    56691   24600      0    1.07e+00    0    7.52e-01
2014 02 03  0655    56691   24900      0    1.06e+00    0    7.49e-01
2014 02 03  0700    56691   25200      0    1.08e+00    0    7.48e-01
2014 02 03  0705    56691   25500      0    1.07e+00    0    7.49e-01
2014 02 03  0710    56691   25800      0    1.06e+00    0    7.37e-01
2014 02 03  0715    56691   26100      0    1.08e+00    0    7.50e-01
2014 02 03  0720    56691   26400      0    1.08e+00    0    7.56e-01
2014 02 03  0725    56691   26700      0    1.10e+00    0    7.71e-01
2014 02 03  0730    56691   27000      0    1.10e+00    0    7.71e-01
2014 02 03  0735    56691   27300      0    1.13e+00    0    7.86e-01
2014 02 03  0740    56691   27600      0    1.10e+00    0    7.81e-01
2014 02 03  0745    56691   27900      0    1.13e+00    0    7.93e-01
2014 02 03  0750    56691   28200      0    1.09e+00    0    7.72e-01
2014 02 03  0755    56691   28500      0    1.09e+00    0    7.65e-01
2014 02 03  0800    56691   28800      0    1.09e+00    0    7.67e-01
2014 02 03  0805    56691   29100      0    1.06e+00    0    7.43e-01
2014 02 03  0810    56691   29400      0    1.09e+00    0    7.65e-01
2014 02 03  0815    56691   29700      0    1.08e+00    0    7.59e-01
2014 02 03  0820    56691   30000      0    1.05e+00    0    7.43e-01
2014 02 03  0825    56691   30300      0    1.06e+00    0    7.43e-01
2014 02 03  0830    56691   30600      0    1.07e+00    0    7.55e-01
2014 02 03  0835    56691   30900      0    1.09e+00    0    7.65e-01
2014 02 03  0840    56691   31200      0    1.10e+00    0    7.76e-01
2014 02 03  0845    56691   31500      0    1.09e+00    0    7.62e-01
2014 02 03  0850    56691   31800      0    1.06e+00    0    7.43e-01
2014 02 03  0855    56691   32100      0    1.07e+00    0    7.50e-01
2014 02 03  0900    56691   32400      0    1.06e+00    0    7.44e-01
2014 02 03  0905    56691   32700      0    1.07e+00    0    7.55e-01
2014 02 03  0910    56691   33000      0    1.03e+00    0    7.30e-01
2014 02 03  0915    56691   33300      0    1.07e+00    0    7.51e-01
2014 02 03  0920    56691   33600      0    1.07e+00    0    7.66e-01
2014 02 03  0925    56691   33900      0    1.09e+00    0    7.75e-01
2014 02 03  0930    56691   34200      0    1.08e+00    0    7.54e-01
2014 02 03  0935    56691   34500      0    1.06e+00    0    7.48e-01
2014 02 03  0940    56691   34800      0    1.09e+00    0    7.68e-01
2014 02 03  0945    56691   35100      0    1.11e+00    0    7.76e-01
2014 02 03  0950    56691   35400      0    1.13e+00    0    7.83e-01
2014 02 03  0955    56691   35700      0    1.12e+00    0    7.85e-01
2014 02 03  1000    56691   36000      0    1.11e+00    0    7.75e-01
2014 02 03  1005    56691   36300      0    1.10e+00    0    7.70e-01
2014 02 03  1010    56691   36600      0    1.10e+00    0    7.90e-01
2014 02 03  1015    56691   36900      0    1.11e+00    0    7.76e-01
2014 02 03  1020    56691   37200      0    1.09e+00    0    7.57e-01
2014 02 03  1025    56691   37500      0    1.03e+00    0    7.13e-01
2014 02 03  1030    56691   37800      0    1.02e+00    0    7.15e-01
2014 02 03  1035    56691   38100      0    1.06e+00    0    7.35e-01
2014 02 03  1040    56691   38400      0    1.03e+00    0    7.05e-01
2014 02 03  1045    56691   38700      0    1.05e+00    0    7.40e-01
2014 02 03  1050    56691   39000      0    1.06e+00    0    7.47e-01
2014 02 03  1055    56691   39300      0    1.10e+00    0    7.69e-01
2014 02 03  1100    56691   39600      0    1.07e+00    0    7.44e-01
2014 02 03  1105    56691   39900      0    1.08e+00    0    7.55e-01
2014 02 03  1110    56691   40200      0    1.10e+00    0    7.91e-01
2014 02 03  1115    56691   40500      0    1.08e+00    0    7.57e-01
2014 02 03  1120    56691   40800      0    1.05e+00    0    7.45e-01
2014 02 03  1125    56691   41100      0    1.06e+00    0    7.47e-01
2014 02 03  1130    56691   41400      0    1.08e+00    0    7.60e-01
2014 02 03  1135    56691   41700      0    1.08e+00    0    7.64e-01
2014 02 03  1140    56691   42000      0    1.10e+00    0    7.71e-01
2014 02 03  1145    56691   42300      0    1.09e+00    0    7.56e-01
2014 02 03  1150    56691   42600      0    1.06e+00    0    7.49e-01
2014 02 03  1155    56691   42900      0    1.05e+00    0    7.42e-01
2014 02 03  1200    56691   43200      0    1.09e+00    0    7.65e-01
2014 02 03  1205    56691   43500      0    1.11e+00    0    7.76e-01
2014 02 03  1210    56691   43800      0    1.12e+00    0    7.85e-01
2014 02 03  1215    56691   44100      0    1.10e+00    0    7.67e-01
2014 02 03  1220    56691   44400      0    1.06e+00    0    7.47e-01
2014 02 03  1225    56691   44700      0    1.10e+00    0    7.78e-01
2014 02 03  1230    56691   45000      0    1.07e+00    0    7.57e-01
2014 02 03  1235    56691   45300      0    1.07e+00    0    7.45e-01
2014 02 03  1240    56691   45600      0    1.08e+00    0    7.62e-01
2014 02 03  1245    56691   45900      0    1.08e+00    0    7.56e-01
2014 02 03  1250    56691   46200      0    1.07e+00    0    7.41e-01
2014 02 03  1255    56691   46500      0    9.98e-01    0    7.11e-01
2014 02 03  1300    56691   46800      0    1.05e+00    0    7.38e-01
2014 02 03  1305    56691   47100      0    1.03e+00    0    7.20e-01
2014 02 03  1310    56691   47400      0    1.09e+00    0    7.65e-01
2014 02 03  1315    56691   47700      0    1.05e+00    0    7.44e-01
2014 02 03  1320    56691   48000      0    1.09e+00    0    7.65e-01
2014 02 03  1325    56691   48300      0    1.05e+00    0    7.46e-01
2014 02 03  1330    56691   48600      0    1.03e+00    0    7.19e-01
2014 02 03  1335    56691   48900      0    1.07e+00    0    7.41e-01
2014 02 03  1340    56691   49200      0    1.09e+00    0    7.60e-01
2014 02 03  1345    56691   49500      0    1.09e+00    0    7.63e-01
2014 02 03  1350    56691   49800      0    1.07e+00    0    7.48e-01
2014 02 03  1355    56691   50100      0    1.06e+00    0    7.41e-01
2014 02 03  1400    56691   50400      0    1.07e+00    0    7.49e-01
2014 02 03  1405    56691   50700      0    1.04e+00    0    7.36e-01
2014 02 03  1410    56691   51000      0    1.08e+00    0    7.56e-01
2014 02 03  1415    56691   51300      0    1.08e+00    0    7.49e-01
2014 02 03  1420    56691   51600      0    1.10e+00    0    7.74e-01
2014 02 03  1425    56691   51900      0    1.11e+00    0    7.77e-01
2014 02 03  1430    56691   52200      0    1.11e+00    0    7.77e-01
2014 02 03  1435    56691   52500      0    1.10e+00    0    7.76e-01
2014 02 03  1440    56691   52800      0    1.09e+00    0    7.59e-01
2014 02 03  1445    56691   53100      0    1.06e+00    0    7.42e-01
2014 02 03  1450    56691   53400      0    1.08e+00    0    7.51e-01
2014 02 03  1455    56691   53700      0    1.07e+00    0    7.49e-01
2014 02 03  1500    56691   54000      0    1.08e+00    0    7.56e-01
2014 02 03  1505    56691   54300      0    1.08e+00    0    7.63e-01
2014 02 03  1510    56691   54600      0    1.08e+00    0    7.59e-01
2014 02 03  1515    56691   54900      0    1.08e+00    0    7.56e-01
2014 02 03  1520    56691   55200      0    1.04e+00    0    7.26e-01
2014 02 03  1525    56691   55500      0    1.06e+00    0    7.48e-01
2014 02 03  1530    56691   55800      0    1.03e+00    0    7.35e-01
2014 02 03  1535    56691   56100      0    1.05e+00    0    7.36e-01
2014 02 03  1540    56691   56400      0    1.08e+00    0    7.54e-01
2014 02 03  1545    56691   56700      0    1.08e+00    0    7.57e-01
2014 02 03  1550    56691   57000      0    1.09e+00    0    7.60e-01
2014 02 03  1555    56691   57300      0    1.06e+00    0    7.45e-01
2014 02 03  1600    56691   57600      0    1.08e+00    0    7.61e-01
2014 02 03  1605    56691   57900      0    1.09e+00    0    7.74e-01
2014 02 03  1610    56691   58200      0    1.07e+00    0    7.50e-01
2014 02 03  1615    56691   58500      0    1.07e+00    0    7.47e-01
2014 02 03  1620    56691   58800      0    1.06e+00    0    7.40e-01
2014 02 03  1625    56691   59100      0    1.04e+00    0    7.25e-01
2014 02 03  1630    56691   59400      0    1.12e+00    0    7.92e-01
2014 02 03  1635    56691   59700      0    1.09e+00    0    7.58e-01
2014 02 03  1640    56691   60000      0    1.12e+00    0    7.86e-01
2014 02 03  1645    56691   60300      0    1.07e+00    0    7.50e-01
2014 02 03  1650    56691   60600      0    1.10e+00    0    7.70e-01
2014 02 03  1655    56691   60900      0    1.06e+00    0    7.43e-01
2014 02 03  1700    56691   61200      0    1.11e+00    0    7.85e-01
2014 02 03  1705    56691   61500      0    1.07e+00    0    7.44e-01
2014 02 03  1710    56691   61800      0    1.07e+00    0    7.44e-01
2014 02 03  1715    56691   62100      0    1.06e+00    0    7.47e-01
2014 02 03  1720    56691   62400      0    1.04e+00    0    7.32e-01
2014 02 03  1725    56691   62700      0    1.07e+00    0    7.49e-01
2014 02 03  1730    56691   63000      0    1.05e+00    0    7.39e-01
2014 02 03  1735    56691   63300      0    1.07e+00    0    7.55e-01
2014 02 03  1740    56691   63600      0    1.06e+00    0    7.39e-01
2014 02 03  1745    56691   63900      0    1.04e+00    0    7.32e-01
2014 02 03  1750    56691   64200      0    1.03e+00    0    7.25e-01
2014 02 03  1755    56691   64500      0    1.07e+00    0    7.59e-01
2014 02 03  1800    56691   64800      0    1.06e+00    0    7.35e-01
2014 02 03  1805    56691   65100      0    1.04e+00    0    7.28e-01
2014 02 03  1810    56691   65400      0    1.02e+00    0    7.18e-01
2014 02 03  1815    56691   65700      0    1.07e+00    0    7.44e-01
2014 02 03  1820    56691   66000      0    1.02e+00    0    7.07e-01
2014 02 03  1825    56691   66300      0    1.06e+00    0    7.47e-01
2014 02 03  1830    56691   66600      0    1.05e+00    0    7.37e-01
2014 02 03  1835    56691   66900      0    1.06e+00    0    7.49e-01
2014 02 03  1840    56691   67200      0    1.06e+00    0    7.47e-01
2014 02 03  1845    56691   67500      0    1.10e+00    0    7.74e-01
2014 02 03  1850    56691   67800      0    1.09e+00    0    7.70e-01
2014 02 03  1855    56691   68100      0    1.10e+00    0    7.80e-01
2014 02 03  1900    56691   68400      0    1.06e+00    0    7.46e-01
2014 02 03  1905    56691   68700      0    1.07e+00    0    7.53e-01
2014 02 03  1910    56691   69000      0    1.05e+00    0    7.41e-01
2014 02 03  1915    56691   69300      0    1.06e+00    0    7.39e-01
2014 02 03  1920    56691   69600      0    1.05e+00    0    7.34e-01
2014 02 03  1925    56691   69900      0    1.04e+00    0    7.25e-01
2014 02 03  1930    56691   70200      0    1.03e+00    0    7.32e-01
2014 02 03  1935    56691   70500      0    1.04e+00    0    7.29e-01
2014 02 03  1940    56691   70800      0    1.04e+00    0    7.28e-01
2014 02 03  1945    56691   71100      0    1.04e+00    0    7.24e-01
2014 02 03  1950    56691   71400      0    1.06e+00    0    7.46e-01
2014 02 03  1955    56691   71700      0    1.08e+00    0    7.56e-01
2014 02 03  2000    56691   72000      0    1.04e+00    0    7.29e-01
2014 02 03  2005    56691   72300      0    1.04e+00    0    7.29e-01
2014 02 03  2010    56691   72600      0    1.05e+00    0    7.43e-01
2014 02 03  2015    56691   72900      0    1.05e+00    0    7.34e-01
2014 02 03  2020    56691   73200      0    1.07e+00    0    7.49e-01
2014 02 03  2025    56691   73500      0    1.04e+00    0    7.33e-01
2014 02 03  2030    56691   73800      0    1.04e+00    0    7.32e-01
2014 02 03  2035    56691   74100      0    1.03e+00    0    7.19e-01
2014 02 03  2040    56691   74400      0    1.02e+00    0    7.08e-01
2014 02 03  2045    56691   74700      0    1.04e+00    0    7.27e-01
2014 02 03  2050    56691   75000      0    1.08e+00    0    7.64e-01
2014 02 03  2055    56691   75300      0    1.03e+00    0    7.21e-01
2014 02 03  2100    56691   75600      0    1.09e+00    0    7.67e-01
2014 02 03  2105    56691   75900      0    1.09e+00    0    7.61e-01
2014 02 03  2110    56691   76200      0    1.10e+00    0    7.77e-01
2014 02 03  2115    56691   76500      0    1.07e+00    0    7.49e-01
2014 02 03  2120    56691   76800      0    1.06e+00    0    7.43e-01
2014 02 03  2125    56691   77100      0    1.10e+00    0    7.72e-01
2014 02 03  2130    56691   77400      0    1.04e+00    0    7.35e-01
2014 02 03  2135    56691   77700      0    1.05e+00    0    7.32e-01
2014 02 03  2140    56691   78000      0    1.06e+00    0    7.48e-01
2014 02 03  2145    56691   78300      0    1.05e+00    0    7.44e-01
2014 02 03  2150    56691   78600      0    1.04e+00    0    7.25e-01
2014 02 03  2155    56691   78900      0    1.06e+00    0    7.46e-01
2014 02 03  2200    56691   79200      0    1.04e+00    0    7.28e-01
2014 02 03  2205    56691   79500      0    1.06e+00    0    7.48e-01
2014 02 03  2210    56691   79800      0    1.04e+00    0    7.28e-01
2014 02 03  2215    56691   80100      0    1.07e+00    0    7.56e-01
2014 02 03  2220    56691   80400      0    1.06e+00    0    7.44e-01
2014 02 03  2225    56691   80700      0    1.06e+00    0    7.50e-01
2014 02 03  2230    56691   81000      0    1.05e+00    0    7.41e-01
2014 02 03  2235    56691   81300      0    1.04e+00    0    7.32e-01
2014 02 03  2240    56691   81600      0    1.06e+00    0    7.35e-01
2014 02 03  2245    56691   81900      0    1.06e+00    0    7.42e-01
2014 02 03  2250    56691   82200      0    1.05e+00    0    7.37e-01
2014 02 03  2255    56691   82500      0    1.07e+00    0    7.47e-01
2014 02 03  2300    56691   82800      0    1.08e+00    0    7.61e-01
2014 02 03  2305    56691   83100      0    1.06e+00    0    7.44e-01
2014 02 03  2310    56691   83400      0    1.03e+00    0    7.11e-01
2014 02 03  2315    56691   83700      0    1.06e+00    0    7.39e-01
2014 02 03  2320    56691   84000      0    1.09e+00    0    7.70e-01
2014 02 03  2325    56691   84300      0    1.08e+00    0    7.58e-01
2014 02 03  2330    56691   84600      0    1.08e+00    0    7.60e-01
2014 02 03  2335    56691   84900      0    1.07e+00    0    7.58e-01
2014 02 03  2340    56691   85200      0    1.07e+00    0    7.51e-01
2014 02 03  2345    56691   85500      0    1.02e+00    0    7.22e-01
2014 02 03  2350    56691   85800      0    1.06e+00    0    7.44e-01
2014 02 03  2355    56691   86100      0    1.05e+00    0    7.36e-01
