:Data_list: 20140412_ace_sis_5m.txt
:Created: 2014 Apr 12 0901 UT
# Prepared by the U.S. Dept. of Commerce, NOAA, Space Weather Prediction Center
# Please send comments and suggestions to SWPC.Webmaster@noaa.gov 
# 
# Units: proton flux p/cs2-sec-ster
# Status(S): 0 = nominal data, 1 to 8 = bad data record, 9 = no data
# Missing data values: -1.00e+05
# Source: ACE Satellite - Solar Isotope Spectrometer
#
# 5-minute averaged Real-time Integral Flux of High-energy Solar Protons
# 
#                 Modified Seconds
# UT Date   Time   Julian  of the      ---- Integral Proton Flux ----
# YR MO DA  HHMM     Day     Day       S    > 10 MeV    S    > 30 MeV
#--------------------------------------------------------------------
2014 04 12  0000    56759       0      0    1.00e+00    0    7.10e-01
2014 04 12  0005    56759     300      0    1.03e+00    0    7.14e-01
2014 04 12  0010    56759     600      0    1.01e+00    0    7.08e-01
2014 04 12  0015    56759     900      0    9.89e-01    0    6.85e-01
2014 04 12  0020    56759    1200      0    1.01e+00    0    7.13e-01
2014 04 12  0025    56759    1500      0    1.02e+00    0    7.16e-01
2014 04 12  0030    56759    1800      0    1.02e+00    0    7.08e-01
2014 04 12  0035    56759    2100      0    9.96e-01    0    7.00e-01
2014 04 12  0040    56759    2400      0    1.01e+00    0    7.01e-01
2014 04 12  0045    56759    2700      0    1.01e+00    0    7.11e-01
2014 04 12  0050    56759    3000      0    1.01e+00    0    6.98e-01
2014 04 12  0055    56759    3300      0    1.03e+00    0    7.29e-01
2014 04 12  0100    56759    3600      0    9.93e-01    0    6.89e-01
2014 04 12  0105    56759    3900      0    1.02e+00    0    7.25e-01
2014 04 12  0110    56759    4200      0    9.88e-01    0    6.96e-01
2014 04 12  0115    56759    4500      0    1.01e+00    0    7.05e-01
2014 04 12  0120    56759    4800      0    1.00e+00    0    6.96e-01
2014 04 12  0125    56759    5100      0    1.00e+00    0    7.07e-01
2014 04 12  0130    56759    5400      0    9.96e-01    0    6.97e-01
2014 04 12  0135    56759    5700      0    1.02e+00    0    7.14e-01
2014 04 12  0140    56759    6000      0    9.94e-01    0    6.95e-01
2014 04 12  0145    56759    6300      0    9.96e-01    0    6.96e-01
2014 04 12  0150    56759    6600      0    1.00e+00    0    7.06e-01
2014 04 12  0155    56759    6900      0    1.03e+00    0    7.18e-01
2014 04 12  0200    56759    7200      0    9.96e-01    0    7.06e-01
2014 04 12  0205    56759    7500      0    1.00e+00    0    7.05e-01
2014 04 12  0210    56759    7800      0    1.00e+00    0    7.07e-01
2014 04 12  0215    56759    8100      0    9.80e-01    0    6.91e-01
2014 04 12  0220    56759    8400      0    9.84e-01    0    6.88e-01
2014 04 12  0225    56759    8700      0    1.02e+00    0    7.10e-01
2014 04 12  0230    56759    9000      0    9.82e-01    0    6.92e-01
2014 04 12  0235    56759    9300      0    9.79e-01    0    6.93e-01
2014 04 12  0240    56759    9600      0    1.01e+00    0    7.16e-01
2014 04 12  0245    56759    9900      0    1.01e+00    0    6.96e-01
2014 04 12  0250    56759   10200      0    9.89e-01    0    6.82e-01
2014 04 12  0255    56759   10500      0    9.94e-01    0    7.00e-01
2014 04 12  0300    56759   10800      0    9.83e-01    0    6.79e-01
2014 04 12  0305    56759   11100      0    1.00e+00    0    7.01e-01
2014 04 12  0310    56759   11400      0    9.86e-01    0    6.88e-01
2014 04 12  0315    56759   11700      0    1.00e+00    0    7.04e-01
2014 04 12  0320    56759   12000      0    9.81e-01    0    6.86e-01
2014 04 12  0325    56759   12300      0    1.03e+00    0    7.26e-01
2014 04 12  0330    56759   12600      0    1.01e+00    0    7.07e-01
2014 04 12  0335    56759   12900      0    9.84e-01    0    6.93e-01
2014 04 12  0340    56759   13200      0    1.01e+00    0    7.03e-01
2014 04 12  0345    56759   13500      0    1.02e+00    0    7.16e-01
2014 04 12  0350    56759   13800      0    9.86e-01    0    6.92e-01
2014 04 12  0355    56759   14100      0    1.02e+00    0    7.19e-01
2014 04 12  0400    56759   14400      0    9.49e-01    0    6.61e-01
2014 04 12  0405    56759   14700      0    9.95e-01    0    6.88e-01
2014 04 12  0410    56759   15000      0    9.89e-01    0    6.89e-01
2014 04 12  0415    56759   15300      0    1.01e+00    0    7.10e-01
2014 04 12  0420    56759   15600      0    1.03e+00    0    7.27e-01
2014 04 12  0425    56759   15900      0    1.01e+00    0    7.11e-01
2014 04 12  0430    56759   16200      0    1.03e+00    0    7.24e-01
2014 04 12  0435    56759   16500      0    9.86e-01    0    6.93e-01
2014 04 12  0440    56759   16800      0    9.88e-01    0    6.90e-01
2014 04 12  0445    56759   17100      0    1.02e+00    0    7.23e-01
2014 04 12  0450    56759   17400      0    1.02e+00    0    7.24e-01
2014 04 12  0455    56759   17700      0    9.97e-01    0    6.96e-01
2014 04 12  0500    56759   18000      0    9.95e-01    0    6.92e-01
2014 04 12  0505    56759   18300      0    1.02e+00    0    7.09e-01
2014 04 12  0510    56759   18600      0    1.01e+00    0    7.09e-01
2014 04 12  0515    56759   18900      0    1.01e+00    0    7.05e-01
2014 04 12  0520    56759   19200      0    1.00e+00    0    6.95e-01
2014 04 12  0525    56759   19500      0    1.02e+00    0    7.15e-01
2014 04 12  0530    56759   19800      0    9.81e-01    0    6.81e-01
2014 04 12  0535    56759   20100      0    1.03e+00    0    7.19e-01
2014 04 12  0540    56759   20400      0    9.87e-01    0    6.88e-01
2014 04 12  0545    56759   20700      0    1.02e+00    0    7.11e-01
2014 04 12  0550    56759   21000      0    1.01e+00    0    7.02e-01
2014 04 12  0555    56759   21300      0    9.71e-01    0    6.84e-01
2014 04 12  0600    56759   21600      0    9.99e-01    0    6.94e-01
2014 04 12  0605    56759   21900      0    9.98e-01    0    6.94e-01
2014 04 12  0610    56759   22200      0    1.01e+00    0    7.10e-01
2014 04 12  0615    56759   22500      0    1.01e+00    0    7.00e-01
2014 04 12  0620    56759   22800      0    1.00e+00    0    7.05e-01
2014 04 12  0625    56759   23100      0    1.03e+00    0    7.10e-01
2014 04 12  0630    56759   23400      0    1.01e+00    0    7.08e-01
2014 04 12  0635    56759   23700      0    9.84e-01    0    6.93e-01
2014 04 12  0640    56759   24000      0    1.01e+00    0    7.11e-01
2014 04 12  0645    56759   24300      0    1.00e+00    0    7.07e-01
2014 04 12  0650    56759   24600      0    9.97e-01    0    6.88e-01
2014 04 12  0655    56759   24900      0    9.99e-01    0    6.98e-01
2014 04 12  0700    56759   25200      0    1.03e+00    0    7.22e-01
2014 04 12  0705    56759   25500      0    1.00e+00    0    6.98e-01
2014 04 12  0710    56759   25800      0    9.77e-01    0    6.88e-01
2014 04 12  0715    56759   26100      0    9.97e-01    0    6.91e-01
2014 04 12  0720    56759   26400      0    9.98e-01    0    6.93e-01
2014 04 12  0725    56759   26700      0    9.93e-01    0    6.90e-01
2014 04 12  0730    56759   27000      0    9.95e-01    0    6.86e-01
2014 04 12  0735    56759   27300      0    1.00e+00    0    7.05e-01
2014 04 12  0740    56759   27600      0    9.75e-01    0    6.78e-01
2014 04 12  0745    56759   27900      0    9.96e-01    0    7.01e-01
2014 04 12  0750    56759   28200      0    9.89e-01    0    6.90e-01
2014 04 12  0755    56759   28500      0    1.01e+00    0    7.09e-01
2014 04 12  0800    56759   28800      0    1.01e+00    0    7.07e-01
2014 04 12  0805    56759   29100      0    9.80e-01    0    6.83e-01
2014 04 12  0810    56759   29400      0    9.92e-01    0    6.89e-01
2014 04 12  0815    56759   29700      0    9.80e-01    0    6.86e-01
2014 04 12  0820    56759   30000      0    1.01e+00    0    7.10e-01
2014 04 12  0825    56759   30300      0    9.92e-01    0    6.88e-01
2014 04 12  0830    56759   30600      0    1.02e+00    0    7.15e-01
2014 04 12  0835    56759   30900      0    9.79e-01    0    6.90e-01
2014 04 12  0840    56759   31200      0    9.99e-01    0    6.96e-01
2014 04 12  0845    56759   31500      0    9.90e-01    0    6.91e-01
2014 04 12  0850    56759   31800      0    1.01e+00    0    6.99e-01
2014 04 12  0855    56759   32100      0    1.02e+00    0    7.12e-01
