:Data_list: 20150312_ace_mag_1m.txt
:Created: 2015 Mar 12 0901 UT
# Prepared by the U.S. Dept. of Commerce, NOAA, Space Weather Prediction Center
# Please send comments and suggestions to SWPC.Webmaster@noaa.gov 
# 
# Magnetometer values are in GSM coordinates.
# 
# Units: Bx, By, Bz, Bt in nT
# Units: Latitude  degrees +/-  90.0
# Units: Longitude degrees 0.0 - 360.0
# Status(S): 0 = nominal data, 1 to 8 = bad data record, 9 = no data
# Missing data values: -999.9
# Source: ACE Satellite - Magnetometer
#
#              1-minute averaged Real-time Interplanetary Magnetic Field Values 
# 
#                 Modified Seconds
# UT Date   Time  Julian   of the   ----------------  GSM Coordinates ---------------
# YR MO DA  HHMM    Day      Day    S     Bx      By      Bz      Bt     Lat.   Long.
#------------------------------------------------------------------------------------
2015 03 12  0000   57093       0    0    -1.5     6.0     5.5     8.3    41.7   103.6
2015 03 12  0001   57093      60    0    -1.5     5.2     6.4     8.4    49.9   105.6
2015 03 12  0002   57093     120    0    -4.3     3.8     6.1     8.4    46.9   138.8
2015 03 12  0003   57093     180    0    -6.9     0.8     4.1     8.1    30.4   173.2
2015 03 12  0004   57093     240    0    -8.4    -0.5     2.1     8.7    14.2   183.3
2015 03 12  0005   57093     300    0    -8.3    -1.3     2.3     8.7    15.6   188.7
2015 03 12  0006   57093     360    0    -8.2    -1.0     2.2     8.6    15.0   186.7
2015 03 12  0007   57093     420    0    -8.3    -0.3     2.3     8.6    15.3   182.3
2015 03 12  0008   57093     480    0    -8.2    -0.1     2.5     8.6    16.7   181.0
2015 03 12  0009   57093     540    0    -8.1    -0.1     3.0     8.6    20.1   181.0
2015 03 12  0010   57093     600    0    -8.0     0.2     3.0     8.6    20.5   178.8
2015 03 12  0011   57093     660    0    -7.9     0.6     3.2     8.5    21.8   175.7
2015 03 12  0012   57093     720    0    -7.8     0.8     3.2     8.5    22.3   174.1
2015 03 12  0013   57093     780    0    -7.8     0.8     3.4     8.5    23.2   174.4
2015 03 12  0014   57093     840    0    -7.5     1.0     3.6     8.4    25.6   172.4
2015 03 12  0015   57093     900    0    -7.5     1.0     3.7     8.4    25.9   172.6
2015 03 12  0016   57093     960    0    -7.2     1.3     4.0     8.3    28.9   170.1
2015 03 12  0017   57093    1020    0    -7.0     0.7     4.4     8.3    32.0   174.4
2015 03 12  0018   57093    1080    0    -7.3     0.2     4.2     8.4    30.2   178.1
2015 03 12  0019   57093    1140    0    -7.5     0.2     3.8     8.4    26.9   178.4
2015 03 12  0020   57093    1200    0    -7.8    -0.0     3.1     8.4    21.5   180.3
2015 03 12  0021   57093    1260    0    -7.8     0.1     3.0     8.4    20.6   179.3
2015 03 12  0022   57093    1320    0    -7.5     0.1     3.8     8.4    27.1   179.3
2015 03 12  0023   57093    1380    0    -6.8     1.0     4.5     8.2    33.0   171.3
2015 03 12  0024   57093    1440    0    -6.9     0.9     4.3     8.1    31.7   172.1
2015 03 12  0025   57093    1500    0    -7.0     1.0     4.0     8.1    29.3   171.8
2015 03 12  0026   57093    1560    0    -6.5     0.5     4.6     8.0    35.2   175.6
2015 03 12  0027   57093    1620    0    -5.5     0.7     5.7     7.9    45.8   172.8
2015 03 12  0028   57093    1680    0    -6.6     1.7     4.2     8.0    31.8   165.3
2015 03 12  0029   57093    1740    0    -6.6     2.4     3.6     7.9    27.0   159.8
2015 03 12  0030   57093    1800    0    -6.3     0.6     4.9     8.0    37.6   174.5
2015 03 12  0031   57093    1860    0    -6.2     0.6     4.8     7.8    37.7   174.1
2015 03 12  0032   57093    1920    0    -5.3     1.5     5.4     7.7    43.9   163.9
2015 03 12  0033   57093    1980    0    -5.8     1.5     4.9     7.8    39.1   165.2
2015 03 12  0034   57093    2040    0    -5.9    -0.6     4.8     7.6    39.3   186.3
2015 03 12  0035   57093    2100    0    -5.8    -1.9     5.2     8.0    40.0   198.3
2015 03 12  0036   57093    2160    0    -5.0    -2.5     5.5     7.9    44.6   207.0
2015 03 12  0037   57093    2220    0    -3.9     2.8     3.5     6.0    36.1   144.3
2015 03 12  0038   57093    2280    0    -2.8     7.0     0.6     7.6     4.8   112.2
2015 03 12  0039   57093    2340    0    -3.6     6.7     1.2     7.7     9.1   118.3
2015 03 12  0040   57093    2400    0    -5.2     2.0     2.4     6.0    23.0   158.6
2015 03 12  0041   57093    2460    0    -4.5    -4.7     3.2     7.3    26.3   226.0
2015 03 12  0042   57093    2520    0    -4.7    -5.1     3.5     7.8    26.5   227.6
2015 03 12  0043   57093    2580    0    -4.7    -4.4     4.1     7.6    32.7   223.1
2015 03 12  0044   57093    2640    0    -4.7    -5.0     3.5     7.7    27.0   226.4
2015 03 12  0045   57093    2700    0    -5.5    -3.5     3.8     7.5    30.2   212.7
2015 03 12  0046   57093    2760    0    -5.9    -2.5     4.0     7.6    32.3   203.0
2015 03 12  0047   57093    2820    0    -5.5    -1.8     4.7     7.5    39.2   198.6
2015 03 12  0048   57093    2880    0    -5.8    -2.6     4.1     7.5    32.9   203.9
2015 03 12  0049   57093    2940    0    -5.8    -2.7     4.0     7.5    32.1   204.8
2015 03 12  0050   57093    3000    0    -5.1    -2.3     5.0     7.5    41.7   204.7
2015 03 12  0051   57093    3060    0    -6.3    -2.2     3.5     7.5    27.7   199.3
2015 03 12  0052   57093    3120    0    -6.6    -1.9     3.0     7.5    23.8   195.9
2015 03 12  0053   57093    3180    0    -6.7    -2.1     2.6     7.5    20.6   197.3
2015 03 12  0054   57093    3240    0    -6.8    -1.6     2.7     7.5    21.3   193.1
2015 03 12  0055   57093    3300    0    -6.6    -1.9     2.6     7.3    20.5   195.6
2015 03 12  0056   57093    3360    0    -6.0    -3.9     1.5     7.3    11.5   212.7
2015 03 12  0057   57093    3420    0    -6.2    -4.3     1.0     7.6     7.9   214.9
2015 03 12  0058   57093    3480    0    -6.6    -3.8     1.3     7.7     9.7   209.6
2015 03 12  0059   57093    3540    0    -6.6    -3.7     0.9     7.7     7.1   209.4
2015 03 12  0100   57093    3600    0    -6.9    -3.5     1.0     7.8     7.1   206.8
2015 03 12  0101   57093    3660    0    -6.9    -2.9     2.1     7.8    15.3   202.4
2015 03 12  0102   57093    3720    0    -7.1    -3.0     1.4     7.9    10.0   203.1
2015 03 12  0103   57093    3780    0    -7.3    -2.9     0.7     7.9     5.1   201.8
2015 03 12  0104   57093    3840    0    -7.3    -3.0     0.5     7.9     3.9   202.1
2015 03 12  0105   57093    3900    0    -7.3    -3.0     0.3     7.9     1.9   202.1
2015 03 12  0106   57093    3960    0    -7.2    -3.1    -0.1     7.9    -1.0   202.9
2015 03 12  0107   57093    4020    0    -7.4    -3.0    -0.2     7.9    -1.6   202.2
2015 03 12  0108   57093    4080    0    -7.3    -2.9    -0.3     7.9    -2.4   202.0
2015 03 12  0109   57093    4140    0    -7.3    -3.1    -0.4     7.9    -2.6   203.1
2015 03 12  0110   57093    4200    0    -7.1    -3.4    -0.7     7.9    -5.4   205.4
2015 03 12  0111   57093    4260    0    -7.0    -3.5    -1.1     7.9    -8.1   206.5
2015 03 12  0112   57093    4320    0    -6.7    -3.4    -0.2     7.5    -1.7   206.7
2015 03 12  0113   57093    4380    0    -5.6    -4.9    -1.4     7.6   -10.8   221.5
2015 03 12  0114   57093    4440    0    -5.6    -5.0    -1.2     7.6    -9.3   222.1
2015 03 12  0115   57093    4500    0    -6.4    -4.2    -0.5     7.7    -3.9   213.4
2015 03 12  0116   57093    4560    0    -7.1    -3.8     0.6     8.0     4.2   208.3
2015 03 12  0117   57093    4620    0    -6.4    -4.5     0.6     7.8     4.4   215.1
2015 03 12  0118   57093    4680    0    -6.2    -4.4     1.3     7.7     9.9   215.0
2015 03 12  0119   57093    4740    0    -6.1    -4.4     0.8     7.6     6.2   215.8
2015 03 12  0120   57093    4800    0    -6.1    -4.1     0.1     7.4     0.6   213.7
2015 03 12  0121   57093    4860    0    -5.0    -4.4    -0.3     6.6    -2.2   221.2
2015 03 12  0122   57093    4920    0    -4.7    -3.3    -0.8     5.8    -7.5   214.8
2015 03 12  0123   57093    4980    0    -4.8     1.7    -1.6     5.3   -17.9   160.5
2015 03 12  0124   57093    5040    0    -6.0     3.1    -1.5     6.9   -12.2   152.2
2015 03 12  0125   57093    5100    0    -6.2     3.5    -1.8     7.4   -14.1   150.8
2015 03 12  0126   57093    5160    0    -5.8     4.4    -1.4     7.5   -11.1   142.8
2015 03 12  0127   57093    5220    0    -5.5     5.1    -1.9     7.8   -13.8   137.4
2015 03 12  0128   57093    5280    0    -5.3     5.3    -2.2     7.8   -16.7   134.9
2015 03 12  0129   57093    5340    0    -5.1     5.3    -2.9     7.9   -21.8   134.0
2015 03 12  0130   57093    5400    0    -5.2     5.2    -2.9     7.9   -21.4   135.2
2015 03 12  0131   57093    5460    0    -5.7     4.9    -1.8     7.7   -13.5   139.0
2015 03 12  0132   57093    5520    0    -5.6     4.9    -2.4     7.9   -17.8   138.9
2015 03 12  0133   57093    5580    0    -5.2     5.4    -2.6     7.9   -18.9   134.2
2015 03 12  0134   57093    5640    0    -5.3     5.3    -2.5     7.9   -18.3   134.8
2015 03 12  0135   57093    5700    0    -5.2     5.3    -2.8     7.9   -20.6   134.4
2015 03 12  0136   57093    5760    0    -5.4     5.0    -2.6     7.8   -19.5   137.2
2015 03 12  0137   57093    5820    0    -5.1     5.2    -2.9     7.8   -21.9   134.1
2015 03 12  0138   57093    5880    0    -5.5     5.1    -2.8     8.0   -20.5   137.2
2015 03 12  0139   57093    5940    0    -5.5     5.0    -3.0     8.0   -21.7   137.7
2015 03 12  0140   57093    6000    0    -5.3     5.0    -3.2     7.9   -23.4   136.9
2015 03 12  0141   57093    6060    0    -4.7     4.8    -4.2     7.9   -31.9   134.5
2015 03 12  0142   57093    6120    0    -4.5     4.7    -4.6     7.9   -35.3   133.7
2015 03 12  0143   57093    6180    0    -4.5     4.8    -4.3     7.9   -33.3   132.7
2015 03 12  0144   57093    6240    0    -4.9     4.8    -3.8     7.9   -29.1   135.5
2015 03 12  0145   57093    6300    0    -4.9     4.6    -4.1     7.9   -31.3   137.2
2015 03 12  0146   57093    6360    0    -4.4     4.7    -4.5     7.8   -34.8   133.0
2015 03 12  0147   57093    6420    0    -4.2     4.3    -5.0     7.8   -39.5   134.3
2015 03 12  0148   57093    6480    0    -4.0     4.4    -5.0     7.8   -40.0   132.2
2015 03 12  0149   57093    6540    0    -3.6     4.2    -5.3     7.7   -43.8   130.0
2015 03 12  0150   57093    6600    0    -3.3     4.1    -5.4     7.5   -46.1   128.7
2015 03 12  0151   57093    6660    0    -2.8     4.0    -5.8     7.6   -49.7   125.1
2015 03 12  0152   57093    6720    0    -2.6     3.4    -6.2     7.6   -55.2   127.4
2015 03 12  0153   57093    6780    0    -2.6     3.6    -6.2     7.6   -54.1   125.4
2015 03 12  0154   57093    6840    0    -3.0     4.0    -5.8     7.7   -49.3   126.5
2015 03 12  0155   57093    6900    0    -3.2     4.2    -5.5     7.6   -46.5   127.2
2015 03 12  0156   57093    6960    0    -2.5     4.0    -6.0     7.6   -51.7   122.0
2015 03 12  0157   57093    7020    0    -3.2     4.3    -5.5     7.7   -45.7   126.8
2015 03 12  0158   57093    7080    0    -3.1     4.1    -5.7     7.7   -48.4   126.9
2015 03 12  0159   57093    7140    0    -3.6     4.4    -5.2     7.7   -42.6   129.2
2015 03 12  0200   57093    7200    0    -3.7     4.6    -4.9     7.7   -39.4   128.6
2015 03 12  0201   57093    7260    0    -3.9     4.9    -4.3     7.6   -34.0   128.6
2015 03 12  0202   57093    7320    0    -4.0     4.3    -5.0     7.7   -40.1   133.2
2015 03 12  0203   57093    7380    0    -4.1     4.5    -4.6     7.7   -37.0   132.5
2015 03 12  0204   57093    7440    0    -4.0     4.1    -5.2     7.7   -42.0   133.7
2015 03 12  0205   57093    7500    0    -4.3     4.2    -4.8     7.7   -38.9   135.2
2015 03 12  0206   57093    7560    0    -3.9     4.5    -4.9     7.7   -39.5   130.6
2015 03 12  0207   57093    7620    0    -3.7     4.6    -4.8     7.6   -39.2   128.7
2015 03 12  0208   57093    7680    0    -3.9     4.7    -4.7     7.7   -37.4   129.8
2015 03 12  0209   57093    7740    0    -3.5     4.5    -5.2     7.7   -42.2   127.5
2015 03 12  0210   57093    7800    0    -4.0     4.7    -4.7     7.7   -37.5   130.5
2015 03 12  0211   57093    7860    0    -4.2     4.7    -4.5     7.8   -35.4   131.5
2015 03 12  0212   57093    7920    0    -4.0     4.4    -4.9     7.7   -39.5   132.1
2015 03 12  0213   57093    7980    0    -4.0     4.6    -4.7     7.7   -37.3   130.8
2015 03 12  0214   57093    8040    0    -4.2     4.9    -4.2     7.7   -32.9   130.6
2015 03 12  0215   57093    8100    0    -4.5     4.7    -4.2     7.7   -32.9   133.6
2015 03 12  0216   57093    8160    0    -4.2     4.8    -4.2     7.6   -33.4   130.9
2015 03 12  0217   57093    8220    0    -3.7     5.3    -4.2     7.7   -32.9   125.1
2015 03 12  0218   57093    8280    0    -3.3     5.1    -4.7     7.7   -37.9   122.8
2015 03 12  0219   57093    8340    0    -3.3     5.0    -4.9     7.7   -39.4   123.6
2015 03 12  0220   57093    8400    0    -3.4     5.1    -4.8     7.7   -38.1   123.6
2015 03 12  0221   57093    8460    0    -2.8     4.9    -5.1     7.6   -42.0   119.4
2015 03 12  0222   57093    8520    0    -3.1     4.9    -4.8     7.6   -39.6   122.4
2015 03 12  0223   57093    8580    0    -3.3     5.7    -4.1     7.7   -32.0   120.2
2015 03 12  0224   57093    8640    0    -1.9     5.2    -5.0     7.5   -42.3   109.9
2015 03 12  0225   57093    8700    0    -4.5     5.4    -3.8     7.9   -28.5   129.9
2015 03 12  0226   57093    8760    0    -4.7     5.2    -3.9     8.0   -29.1   131.9
2015 03 12  0227   57093    8820    0    -4.6     4.5    -4.6     7.9   -35.4   135.6
2015 03 12  0228   57093    8880    0    -4.5     3.1    -5.7     7.9   -46.1   145.9
2015 03 12  0229   57093    8940    0    -5.0     4.0    -4.7     7.9   -36.5   141.5
2015 03 12  0230   57093    9000    0    -4.9     4.4    -4.5     8.0   -34.1   138.2
2015 03 12  0231   57093    9060    0    -5.3     4.5    -4.1     8.1   -30.2   139.8
2015 03 12  0232   57093    9120    0    -5.2     4.4    -4.4     8.1   -33.1   140.2
2015 03 12  0233   57093    9180    0    -5.4     4.6    -3.6     8.0   -26.9   139.3
2015 03 12  0234   57093    9240    0    -5.4     4.7    -3.3     7.9   -24.8   139.3
2015 03 12  0235   57093    9300    0    -5.5     4.7    -3.6     8.0   -26.3   139.5
2015 03 12  0236   57093    9360    0    -5.8     5.1    -2.3     8.0   -16.8   138.8
2015 03 12  0237   57093    9420    0    -5.3     4.2    -3.6     7.7   -28.0   142.0
2015 03 12  0238   57093    9480    0    -4.9     2.7    -5.9     8.1   -46.6   151.4
2015 03 12  0239   57093    9540    0    -4.6     3.0    -6.1     8.2   -48.2   146.7
2015 03 12  0240   57093    9600    0    -4.4     3.9    -5.3     7.9   -42.2   138.5
2015 03 12  0241   57093    9660    0    -4.7     5.0    -3.9     7.9   -29.7   133.3
2015 03 12  0242   57093    9720    0    -4.0     6.0    -2.7     7.7   -20.5   123.7
2015 03 12  0243   57093    9780    0    -5.0     4.5    -3.7     7.7   -28.5   137.8
2015 03 12  0244   57093    9840    0    -5.6     4.6    -3.2     7.9   -23.9   140.9
2015 03 12  0245   57093    9900    0    -6.2     4.2    -2.8     8.0   -20.4   145.7
2015 03 12  0246   57093    9960    0    -6.2     3.7    -3.4     8.0   -25.5   149.0
2015 03 12  0247   57093   10020    0    -6.0     4.0    -3.4     8.0   -25.4   145.9
2015 03 12  0248   57093   10080    0    -5.8     4.6    -3.0     8.0   -22.1   141.3
2015 03 12  0249   57093   10140    0    -5.7     4.9    -2.5     8.0   -18.2   139.4
2015 03 12  0250   57093   10200    0    -6.5     4.0    -2.8     8.1   -20.5   148.4
2015 03 12  0251   57093   10260    0    -6.3     4.6    -2.7     8.2   -19.1   143.9
2015 03 12  0252   57093   10320    0    -6.1     5.2    -2.0     8.3   -14.3   139.1
2015 03 12  0253   57093   10380    0    -6.2     4.8    -2.5     8.2   -18.0   142.5
2015 03 12  0254   57093   10440    0    -6.1     4.5    -2.8     8.1   -20.2   143.3
2015 03 12  0255   57093   10500    0    -5.9     5.3    -2.1     8.3   -15.0   138.1
2015 03 12  0256   57093   10560    0    -6.0     5.3    -2.2     8.3   -15.4   138.5
2015 03 12  0257   57093   10620    0    -5.9     5.2    -2.0     8.2   -14.4   138.7
2015 03 12  0258   57093   10680    0    -5.9     5.2    -2.2     8.2   -15.4   138.7
2015 03 12  0259   57093   10740    0    -5.7     5.3    -1.9     8.0   -14.0   137.3
2015 03 12  0300   57093   10800    0    -5.9     5.6    -1.4     8.3    -9.8   136.4
2015 03 12  0301   57093   10860    0    -6.1     5.3    -1.5     8.2   -10.4   139.0
2015 03 12  0302   57093   10920    0    -6.0     5.3    -1.4     8.2    -9.9   138.5
2015 03 12  0303   57093   10980    0    -5.8     5.6    -1.4     8.2    -9.6   136.3
2015 03 12  0304   57093   11040    0    -5.6     5.8    -1.3     8.1    -8.8   134.2
2015 03 12  0305   57093   11100    0    -5.9     5.5    -0.9     8.1    -6.3   137.0
2015 03 12  0306   57093   11160    0    -6.0     5.2    -1.5     8.1   -10.4   139.1
2015 03 12  0307   57093   11220    0    -5.4     5.5    -2.5     8.1   -18.2   134.3
2015 03 12  0308   57093   11280    0    -5.6     5.1    -3.3     8.3   -23.2   137.5
2015 03 12  0309   57093   11340    0    -5.6     4.8    -3.5     8.2   -25.6   139.5
2015 03 12  0310   57093   11400    0    -5.2     4.9    -3.7     8.1   -27.2   136.8
2015 03 12  0311   57093   11460    0    -4.7     4.5    -4.4     7.9   -34.0   136.2
2015 03 12  0312   57093   11520    0    -5.4     5.3    -2.7     8.0   -19.9   135.2
2015 03 12  0313   57093   11580    0    -4.9     5.5    -3.0     7.9   -22.0   131.5
2015 03 12  0314   57093   11640    0    -4.9     5.0    -3.7     7.9   -27.5   134.2
2015 03 12  0315   57093   11700    0    -4.6     5.9    -1.7     7.7   -12.9   127.6
2015 03 12  0316   57093   11760    0    -4.6     5.6    -1.8     7.5   -14.2   129.7
2015 03 12  0317   57093   11820    0    -5.3     5.2    -1.4     7.6   -11.0   135.8
2015 03 12  0318   57093   11880    0    -5.4     5.1    -1.2     7.5    -9.5   136.2
2015 03 12  0319   57093   11940    0    -5.4     4.9    -1.2     7.4    -9.3   138.2
2015 03 12  0320   57093   12000    0    -5.0     5.2    -1.2     7.3    -9.2   134.0
2015 03 12  0321   57093   12060    0    -4.5     4.6    -0.4     6.4    -3.9   134.6
2015 03 12  0322   57093   12120    0    -2.8    -0.2     4.4     5.2    57.6   184.5
2015 03 12  0323   57093   12180    0    -2.1    -0.8     5.1     5.6    66.4   202.1
2015 03 12  0324   57093   12240    0    -3.2     0.7     5.3     6.2    58.0   168.4
2015 03 12  0325   57093   12300    0    -3.8     0.9     5.1     6.4    52.7   167.2
2015 03 12  0326   57093   12360    0    -4.4     3.0     2.1     5.8    21.7   145.6
2015 03 12  0327   57093   12420    0    -5.3     3.1     0.6     6.2     5.7   149.6
2015 03 12  0328   57093   12480    0    -5.4     1.9     2.5     6.2    23.4   161.1
2015 03 12  0329   57093   12540    0    -4.7     2.3     3.1     6.1    30.9   153.7
2015 03 12  0330   57093   12600    0    -4.6     2.6     2.8     6.0    28.0   150.6
2015 03 12  0331   57093   12660    0    -4.5     3.1     2.9     6.2    27.8   145.1
2015 03 12  0332   57093   12720    0    -3.1     0.1     5.6     6.4    61.5   178.5
2015 03 12  0333   57093   12780    0    -3.7     0.1     5.3     6.5    55.0   177.8
2015 03 12  0334   57093   12840    0    -4.4     0.4     4.8     6.5    47.2   174.5
2015 03 12  0335   57093   12900    0    -4.3     0.8     4.6     6.3    46.2   169.8
2015 03 12  0336   57093   12960    0    -4.6     3.5     2.5     6.2    23.5   142.9
2015 03 12  0337   57093   13020    0    -3.9     1.2     4.7     6.2    48.7   163.7
2015 03 12  0338   57093   13080    0    -4.1     1.2     4.5     6.2    46.3   163.8
2015 03 12  0339   57093   13140    0    -4.0     1.7     4.3     6.1    44.6   156.8
2015 03 12  0340   57093   13200    0    -3.7     2.4     4.1     6.0    43.5   147.3
2015 03 12  0341   57093   13260    0    -4.1     2.6     3.6     6.1    36.2   147.4
2015 03 12  0342   57093   13320    0    -4.4     3.1     2.7     6.0    26.3   145.2
2015 03 12  0343   57093   13380    0    -4.9     3.0     2.2     6.1    20.7   148.7
2015 03 12  0344   57093   13440    0    -4.5     3.6     2.0     6.1    19.5   141.4
2015 03 12  0345   57093   13500    0    -4.7     3.8     1.2     6.1    11.0   140.9
2015 03 12  0346   57093   13560    0    -4.2     4.4    -0.5     6.1    -4.7   133.9
2015 03 12  0347   57093   13620    0    -4.4     4.5    -0.8     6.3    -7.6   134.1
2015 03 12  0348   57093   13680    0    -4.1     4.5     0.0     6.1     0.2   132.5
2015 03 12  0349   57093   13740    0    -4.0     4.6     0.0     6.1     0.2   131.4
2015 03 12  0350   57093   13800    0    -3.8     4.9     0.4     6.2     4.1   127.5
2015 03 12  0351   57093   13860    0    -3.8     5.2     0.6     6.4     5.0   125.9
2015 03 12  0352   57093   13920    0    -3.6     5.2     0.4     6.4     3.4   124.7
2015 03 12  0353   57093   13980    0    -3.5     5.3     0.6     6.4     5.6   123.0
2015 03 12  0354   57093   14040    0    -3.8     5.0     1.4     6.4    12.3   126.8
2015 03 12  0355   57093   14100    0    -3.7     4.9     1.9     6.5    17.4   127.1
2015 03 12  0356   57093   14160    0    -3.5     4.6     2.6     6.4    24.5   127.1
2015 03 12  0357   57093   14220    0    -3.8     4.2     2.8     6.3    26.9   132.2
2015 03 12  0358   57093   14280    0    -3.7     4.5     3.3     6.7    29.5   129.5
2015 03 12  0359   57093   14340    0    -1.3     6.4     1.0     6.6     9.0   101.6
2015 03 12  0400   57093   14400    0    -0.4     6.4     0.8     6.5     6.9    93.3
2015 03 12  0401   57093   14460    0     0.2     6.4    -0.1     6.4    -0.9    88.0
2015 03 12  0402   57093   14520    0     0.7     6.1    -2.0     6.5   -17.9    83.7
2015 03 12  0403   57093   14580    0     0.5     6.4    -0.8     6.4    -6.9    85.5
2015 03 12  0404   57093   14640    0    -0.3     6.5     0.2     6.5     2.1    92.6
2015 03 12  0405   57093   14700    0    -1.1     6.4     0.7     6.5     6.1    99.4
2015 03 12  0406   57093   14760    0    -1.4     6.3     0.8     6.5     7.2   102.3
2015 03 12  0407   57093   14820    0    -2.2     6.1     0.8     6.6     6.6   110.1
2015 03 12  0408   57093   14880    0    -1.1     6.5     0.4     6.6     3.5    99.6
2015 03 12  0409   57093   14940    0    -1.9     6.3     0.7     6.6     5.9   106.7
2015 03 12  0410   57093   15000    0    -1.5     6.4     0.8     6.6     7.0   103.0
2015 03 12  0411   57093   15060    0    -1.7     6.4     0.4     6.6     3.7   105.0
2015 03 12  0412   57093   15120    0    -1.5     6.4     0.6     6.6     4.8   103.2
2015 03 12  0413   57093   15180    0    -1.5     6.4     0.4     6.6     3.4   103.4
2015 03 12  0414   57093   15240    0    -1.9     6.3     0.9     6.7     7.9   106.8
2015 03 12  0415   57093   15300    0    -1.4     6.4     0.1     6.6     0.9   102.2
2015 03 12  0416   57093   15360    0     0.1     6.4     1.1     6.5     9.4    89.4
2015 03 12  0417   57093   15420    0     0.4     6.5     1.5     6.7    12.9    86.3
2015 03 12  0418   57093   15480    0    -0.0     6.5     2.0     6.8    16.8    90.4
2015 03 12  0419   57093   15540    0    -0.3     7.1     0.5     7.2     4.2    92.0
2015 03 12  0420   57093   15600    0    -0.1     7.5     0.4     7.5     3.2    91.0
2015 03 12  0421   57093   15660    0     0.1     7.2    -0.7     7.3    -5.5    89.6
2015 03 12  0422   57093   15720    0    -0.5     7.3     0.1     7.3     0.6    94.2
2015 03 12  0423   57093   15780    0    -0.7     7.4    -0.3     7.4    -2.7    95.7
2015 03 12  0424   57093   15840    0    -0.6     7.2    -1.1     7.3    -8.8    94.8
2015 03 12  0425   57093   15900    0    -0.4     7.1    -2.1     7.4   -16.5    93.3
2015 03 12  0426   57093   15960    0    -0.7     6.9    -2.0     7.2   -16.2    95.5
2015 03 12  0427   57093   16020    0    -0.6     6.7    -2.6     7.2   -20.8    95.1
2015 03 12  0428   57093   16080    0    -1.5     7.0    -2.0     7.4   -15.9   102.1
2015 03 12  0429   57093   16140    0    -2.3     7.0    -1.0     7.4    -8.1   107.9
2015 03 12  0430   57093   16200    0    -2.4     6.9    -1.0     7.3    -8.2   108.9
2015 03 12  0431   57093   16260    0    -2.5     6.8    -1.1     7.3    -8.9   110.1
2015 03 12  0432   57093   16320    0    -2.4     6.8    -2.0     7.5   -15.7   109.3
2015 03 12  0433   57093   16380    0    -1.4     7.2    -2.0     7.6   -15.2   101.3
2015 03 12  0434   57093   16440    0    -1.9     7.2    -1.6     7.6   -12.1   105.0
2015 03 12  0435   57093   16500    0    -2.0     7.1    -2.0     7.6   -15.2   106.0
2015 03 12  0436   57093   16560    0    -2.2     6.7    -2.5     7.5   -19.7   108.0
2015 03 12  0437   57093   16620    0    -2.8     6.7    -3.3     8.0   -24.5   112.4
2015 03 12  0438   57093   16680    0    -2.8     6.7    -3.0     7.9   -22.6   112.6
2015 03 12  0439   57093   16740    0    -3.2     6.7    -2.9     7.9   -21.5   115.5
2015 03 12  0440   57093   16800    0    -3.5     6.5    -3.0     8.0   -22.1   118.5
2015 03 12  0441   57093   16860    0    -4.2     5.8    -3.7     8.1   -27.5   126.1
2015 03 12  0442   57093   16920    0    -3.3     4.9    -4.8     7.6   -39.4   124.1
2015 03 12  0443   57093   16980    0    -2.6     5.9    -3.8     7.5   -30.6   113.5
2015 03 12  0444   57093   17040    0    -3.6     5.0    -4.4     7.5   -35.7   125.6
2015 03 12  0445   57093   17100    0    -3.3     5.1    -4.7     7.7   -37.8   122.6
2015 03 12  0446   57093   17160    0    -3.9     4.6    -4.7     7.7   -37.7   130.1
2015 03 12  0447   57093   17220    0    -3.8     4.2    -4.9     7.6   -40.9   132.3
2015 03 12  0448   57093   17280    0    -4.3     3.9    -4.8     7.6   -39.8   137.8
2015 03 12  0449   57093   17340    0    -5.2     2.6    -4.2     7.2   -35.7   153.3
2015 03 12  0450   57093   17400    0    -5.0     2.9    -4.3     7.2   -36.3   149.6
2015 03 12  0451   57093   17460    0    -5.3     2.4    -4.2     7.2   -35.6   155.7
2015 03 12  0452   57093   17520    0    -5.0     2.6    -4.4     7.2   -38.2   153.0
2015 03 12  0453   57093   17580    0    -4.1     3.8    -4.9     7.4   -41.1   136.9
2015 03 12  0454   57093   17640    0    -3.9     3.4    -5.7     7.7   -47.8   138.7
2015 03 12  0455   57093   17700    0    -3.5     3.5    -5.8     7.6   -49.5   135.4
2015 03 12  0456   57093   17760    0    -3.9     3.7    -5.3     7.5   -44.8   136.8
2015 03 12  0457   57093   17820    0    -4.1     3.5    -5.4     7.7   -45.2   139.2
2015 03 12  0458   57093   17880    0    -3.9     3.8    -5.5     7.7   -45.2   136.2
2015 03 12  0459   57093   17940    0    -4.2     4.0    -5.0     7.6   -40.8   136.7
2015 03 12  0500   57093   18000    0    -4.5     4.4    -4.6     7.8   -35.9   135.9
2015 03 12  0501   57093   18060    0    -4.0     5.2    -3.9     7.6   -30.7   127.9
2015 03 12  0502   57093   18120    0    -3.9     4.1    -5.0     7.6   -40.9   133.7
2015 03 12  0503   57093   18180    0    -4.0     3.8    -5.5     7.8   -44.8   136.2
2015 03 12  0504   57093   18240    0    -4.0     3.6    -5.6     7.8   -46.2   138.2
2015 03 12  0505   57093   18300    0    -3.7     3.5    -5.6     7.6   -47.3   136.3
2015 03 12  0506   57093   18360    0    -3.3     4.4    -4.7     7.2   -40.6   126.7
2015 03 12  0507   57093   18420    0    -2.9     3.1    -5.8     7.2   -53.7   132.7
2015 03 12  0508   57093   18480    0    -2.8     1.2    -6.6     7.2   -65.4   157.4
2015 03 12  0509   57093   18540    0    -2.7     1.3    -6.6     7.3   -65.5   154.6
2015 03 12  0510   57093   18600    0    -2.6     2.1    -6.3     7.1   -62.2   140.3
2015 03 12  0511   57093   18660    0    -3.1     1.1    -6.4     7.2   -62.7   160.8
2015 03 12  0512   57093   18720    0    -3.2     1.2    -6.5     7.3   -62.3   158.4
2015 03 12  0513   57093   18780    0    -2.8     1.5    -6.6     7.3   -64.4   151.6
2015 03 12  0514   57093   18840    0    -1.9     1.3    -6.8     7.2   -71.4   146.4
2015 03 12  0515   57093   18900    0    -1.5     0.8    -6.9     7.1   -76.1   154.0
2015 03 12  0516   57093   18960    0    -1.8     0.2    -6.9     7.1   -75.4   174.4
2015 03 12  0517   57093   19020    0    -2.0    -0.2    -6.8     7.1   -73.6   184.8
2015 03 12  0518   57093   19080    0    -2.5    -0.2    -6.7     7.2   -69.1   184.9
2015 03 12  0519   57093   19140    0    -2.6    -0.7    -6.6     7.1   -67.6   194.5
2015 03 12  0520   57093   19200    0    -2.7    -0.6    -6.5     7.0   -66.9   192.5
2015 03 12  0521   57093   19260    0    -2.7    -0.0    -6.2     6.8   -67.0   181.1
2015 03 12  0522   57093   19320    0    -2.8    -0.2    -6.3     6.9   -65.8   183.5
2015 03 12  0523   57093   19380    0    -2.9    -0.8    -6.2     6.9   -64.2   194.9
2015 03 12  0524   57093   19440    0    -2.8    -1.3    -6.4     7.1   -64.4   204.7
2015 03 12  0525   57093   19500    0    -2.5    -2.2    -5.5     6.5   -58.6   221.1
2015 03 12  0526   57093   19560    0    -2.8    -1.8    -5.2     6.2   -57.0   212.8
2015 03 12  0527   57093   19620    0    -2.3    -3.5    -5.3     6.7   -51.8   236.7
2015 03 12  0528   57093   19680    0    -2.4    -4.0    -4.9     6.8   -46.7   238.5
2015 03 12  0529   57093   19740    0    -2.3    -4.6    -4.6     6.9   -41.6   244.1
2015 03 12  0530   57093   19800    0    -2.1    -5.3    -4.1     7.0   -35.7   248.8
2015 03 12  0531   57093   19860    0    -1.4    -5.5    -4.0     7.0   -34.9   255.7
2015 03 12  0532   57093   19920    0    -1.8    -3.7    -4.3     6.0   -46.7   243.6
2015 03 12  0533   57093   19980    0    -2.7    -1.1    -6.0     6.6   -63.8   201.6
2015 03 12  0534   57093   20040    0    -1.8    -2.3    -6.0     6.6   -63.9   232.4
2015 03 12  0535   57093   20100    0    -1.6    -2.1    -6.2     6.8   -67.2   232.1
2015 03 12  0536   57093   20160    0    -2.0    -1.5    -6.4     6.8   -69.0   216.7
2015 03 12  0537   57093   20220    0    -2.0    -1.2    -6.5     6.9   -70.3   210.2
2015 03 12  0538   57093   20280    0    -2.7    -0.2    -6.5     7.1   -67.4   184.6
2015 03 12  0539   57093   20340    0    -3.9    -0.3    -6.0     7.2   -57.2   184.9
2015 03 12  0540   57093   20400    0    -4.1     0.9    -6.0     7.3   -54.8   167.2
2015 03 12  0541   57093   20460    0    -3.9     2.4    -5.7     7.3   -51.2   148.5
2015 03 12  0542   57093   20520    0    -2.3     5.0    -4.5     7.1   -39.4   114.6
2015 03 12  0543   57093   20580    0    -2.7     4.7    -4.6     7.1   -40.2   119.5
2015 03 12  0544   57093   20640    0    -2.6     4.9    -4.4     7.1   -38.0   117.8
2015 03 12  0545   57093   20700    0    -2.5     5.2    -4.0     7.0   -34.7   115.1
2015 03 12  0546   57093   20760    0    -2.3     5.2    -3.9     6.9   -34.2   113.6
2015 03 12  0547   57093   20820    0    -2.1     5.6    -4.0     7.2   -33.8   110.6
2015 03 12  0548   57093   20880    0    -2.5     5.3    -3.9     7.0   -33.8   115.2
2015 03 12  0549   57093   20940    0    -3.0     5.4    -3.4     7.0   -28.5   118.8
2015 03 12  0550   57093   21000    0    -2.1     5.9    -2.3     6.7   -19.9   110.0
2015 03 12  0551   57093   21060    0    -2.9     5.9    -2.2     7.0   -18.8   115.9
2015 03 12  0552   57093   21120    0    -3.5     5.4    -2.7     7.0   -22.4   123.1
2015 03 12  0553   57093   21180    0    -3.5     5.1    -3.1     6.9   -26.8   124.2
2015 03 12  0554   57093   21240    0    -3.2     5.7    -2.5     7.0   -20.8   119.4
2015 03 12  0555   57093   21300    0    -3.1     5.8    -2.4     7.0   -19.9   118.1
2015 03 12  0556   57093   21360    0    -3.6     5.6    -2.5     7.1   -20.8   122.7
2015 03 12  0557   57093   21420    0    -4.0     5.9    -1.7     7.3   -13.1   124.0
2015 03 12  0558   57093   21480    0    -4.0     5.9    -0.5     7.1    -4.3   124.5
2015 03 12  0559   57093   21540    0    -3.8     5.8    -0.6     7.0    -4.7   123.3
2015 03 12  0600   57093   21600    0    -3.7     5.9    -0.3     7.0    -2.3   121.8
2015 03 12  0601   57093   21660    0    -3.6     5.8    -0.9     6.9    -7.4   121.9
2015 03 12  0602   57093   21720    0    -3.5     5.4    -2.4     6.8   -20.2   122.6
2015 03 12  0603   57093   21780    0    -3.7     5.2    -2.5     6.8   -21.1   125.3
2015 03 12  0604   57093   21840    0    -3.6     5.4    -1.9     6.8   -16.6   123.6
2015 03 12  0605   57093   21900    0    -3.9     4.6    -2.9     6.7   -25.7   130.7
2015 03 12  0606   57093   21960    0    -4.2     3.9    -3.4     6.7   -30.8   137.5
2015 03 12  0607   57093   22020    0    -4.1     4.6    -2.8     6.8   -24.8   131.4
2015 03 12  0608   57093   22080    0    -4.0     5.1    -1.8     6.7   -15.7   128.0
2015 03 12  0609   57093   22140    0    -4.1     3.5    -3.2     6.3   -30.6   139.3
2015 03 12  0610   57093   22200    0    -3.9     3.0    -4.0     6.3   -39.3   142.5
2015 03 12  0611   57093   22260    0    -3.6     2.5    -3.8     5.8   -40.8   145.5
2015 03 12  0612   57093   22320    0    -3.2     3.3    -2.6     5.2   -29.3   134.4
2015 03 12  0613   57093   22380    0    -2.1     5.1    -0.4     5.6    -4.4   112.2
2015 03 12  0614   57093   22440    0    -2.5     5.0    -0.6     5.6    -6.0   116.8
2015 03 12  0615   57093   22500    0    -3.5     4.7    -1.3     6.0   -12.4   126.1
2015 03 12  0616   57093   22560    0    -3.3     4.8    -0.9     5.9    -8.7   124.2
2015 03 12  0617   57093   22620    0    -3.5     4.1    -1.5     5.6   -15.3   130.7
2015 03 12  0618   57093   22680    0    -4.6     0.4    -2.9     5.5   -31.9   174.8
2015 03 12  0619   57093   22740    0    -4.6     2.9    -1.8     5.7   -18.2   147.5
2015 03 12  0620   57093   22800    0    -4.4     3.7    -1.2     5.9   -11.6   139.9
2015 03 12  0621   57093   22860    0    -4.5     3.5    -1.4     5.9   -14.0   142.4
2015 03 12  0622   57093   22920    0    -4.2     4.1    -1.0     6.0    -9.8   135.9
2015 03 12  0623   57093   22980    0    -4.0     4.5    -0.7     6.0    -6.5   131.4
2015 03 12  0624   57093   23040    0    -4.0     4.4    -0.9     6.0    -8.3   132.5
2015 03 12  0625   57093   23100    0    -2.4     0.6    -2.0     3.2   -38.8   166.2
2015 03 12  0626   57093   23160    0    -1.8    -4.0    -3.2     5.4   -36.2   246.4
2015 03 12  0627   57093   23220    0    -2.2    -4.4    -3.0     5.8   -31.5   243.7
2015 03 12  0628   57093   23280    0    -0.6    -5.2    -2.6     5.8   -26.2   263.6
2015 03 12  0629   57093   23340    0    -0.5    -5.5    -2.0     5.9   -19.8   264.7
2015 03 12  0630   57093   23400    0    -0.3    -5.6    -1.1     5.8   -11.1   267.0
2015 03 12  0631   57093   23460    0     0.1    -5.5    -1.2     5.7   -12.4   271.3
2015 03 12  0632   57093   23520    0     0.1    -5.8    -0.9     5.9    -9.0   271.2
2015 03 12  0633   57093   23580    0     0.8    -5.7    -1.7     6.0   -16.2   277.9
2015 03 12  0634   57093   23640    0     0.9    -5.5    -1.9     5.9   -19.0   279.4
2015 03 12  0635   57093   23700    0     0.9    -5.6    -1.6     5.9   -15.2   278.8
2015 03 12  0636   57093   23760    0     0.8    -5.7    -1.6     6.0   -16.0   277.7
2015 03 12  0637   57093   23820    0     0.6    -5.5    -1.7     5.8   -17.1   276.3
2015 03 12  0638   57093   23880    0     1.0    -5.6    -2.2     6.1   -21.0   280.5
2015 03 12  0639   57093   23940    0     1.0    -5.5    -2.0     5.9   -20.0   280.1
2015 03 12  0640   57093   24000    0     2.2    -4.9    -2.2     5.8   -22.2   293.5
2015 03 12  0641   57093   24060    0     2.1    -5.1    -2.1     5.9   -20.9   292.0
2015 03 12  0642   57093   24120    0     2.2    -4.4    -2.0     5.3   -22.1   296.1
2015 03 12  0643   57093   24180    0     1.9    -5.3    -0.4     5.7    -4.4   289.4
2015 03 12  0644   57093   24240    0     1.7    -5.4    -0.5     5.7    -4.8   288.0
2015 03 12  0645   57093   24300    0    -3.4    -2.3    -4.4     6.0   -46.9   214.7
2015 03 12  0646   57093   24360    0    -3.2    -1.3    -4.7     5.8   -53.2   201.7
2015 03 12  0647   57093   24420    0    -4.2     0.6    -3.8     5.7   -42.1   171.6
2015 03 12  0648   57093   24480    0    -4.9     3.0    -2.0     6.0   -18.8   148.0
2015 03 12  0649   57093   24540    0    -4.8     3.0    -1.4     5.8   -13.6   147.9
2015 03 12  0650   57093   24600    0    -3.6     3.6     0.3     5.1     3.9   134.7
2015 03 12  0651   57093   24660    0    -3.0     4.8     1.2     5.8    11.7   122.2
2015 03 12  0652   57093   24720    0    -2.9     4.9    -0.5     5.7    -5.2   120.1
2015 03 12  0653   57093   24780    0    -3.6     4.7    -0.1     5.9    -0.8   126.9
2015 03 12  0654   57093   24840    0    -3.6     4.7    -0.7     5.9    -7.0   127.1
2015 03 12  0655   57093   24900    0    -2.8     5.1    -0.6     5.8    -6.3   118.9
2015 03 12  0656   57093   24960    0    -2.4     5.0     0.4     5.5     4.4   115.3
2015 03 12  0657   57093   25020    0    -2.8     4.5     0.1     5.2     1.3   121.9
2015 03 12  0658   57093   25080    0    -4.7     3.8    -1.1     6.2   -10.1   141.1
2015 03 12  0659   57093   25140    0    -4.9     3.5    -1.3     6.2   -12.6   144.6
2015 03 12  0700   57093   25200    0    -5.0     2.6    -1.9     5.9   -18.2   152.7
2015 03 12  0701   57093   25260    0    -4.6     2.0    -2.7     5.7   -28.4   156.4
2015 03 12  0702   57093   25320    0    -4.0     2.5    -2.9     5.5   -31.2   147.5
2015 03 12  0703   57093   25380    0    -4.3     1.2    -3.1     5.4   -34.4   164.0
2015 03 12  0704   57093   25440    0    -4.5    -0.0    -3.8     5.9   -40.4   180.3
2015 03 12  0705   57093   25500    0    -4.8     1.5    -3.1     5.9   -31.3   162.4
2015 03 12  0706   57093   25560    0    -4.6     1.3    -3.6     6.0   -37.1   164.7
2015 03 12  0707   57093   25620    0    -5.0     0.5    -3.5     6.2   -35.0   174.0
2015 03 12  0708   57093   25680    0    -4.7    -0.9    -3.5     6.0   -36.4   190.7
2015 03 12  0709   57093   25740    0    -3.4    -0.2    -3.8     5.1   -48.2   182.7
2015 03 12  0710   57093   25800    0    -0.9     5.1    -3.4     6.2   -33.5    99.9
2015 03 12  0711   57093   25860    0    -1.8     3.7    -4.9     6.4   -50.2   116.3
2015 03 12  0712   57093   25920    0    -2.6     2.6    -5.1     6.3   -54.1   135.5
2015 03 12  0713   57093   25980    0    -3.3     2.1    -5.2     6.5   -52.8   148.0
2015 03 12  0714   57093   26040    0    -3.6     1.9    -5.1     6.6   -51.7   152.6
2015 03 12  0715   57093   26100    0    -3.6     1.4    -5.2     6.5   -53.3   159.5
2015 03 12  0716   57093   26160    0    -3.7     1.2    -5.4     6.7   -53.8   162.3
2015 03 12  0717   57093   26220    0    -3.6     1.1    -5.4     6.6   -55.0   163.7
2015 03 12  0718   57093   26280    0    -3.7     0.6    -5.4     6.6   -55.8   171.4
2015 03 12  0719   57093   26340    0    -4.0     0.6    -5.2     6.6   -52.3   171.6
2015 03 12  0720   57093   26400    0    -3.9    -0.8    -5.4     6.7   -53.5   191.6
2015 03 12  0721   57093   26460    0    -4.1    -1.2    -5.1     6.6   -50.3   196.6
2015 03 12  0722   57093   26520    0    -4.0    -1.6    -4.9     6.5   -48.2   202.3
2015 03 12  0723   57093   26580    0    -3.6    -1.9    -4.7     6.2   -48.9   208.7
2015 03 12  0724   57093   26640    0    -3.3    -1.3    -5.0     6.1   -54.1   201.6
2015 03 12  0725   57093   26700    0    -3.0    -1.1    -5.0     6.0   -57.3   200.6
2015 03 12  0726   57093   26760    0    -3.3    -2.0    -4.7     6.1   -51.2   211.4
2015 03 12  0727   57093   26820    0    -2.5    -2.9    -4.7     6.0   -50.9   229.2
2015 03 12  0728   57093   26880    0    -1.9    -1.2    -5.1     5.6   -65.9   212.1
2015 03 12  0729   57093   26940    0    -2.8    -2.1    -4.8     5.9   -54.0   217.4
2015 03 12  0730   57093   27000    0    -1.8    -1.1    -5.4     5.7   -68.6   212.6
2015 03 12  0731   57093   27060    0    -2.2    -0.6    -5.3     5.8   -66.8   195.2
2015 03 12  0732   57093   27120    0    -3.2     0.3    -4.8     5.8   -55.7   174.9
2015 03 12  0733   57093   27180    0    -5.5     1.9    -2.0     6.2   -18.9   161.0
2015 03 12  0734   57093   27240    0    -5.9     1.4    -1.8     6.3   -16.6   166.6
2015 03 12  0735   57093   27300    0    -5.9     1.2    -1.9     6.3   -17.8   168.0
2015 03 12  0736   57093   27360    0    -5.6     1.9    -1.9     6.3   -18.1   161.3
2015 03 12  0737   57093   27420    0    -5.8     2.1    -1.3     6.3   -12.4   160.1
2015 03 12  0738   57093   27480    0    -5.8     2.1    -1.0     6.3    -9.4   160.0
2015 03 12  0739   57093   27540    0    -5.9     1.0    -1.9     6.3   -18.1   170.4
2015 03 12  0740   57093   27600    0    -5.7     0.4    -2.5     6.2   -23.5   175.9
2015 03 12  0741   57093   27660    0    -5.5     0.8    -2.7     6.2   -25.5   171.5
2015 03 12  0742   57093   27720    0    -5.3     0.6    -2.8     6.1   -27.4   173.2
2015 03 12  0743   57093   27780    0    -5.1     0.9    -3.2     6.1   -31.4   169.7
2015 03 12  0744   57093   27840    0    -4.9     1.1    -3.3     6.0   -33.3   167.8
2015 03 12  0745   57093   27900    0    -5.2     1.0    -3.0     6.1   -29.0   168.9
2015 03 12  0746   57093   27960    0    -5.2     1.1    -2.9     6.1   -28.1   168.1
2015 03 12  0747   57093   28020    0    -5.3     0.8    -2.8     6.0   -27.6   171.8
2015 03 12  0748   57093   28080    0    -5.2     1.1    -2.8     6.0   -28.1   167.9
2015 03 12  0749   57093   28140    0    -4.8     1.7    -3.0     5.9   -30.3   160.5
2015 03 12  0750   57093   28200    0    -4.9     1.3    -2.9     5.9   -29.9   165.5
2015 03 12  0751   57093   28260    0    -4.5     1.3    -3.8     6.0   -39.3   163.8
2015 03 12  0752   57093   28320    0    -4.6     1.9    -3.3     6.0   -33.6   158.2
2015 03 12  0753   57093   28380    0    -4.0     2.7    -3.7     6.0   -37.5   145.9
2015 03 12  0754   57093   28440    0    -3.9     2.4    -4.0     6.0   -41.1   148.5
2015 03 12  0755   57093   28500    0    -4.3     2.0    -3.9     6.1   -39.3   155.0
2015 03 12  0756   57093   28560    0    -3.9     2.2    -3.9     5.9   -40.7   150.9
2015 03 12  0757   57093   28620    0    -4.0     2.4    -3.7     5.9   -38.5   148.9
2015 03 12  0758   57093   28680    0    -3.9     0.1    -2.9     4.9   -36.8   179.0
2015 03 12  0759   57093   28740    0    -2.9    -3.0    -1.8     4.5   -23.0   225.3
2015 03 12  0800   57093   28800    0    -2.4    -2.4    -1.6     3.7   -24.8   224.8
2015 03 12  0801   57093   28860    0    -3.6     0.0    -2.6     4.4   -36.4   179.7
2015 03 12  0802   57093   28920    0    -2.6    -1.9    -2.5     4.1   -37.9   215.6
2015 03 12  0803   57093   28980    0    -2.6    -2.1    -2.6     4.3   -38.0   219.4
2015 03 12  0804   57093   29040    0    -3.3    -1.9    -3.2     5.0   -39.6   209.6
2015 03 12  0805   57093   29100    0    -3.0    -3.0    -0.9     4.4   -11.8   225.1
2015 03 12  0806   57093   29160    0    -4.0    -1.6    -3.1     5.3   -35.4   202.3
2015 03 12  0807   57093   29220    0    -3.8    -1.4    -2.8     4.9   -34.8   200.5
2015 03 12  0808   57093   29280    0    -4.0     0.3    -3.3     5.2   -39.3   176.4
2015 03 12  0809   57093   29340    0    -3.9    -0.6    -3.5     5.3   -41.6   188.3
2015 03 12  0810   57093   29400    0    -4.0    -1.8    -2.6     5.1   -30.8   203.9
2015 03 12  0811   57093   29460    0    -3.7    -2.0    -2.4     4.9   -29.9   208.0
2015 03 12  0812   57093   29520    0    -3.0    -0.9    -4.2     5.3   -53.3   195.8
2015 03 12  0813   57093   29580    0    -2.8    -0.2    -4.6     5.3   -59.0   184.4
2015 03 12  0814   57093   29640    0     0.8    -4.7    -2.5     5.4   -27.3   279.9
2015 03 12  0815   57093   29700    0    -0.6    -3.4    -3.9     5.2   -48.2   260.1
2015 03 12  0816   57093   29760    0    -2.0    -1.5    -4.8     5.4   -62.5   216.6
2015 03 12  0817   57093   29820    0    -2.1    -2.2    -4.6     5.5   -56.8   226.1
2015 03 12  0818   57093   29880    0    -1.3    -2.5    -4.6     5.4   -58.6   242.4
2015 03 12  0819   57093   29940    0    -2.1    -3.0    -3.5     5.1   -43.9   234.5
2015 03 12  0820   57093   30000    0    -1.9    -2.9    -3.8     5.1   -47.3   236.7
2015 03 12  0821   57093   30060    0    -1.6    -2.4    -4.6     5.4   -57.9   237.5
2015 03 12  0822   57093   30120    0    -1.5    -2.7    -4.6     5.5   -55.8   242.1
2015 03 12  0823   57093   30180    0    -1.8    -3.6    -3.8     5.5   -43.9   243.6
2015 03 12  0824   57093   30240    0    -0.7    -3.8    -3.7     5.3   -43.8   260.0
2015 03 12  0825   57093   30300    0    -0.7    -4.2    -3.5     5.5   -39.5   260.9
2015 03 12  0826   57093   30360    0    -0.9    -3.5    -3.9     5.3   -46.9   254.8
2015 03 12  0827   57093   30420    0    -2.0    -1.9    -4.6     5.3   -58.9   223.8
2015 03 12  0828   57093   30480    0    -1.5    -2.5    -4.3     5.2   -55.3   238.8
2015 03 12  0829   57093   30540    0    -1.5    -2.7    -4.3     5.2   -54.4   241.2
2015 03 12  0830   57093   30600    0    -1.2    -2.0    -4.7     5.2   -63.1   238.8
2015 03 12  0831   57093   30660    0    -0.3    -4.0    -3.7     5.4   -42.5   265.5
2015 03 12  0832   57093   30720    0    -0.7    -4.1    -3.7     5.5   -41.7   260.6
2015 03 12  0833   57093   30780    0    -0.0    -4.6    -2.2     5.1   -25.4   269.8
2015 03 12  0834   57093   30840    0     0.1    -4.2    -2.7     5.0   -33.1   271.1
2015 03 12  0835   57093   30900    0    -0.2    -4.4    -2.3     5.0   -28.0   267.7
2015 03 12  0836   57093   30960    0    -1.1    -2.7    -3.1     4.3   -46.4   248.2
2015 03 12  0837   57093   31020    0    -2.5    -1.6    -3.8     4.8   -52.6   212.2
2015 03 12  0838   57093   31080    0    -1.8    -3.4    -3.1     5.0   -38.6   242.5
2015 03 12  0839   57093   31140    0    -0.4    -4.6    -1.1     4.7   -13.1   265.6
2015 03 12  0840   57093   31200    0    -0.2    -4.5    -1.2     4.6   -15.3   267.4
2015 03 12  0841   57093   31260    0    -1.1    -4.0    -1.4     4.4   -18.6   254.1
2015 03 12  0842   57093   31320    0     0.9    -2.2    -4.2     4.8   -61.1   292.6
2015 03 12  0843   57093   31380    0     1.7    -2.2    -3.8     4.7   -53.6   307.4
2015 03 12  0844   57093   31440    0     0.9    -2.8    -3.4     4.5   -49.8   288.4
2015 03 12  0845   57093   31500    0    -0.2    -3.3    -3.1     4.5   -42.7   267.1
2015 03 12  0846   57093   31560    0    -0.4    -3.6     0.2     3.6     2.6   263.6
2015 03 12  0847   57093   31620    0    -0.2    -1.7     3.5     3.9    64.1   261.7
2015 03 12  0848   57093   31680    0    -2.0    -0.6     3.1     3.7    56.0   197.2
2015 03 12  0849   57093   31740    0    -2.2     0.4     4.2     4.8    61.8   168.7
2015 03 12  0850   57093   31800    0    -2.5     0.6     4.6     5.3    60.9   167.1
2015 03 12  0851   57093   31860    0    -3.2    -0.9     2.1     4.0    31.9   195.3
2015 03 12  0852   57093   31920    0    -4.1    -1.7     0.7     4.5     9.0   202.5
2015 03 12  0853   57093   31980    0    -4.6    -1.4     0.9     4.9    10.2   196.9
2015 03 12  0854   57093   32040    0    -3.5    -2.9     0.6     4.5     7.1   219.6
2015 03 12  0855   57093   32100    0    -3.1    -2.0     0.7     3.8    10.6   212.4
2015 03 12  0856   57093   32160    0    -2.6    -1.2     2.4     3.8    39.2   205.3
2015 03 12  0857   57093   32220    0    -2.2    -0.2     2.7     3.5    51.3   186.1
2015 03 12  0858   57093   32280    0    -1.5    -0.7     1.6     2.3    43.7   204.3
2015 03 12  0859   57093   32340    0    -1.5    -1.8     1.2     2.7    27.6   230.2
