:Data_list: 20151227_ace_mag_1m.txt
:Created: 2015 Dec 27 1001 UT
# Prepared by the U.S. Dept. of Commerce, NOAA, Space Weather Prediction Center
# Please send comments and suggestions to SWPC.Webmaster@noaa.gov 
# 
# Magnetometer values are in GSM coordinates.
# 
# Units: Bx, By, Bz, Bt in nT
# Units: Latitude  degrees +/-  90.0
# Units: Longitude degrees 0.0 - 360.0
# Status(S): 0 = nominal data, 1 to 8 = bad data record, 9 = no data
# Missing data values: -999.9
# Source: ACE Satellite - Magnetometer
#
#              1-minute averaged Real-time Interplanetary Magnetic Field Values 
# 
#                 Modified Seconds
# UT Date   Time  Julian   of the   ----------------  GSM Coordinates ---------------
# YR MO DA  HHMM    Day      Day    S     Bx      By      Bz      Bt     Lat.   Long.
#------------------------------------------------------------------------------------
2015 12 27  0000   57383       0    0     4.9    -4.3    -0.4     6.5    -3.8   319.1
2015 12 27  0001   57383      60    0     5.6    -3.4     0.3     6.5     2.7   328.7
2015 12 27  0002   57383     120    0     5.9    -3.2     0.6     6.8     5.1   331.4
2015 12 27  0003   57383     180    0     5.9    -3.3     0.4     6.8     3.5   330.7
2015 12 27  0004   57383     240    0     6.0    -3.2    -0.5     6.8    -4.0   332.1
2015 12 27  0005   57383     300    0     6.0    -3.1     0.2     6.7     1.6   332.3
2015 12 27  0006   57383     360    0     6.0    -3.0     0.7     6.7     6.1   333.8
2015 12 27  0007   57383     420    0     6.1    -2.6     0.9     6.7     8.0   336.5
2015 12 27  0008   57383     480    0     5.7    -3.3     0.8     6.7     6.6   329.6
2015 12 27  0009   57383     540    0     5.6    -3.2     1.2     6.6    10.1   330.3
2015 12 27  0010   57383     600    0     5.5    -3.2     1.6     6.5    14.1   329.2
2015 12 27  0011   57383     660    0     5.7    -3.2     0.4     6.5     3.4   330.8
2015 12 27  0012   57383     720    0     5.7    -3.0     0.2     6.5     2.2   332.7
2015 12 27  0013   57383     780    0     5.9    -2.7     1.1     6.6     9.3   335.5
2015 12 27  0014   57383     840    0     5.1    -4.1     0.6     6.6     5.3   321.3
2015 12 27  0015   57383     900    0     4.8    -4.5     0.2     6.6     1.5   316.7
2015 12 27  0016   57383     960    0     5.2    -4.2     0.6     6.7     4.9   321.3
2015 12 27  0017   57383    1020    0     5.1    -4.2     0.8     6.6     7.1   320.9
2015 12 27  0018   57383    1080    0     4.9    -4.3     1.4     6.6    11.8   318.5
2015 12 27  0019   57383    1140    0     4.8    -4.4     1.3     6.7    11.3   317.6
2015 12 27  0020   57383    1200    0     5.0    -4.2     1.3     6.6    11.5   320.0
2015 12 27  0021   57383    1260    0     5.6    -3.1     1.6     6.6    14.1   330.7
2015 12 27  0022   57383    1320    0     5.4    -3.5     1.4     6.6    12.3   327.4
2015 12 27  0023   57383    1380    0     5.6    -3.2     1.3     6.5    11.8   330.1
2015 12 27  0024   57383    1440    0     5.1    -4.1     1.3     6.6    11.0   320.8
2015 12 27  0025   57383    1500    0     4.9    -4.3     1.5     6.7    13.3   318.9
2015 12 27  0026   57383    1560    0     5.2    -3.7     1.6     6.6    14.2   324.4
2015 12 27  0027   57383    1620    0     5.0    -4.0     1.5     6.6    13.6   321.6
2015 12 27  0028   57383    1680    0     5.0    -3.8     2.0     6.6    18.0   322.4
2015 12 27  0029   57383    1740    0     5.0    -3.8     2.0     6.6    17.4   323.0
2015 12 27  0030   57383    1800    0     4.8    -4.2     1.6     6.6    13.8   318.4
2015 12 27  0031   57383    1860    0     4.8    -4.1     1.5     6.5    13.3   319.3
2015 12 27  0032   57383    1920    0     5.1    -2.7     2.9     6.4    26.7   332.3
2015 12 27  0033   57383    1980    0     5.1    -3.3     2.1     6.4    19.1   327.1
2015 12 27  0034   57383    2040    0     4.9    -4.1     1.3     6.5    11.4   319.9
2015 12 27  0035   57383    2100    0     4.3    -5.0     0.9     6.6     8.1   310.8
2015 12 27  0036   57383    2160    0     4.0    -5.2     1.2     6.7    10.6   307.3
2015 12 27  0037   57383    2220    0     4.0    -5.1     1.3     6.6    11.3   308.1
2015 12 27  0038   57383    2280    0     4.5    -4.2     1.8     6.4    16.5   316.9
2015 12 27  0039   57383    2340    0     4.3    -4.1     2.4     6.4    21.6   316.2
2015 12 27  0040   57383    2400    0     4.4    -4.2     2.2     6.4    19.6   316.2
2015 12 27  0041   57383    2460    0     4.8    -3.8     2.2     6.5    20.0   321.7
2015 12 27  0042   57383    2520    0     3.7    -5.2     2.0     6.7    17.2   305.6
2015 12 27  0043   57383    2580    0     4.3    -4.3     2.2     6.5    20.0   315.0
2015 12 27  0044   57383    2640    0     4.6    -4.2     2.1     6.5    18.3   317.2
2015 12 27  0045   57383    2700    0     4.7    -4.1     2.1     6.6    19.0   318.8
2015 12 27  0046   57383    2760    0     4.7    -4.0     2.4     6.6    21.1   319.7
2015 12 27  0047   57383    2820    0     4.3    -4.4     2.5     6.6    22.3   314.2
2015 12 27  0048   57383    2880    0     4.1    -4.3     2.5     6.4    22.7   314.3
2015 12 27  0049   57383    2940    0     4.7    -3.4     2.8     6.4    25.7   323.4
2015 12 27  0050   57383    3000    0     4.0    -4.6     1.6     6.3    14.5   311.1
2015 12 27  0051   57383    3060    0     3.5    -5.3    -0.8     6.4    -6.8   303.6
2015 12 27  0052   57383    3120    0     2.9    -5.6    -2.0     6.6   -17.6   297.1
2015 12 27  0053   57383    3180    0     3.2    -5.6    -0.4     6.5    -3.3   299.5
2015 12 27  0054   57383    3240    0     4.1    -4.9     0.1     6.4     1.1   309.8
2015 12 27  0055   57383    3300    0     4.2    -5.0    -0.3     6.5    -2.6   310.1
2015 12 27  0056   57383    3360    0     4.2    -5.0     0.0     6.5     0.3   310.3
2015 12 27  0057   57383    3420    0     4.4    -4.7     0.2     6.5     2.2   313.1
2015 12 27  0058   57383    3480    0     4.6    -4.4     0.2     6.4     2.0   316.2
2015 12 27  0059   57383    3540    0     4.7    -4.4     0.3     6.5     2.5   317.3
2015 12 27  0100   57383    3600    0     4.9    -4.1     0.1     6.4     0.7   319.8
2015 12 27  0101   57383    3660    0     4.4    -4.6     0.8     6.4     7.1   313.3
2015 12 27  0102   57383    3720    0     4.3    -4.5     1.6     6.4    14.0   313.6
2015 12 27  0103   57383    3780    0     4.3    -4.7     0.9     6.4     7.9   312.7
2015 12 27  0104   57383    3840    0     4.5    -4.5     0.6     6.4     5.2   315.5
2015 12 27  0105   57383    3900    0     4.8    -3.9     1.2     6.3    10.9   320.5
2015 12 27  0106   57383    3960    0     4.1    -5.0     0.2     6.4     1.6   309.2
2015 12 27  0107   57383    4020    0     4.2    -4.8    -0.1     6.4    -0.5   311.4
2015 12 27  0108   57383    4080    0     4.0    -5.0     0.7     6.4     5.9   309.0
2015 12 27  0109   57383    4140    0     4.1    -4.9     0.4     6.4     4.0   309.9
2015 12 27  0110   57383    4200    0     4.2    -4.8     0.3     6.4     2.4   311.0
2015 12 27  0111   57383    4260    0     4.3    -4.7     0.5     6.4     4.6   312.0
2015 12 27  0112   57383    4320    0     4.4    -4.7     0.3     6.4     2.8   313.1
2015 12 27  0113   57383    4380    0     4.2    -4.7     0.4     6.4     3.2   311.7
2015 12 27  0114   57383    4440    0     4.1    -4.9     0.8     6.4     6.8   309.9
2015 12 27  0115   57383    4500    0     3.7    -5.0     1.2     6.3    10.8   306.0
2015 12 27  0116   57383    4560    0     3.2    -5.4     1.4     6.4    12.4   300.9
2015 12 27  0117   57383    4620    0     4.0    -5.1     1.9     6.7    16.3   307.9
2015 12 27  0118   57383    4680    0     2.9    -5.6     1.9     6.6    16.5   297.6
2015 12 27  0119   57383    4740    0     2.6    -5.7     0.3     6.3     3.1   294.2
2015 12 27  0120   57383    4800    0     2.7    -5.8    -0.0     6.4    -0.1   295.1
2015 12 27  0121   57383    4860    0     3.0    -5.6    -0.3     6.3    -2.8   298.4
2015 12 27  0122   57383    4920    0     2.6    -5.8    -0.2     6.4    -1.8   294.4
2015 12 27  0123   57383    4980    0     2.3    -6.0    -0.4     6.5    -3.2   290.9
2015 12 27  0124   57383    5040    0     2.5    -5.9    -1.0     6.5    -8.7   292.5
2015 12 27  0125   57383    5100    0     2.5    -6.0    -0.6     6.5    -5.7   292.4
2015 12 27  0126   57383    5160    0     2.9    -5.8    -0.6     6.5    -5.7   296.3
2015 12 27  0127   57383    5220    0     2.9    -5.7    -0.8     6.4    -7.3   296.5
2015 12 27  0128   57383    5280    0     2.7    -5.7    -1.0     6.4    -9.3   295.5
2015 12 27  0129   57383    5340    0     2.2    -5.8    -2.0     6.5   -17.9   291.2
2015 12 27  0130   57383    5400    0     2.1    -5.8    -2.2     6.5   -19.3   289.6
2015 12 27  0131   57383    5460    0     2.1    -5.8    -2.3     6.5   -20.2   289.6
2015 12 27  0132   57383    5520    0     1.5    -5.8    -2.8     6.6   -25.3   284.3
2015 12 27  0133   57383    5580    0     1.3    -5.7    -3.0     6.6   -26.6   282.8
2015 12 27  0134   57383    5640    0     1.4    -5.4    -3.4     6.6   -30.9   284.9
2015 12 27  0135   57383    5700    0     1.9    -5.4    -3.0     6.5   -27.1   289.4
2015 12 27  0136   57383    5760    0     1.3    -5.6    -3.0     6.5   -27.6   282.5
2015 12 27  0137   57383    5820    0     0.5    -5.6    -3.4     6.6   -31.5   275.2
2015 12 27  0138   57383    5880    0     0.4    -5.5    -3.5     6.6   -32.6   274.1
2015 12 27  0139   57383    5940    0    -0.1    -5.5    -3.7     6.6   -33.9   268.8
2015 12 27  0140   57383    6000    0    -0.5    -5.6    -3.5     6.6   -31.8   264.4
2015 12 27  0141   57383    6060    0     1.8    -4.6    -2.0     5.4   -22.2   291.7
2015 12 27  0142   57383    6120    0     5.0    -1.6     3.1     6.1    30.7   342.5
2015 12 27  0143   57383    6180    0     5.8    -1.2     3.3     6.8    29.4   348.2
2015 12 27  0144   57383    6240    0     6.3    -1.5     3.0     7.1    24.7   346.2
2015 12 27  0145   57383    6300    0     6.4    -1.5     2.8     7.1    22.8   346.9
2015 12 27  0146   57383    6360    0     6.3    -1.4     2.9     7.0    24.1   347.9
2015 12 27  0147   57383    6420    0     6.1    -1.5     2.9     7.0    25.0   345.9
2015 12 27  0148   57383    6480    0     6.3    -1.2     2.6     7.0    22.3   348.9
2015 12 27  0149   57383    6540    0     6.5    -1.1     2.4     7.0    20.3   350.7
2015 12 27  0150   57383    6600    0     6.6    -1.0     2.6     7.1    21.1   351.6
2015 12 27  0151   57383    6660    0     6.5    -0.9     2.5     7.1    21.1   351.9
2015 12 27  0152   57383    6720    0     6.5    -1.2     2.6     7.1    21.8   349.9
2015 12 27  0153   57383    6780    0     6.4    -1.2     2.7     7.0    22.2   349.3
2015 12 27  0154   57383    6840    0     6.3    -1.3     2.7     7.0    22.5   348.1
2015 12 27  0155   57383    6900    0     6.5    -1.1     2.5     7.1    20.7   350.5
2015 12 27  0156   57383    6960    0     6.5    -1.1     2.4     7.0    20.0   350.2
2015 12 27  0157   57383    7020    0     6.5    -1.2     2.4     7.0    19.8   349.3
2015 12 27  0158   57383    7080    0     6.4    -1.3     2.3     7.0    19.5   348.8
2015 12 27  0159   57383    7140    0     6.3    -1.2     2.6     6.9    21.6   348.9
2015 12 27  0200   57383    7200    0     6.3    -1.4     2.5     6.9    21.1   347.8
2015 12 27  0201   57383    7260    0     6.3    -1.6     2.4     6.9    20.1   345.9
2015 12 27  0202   57383    7320    0     6.5    -1.5     2.0     7.0    16.6   346.8
2015 12 27  0203   57383    7380    0     6.5    -1.3     2.0     6.9    16.6   348.8
2015 12 27  0204   57383    7440    0     6.5    -1.3     2.1     6.9    18.0   348.6
2015 12 27  0205   57383    7500    0     6.4    -1.3     2.2     6.9    18.4   348.4
2015 12 27  0206   57383    7560    0     6.3    -1.5     2.2     6.9    18.9   346.2
2015 12 27  0207   57383    7620    0     6.4    -1.5     2.0     6.9    17.1   346.6
2015 12 27  0208   57383    7680    0     6.3    -1.4     2.5     6.9    21.2   347.6
2015 12 27  0209   57383    7740    0     6.3    -1.3     2.3     6.9    19.3   348.5
2015 12 27  0210   57383    7800    0     6.4    -0.9     2.0     6.8    17.5   351.8
2015 12 27  0211   57383    7860    0     6.5    -0.9     2.0     6.8    17.0   352.0
2015 12 27  0212   57383    7920    0     6.5    -0.9     2.1     6.9    17.9   351.7
2015 12 27  0213   57383    7980    0     6.4    -1.2     2.2     6.9    18.8   349.2
2015 12 27  0214   57383    8040    0     6.3    -1.5     2.3     6.9    19.4   346.4
2015 12 27  0215   57383    8100    0     6.1    -2.0     2.4     6.8    20.6   342.3
2015 12 27  0216   57383    8160    0     6.2    -1.6     2.5     6.8    21.1   345.7
2015 12 27  0217   57383    8220    0     6.2    -1.6     2.4     6.9    20.4   345.2
2015 12 27  0218   57383    8280    0     6.2    -1.5     2.5     6.8    21.3   346.7
2015 12 27  0219   57383    8340    0     6.2    -1.1     2.4     6.7    21.0   350.1
2015 12 27  0220   57383    8400    0     6.3    -0.1     2.8     6.9    24.0   358.8
2015 12 27  0221   57383    8460    0     6.3     0.1     2.8     6.9    24.1     0.9
2015 12 27  0222   57383    8520    0     6.3    -0.1     2.7     6.9    23.4   359.0
2015 12 27  0223   57383    8580    0     6.4    -0.3     2.6     6.9    22.0   357.6
2015 12 27  0224   57383    8640    0     6.3    -0.9     2.6     6.9    22.4   351.6
2015 12 27  0225   57383    8700    0     6.2    -0.4     2.8     6.8    23.8   356.3
2015 12 27  0226   57383    8760    0     6.3    -0.2     2.5     6.8    21.8   358.1
2015 12 27  0227   57383    8820    0     6.3    -0.6     2.5     6.8    21.3   354.9
2015 12 27  0228   57383    8880    0     6.2    -0.2     2.9     6.8    25.1   357.9
2015 12 27  0229   57383    8940    0     6.2    -0.9     2.5     6.7    21.7   351.6
2015 12 27  0230   57383    9000    0     6.3    -1.3     2.4     6.9    20.1   348.7
2015 12 27  0231   57383    9060    0     6.2    -1.4     2.4     6.8    20.8   347.6
2015 12 27  0232   57383    9120    0     6.2    -1.2     2.5     6.8    21.5   348.8
2015 12 27  0233   57383    9180    0     6.2    -1.2     2.6     6.8    22.1   349.4
2015 12 27  0234   57383    9240    0     6.1    -1.1     2.5     6.7    21.6   349.8
2015 12 27  0235   57383    9300    0     6.1    -1.0     2.6     6.7    22.6   350.4
2015 12 27  0236   57383    9360    0     6.1    -0.7     2.8     6.7    24.8   353.7
2015 12 27  0237   57383    9420    0     6.2    -0.7     2.7     6.8    23.1   353.6
2015 12 27  0238   57383    9480    0     6.2    -1.4     2.5     6.8    21.5   347.5
2015 12 27  0239   57383    9540    0     5.9    -2.2     2.4     6.7    20.4   339.6
2015 12 27  0240   57383    9600    0     5.2    -3.7     2.2     6.8    18.8   325.0
2015 12 27  0241   57383    9660    0     5.1    -4.0     2.0     6.8    17.6   321.6
2015 12 27  0242   57383    9720    0     5.4    -3.4     2.2     6.8    19.1   327.7
2015 12 27  0243   57383    9780    0     5.6    -3.0     2.3     6.8    19.6   331.8
2015 12 27  0244   57383    9840    0     5.5    -3.1     2.4     6.8    20.5   330.5
2015 12 27  0245   57383    9900    0     5.7    -2.8     2.3     6.8    20.0   333.8
2015 12 27  0246   57383    9960    0     5.7    -3.1     2.3     6.8    19.4   331.6
2015 12 27  0247   57383   10020    0     5.7    -2.8     2.4     6.8    20.8   333.8
2015 12 27  0248   57383   10080    0     5.7    -2.8     2.4     6.8    20.6   333.8
2015 12 27  0249   57383   10140    0     5.8    -2.8     2.5     6.8    21.2   334.4
2015 12 27  0250   57383   10200    0     5.5    -3.1     2.5     6.8    21.5   330.9
2015 12 27  0251   57383   10260    0     5.5    -3.2     2.5     6.9    21.4   330.1
2015 12 27  0252   57383   10320    0     5.5    -3.3     2.5     6.9    21.2   329.5
2015 12 27  0253   57383   10380    0     5.4    -3.5     2.5     6.9    21.5   326.7
2015 12 27  0254   57383   10440    0     5.6    -3.0     2.4     6.9    20.9   331.7
2015 12 27  0255   57383   10500    0     5.5    -3.5     2.2     6.9    18.5   327.8
2015 12 27  0256   57383   10560    0     5.6    -3.2     2.4     6.9    20.5   330.3
2015 12 27  0257   57383   10620    0     5.3    -3.8     2.1     6.9    17.5   324.5
2015 12 27  0258   57383   10680    0     5.2    -4.0     1.9     6.8    16.5   322.9
2015 12 27  0259   57383   10740    0     5.1    -4.1     2.0     6.8    16.6   321.0
2015 12 27  0300   57383   10800    0     5.0    -4.2     2.0     6.8    16.7   319.6
2015 12 27  0301   57383   10860    0     5.1    -4.1     2.1     6.9    17.6   321.2
2015 12 27  0302   57383   10920    0     5.4    -3.8     2.1     6.9    17.6   324.7
2015 12 27  0303   57383   10980    0     5.4    -3.6     2.2     6.9    18.5   326.7
2015 12 27  0304   57383   11040    0     6.1    -0.2     2.5     6.6    22.5   357.8
2015 12 27  0305   57383   11100    0     5.3     3.4     2.4     6.7    21.0    32.7
2015 12 27  0306   57383   11160    0     5.2     3.5     2.7     6.8    23.2    34.2
2015 12 27  0307   57383   11220    0     5.0     3.7     2.8     6.8    24.5    36.5
2015 12 27  0308   57383   11280    0     5.1     3.2     2.9     6.7    25.5    31.7
2015 12 27  0309   57383   11340    0     5.4     2.5     3.2     6.7    28.4    24.8
2015 12 27  0310   57383   11400    0     5.7     1.5     3.0     6.7    26.8    15.0
2015 12 27  0311   57383   11460    0     5.8     2.1     2.2     6.6    19.3    20.3
2015 12 27  0312   57383   11520    0     5.4     2.3     2.1     6.2    19.7    22.8
2015 12 27  0313   57383   11580    0     5.8     1.4     2.9     6.6    25.5    13.6
2015 12 27  0314   57383   11640    0     5.3     1.3     3.4     6.4    31.8    13.5
2015 12 27  0315   57383   11700    0     5.7     1.6     1.9     6.2    17.6    15.5
2015 12 27  0316   57383   11760    0     6.1     1.2     1.4     6.4    12.5    11.0
2015 12 27  0317   57383   11820    0     6.0     1.0     2.0     6.4    18.3     9.3
2015 12 27  0318   57383   11880    0     5.8     1.1     2.5     6.4    22.8    11.0
2015 12 27  0319   57383   11940    0     6.1     0.4     2.0     6.4    18.2     3.9
2015 12 27  0320   57383   12000    0     6.1     0.8     2.2     6.5    19.9     7.6
2015 12 27  0321   57383   12060    0     6.1     0.4     2.2     6.5    19.6     4.1
2015 12 27  0322   57383   12120    0     6.1    -0.1     2.3     6.5    20.4   358.8
2015 12 27  0323   57383   12180    0     6.3     0.3     1.8     6.5    16.3     3.1
2015 12 27  0324   57383   12240    0     6.2     0.0     2.0     6.5    17.9     0.3
2015 12 27  0325   57383   12300    0     6.0    -0.0     2.4     6.5    22.0   360.0
2015 12 27  0326   57383   12360    0     6.1    -1.1     1.9     6.4    17.0   349.5
2015 12 27  0327   57383   12420    0     6.1    -1.3     1.4     6.4    12.3   347.8
2015 12 27  0328   57383   12480    0     6.3    -0.9     1.4     6.5    12.8   352.2
2015 12 27  0329   57383   12540    0     6.3    -1.1     1.4     6.5    12.2   350.2
2015 12 27  0330   57383   12600    0     6.2    -1.4     1.3     6.5    11.2   346.9
2015 12 27  0331   57383   12660    0     6.1    -1.3     1.7     6.5    15.4   348.2
2015 12 27  0332   57383   12720    0     6.1    -1.4     1.8     6.5    15.9   347.3
2015 12 27  0333   57383   12780    0     5.9    -1.5     2.3     6.5    20.5   346.0
2015 12 27  0334   57383   12840    0     6.2    -1.2     1.7     6.5    15.2   348.9
2015 12 27  0335   57383   12900    0     6.2    -1.1     1.6     6.5    14.1   350.3
2015 12 27  0336   57383   12960    0     5.7    -2.2     1.3     6.2    12.4   338.7
2015 12 27  0337   57383   13020    0     3.7    -5.6    -0.0     6.7    -0.3   303.9
2015 12 27  0338   57383   13080    0     3.5    -5.7    -0.0     6.7    -0.4   301.3
2015 12 27  0339   57383   13140    0     4.2    -5.0     0.9     6.6     7.5   310.0
2015 12 27  0340   57383   13200    0     4.2    -5.0     0.8     6.6     6.8   310.2
2015 12 27  0341   57383   13260    0     4.1    -4.9     1.3     6.6    11.6   310.0
2015 12 27  0342   57383   13320    0     4.4    -4.7     1.2     6.6    10.6   313.6
2015 12 27  0343   57383   13380    0     4.5    -4.8     1.1     6.7     9.4   312.9
2015 12 27  0344   57383   13440    0     4.1    -5.3     0.2     6.7     1.8   308.1
2015 12 27  0345   57383   13500    0     4.0    -5.2    -0.3     6.6    -2.4   307.0
2015 12 27  0346   57383   13560    0     4.1    -5.0    -0.7     6.5    -6.3   309.1
2015 12 27  0347   57383   13620    0     3.8    -5.3     0.3     6.5     3.0   305.7
2015 12 27  0348   57383   13680    0     2.9    -6.0     0.5     6.6     4.0   295.9
2015 12 27  0349   57383   13740    0     3.0    -6.0     0.2     6.7     1.8   296.8
2015 12 27  0350   57383   13800    0     3.3    -5.7     0.0     6.6     0.3   300.0
2015 12 27  0351   57383   13860    0     3.9    -5.3    -0.2     6.6    -1.5   305.9
2015 12 27  0352   57383   13920    0     4.6    -4.8    -0.4     6.6    -3.6   313.6
2015 12 27  0353   57383   13980    0     5.2    -4.2    -0.9     6.8    -7.8   320.8
2015 12 27  0354   57383   14040    0     4.8    -4.4    -1.5     6.7   -12.7   317.5
2015 12 27  0355   57383   14100    0     4.6    -4.4    -1.8     6.7   -15.7   316.4
2015 12 27  0356   57383   14160    0     4.4    -4.4    -2.3     6.6   -20.3   314.9
2015 12 27  0357   57383   14220    0     4.0    -4.7    -2.3     6.6   -20.5   310.9
2015 12 27  0358   57383   14280    0     4.1    -4.6    -2.2     6.5   -19.6   311.7
2015 12 27  0359   57383   14340    0     4.3    -4.5    -1.6     6.4   -14.4   313.6
2015 12 27  0400   57383   14400    0     4.5    -4.5    -1.0     6.4    -8.5   314.7
2015 12 27  0401   57383   14460    0     4.5    -4.4     0.8     6.3     7.2   316.2
2015 12 27  0402   57383   14520    0     4.1    -5.0    -0.1     6.5    -0.5   309.3
2015 12 27  0403   57383   14580    0     3.7    -5.4    -1.0     6.6    -8.3   304.5
2015 12 27  0404   57383   14640    0     3.1    -5.5    -1.9     6.6   -16.5   298.9
2015 12 27  0405   57383   14700    0     2.5    -5.7    -2.3     6.6   -20.4   293.2
2015 12 27  0406   57383   14760    0     3.6    -5.0    -1.7     6.4   -15.3   305.6
2015 12 27  0407   57383   14820    0     5.6    -2.9     0.9     6.3     7.9   332.8
2015 12 27  0408   57383   14880    0     4.9    -4.0    -0.1     6.3    -0.9   320.9
2015 12 27  0409   57383   14940    0     5.2    -3.5     0.2     6.3     1.6   326.2
2015 12 27  0410   57383   15000    0     5.7    -2.4     1.0     6.3     9.3   337.2
2015 12 27  0411   57383   15060    0     5.5    -2.9     0.8     6.3     7.8   332.4
2015 12 27  0412   57383   15120    0     5.4    -3.1     0.5     6.3     4.5   330.6
2015 12 27  0413   57383   15180    0     4.0    -4.7    -1.3     6.3   -11.5   310.2
2015 12 27  0414   57383   15240    0     4.2    -4.8    -1.0     6.5    -8.6   311.5
2015 12 27  0415   57383   15300    0     3.9    -5.0    -1.1     6.4   -10.2   307.5
2015 12 27  0416   57383   15360    0     3.8    -5.2    -0.9     6.5    -8.2   306.1
2015 12 27  0417   57383   15420    0     3.8    -5.1    -1.1     6.4   -10.1   306.7
2015 12 27  0418   57383   15480    0     3.8    -5.0    -0.8     6.4    -7.0   307.3
2015 12 27  0419   57383   15540    0     4.2    -4.7    -0.0     6.4    -0.4   311.8
2015 12 27  0420   57383   15600    0     4.3    -4.7     0.2     6.4     1.8   312.2
2015 12 27  0421   57383   15660    0     4.2    -4.9    -0.2     6.5    -1.5   311.0
2015 12 27  0422   57383   15720    0     3.9    -5.1    -0.0     6.4    -0.1   307.1
2015 12 27  0423   57383   15780    0     4.1    -5.0     0.2     6.5     1.7   309.4
2015 12 27  0424   57383   15840    0     4.5    -4.6    -0.9     6.5    -7.8   314.8
2015 12 27  0425   57383   15900    0     4.6    -4.5    -0.6     6.5    -5.2   315.6
2015 12 27  0426   57383   15960    0     4.6    -4.5    -0.1     6.4    -1.1   315.3
2015 12 27  0427   57383   16020    0     4.6    -4.4     1.0     6.4     9.4   316.2
2015 12 27  0428   57383   16080    0     4.6    -4.5     0.6     6.5     5.3   315.8
2015 12 27  0429   57383   16140    0     4.3    -4.9     0.2     6.6     1.5   311.4
2015 12 27  0430   57383   16200    0     4.6    -4.7    -0.6     6.6    -5.0   314.4
2015 12 27  0431   57383   16260    0     4.1    -5.1    -1.2     6.7   -10.2   308.3
2015 12 27  0432   57383   16320    0     4.5    -4.8    -1.1     6.7    -9.5   313.6
2015 12 27  0433   57383   16380    0     4.3    -4.8    -1.4     6.6   -12.6   311.9
2015 12 27  0434   57383   16440    0     4.1    -5.1    -1.1     6.6    -9.3   308.7
2015 12 27  0435   57383   16500    0     4.0    -4.9    -2.2     6.7   -18.8   309.6
2015 12 27  0436   57383   16560    0     3.8    -4.7    -3.0     6.7   -26.5   308.9
2015 12 27  0437   57383   16620    0     3.9    -4.7    -2.9     6.7   -25.5   309.9
2015 12 27  0438   57383   16680    0     4.0    -4.5    -2.9     6.7   -26.1   311.6
2015 12 27  0439   57383   16740    0     3.9    -4.4    -2.9     6.6   -26.3   311.5
2015 12 27  0440   57383   16800    0     3.7    -5.3    -0.8     6.5    -7.2   304.6
2015 12 27  0441   57383   16860    0     3.2    -5.4    -1.9     6.6   -16.7   300.7
2015 12 27  0442   57383   16920    0     3.1    -5.6    -1.8     6.6   -15.4   299.5
2015 12 27  0443   57383   16980    0     2.8    -5.5    -2.1     6.5   -18.8   297.1
2015 12 27  0444   57383   17040    0     3.1    -5.2    -2.2     6.5   -20.2   301.1
2015 12 27  0445   57383   17100    0     2.9    -5.1    -2.8     6.5   -25.6   299.3
2015 12 27  0446   57383   17160    0     2.4    -5.6    -2.7     6.7   -23.6   292.9
2015 12 27  0447   57383   17220    0     2.5    -5.0    -3.8     6.8   -34.2   296.7
2015 12 27  0448   57383   17280    0     2.4    -4.4    -4.6     6.8   -42.4   299.3
2015 12 27  0449   57383   17340    0     2.3    -4.2    -4.6     6.7   -43.4   298.9
2015 12 27  0450   57383   17400    0     3.1    -4.8    -3.0     6.4   -27.5   303.4
2015 12 27  0451   57383   17460    0     3.7    -4.8    -1.8     6.3   -16.5   307.5
2015 12 27  0452   57383   17520    0     3.3    -5.0    -1.9     6.3   -17.2   303.4
2015 12 27  0453   57383   17580    0     2.8    -5.0    -3.3     6.6   -30.1   299.0
2015 12 27  0454   57383   17640    0     3.0    -4.9    -3.3     6.6   -29.7   301.1
2015 12 27  0455   57383   17700    0     2.5    -4.7    -3.8     6.6   -35.6   298.3
2015 12 27  0456   57383   17760    0     3.0    -5.1    -2.9     6.6   -26.4   301.0
2015 12 27  0457   57383   17820    0     2.9    -4.7    -3.8     6.7   -34.6   301.8
2015 12 27  0458   57383   17880    0     3.2    -5.4    -2.6     6.8   -23.0   300.4
2015 12 27  0459   57383   17940    0     3.2    -5.5    -2.7     6.9   -23.0   300.4
2015 12 27  0500   57383   18000    0     3.4    -5.5    -2.5     6.9   -21.6   301.6
2015 12 27  0501   57383   18060    0     3.1    -5.3    -3.1     6.9   -26.5   300.4
2015 12 27  0502   57383   18120    0     3.6    -5.0    -3.0     6.9   -25.7   305.4
2015 12 27  0503   57383   18180    0     3.7    -4.7    -3.4     6.9   -29.5   307.8
2015 12 27  0504   57383   18240    0     3.1    -4.6    -3.8     6.7   -34.2   304.2
2015 12 27  0505   57383   18300    0     3.6    -4.2    -4.0     6.8   -35.9   310.3
2015 12 27  0506   57383   18360    0     3.9    -4.0    -4.1     7.0   -35.8   314.3
2015 12 27  0507   57383   18420    0     4.5    -4.6    -2.2     6.8   -18.9   314.1
2015 12 27  0508   57383   18480    0     4.7    -4.6    -2.0     6.9   -17.2   315.9
2015 12 27  0509   57383   18540    0     4.8    -4.7    -1.4     6.9   -12.0   315.9
2015 12 27  0510   57383   18600    0     4.8    -4.7    -1.5     6.9   -12.6   315.8
2015 12 27  0511   57383   18660    0     3.5    -5.1    -3.1     6.9   -26.8   304.6
2015 12 27  0512   57383   18720    0     3.4    -5.0    -3.4     6.9   -29.3   304.1
2015 12 27  0513   57383   18780    0     4.0    -4.8    -3.0     6.9   -25.5   309.7
2015 12 27  0514   57383   18840    0     2.9    -5.5    -3.0     6.9   -26.2   297.5
2015 12 27  0515   57383   18900    0     5.6    -3.2     0.1     6.4     0.9   330.4
2015 12 27  0516   57383   18960    0     6.1    -2.6     0.9     6.7     8.1   337.3
2015 12 27  0517   57383   19020    0     6.2    -2.4     0.4     6.7     3.3   338.6
2015 12 27  0518   57383   19080    0     6.1    -2.7     0.5     6.7     4.1   335.8
2015 12 27  0519   57383   19140    0     6.1    -3.0     0.2     6.8     1.6   333.9
2015 12 27  0520   57383   19200    0     6.0    -3.0     0.6     6.7     5.5   333.1
2015 12 27  0521   57383   19260    0     6.0    -2.8     0.4     6.6     3.9   335.2
2015 12 27  0522   57383   19320    0     6.0    -2.8     0.5     6.7     4.7   334.6
2015 12 27  0523   57383   19380    0     5.8    -3.1     0.2     6.6     1.3   331.9
2015 12 27  0524   57383   19440    0     5.9    -3.0     0.1     6.6     0.6   333.1
2015 12 27  0525   57383   19500    0     5.8    -3.2    -0.3     6.6    -2.2   331.5
2015 12 27  0526   57383   19560    0     5.7    -3.1    -0.8     6.6    -6.7   331.4
2015 12 27  0527   57383   19620    0     5.6    -3.1    -1.1     6.5    -9.4   330.8
2015 12 27  0528   57383   19680    0     5.7    -3.1    -0.2     6.5    -1.4   331.3
2015 12 27  0529   57383   19740    0     5.7    -3.0     0.0     6.5     0.2   332.3
2015 12 27  0530   57383   19800    0     5.8    -3.0    -0.2     6.5    -1.4   332.7
2015 12 27  0531   57383   19860    0     5.6    -3.3    -0.3     6.5    -2.3   329.9
2015 12 27  0532   57383   19920    0     5.5    -3.3    -0.3     6.5    -3.0   329.1
2015 12 27  0533   57383   19980    0     5.3    -3.5    -1.1     6.4    -9.7   326.5
2015 12 27  0534   57383   20040    0     5.5    -3.3    -1.0     6.4    -9.0   329.1
2015 12 27  0535   57383   20100    0     5.5    -3.1    -1.2     6.4   -10.9   330.8
2015 12 27  0536   57383   20160    0     5.5    -2.9    -1.4     6.4   -12.3   332.2
2015 12 27  0537   57383   20220    0     5.4    -3.0    -1.7     6.4   -15.0   331.0
2015 12 27  0538   57383   20280    0     5.4    -3.1    -1.6     6.4   -14.3   330.0
2015 12 27  0539   57383   20340    0     5.3    -3.2    -1.6     6.4   -14.3   329.0
2015 12 27  0540   57383   20400    0     5.2    -3.3    -1.8     6.4   -16.4   327.9
2015 12 27  0541   57383   20460    0     4.8    -3.6    -2.1     6.4   -19.3   322.8
2015 12 27  0542   57383   20520    0     5.4    -2.1    -2.1     6.2   -19.9   338.7
2015 12 27  0543   57383   20580    0     5.6    -2.3    -1.6     6.3   -14.6   338.1
2015 12 27  0544   57383   20640    0     5.4    -2.2    -1.5     6.0   -14.7   338.3
2015 12 27  0545   57383   20700    0     4.4    -3.7    -2.3     6.2   -22.2   319.9
2015 12 27  0546   57383   20760    0     4.0    -4.2    -2.5     6.4   -23.0   313.7
2015 12 27  0547   57383   20820    0     4.3    -4.3    -1.5     6.3   -13.5   314.4
2015 12 27  0548   57383   20880    0     4.6    -4.1     0.0     6.2     0.1   318.5
2015 12 27  0549   57383   20940    0     4.5    -4.0    -0.9     6.1    -8.5   318.3
2015 12 27  0550   57383   21000    0     4.5    -3.6    -2.4     6.2   -22.5   321.0
2015 12 27  0551   57383   21060    0     4.5    -3.4    -2.6     6.2   -24.6   322.4
2015 12 27  0552   57383   21120    0     4.6    -3.0    -2.9     6.2   -28.0   327.0
2015 12 27  0553   57383   21180    0     4.2    -2.1    -3.8     6.0   -38.5   333.2
2015 12 27  0554   57383   21240    0     3.5    -1.4    -4.6     6.0   -50.2   338.3
2015 12 27  0555   57383   21300    0     4.0    -2.8    -3.4     5.9   -35.3   325.4
2015 12 27  0556   57383   21360    0     4.2    -2.4    -3.4     6.0   -35.2   330.2
2015 12 27  0557   57383   21420    0     4.2    -2.6    -3.4     5.9   -34.6   328.4
2015 12 27  0558   57383   21480    0     3.6    -3.6    -3.3     6.1   -32.9   315.5
2015 12 27  0559   57383   21540    0     3.5    -3.0    -3.9     6.1   -40.1   319.9
2015 12 27  0600   57383   21600    0     4.6    -1.2    -3.6     6.0   -37.0   346.0
2015 12 27  0601   57383   21660    0     3.6    -2.4    -3.3     5.4   -37.8   326.2
2015 12 27  0602   57383   21720    0     2.7    -5.2    -2.9     6.5   -26.8   297.8
2015 12 27  0603   57383   21780    0     3.2    -5.1    -2.6     6.6   -23.6   301.7
2015 12 27  0604   57383   21840    0     3.0    -5.2    -2.2     6.4   -20.5   299.7
2015 12 27  0605   57383   21900    0     3.1    -5.3    -2.3     6.5   -20.6   300.2
2015 12 27  0606   57383   21960    0     3.8    -4.7    -2.4     6.5   -21.7   309.0
2015 12 27  0607   57383   22020    0     3.7    -4.7    -2.5     6.5   -22.3   308.4
2015 12 27  0608   57383   22080    0     4.2    -4.0    -2.9     6.5   -26.1   316.3
2015 12 27  0609   57383   22140    0     4.2    -3.8    -3.2     6.5   -29.6   317.4
2015 12 27  0610   57383   22200    0     4.3    -2.9    -3.9     6.5   -37.3   326.0
2015 12 27  0611   57383   22260    0     4.0    -2.2    -4.4     6.3   -43.6   330.7
2015 12 27  0612   57383   22320    0     3.1    -4.2    -3.6     6.3   -34.3   306.2
2015 12 27  0613   57383   22380    0     4.0    -3.0    -3.9     6.3   -37.8   322.5
2015 12 27  0614   57383   22440    0     3.8    -2.5    -4.3     6.3   -43.1   326.5
2015 12 27  0615   57383   22500    0     3.3    -2.9    -4.4     6.2   -45.0   319.4
2015 12 27  0616   57383   22560    0     3.5    -2.4    -4.4     6.2   -46.2   325.4
2015 12 27  0617   57383   22620    0     3.9    -2.3    -4.0     6.1   -41.0   329.8
2015 12 27  0618   57383   22680    0     3.7    -1.7    -4.4     6.0   -47.6   334.6
2015 12 27  0619   57383   22740    0     4.4    -2.4    -3.1     5.9   -32.1   331.8
2015 12 27  0620   57383   22800    0     3.4    -2.4    -4.5     6.2   -47.6   324.3
2015 12 27  0621   57383   22860    0     3.8    -3.0    -4.0     6.3   -39.6   321.3
2015 12 27  0622   57383   22920    0     3.9    -3.0    -3.8     6.2   -37.8   322.7
2015 12 27  0623   57383   22980    0     4.3    -3.1    -3.3     6.2   -31.7   323.7
2015 12 27  0624   57383   23040    0     4.5    -3.2    -2.8     6.2   -27.1   324.6
2015 12 27  0625   57383   23100    0     4.6    -3.2    -2.5     6.1   -24.4   324.8
2015 12 27  0626   57383   23160    0     4.2    -3.9    -2.9     6.4   -27.1   317.1
2015 12 27  0627   57383   23220    0     3.8    -4.0    -3.1     6.4   -28.9   313.6
2015 12 27  0628   57383   23280    0     4.0    -4.5    -2.8     6.6   -24.9   311.4
2015 12 27  0629   57383   23340    0     4.2    -4.5    -2.6     6.6   -22.9   312.7
2015 12 27  0630   57383   23400    0     4.0    -4.7    -2.3     6.6   -20.4   310.6
2015 12 27  0631   57383   23460    0     4.1    -4.6    -2.4     6.6   -21.1   311.5
2015 12 27  0632   57383   23520    0     3.9    -4.6    -2.4     6.5   -22.0   310.9
2015 12 27  0633   57383   23580    0     4.0    -4.4    -2.5     6.4   -22.4   312.0
2015 12 27  0634   57383   23640    0     4.2    -4.2    -2.3     6.4   -21.3   315.3
2015 12 27  0635   57383   23700    0     4.2    -4.0    -2.6     6.4   -23.9   316.5
2015 12 27  0636   57383   23760    0     4.1    -4.2    -2.6     6.4   -23.7   314.2
2015 12 27  0637   57383   23820    0     4.2    -3.9    -2.6     6.3   -24.1   316.9
2015 12 27  0638   57383   23880    0     4.3    -3.3    -2.8     6.1   -27.9   322.5
2015 12 27  0639   57383   23940    0     3.7    -3.7    -3.1     6.0   -30.9   314.8
2015 12 27  0640   57383   24000    0     3.4    -3.6    -3.1     5.9   -32.3   314.0
2015 12 27  0641   57383   24060    0     4.1    -0.7    -2.6     4.9   -32.3   350.8
2015 12 27  0642   57383   24120    0     4.2     0.8    -1.5     4.6   -18.9    10.4
2015 12 27  0643   57383   24180    0     4.4    -2.3    -2.4     5.5   -25.8   332.3
2015 12 27  0644   57383   24240    0     4.3    -2.1    -2.6     5.5   -28.3   333.7
2015 12 27  0645   57383   24300    0     4.4    -1.6    -3.0     5.6   -32.8   340.2
2015 12 27  0646   57383   24360    0     4.5    -0.8    -3.0     5.5   -33.2   349.7
2015 12 27  0647   57383   24420    0     3.9    -2.2    -1.1     4.6   -14.3   330.1
2015 12 27  0648   57383   24480    0     3.4    -4.0     1.9     5.6    20.1   310.4
2015 12 27  0649   57383   24540    0     4.6    -3.5     0.1     5.8     0.8   323.0
2015 12 27  0650   57383   24600    0     4.7    -3.5    -0.3     5.8    -3.2   323.6
2015 12 27  0651   57383   24660    0     5.1    -2.7     0.0     5.7     0.1   332.0
2015 12 27  0652   57383   24720    0     5.5    -1.6    -0.3     5.7    -2.6   343.2
2015 12 27  0653   57383   24780    0     4.2    -3.4     1.2     5.5    13.1   321.2
2015 12 27  0654   57383   24840    0     4.1    -3.6     1.1     5.6    11.9   318.2
2015 12 27  0655   57383   24900    0     4.1    -4.3     0.2     6.0     2.0   313.4
2015 12 27  0656   57383   24960    0     4.8    -3.0    -1.3     5.8   -12.6   328.1
2015 12 27  0657   57383   25020    0     4.8    -2.9    -1.8     5.9   -17.8   328.7
2015 12 27  0658   57383   25080    0     4.6    -3.2    -2.0     6.0   -19.3   325.6
2015 12 27  0659   57383   25140    0     5.1    -2.6    -1.2     5.8   -12.0   333.1
2015 12 27  0700   57383   25200    0     5.2    -1.9    -1.3     5.7   -13.8   339.3
2015 12 27  0701   57383   25260    0     4.8    -2.7    -1.6     5.7   -16.2   330.6
2015 12 27  0702   57383   25320    0     4.3    -2.8    -2.0     5.5   -21.5   326.4
2015 12 27  0703   57383   25380    0     4.4    -2.5    -2.0     5.5   -21.6   330.4
2015 12 27  0704   57383   25440    0     4.1    -3.0    -2.4     5.6   -25.2   324.2
2015 12 27  0705   57383   25500    0     4.2    -2.4    -2.9     5.7   -30.6   330.7
2015 12 27  0706   57383   25560    0     4.0    -2.3    -2.6     5.3   -28.7   329.9
2015 12 27  0707   57383   25620    0     4.3    -2.9    -3.0     5.9   -29.9   325.6
2015 12 27  0708   57383   25680    0     3.3    -1.9    -4.0     5.5   -46.0   330.3
2015 12 27  0709   57383   25740    0     3.4    -4.2     2.1     5.8    20.9   308.6
2015 12 27  0710   57383   25800    0     3.2    -4.7     0.3     5.7     2.6   304.8
2015 12 27  0711   57383   25860    0     3.8    -3.2    -1.4     5.2   -15.6   320.2
2015 12 27  0712   57383   25920    0     4.3    -3.3     0.7     5.5     7.3   322.2
2015 12 27  0713   57383   25980    0     4.5    -2.8    -0.8     5.4    -8.1   327.6
2015 12 27  0714   57383   26040    0     4.7    -2.3    -1.1     5.4   -11.5   334.4
2015 12 27  0715   57383   26100    0     4.9    -2.4    -1.0     5.6    -9.9   333.8
2015 12 27  0716   57383   26160    0     5.5    -1.0    -0.9     5.6    -9.3   349.6
2015 12 27  0717   57383   26220    0     5.2    -2.0    -0.2     5.6    -2.1   338.4
2015 12 27  0718   57383   26280    0     5.2    -1.6    -1.1     5.6   -11.1   342.9
2015 12 27  0719   57383   26340    0     5.4    -0.9    -1.2     5.6   -12.3   350.7
2015 12 27  0720   57383   26400    0     5.5    -0.7    -1.1     5.7   -11.1   352.8
2015 12 27  0721   57383   26460    0     5.5    -0.6    -0.8     5.6    -8.0   353.4
2015 12 27  0722   57383   26520    0     5.5    -0.0    -1.1     5.6   -11.0   359.7
2015 12 27  0723   57383   26580    0     5.5     0.6    -0.8     5.6    -8.0     6.7
2015 12 27  0724   57383   26640    0     5.5     0.8    -1.1     5.7   -11.2     8.4
2015 12 27  0725   57383   26700    0     5.2    -0.2    -1.7     5.5   -18.0   357.7
2015 12 27  0726   57383   26760    0     3.2    -3.2    -2.7     5.3   -30.5   315.2
2015 12 27  0727   57383   26820    0     4.2    -2.4    -2.7     5.5   -29.4   329.7
2015 12 27  0728   57383   26880    0     4.3    -2.5    -2.3     5.5   -24.7   330.1
2015 12 27  0729   57383   26940    0     4.0    -2.9    -2.6     5.6   -27.8   324.6
2015 12 27  0730   57383   27000    0     3.6    -3.0    -3.0     5.6   -32.3   320.2
2015 12 27  0731   57383   27060    0     3.2    -2.9    -3.6     5.6   -40.1   317.7
2015 12 27  0732   57383   27120    0     3.2    -3.4    -3.2     5.7   -33.7   313.3
2015 12 27  0733   57383   27180    0     3.8    -2.4    -3.1     5.5   -34.5   327.6
2015 12 27  0734   57383   27240    0     3.4    -3.4    -2.5     5.4   -27.9   315.0
2015 12 27  0735   57383   27300    0     3.0    -4.3    -2.3     5.7   -24.2   304.6
2015 12 27  0736   57383   27360    0     3.0    -3.4    -3.1     5.5   -33.8   311.5
2015 12 27  0737   57383   27420    0     3.2    -3.5    -2.7     5.4   -29.8   312.9
2015 12 27  0738   57383   27480    0     4.1    -2.9    -1.5     5.2   -16.1   325.4
2015 12 27  0739   57383   27540    0     4.2    -1.8    -2.3     5.1   -26.7   337.2
2015 12 27  0740   57383   27600    0     3.7    -3.2     0.3     4.9     3.4   318.8
2015 12 27  0741   57383   27660    0     4.1    -3.0    -0.5     5.1    -5.8   323.4
2015 12 27  0742   57383   27720    0     3.5    -3.4    -1.1     5.0   -13.1   316.0
2015 12 27  0743   57383   27780    0     3.3    -3.1    -0.7     4.6    -8.6   317.1
2015 12 27  0744   57383   27840    0     4.3    -2.3    -1.0     5.0   -11.3   332.1
2015 12 27  0745   57383   27900    0     2.8    -3.3     0.0     4.4     0.6   310.7
2015 12 27  0746   57383   27960    0     3.5    -3.5    -1.7     5.2   -18.5   314.9
2015 12 27  0747   57383   28020    0     3.9    -2.9    -1.5     5.1   -16.4   323.3
2015 12 27  0748   57383   28080    0     4.0    -2.8    -1.2     5.0   -14.2   325.1
2015 12 27  0749   57383   28140    0     3.5    -3.2    -1.7     5.0   -19.7   316.9
2015 12 27  0750   57383   28200    0     3.7    -2.3    -2.2     4.9   -27.2   327.8
2015 12 27  0751   57383   28260    0     3.5    -2.4    -2.7     5.1   -32.5   326.1
2015 12 27  0752   57383   28320    0     3.4    -3.1    -2.1     5.0   -24.2   317.8
2015 12 27  0753   57383   28380    0     3.9    -3.7    -1.8     5.7   -18.0   316.8
2015 12 27  0754   57383   28440    0     4.3    -2.5    -2.4     5.5   -25.7   329.6
2015 12 27  0755   57383   28500    0     4.6    -1.6    -2.7     5.6   -29.1   341.4
2015 12 27  0756   57383   28560    0     2.7    -3.8    -2.6     5.3   -29.1   305.5
2015 12 27  0757   57383   28620    0     2.7    -4.3    -2.4     5.6   -25.7   302.6
2015 12 27  0758   57383   28680    0     3.2    -3.7    -2.6     5.5   -28.4   310.7
2015 12 27  0759   57383   28740    0     3.4    -3.7    -2.3     5.6   -24.7   312.9
2015 12 27  0800   57383   28800    0     3.3    -3.6    -2.7     5.6   -28.9   313.1
2015 12 27  0801   57383   28860    0     3.4    -3.3    -2.8     5.5   -30.6   315.7
2015 12 27  0802   57383   28920    0     3.3    -3.6    -2.7     5.6   -28.9   312.6
2015 12 27  0803   57383   28980    0     2.9    -4.0    -2.4     5.4   -26.4   305.9
2015 12 27  0804   57383   29040    0     2.4    -4.0    -2.5     5.4   -28.1   301.1
2015 12 27  0805   57383   29100    0     2.1    -4.0    -2.6     5.2   -29.9   298.2
2015 12 27  0806   57383   29160    0     4.0    -2.4    -1.7     5.0   -20.1   328.8
2015 12 27  0807   57383   29220    0     4.9    -0.7    -1.5     5.2   -17.2   352.1
2015 12 27  0808   57383   29280    0     5.2    -0.7    -1.2     5.3   -12.7   352.7
2015 12 27  0809   57383   29340    0     5.1    -1.7    -1.5     5.6   -16.0   341.8
2015 12 27  0810   57383   29400    0     5.2    -1.0    -0.9     5.4    -9.2   349.3
2015 12 27  0811   57383   29460    0     5.2     1.1    -0.2     5.3    -2.4    12.2
2015 12 27  0812   57383   29520    0     4.3     3.2     0.7     5.4     7.7    36.2
2015 12 27  0813   57383   29580    0     4.7     1.5    -0.9     5.0   -10.1    17.7
2015 12 27  0814   57383   29640    0     4.7    -0.3    -2.5     5.3   -27.4   356.3
2015 12 27  0815   57383   29700    0     4.2    -2.2    -2.7     5.4   -29.3   332.3
2015 12 27  0816   57383   29760    0     4.3    -2.3    -2.2     5.4   -24.7   331.7
2015 12 27  0817   57383   29820    0     5.0    -1.0    -1.7     5.4   -18.0   349.0
2015 12 27  0818   57383   29880    0     5.1     0.7    -0.8     5.2    -9.2     8.3
2015 12 27  0819   57383   29940    0     5.3     1.7    -0.4     5.6    -4.5    18.1
2015 12 27  0820   57383   30000    0     4.9     2.6    -0.1     5.5    -0.6    27.9
2015 12 27  0821   57383   30060    0     4.8     2.6    -0.4     5.5    -4.3    28.8
2015 12 27  0822   57383   30120    0     4.4     3.4    -0.3     5.6    -3.1    37.7
2015 12 27  0823   57383   30180    0     5.3     1.4    -0.4     5.4    -4.4    14.4
2015 12 27  0824   57383   30240    0     5.1     1.9    -0.5     5.5    -5.7    20.7
2015 12 27  0825   57383   30300    0     4.8     2.7    -0.1     5.6    -1.3    29.5
2015 12 27  0826   57383   30360    0     4.7     2.8    -0.6     5.6    -6.5    30.9
2015 12 27  0827   57383   30420    0     5.0     1.6    -2.0     5.6   -20.9    17.3
2015 12 27  0828   57383   30480    0     5.0     0.9    -1.8     5.4   -19.6    10.0
2015 12 27  0829   57383   30540    0     5.1     1.1    -1.5     5.4   -15.6    12.8
2015 12 27  0830   57383   30600    0     5.1     0.7    -1.9     5.4   -20.5     7.3
2015 12 27  0831   57383   30660    0     5.1    -1.2    -0.7     5.3    -7.6   346.5
2015 12 27  0832   57383   30720    0     5.2    -1.4    -0.2     5.4    -1.9   345.3
2015 12 27  0833   57383   30780    0     5.4    -0.4    -0.1     5.4    -1.6   355.7
2015 12 27  0834   57383   30840    0     5.3     0.1     0.6     5.4     6.6     0.6
2015 12 27  0835   57383   30900    0     5.2     0.3     1.2     5.4    12.6     3.3
2015 12 27  0836   57383   30960    0     5.1     0.7     1.1     5.2    12.2     7.6
2015 12 27  0837   57383   31020    0     4.9     1.4     1.0     5.2    11.1    16.4
2015 12 27  0838   57383   31080    0     4.6     1.9     1.6     5.2    17.5    22.6
2015 12 27  0839   57383   31140    0     4.4     2.1     1.7     5.2    18.9    25.8
2015 12 27  0840   57383   31200    0     4.3     2.6     1.1     5.1    12.0    31.6
2015 12 27  0841   57383   31260    0     4.7     1.8     1.1     5.1    12.5    20.8
2015 12 27  0842   57383   31320    0     4.7     1.2     1.7     5.1    19.1    14.8
2015 12 27  0843   57383   31380    0     4.5     1.8     1.8     5.2    20.0    21.9
2015 12 27  0844   57383   31440    0     4.5     1.9     1.9     5.2    20.9    22.8
2015 12 27  0845   57383   31500    0     4.7     1.8     1.4     5.2    15.6    21.0
2015 12 27  0846   57383   31560    0     4.2     2.4     2.0     5.2    22.2    30.4
2015 12 27  0847   57383   31620    0     3.8     2.9     2.1     5.2    23.4    36.9
2015 12 27  0848   57383   31680    0     3.6     3.0     2.2     5.2    25.0    39.7
2015 12 27  0849   57383   31740    0     3.6     3.4     2.4     5.5    26.5    43.3
2015 12 27  0850   57383   31800    0     3.9     3.3     2.3     5.6    24.3    40.5
2015 12 27  0851   57383   31860    0     3.7     3.7     2.4     5.7    24.8    44.8
2015 12 27  0852   57383   31920    0     3.4     3.8     2.4     5.6    25.3    48.8
2015 12 27  0853   57383   31980    0     3.2     4.3     2.6     5.9    25.7    53.2
2015 12 27  0854   57383   32040    0     3.1     4.2     2.4     5.8    24.7    53.5
2015 12 27  0855   57383   32100    0     3.2     4.3     2.3     5.8    23.4    53.2
2015 12 27  0856   57383   32160    0     3.3     4.1     2.1     5.6    21.7    50.9
2015 12 27  0857   57383   32220    0     3.1     3.3     1.4     4.7    17.3    47.0
2015 12 27  0858   57383   32280    0     2.8     3.0     1.5     4.4    19.6    47.7
2015 12 27  0859   57383   32340    0     2.6     2.9     1.6     4.2    22.0    48.1
2015 12 27  0900   57383   32400    0     2.8     2.7     1.6     4.2    22.7    44.7
2015 12 27  0901   57383   32460    0     3.2     3.1     1.6     4.7    20.0    44.2
2015 12 27  0902   57383   32520    0     3.2     3.3     1.7     4.9    20.9    45.8
2015 12 27  0903   57383   32580    0     3.1     3.3     2.0     5.0    23.9    47.2
2015 12 27  0904   57383   32640    0     3.4     2.7     1.6     4.7    20.0    38.5
2015 12 27  0905   57383   32700    0     3.4     2.6     1.4     4.5    18.0    37.4
2015 12 27  0906   57383   32760    0     3.4     3.3     0.9     4.9    10.8    44.0
2015 12 27  0907   57383   32820    0     2.4     3.6     1.5     4.6    19.4    55.7
2015 12 27  0908   57383   32880    0     2.7     3.0     0.5     4.1     6.4    48.1
2015 12 27  0909   57383   32940    0     4.1     2.8     0.3     5.0     3.8    34.2
2015 12 27  0910   57383   33000    0     3.4     3.6     1.4     5.1    16.1    46.0
2015 12 27  0911   57383   33060    0     3.9     3.1     1.3     5.2    14.8    39.0
2015 12 27  0912   57383   33120    0     3.8     2.6     1.6     4.9    19.6    34.6
2015 12 27  0913   57383   33180    0     4.3     0.3     2.1     4.7    25.8     3.4
2015 12 27  0914   57383   33240    0     4.1    -1.4     1.7     4.7    21.1   341.9
2015 12 27  0915   57383   33300    0     4.6    -2.2    -0.1     5.1    -1.3   333.9
2015 12 27  0916   57383   33360    0     4.5    -2.2    -0.8     5.1    -9.3   333.6
2015 12 27  0917   57383   33420    0     5.0    -1.5    -0.4     5.2    -3.8   343.4
2015 12 27  0918   57383   33480    0     5.0    -1.6    -0.8     5.3    -8.8   342.3
2015 12 27  0919   57383   33540    0     4.7    -2.2    -1.0     5.3   -11.3   335.3
2015 12 27  0920   57383   33600    0     4.8    -2.1    -0.8     5.3    -8.3   336.5
2015 12 27  0921   57383   33660    0     4.6    -2.6    -0.8     5.3    -8.8   331.0
2015 12 27  0922   57383   33720    0     4.6    -2.6    -0.5     5.3    -5.8   330.3
2015 12 27  0923   57383   33780    0     4.5    -2.7    -0.0     5.2    -0.2   328.8
2015 12 27  0924   57383   33840    0     4.7    -2.5     0.4     5.3     3.9   331.5
2015 12 27  0925   57383   33900    0     4.6    -2.4     0.2     5.2     2.1   332.6
2015 12 27  0926   57383   33960    0     4.5    -2.5    -0.3     5.2    -3.5   331.3
2015 12 27  0927   57383   34020    0     4.3    -2.8    -0.2     5.2    -2.5   326.8
2015 12 27  0928   57383   34080    0     4.1    -3.0    -0.3     5.1    -3.3   323.8
2015 12 27  0929   57383   34140    0     4.0    -3.3    -0.2     5.2    -2.4   320.4
2015 12 27  0930   57383   34200    0     4.1    -3.1     0.0     5.1     0.0   322.2
2015 12 27  0931   57383   34260    0     3.6    -3.6    -0.1     5.1    -1.4   314.8
2015 12 27  0932   57383   34320    0     3.4    -3.3     1.0     4.8    11.5   315.3
2015 12 27  0933   57383   34380    0     3.7    -3.1    -0.4     4.9    -5.0   320.5
2015 12 27  0934   57383   34440    0     3.2    -3.5    -0.5     4.8    -6.1   311.7
2015 12 27  0935   57383   34500    0     2.8    -3.7    -0.6     4.7    -7.7   306.5
2015 12 27  0936   57383   34560    0    -0.3    -4.6    -1.5     4.9   -18.4   266.5
2015 12 27  0937   57383   34620    0    -0.2    -4.9    -1.8     5.2   -20.6   268.1
2015 12 27  0938   57383   34680    0    -1.3    -5.2    -2.3     5.8   -22.8   256.0
2015 12 27  0939   57383   34740    0    -0.0    -5.7    -2.0     6.0   -19.0   269.5
2015 12 27  0940   57383   34800    0     0.0    -5.8    -1.8     6.0   -17.8   270.0
2015 12 27  0941   57383   34860    0     0.0    -5.8    -1.6     6.1   -15.8   270.2
2015 12 27  0942   57383   34920    0    -0.4    -6.0    -0.7     6.0    -7.0   266.5
2015 12 27  0943   57383   34980    0     0.0    -5.9    -0.5     5.9    -4.4   270.4
2015 12 27  0944   57383   35040    0     0.2    -5.8    -0.8     5.9    -7.9   271.7
2015 12 27  0945   57383   35100    0     0.2    -5.9    -0.4     5.9    -4.3   271.9
2015 12 27  0946   57383   35160    0     1.0    -5.7    -1.0     5.9    -9.3   279.6
2015 12 27  0947   57383   35220    0     1.4    -5.5    -1.2     5.8   -11.4   284.4
2015 12 27  0948   57383   35280    0     2.0    -5.2     0.1     5.5     1.5   290.7
2015 12 27  0949   57383   35340    0     2.1    -5.1    -0.7     5.6    -7.5   292.4
2015 12 27  0950   57383   35400    0     1.9    -4.9    -2.0     5.7   -21.2   290.9
2015 12 27  0951   57383   35460    0     2.2    -4.9    -1.7     5.6   -17.2   294.1
2015 12 27  0952   57383   35520    0     1.9    -4.2    -2.3     5.2   -26.1   294.2
2015 12 27  0953   57383   35580    0     1.5    -5.5    -1.2     5.8   -11.5   285.1
2015 12 27  0954   57383   35640    0     1.7    -5.4    -0.6     5.7    -6.4   287.6
2015 12 27  0955   57383   35700    0     3.4    -4.0     0.9     5.4    10.1   310.2
2015 12 27  0956   57383   35760    0     4.1    -3.2     0.8     5.3     9.0   322.4
2015 12 27  0957   57383   35820    0     3.4    -4.2     0.3     5.4     3.3   308.7
2015 12 27  0958   57383   35880    0     3.3    -4.3     0.2     5.5     2.3   307.7
2015 12 27  0959   57383   35940    0     3.0    -4.6    -0.2     5.5    -1.9   302.6
