:Data_list: 20150718_ace_mag_1m.txt
:Created: 2015 Jul 18 0901 UT
# Prepared by the U.S. Dept. of Commerce, NOAA, Space Weather Prediction Center
# Please send comments and suggestions to SWPC.Webmaster@noaa.gov 
# 
# Magnetometer values are in GSM coordinates.
# 
# Units: Bx, By, Bz, Bt in nT
# Units: Latitude  degrees +/-  90.0
# Units: Longitude degrees 0.0 - 360.0
# Status(S): 0 = nominal data, 1 to 8 = bad data record, 9 = no data
# Missing data values: -999.9
# Source: ACE Satellite - Magnetometer
#
#              1-minute averaged Real-time Interplanetary Magnetic Field Values 
# 
#                 Modified Seconds
# UT Date   Time  Julian   of the   ----------------  GSM Coordinates ---------------
# YR MO DA  HHMM    Day      Day    S     Bx      By      Bz      Bt     Lat.   Long.
#------------------------------------------------------------------------------------
2015 07 18  0000   57221       0    0    -1.5     2.2     0.2     2.7     5.3   125.2
2015 07 18  0001   57221      60    0    -1.7     2.2    -0.0     2.8    -0.5   127.5
2015 07 18  0002   57221     120    0    -1.7     2.3     0.1     2.8     1.6   126.2
2015 07 18  0003   57221     180    0    -1.7     2.4     0.1     2.9     2.0   125.1
2015 07 18  0004   57221     240    0    -1.5     2.4     0.2     2.8     5.0   121.6
2015 07 18  0005   57221     300    0    -1.4     2.2     0.4     2.6     8.3   121.9
2015 07 18  0006   57221     360    0    -1.2     2.4     0.5     2.7     9.6   116.9
2015 07 18  0007   57221     420    0    -1.2     2.4     0.4     2.7     8.7   116.9
2015 07 18  0008   57221     480    0    -1.2     2.3     0.4     2.6     9.0   117.8
2015 07 18  0009   57221     540    0    -1.2     2.5     0.4     2.8     7.8   116.0
2015 07 18  0010   57221     600    0    -1.1     2.5     0.3     2.7     6.6   112.9
2015 07 18  0011   57221     660    0    -0.9     2.5     0.2     2.7     4.8   110.7
2015 07 18  0012   57221     720    0    -1.0     2.2     0.1     2.5     3.0   114.4
2015 07 18  0013   57221     780    0    -1.0     2.2     0.1     2.5     2.6   115.3
2015 07 18  0014   57221     840    0    -1.0     2.0     0.4     2.3    10.9   117.3
2015 07 18  0015   57221     900    0    -1.4     2.1     0.8     2.6    17.4   123.0
2015 07 18  0016   57221     960    0     0.5     2.3    -0.8     2.5   -18.8    78.6
2015 07 18  0017   57221    1020    0     0.4     2.3    -0.9     2.5   -21.9    79.4
2015 07 18  0018   57221    1080    0     0.6     2.2    -0.8     2.4   -20.2    74.6
2015 07 18  0019   57221    1140    0     1.0     2.0    -1.0     2.4   -24.3    63.7
2015 07 18  0020   57221    1200    0     0.4     2.4    -0.7     2.5   -15.1    79.6
2015 07 18  0021   57221    1260    0     0.7     2.4    -0.3     2.5    -7.3    73.9
2015 07 18  0022   57221    1320    0     1.1     2.3    -0.3     2.6    -7.3    65.4
2015 07 18  0023   57221    1380    0     1.1     2.3    -0.2     2.6    -3.6    64.8
2015 07 18  0024   57221    1440    0     1.0     2.4    -0.1     2.6    -1.3    68.0
2015 07 18  0025   57221    1500    0     0.8     2.4    -0.1     2.6    -2.1    70.7
2015 07 18  0026   57221    1560    0     0.5     2.5    -0.4     2.6    -8.2    78.3
2015 07 18  0027   57221    1620    0     0.6     2.6    -0.3     2.6    -5.8    76.2
2015 07 18  0028   57221    1680    0     0.6     2.5    -0.4     2.6    -7.7    75.5
2015 07 18  0029   57221    1740    0     0.6     2.6    -0.2     2.6    -4.3    77.1
2015 07 18  0030   57221    1800    0     0.8     2.5    -0.1     2.6    -1.5    72.3
2015 07 18  0031   57221    1860    0     0.8     2.4    -0.1     2.5    -1.3    70.6
2015 07 18  0032   57221    1920    0     0.8     2.3    -0.1     2.4    -3.4    70.5
2015 07 18  0033   57221    1980    0     0.7     2.4    -0.1     2.5    -1.2    73.7
2015 07 18  0034   57221    2040    0     0.6     2.3     0.1     2.4     2.0    75.5
2015 07 18  0035   57221    2100    0     0.5     2.3     0.1     2.3     3.0    77.2
2015 07 18  0036   57221    2160    0     0.9     2.2    -0.1     2.4    -2.9    68.8
2015 07 18  0037   57221    2220    0     1.1     2.0    -0.4     2.3   -10.2    60.8
2015 07 18  0038   57221    2280    0     0.6     2.5     0.5     2.7    10.2    76.4
2015 07 18  0039   57221    2340    0     0.7     2.5     0.3     2.6     7.0    73.4
2015 07 18  0040   57221    2400    0     0.5     2.4     0.1     2.4     1.6    78.9
2015 07 18  0041   57221    2460    0     0.4     2.4    -0.3     2.5    -6.9    79.7
2015 07 18  0042   57221    2520    0     0.3     2.5    -0.1     2.5    -2.6    82.9
2015 07 18  0043   57221    2580    0    -0.3     2.5     0.8     2.7    17.5    97.1
2015 07 18  0044   57221    2640    0    -0.3     2.5     0.6     2.6    12.7    97.7
2015 07 18  0045   57221    2700    0    -0.2     2.6    -0.0     2.6    -0.7    93.9
2015 07 18  0046   57221    2760    0    -0.0     2.3    -0.1     2.3    -1.8    91.1
2015 07 18  0047   57221    2820    0     0.2     2.2    -0.1     2.2    -2.5    84.9
2015 07 18  0048   57221    2880    0     0.2     2.2    -0.4     2.3   -11.2    85.3
2015 07 18  0049   57221    2940    0     0.4     2.5    -0.6     2.6   -13.4    80.7
2015 07 18  0050   57221    3000    0     0.6     2.5    -0.6     2.7   -12.1    76.8
2015 07 18  0051   57221    3060    0     0.5     2.4    -0.7     2.6   -15.3    77.2
2015 07 18  0052   57221    3120    0     0.7     2.4    -0.9     2.6   -19.7    72.9
2015 07 18  0053   57221    3180    0     1.1     1.8    -1.5     2.5   -34.9    59.4
2015 07 18  0054   57221    3240    0     1.3     1.6    -1.6     2.5   -37.6    51.7
2015 07 18  0055   57221    3300    0     1.1     1.7    -1.6     2.6   -38.2    58.4
2015 07 18  0056   57221    3360    0     1.2     1.5    -1.6     2.5   -40.5    52.3
2015 07 18  0057   57221    3420    0     0.8     1.6    -1.7     2.5   -43.6    64.5
2015 07 18  0058   57221    3480    0     0.8     1.7    -1.7     2.6   -42.8    63.6
2015 07 18  0059   57221    3540    0     0.6     1.9    -1.5     2.6   -37.0    71.8
2015 07 18  0100   57221    3600    0     0.8     1.7    -1.8     2.7   -43.8    64.3
2015 07 18  0101   57221    3660    0     0.8     1.8    -1.6     2.6   -39.4    65.9
2015 07 18  0102   57221    3720    0     0.9     1.8    -1.6     2.6   -39.4    62.1
2015 07 18  0103   57221    3780    0     0.6     1.9    -1.2     2.4   -30.2    73.4
2015 07 18  0104   57221    3840    0    -0.4     2.3    -0.5     2.4   -12.7    99.1
2015 07 18  0105   57221    3900    0     0.1     2.3    -0.5     2.4   -12.0    87.1
2015 07 18  0106   57221    3960    0    -0.0     2.3    -0.6     2.4   -14.0    90.1
2015 07 18  0107   57221    4020    0    -0.2     2.3    -0.6     2.4   -15.6    94.6
2015 07 18  0108   57221    4080    0    -0.2     2.3    -0.7     2.4   -15.9    94.9
2015 07 18  0109   57221    4140    0    -0.4     2.3    -0.7     2.4   -16.0   100.3
2015 07 18  0110   57221    4200    0    -0.2     2.3    -0.7     2.4   -16.1    95.0
2015 07 18  0111   57221    4260    0    -0.1     2.3    -0.8     2.4   -18.4    92.4
2015 07 18  0112   57221    4320    0     0.0     2.2    -0.8     2.4   -20.6    89.5
2015 07 18  0113   57221    4380    0    -0.1     2.0    -0.7     2.1   -20.2    94.0
2015 07 18  0114   57221    4440    0     0.4     1.8    -0.7     2.0   -20.9    78.2
2015 07 18  0115   57221    4500    0    -0.7     2.2    -0.0     2.3    -1.0   106.7
2015 07 18  0116   57221    4560    0    -0.7     2.2     0.0     2.4     1.0   108.3
2015 07 18  0117   57221    4620    0    -0.7     2.2    -0.1     2.3    -2.1   107.7
2015 07 18  0118   57221    4680    0    -0.6     2.2    -0.0     2.3    -0.8   105.5
2015 07 18  0119   57221    4740    0    -0.5     2.2     0.0     2.2     0.7   103.7
2015 07 18  0120   57221    4800    0    -0.5     2.3    -0.1     2.3    -2.2   102.9
2015 07 18  0121   57221    4860    0    -0.7     2.2    -0.3     2.3    -6.1   108.0
2015 07 18  0122   57221    4920    0    -0.8     2.2    -0.4     2.4   -10.4   110.5
2015 07 18  0123   57221    4980    0    -0.7     2.1    -0.5     2.3   -12.8   109.5
2015 07 18  0124   57221    5040    0    -0.7     2.1    -0.3     2.2    -8.8   109.0
2015 07 18  0125   57221    5100    0    -0.6     1.9    -0.2     2.0    -6.2   108.1
2015 07 18  0126   57221    5160    0    -0.5     2.0     0.0     2.0     0.8   103.9
2015 07 18  0127   57221    5220    0    -0.4     2.0     0.1     2.1     3.0   101.1
2015 07 18  0128   57221    5280    0    -0.9     1.7    -0.6     2.1   -16.0   117.5
2015 07 18  0129   57221    5340    0    -0.6     1.9    -0.6     2.1   -16.8   108.0
2015 07 18  0130   57221    5400    0    -0.8     1.7    -0.9     2.1   -25.3   113.3
2015 07 18  0131   57221    5460    0    -1.3     1.7    -1.3     2.4   -31.3   127.2
2015 07 18  0132   57221    5520    0    -1.5     1.4    -1.3     2.4   -32.9   137.9
2015 07 18  0133   57221    5580    0    -0.6     1.3     0.2     1.4     6.9   114.9
2015 07 18  0134   57221    5640    0     0.4     2.1     1.7     2.7    37.8    80.1
2015 07 18  0135   57221    5700    0     0.5     2.2     1.6     2.7    35.5    77.4
2015 07 18  0136   57221    5760    0     0.5     2.2     1.4     2.6    31.8    76.8
2015 07 18  0137   57221    5820    0     0.6     2.3     1.2     2.6    26.8    75.7
2015 07 18  0138   57221    5880    0     0.5     2.2     1.1     2.6    25.4    76.5
2015 07 18  0139   57221    5940    0     0.6     2.4     1.0     2.7    21.2    76.6
2015 07 18  0140   57221    6000    0     0.4     2.2     0.5     2.3    12.6    78.8
2015 07 18  0141   57221    6060    0     0.1     2.6     0.6     2.6    13.3    88.1
2015 07 18  0142   57221    6120    0    -0.6     2.5     0.9     2.7    19.3   103.9
2015 07 18  0143   57221    6180    0    -0.6     2.5     0.6     2.7    12.4   104.4
2015 07 18  0144   57221    6240    0    -0.7     2.6     0.4     2.8     8.8   105.4
2015 07 18  0145   57221    6300    0    -0.6     2.6     0.1     2.7     2.0   102.3
2015 07 18  0146   57221    6360    0    -0.7     2.6    -0.1     2.7    -1.8   105.1
2015 07 18  0147   57221    6420    0    -0.7     2.5     0.2     2.6     3.9   106.4
2015 07 18  0148   57221    6480    0    -0.8     2.0    -0.9     2.4   -22.6   111.1
2015 07 18  0149   57221    6540    0    -0.8     1.7    -1.2     2.3   -32.4   115.3
2015 07 18  0150   57221    6600    0    -0.8     1.9    -0.9     2.2   -24.4   112.4
2015 07 18  0151   57221    6660    0    -0.8     1.9    -0.7     2.2   -18.7   113.9
2015 07 18  0152   57221    6720    0    -0.8     1.9     0.2     2.1     6.0   113.6
2015 07 18  0153   57221    6780    0    -0.7     2.0     0.4     2.1    11.9   109.7
2015 07 18  0154   57221    6840    0    -0.8     2.1     0.6     2.3    14.3   111.7
2015 07 18  0155   57221    6900    0    -0.6     1.9     0.5     2.1    15.4   106.4
2015 07 18  0156   57221    6960    0    -0.7     1.7     0.2     1.8     7.4   111.5
2015 07 18  0157   57221    7020    0    -1.1     1.8    -1.0     2.3   -25.2   121.6
2015 07 18  0158   57221    7080    0    -1.3     1.6    -1.7     2.6   -39.2   128.8
2015 07 18  0159   57221    7140    0    -1.3     1.6    -1.7     2.6   -39.2   130.4
2015 07 18  0200   57221    7200    0    -1.3     1.6    -1.7     2.7   -40.8   129.7
2015 07 18  0201   57221    7260    0    -1.2     1.5    -1.7     2.6   -41.1   128.2
2015 07 18  0202   57221    7320    0    -1.4     1.4    -1.7     2.6   -39.9   135.6
2015 07 18  0203   57221    7380    0    -1.4     1.4    -1.8     2.7   -41.9   134.8
2015 07 18  0204   57221    7440    0    -1.4     1.3    -2.0     2.8   -46.5   137.1
2015 07 18  0205   57221    7500    0    -1.4     1.3    -2.1     2.8   -47.7   136.0
2015 07 18  0206   57221    7560    0    -1.4     1.2    -2.1     2.8   -48.4   140.5
2015 07 18  0207   57221    7620    0    -1.2     1.1    -2.3     2.8   -54.7   138.8
2015 07 18  0208   57221    7680    0    -0.9     1.1    -2.4     2.8   -58.9   129.7
2015 07 18  0209   57221    7740    0    -1.3     1.3    -2.0     2.7   -46.7   135.8
2015 07 18  0210   57221    7800    0    -0.5     0.8    -2.4     2.6   -67.9   123.7
2015 07 18  0211   57221    7860    0    -0.4     1.0    -2.2     2.5   -64.6   112.5
2015 07 18  0212   57221    7920    0    -1.1     0.8    -2.1     2.5   -56.6   144.2
2015 07 18  0213   57221    7980    0    -1.7     0.9    -1.7     2.5   -41.1   151.5
2015 07 18  0214   57221    8040    0    -1.6     0.9    -1.9     2.6   -45.6   151.1
2015 07 18  0215   57221    8100    0    -1.6     1.0    -2.0     2.7   -47.2   148.3
2015 07 18  0216   57221    8160    0    -1.5     1.0    -1.8     2.6   -45.1   148.0
2015 07 18  0217   57221    8220    0    -1.4     0.9    -2.1     2.7   -50.4   148.4
2015 07 18  0218   57221    8280    0    -1.5     1.2    -1.7     2.6   -41.1   142.2
2015 07 18  0219   57221    8340    0    -1.3     1.1    -1.8     2.5   -45.8   139.7
2015 07 18  0220   57221    8400    0    -1.2     0.9    -1.6     2.2   -47.3   142.8
2015 07 18  0221   57221    8460    0    -1.5     0.7    -1.9     2.6   -49.2   155.1
2015 07 18  0222   57221    8520    0    -1.4     1.1    -1.5     2.4   -39.8   141.3
2015 07 18  0223   57221    8580    0    -0.7     2.3     0.1     2.4     2.1   105.9
2015 07 18  0224   57221    8640    0    -1.3     2.1    -0.9     2.6   -20.3   121.5
2015 07 18  0225   57221    8700    0    -1.3     1.8    -1.4     2.7   -32.6   125.6
2015 07 18  0226   57221    8760    0    -1.2     1.5    -1.9     2.7   -43.4   129.3
2015 07 18  0227   57221    8820    0    -1.4     1.5    -1.6     2.6   -38.2   134.4
2015 07 18  0228   57221    8880    0    -1.5     1.2    -1.9     2.7   -44.9   142.8
2015 07 18  0229   57221    8940    0    -1.6     1.0    -2.2     2.9   -49.0   147.0
2015 07 18  0230   57221    9000    0    -1.7     1.3    -2.1     3.0   -45.6   142.6
2015 07 18  0231   57221    9060    0    -1.7     1.3    -2.1     3.0   -44.1   141.7
2015 07 18  0232   57221    9120    0    -1.8     1.4    -1.8     2.9   -37.4   141.8
2015 07 18  0233   57221    9180    0    -1.8     1.2    -2.1     3.0   -44.5   147.1
2015 07 18  0234   57221    9240    0    -1.8     1.1    -2.1     2.9   -44.5   147.8
2015 07 18  0235   57221    9300    0    -1.8     1.1    -2.0     2.9   -42.9   148.6
2015 07 18  0236   57221    9360    0    -1.9     1.1    -1.9     2.9   -41.5   149.7
2015 07 18  0237   57221    9420    0    -1.9     0.7    -2.2     2.9   -47.1   159.8
2015 07 18  0238   57221    9480    0    -1.7     0.4    -2.3     2.9   -52.8   166.8
2015 07 18  0239   57221    9540    0    -1.7     0.4    -2.3     2.9   -52.1   167.4
2015 07 18  0240   57221    9600    0    -1.7     0.6    -2.3     2.9   -52.0   161.7
2015 07 18  0241   57221    9660    0    -1.8     0.5    -2.3     2.9   -51.0   163.5
2015 07 18  0242   57221    9720    0    -1.1     0.7    -1.7     2.1   -51.5   149.7
2015 07 18  0243   57221    9780    0    -0.5     1.0     1.1     1.6    44.7   114.0
2015 07 18  0244   57221    9840    0    -0.2     1.1     1.8     2.1    57.9   100.4
2015 07 18  0245   57221    9900    0    -0.3     1.6     1.2     2.0    37.0   100.7
2015 07 18  0246   57221    9960    0    -0.3     1.5     1.4     2.1    42.5   101.3
2015 07 18  0247   57221   10020    0    -0.4     1.6     1.4     2.1    41.3   105.1
2015 07 18  0248   57221   10080    0    -0.6     1.8     1.1     2.2    30.1   109.2
2015 07 18  0249   57221   10140    0    -0.8     1.8     1.1     2.3    28.6   114.4
2015 07 18  0250   57221   10200    0    -0.8     1.9     0.9     2.3    22.7   113.5
2015 07 18  0251   57221   10260    0    -0.9     2.0     0.6     2.3    15.9   115.4
2015 07 18  0252   57221   10320    0    -1.0     2.0     1.0     2.4    24.5   117.2
2015 07 18  0253   57221   10380    0    -0.9     2.2     0.7     2.4    16.0   112.0
2015 07 18  0254   57221   10440    0    -0.7     2.3     0.4     2.5    10.2   106.9
2015 07 18  0255   57221   10500    0    -0.9     2.5     0.7     2.8    14.7   110.2
2015 07 18  0256   57221   10560    0    -1.2     2.6     1.1     3.0    21.4   114.8
2015 07 18  0257   57221   10620    0    -1.2     2.8     0.9     3.1    17.0   113.0
2015 07 18  0258   57221   10680    0    -0.8     2.9     0.7     3.1    12.6   104.6
2015 07 18  0259   57221   10740    0    -0.5     3.0     0.1     3.1     1.4    99.9
2015 07 18  0300   57221   10800    0    -1.0     3.0     0.3     3.1     4.7   108.3
2015 07 18  0301   57221   10860    0    -1.1     2.8     0.6     3.1    11.4   112.1
2015 07 18  0302   57221   10920    0    -1.1     2.9     0.4     3.1     7.9   110.0
2015 07 18  0303   57221   10980    0    -1.0     3.0     0.3     3.1     4.6   108.2
2015 07 18  0304   57221   11040    0    -1.2     2.9     0.2     3.1     3.9   113.0
2015 07 18  0305   57221   11100    0    -1.0     3.0     0.4     3.2     7.9   109.4
2015 07 18  0306   57221   11160    0    -1.3     2.9     0.1     3.1     1.1   113.6
2015 07 18  0307   57221   11220    0    -1.2     2.8     0.4     3.1     6.9   112.0
2015 07 18  0308   57221   11280    0    -1.1     2.9     0.1     3.1     1.9   109.9
2015 07 18  0309   57221   11340    0    -1.1     2.3     0.6     2.6    12.2   115.0
2015 07 18  0310   57221   11400    0    -0.8     2.6    -0.1     2.8    -2.7   106.5
2015 07 18  0311   57221   11460    0    -1.1     2.6     0.7     2.8    13.3   112.4
2015 07 18  0312   57221   11520    0    -1.1     2.5     0.7     2.8    14.9   114.2
2015 07 18  0313   57221   11580    0    -1.1     2.4     1.1     2.9    22.6   114.3
2015 07 18  0314   57221   11640    0    -0.9     2.3     1.0     2.7    22.7   111.7
2015 07 18  0315   57221   11700    0    -0.8     2.6     0.6     2.8    12.0   107.2
2015 07 18  0316   57221   11760    0    -0.9     2.5     0.9     2.8    18.4   110.2
2015 07 18  0317   57221   11820    0    -1.0     2.3     1.1     2.7    23.0   113.0
2015 07 18  0318   57221   11880    0    -0.9     2.4     1.0     2.7    20.8   111.4
2015 07 18  0319   57221   11940    0    -0.7     2.3     0.8     2.6    17.9   106.5
2015 07 18  0320   57221   12000    9  -999.9  -999.9  -999.9  -999.9  -999.9  -999.9
2015 07 18  0321   57221   12060    0    -0.8     2.4     0.7     2.6    14.9   108.8
2015 07 18  0322   57221   12120    0    -0.8     2.4     0.7     2.7    15.8   107.5
2015 07 18  0323   57221   12180    0    -1.1     2.4     0.6     2.7    12.0   114.1
2015 07 18  0324   57221   12240    0    -1.2     2.3     0.4     2.6     9.6   116.5
2015 07 18  0325   57221   12300    0    -1.1     2.4     0.3     2.7     6.9   115.4
2015 07 18  0326   57221   12360    0    -1.1     2.5     0.5     2.8     9.3   112.7
2015 07 18  0327   57221   12420    0    -0.9     2.6     0.8     2.8    15.6   109.1
2015 07 18  0328   57221   12480    0    -0.8     2.5     0.9     2.8    18.9   108.0
2015 07 18  0329   57221   12540    0    -0.8     2.6     1.0     2.9    20.2   107.3
2015 07 18  0330   57221   12600    0    -1.0     2.6     0.8     2.9    16.5   111.1
2015 07 18  0331   57221   12660    0    -1.8     2.4    -0.8     3.1   -14.0   126.6
2015 07 18  0332   57221   12720    0    -2.0     2.3    -0.6     3.1   -11.0   131.3
2015 07 18  0333   57221   12780    0    -2.0     2.3    -0.6     3.1   -11.2   131.8
2015 07 18  0334   57221   12840    0    -1.8     2.4    -0.4     3.0    -7.2   127.6
2015 07 18  0335   57221   12900    0    -1.4     2.5    -0.1     2.8    -2.5   119.2
2015 07 18  0336   57221   12960    0    -1.1     2.6     0.0     2.8     0.7   112.5
2015 07 18  0337   57221   13020    0    -0.7     2.7     0.2     2.8     4.5   105.0
2015 07 18  0338   57221   13080    0    -0.5     2.7     0.3     2.8     6.7   101.4
2015 07 18  0339   57221   13140    0    -1.9     2.2    -0.3     2.9    -5.7   130.8
2015 07 18  0340   57221   13200    0    -1.7     2.3    -0.2     2.9    -4.1   126.9
2015 07 18  0341   57221   13260    0    -1.4     2.4    -0.1     2.8    -2.9   120.4
2015 07 18  0342   57221   13320    0    -1.4     2.5    -0.5     2.9   -10.1   118.9
2015 07 18  0343   57221   13380    0    -1.4     2.4    -0.3     2.8    -5.3   121.1
2015 07 18  0344   57221   13440    0    -1.4     2.5    -0.7     2.9   -13.5   119.5
2015 07 18  0345   57221   13500    0    -1.6     2.4    -0.4     2.9    -8.3   123.4
2015 07 18  0346   57221   13560    0    -1.9     2.2     0.0     2.9     0.8   130.9
2015 07 18  0347   57221   13620    0    -1.7     2.4    -0.4     2.9    -7.9   124.9
2015 07 18  0348   57221   13680    0    -1.6     2.4    -0.4     2.9    -8.0   123.6
2015 07 18  0349   57221   13740    0    -1.5     2.4    -0.3     2.9    -6.2   122.3
2015 07 18  0350   57221   13800    0    -1.7     2.3    -0.5     2.9   -10.4   126.1
2015 07 18  0351   57221   13860    0    -1.6     2.1    -1.3     3.0   -25.5   126.8
2015 07 18  0352   57221   13920    0    -1.7     2.0    -1.5     3.0   -30.2   130.8
2015 07 18  0353   57221   13980    0    -1.6     1.9    -1.4     2.8   -29.3   129.7
2015 07 18  0354   57221   14040    0    -1.1     0.8    -2.4     2.8   -59.5   144.5
2015 07 18  0355   57221   14100    0    -0.9     2.9     0.2     3.0     3.3   107.9
2015 07 18  0356   57221   14160    0    -1.0     2.8    -0.1     3.0    -1.8   109.9
2015 07 18  0357   57221   14220    0    -0.8     2.8     0.1     2.9     2.5   105.9
2015 07 18  0358   57221   14280    0    -0.9     2.7     0.0     2.9     0.3   107.9
2015 07 18  0359   57221   14340    0    -1.3     2.7    -0.1     3.0    -2.7   115.2
2015 07 18  0400   57221   14400    0    -1.2     2.7    -0.1     2.9    -1.5   113.5
2015 07 18  0401   57221   14460    0    -1.2     2.7    -0.5     3.0    -9.2   114.7
2015 07 18  0402   57221   14520    0    -1.6     2.6    -0.2     3.0    -3.8   121.0
2015 07 18  0403   57221   14580    0    -1.5     2.6    -0.4     3.0    -8.1   120.1
2015 07 18  0404   57221   14640    0    -1.5     2.6    -0.5     3.0    -9.0   119.4
2015 07 18  0405   57221   14700    0    -1.4     2.6    -0.6     3.0   -10.6   117.2
2015 07 18  0406   57221   14760    0    -1.4     2.6    -0.7     3.0   -12.9   117.9
2015 07 18  0407   57221   14820    0    -1.2     2.6    -0.6     3.0   -12.5   115.3
2015 07 18  0408   57221   14880    0    -1.1     2.6    -0.7     3.0   -13.5   113.2
2015 07 18  0409   57221   14940    0    -0.9     2.7    -0.7     2.9   -14.1   108.2
2015 07 18  0410   57221   15000    0    -0.7     2.8    -0.6     2.9   -11.9   105.1
2015 07 18  0411   57221   15060    0    -0.5     2.8    -0.6     2.9   -11.8   101.1
2015 07 18  0412   57221   15120    0    -0.7     2.7    -0.8     2.9   -17.0   104.1
2015 07 18  0413   57221   15180    0    -0.4     2.5    -1.2     2.8   -24.3    99.4
2015 07 18  0414   57221   15240    0    -0.3     2.7    -0.7     2.8   -14.1    96.2
2015 07 18  0415   57221   15300    0     0.0     2.7    -0.3     2.7    -5.9    90.0
2015 07 18  0416   57221   15360    0    -0.9     2.5    -0.6     2.7   -11.8   110.9
2015 07 18  0417   57221   15420    0    -0.6     2.6    -0.1     2.7    -2.1   102.9
2015 07 18  0418   57221   15480    0    -0.2     2.8     0.3     2.8     6.7    93.1
2015 07 18  0419   57221   15540    0    -0.1     2.8     0.3     2.8     5.3    92.2
2015 07 18  0420   57221   15600    0    -1.0     2.4    -0.7     2.7   -15.8   112.0
2015 07 18  0421   57221   15660    0    -2.1     1.8    -1.7     3.2   -31.4   139.8
2015 07 18  0422   57221   15720    0    -2.0     1.8    -1.5     3.1   -29.7   138.3
2015 07 18  0423   57221   15780    0    -1.9     2.1    -1.2     3.1   -22.6   132.6
2015 07 18  0424   57221   15840    0    -2.0     2.0    -1.5     3.2   -28.5   134.4
2015 07 18  0425   57221   15900    0    -2.0     1.9    -1.7     3.2   -31.2   135.4
2015 07 18  0426   57221   15960    0    -1.8     1.9    -1.9     3.2   -36.1   133.6
2015 07 18  0427   57221   16020    0    -1.8     1.9    -1.9     3.2   -35.3   134.0
2015 07 18  0428   57221   16080    0    -1.8     1.8    -1.9     3.2   -36.2   134.2
2015 07 18  0429   57221   16140    0    -1.7     1.8    -2.0     3.1   -38.5   134.3
2015 07 18  0430   57221   16200    0    -1.6     1.7    -2.1     3.1   -41.1   133.6
2015 07 18  0431   57221   16260    0    -1.8     1.7    -2.0     3.2   -38.5   136.4
2015 07 18  0432   57221   16320    0    -1.9     1.6    -2.0     3.2   -39.3   139.3
2015 07 18  0433   57221   16380    0    -1.7     1.7    -2.0     3.2   -39.8   135.2
2015 07 18  0434   57221   16440    0    -1.8     1.6    -2.0     3.1   -39.1   137.9
2015 07 18  0435   57221   16500    0    -1.7     1.5    -2.1     3.1   -42.9   138.0
2015 07 18  0436   57221   16560    0    -1.8     1.5    -2.0     3.2   -40.4   139.9
2015 07 18  0437   57221   16620    0    -1.8     1.5    -2.1     3.1   -41.7   140.1
2015 07 18  0438   57221   16680    0    -1.7     1.3    -2.1     3.0   -45.0   140.9
2015 07 18  0439   57221   16740    0    -1.7     1.3    -2.1     3.0   -43.5   142.0
2015 07 18  0440   57221   16800    0    -1.7     1.2    -2.2     3.0   -46.8   143.6
2015 07 18  0441   57221   16860    0    -1.6     1.2    -2.2     3.0   -47.2   142.7
2015 07 18  0442   57221   16920    0    -1.7     1.4    -2.1     3.0   -44.6   140.6
2015 07 18  0443   57221   16980    0    -1.7     1.1    -2.3     3.1   -49.0   146.9
2015 07 18  0444   57221   17040    0    -1.6     1.0    -2.3     3.0   -51.1   148.9
2015 07 18  0445   57221   17100    0    -1.7     0.8    -2.3     3.0   -51.2   153.4
2015 07 18  0446   57221   17160    0    -1.6     1.0    -2.2     2.9   -49.7   147.9
2015 07 18  0447   57221   17220    0    -1.8     1.3    -2.0     3.0   -41.4   143.2
2015 07 18  0448   57221   17280    0    -2.0     1.1    -2.0     3.0   -42.4   151.6
2015 07 18  0449   57221   17340    0    -1.8     0.7    -2.3     3.0   -49.1   157.8
2015 07 18  0450   57221   17400    0    -1.7     0.8    -2.3     3.0   -49.9   155.1
2015 07 18  0451   57221   17460    0    -1.7     0.6    -2.3     3.0   -51.7   160.9
2015 07 18  0452   57221   17520    0    -1.6     0.3    -2.4     2.9   -55.4   167.9
2015 07 18  0453   57221   17580    0    -1.6     0.4    -2.4     2.9   -56.2   166.6
2015 07 18  0454   57221   17640    0    -1.6     0.4    -2.4     2.9   -55.6   164.9
2015 07 18  0455   57221   17700    0    -1.6     0.5    -2.3     2.9   -54.1   161.8
2015 07 18  0456   57221   17760    0    -1.9     0.9    -2.1     2.9   -45.8   155.0
2015 07 18  0457   57221   17820    0    -2.3     0.9    -1.8     3.0   -36.6   157.9
2015 07 18  0458   57221   17880    0    -2.4     1.0    -1.5     3.0   -29.9   158.3
2015 07 18  0459   57221   17940    0    -2.3     0.8    -1.8     3.0   -35.6   160.9
2015 07 18  0500   57221   18000    0    -2.3     0.9    -1.8     3.1   -36.2   157.9
2015 07 18  0501   57221   18060    0    -2.3     0.9    -1.9     3.1   -37.4   159.2
2015 07 18  0502   57221   18120    0    -2.2     0.7    -2.0     3.0   -40.1   161.4
2015 07 18  0503   57221   18180    0    -2.2     0.9    -2.0     3.1   -39.7   158.7
2015 07 18  0504   57221   18240    0    -1.9     1.2    -1.9     3.0   -40.2   146.7
2015 07 18  0505   57221   18300    0    -2.0     1.2    -1.9     3.0   -39.7   148.8
2015 07 18  0506   57221   18360    0    -2.4    -0.1    -1.9     3.1   -38.1   181.6
2015 07 18  0507   57221   18420    0    -2.1    -1.4    -1.9     3.2   -37.6   214.2
2015 07 18  0508   57221   18480    0    -2.0    -0.3    -2.0     2.8   -45.2   187.7
2015 07 18  0509   57221   18540    0    -1.2     1.5    -2.4     3.1   -51.9   129.3
2015 07 18  0510   57221   18600    0    -1.2     1.5    -2.5     3.1   -52.0   130.2
2015 07 18  0511   57221   18660    0    -1.3     1.4    -2.4     3.1   -52.3   131.9
2015 07 18  0512   57221   18720    0    -1.3     1.4    -2.4     3.0   -51.7   132.9
2015 07 18  0513   57221   18780    0    -1.2     1.5    -2.3     3.0   -49.4   128.9
2015 07 18  0514   57221   18840    0    -1.4     1.5    -2.3     3.1   -49.2   133.2
2015 07 18  0515   57221   18900    0    -1.4     1.4    -2.3     3.1   -49.0   134.8
2015 07 18  0516   57221   18960    0    -1.2     1.3    -2.4     3.0   -53.6   134.2
2015 07 18  0517   57221   19020    0    -1.0     1.3    -2.5     3.0   -57.7   127.6
2015 07 18  0518   57221   19080    0    -1.3     1.2    -2.4     3.0   -53.3   138.3
2015 07 18  0519   57221   19140    0    -1.5     1.1    -2.4     3.0   -52.8   143.1
2015 07 18  0520   57221   19200    0    -1.5     1.0    -2.4     3.0   -52.7   147.1
2015 07 18  0521   57221   19260    0    -1.5     1.3    -2.3     3.1   -48.9   140.3
2015 07 18  0522   57221   19320    0    -1.6     1.3    -2.2     3.0   -47.0   139.5
2015 07 18  0523   57221   19380    0    -1.6     1.1    -2.3     3.0   -49.0   146.0
2015 07 18  0524   57221   19440    0    -1.8     0.8    -2.3     3.0   -50.3   155.3
2015 07 18  0525   57221   19500    0    -1.5     1.2    -2.3     3.0   -50.0   143.1
2015 07 18  0526   57221   19560    0    -1.3     1.2    -2.4     3.0   -53.3   137.2
2015 07 18  0527   57221   19620    0    -2.0     0.5    -2.2     3.0   -46.2   164.9
2015 07 18  0528   57221   19680    0    -1.8     0.8    -2.3     3.0   -49.1   155.7
2015 07 18  0529   57221   19740    0    -1.8     0.2    -2.4     3.0   -52.1   172.6
2015 07 18  0530   57221   19800    0    -1.8     0.2    -2.4     3.0   -52.0   172.4
2015 07 18  0531   57221   19860    0    -1.8     0.5    -2.4     3.1   -52.2   164.0
2015 07 18  0532   57221   19920    0    -1.9     0.6    -2.4     3.1   -50.4   162.6
2015 07 18  0533   57221   19980    0    -2.0     0.5    -2.4     3.1   -49.3   165.4
2015 07 18  0534   57221   20040    0    -2.0     0.5    -2.3     3.1   -48.0   165.7
2015 07 18  0535   57221   20100    0    -2.0     0.6    -2.3     3.2   -47.6   164.1
2015 07 18  0536   57221   20160    0    -2.0     0.7    -2.3     3.1   -47.8   159.3
2015 07 18  0537   57221   20220    0    -2.1     0.7    -2.3     3.2   -46.8   160.4
2015 07 18  0538   57221   20280    0    -1.9     0.9    -2.3     3.1   -47.1   155.4
2015 07 18  0539   57221   20340    0    -2.1     1.0    -2.3     3.2   -44.4   155.1
2015 07 18  0540   57221   20400    0    -2.1     0.9    -2.2     3.2   -44.5   157.2
2015 07 18  0541   57221   20460    0    -2.3     0.8    -2.0     3.2   -40.0   160.8
2015 07 18  0542   57221   20520    0    -2.1     1.0    -2.2     3.2   -43.1   155.6
2015 07 18  0543   57221   20580    0    -2.2     1.0    -2.2     3.2   -42.1   155.9
2015 07 18  0544   57221   20640    0    -2.0     0.8    -2.4     3.2   -47.4   158.1
2015 07 18  0545   57221   20700    0    -2.0     0.9    -2.3     3.2   -46.3   155.1
2015 07 18  0546   57221   20760    0    -1.7     0.8    -2.5     3.1   -52.6   155.2
2015 07 18  0547   57221   20820    0    -2.0     0.4    -2.4     3.1   -49.3   169.5
2015 07 18  0548   57221   20880    0    -1.7     0.7    -2.4     3.0   -52.5   156.2
2015 07 18  0549   57221   20940    0    -1.1     1.0    -1.5     2.1   -45.3   137.2
2015 07 18  0550   57221   21000    0     0.2     1.7     0.5     1.8    16.3    82.8
2015 07 18  0551   57221   21060    0     0.9     2.0     1.4     2.6    31.6    65.5
2015 07 18  0552   57221   21120    0     0.6     1.9     0.3     2.1     8.7    72.7
2015 07 18  0553   57221   21180    0     0.7     1.7     0.7     2.0    21.4    67.9
2015 07 18  0554   57221   21240    0     1.1     1.3     0.7     1.8    21.7    50.1
2015 07 18  0555   57221   21300    0     1.0     1.4     1.3     2.1    37.2    54.8
2015 07 18  0556   57221   21360    0     1.0     2.0     1.5     2.7    33.4    61.8
2015 07 18  0557   57221   21420    0     0.8     2.1     1.2     2.6    27.8    69.4
2015 07 18  0558   57221   21480    0     0.8     2.2     1.2     2.6    26.2    70.7
2015 07 18  0559   57221   21540    0     1.0     2.3     1.1     2.7    23.3    67.3
2015 07 18  0600   57221   21600    0     0.9     2.3     1.1     2.7    23.4    69.0
2015 07 18  0601   57221   21660    0     0.9     2.3     1.1     2.7    23.1    69.2
2015 07 18  0602   57221   21720    0     1.1     2.3     1.0     2.7    22.6    63.4
2015 07 18  0603   57221   21780    0     1.4     2.3     1.1     2.9    22.0    57.9
2015 07 18  0604   57221   21840    0     1.4     2.2     1.1     2.8    23.0    57.6
2015 07 18  0605   57221   21900    0     1.4     2.2     1.1     2.8    22.6    57.3
2015 07 18  0606   57221   21960    0     1.1     2.4     0.8     2.8    16.5    64.5
2015 07 18  0607   57221   22020    0     0.8     2.6     0.6     2.8    11.6    73.5
2015 07 18  0608   57221   22080    0     0.7     2.7     0.4     2.8     7.7    76.3
2015 07 18  0609   57221   22140    0     0.7     2.7     0.3     2.9     6.4    75.6
2015 07 18  0610   57221   22200    0     0.8     2.7     0.4     2.8     9.0    72.5
2015 07 18  0611   57221   22260    0     0.8     2.7     0.5     2.8     9.5    74.3
2015 07 18  0612   57221   22320    0     0.7     2.7     0.4     2.8     7.9    75.6
2015 07 18  0613   57221   22380    0     0.8     2.7     0.7     2.9    13.4    74.0
2015 07 18  0614   57221   22440    0     0.7     2.5     1.3     2.8    26.3    74.8
2015 07 18  0615   57221   22500    0     0.6     2.7     0.6     2.8    11.9    77.9
2015 07 18  0616   57221   22560    0     0.2     2.9    -0.5     2.9    -9.3    86.2
2015 07 18  0617   57221   22620    0     0.2     2.9    -0.2     3.0    -4.4    85.4
2015 07 18  0618   57221   22680    0     0.3     3.0     0.1     3.1     1.1    84.2
2015 07 18  0619   57221   22740    0     0.3     3.1     0.0     3.1     0.8    85.0
2015 07 18  0620   57221   22800    0     0.2     3.1     0.1     3.1     1.1    86.0
2015 07 18  0621   57221   22860    0     0.2     3.1    -0.2     3.1    -4.0    85.4
2015 07 18  0622   57221   22920    0    -0.2     3.0    -0.4     3.0    -7.0    93.7
2015 07 18  0623   57221   22980    0    -0.1     3.0    -0.7     3.1   -12.3    92.6
2015 07 18  0624   57221   23040    0    -0.1     3.0    -0.8     3.1   -14.7    91.3
2015 07 18  0625   57221   23100    0     0.1     3.0    -0.4     3.0    -7.1    87.2
2015 07 18  0626   57221   23160    0     1.1     2.5     1.2     3.0    24.2    66.8
2015 07 18  0627   57221   23220    0     1.2     2.7     0.5     3.0     9.4    66.9
2015 07 18  0628   57221   23280    0     1.1     2.8     0.3     3.0     4.9    69.2
2015 07 18  0629   57221   23340    0     1.1     2.9     0.3     3.1     6.2    68.9
2015 07 18  0630   57221   23400    0     1.1     2.9     0.1     3.1     2.7    70.1
2015 07 18  0631   57221   23460    0     1.1     2.9     0.2     3.1     4.5    68.7
2015 07 18  0632   57221   23520    0     1.2     2.8     0.4     3.1     7.5    66.4
2015 07 18  0633   57221   23580    0     1.3     2.8     0.4     3.1     7.9    65.0
2015 07 18  0634   57221   23640    0     1.3     2.8     0.3     3.1     5.2    64.5
2015 07 18  0635   57221   23700    0     1.4     2.8     0.3     3.1     5.4    63.6
2015 07 18  0636   57221   23760    0     1.5     2.8     0.1     3.2     2.4    61.7
2015 07 18  0637   57221   23820    0     1.5     2.8     0.1     3.2     2.0    62.2
2015 07 18  0638   57221   23880    0     1.5     2.8     0.2     3.2     3.0    62.5
2015 07 18  0639   57221   23940    0     1.3     2.9    -0.0     3.1    -0.0    65.4
2015 07 18  0640   57221   24000    0     1.2     2.8     0.0     3.1     0.4    67.0
2015 07 18  0641   57221   24060    0     1.5     2.7    -0.6     3.1   -10.5    60.3
2015 07 18  0642   57221   24120    0     1.3     2.8    -0.3     3.1    -6.1    65.5
2015 07 18  0643   57221   24180    0     1.1     3.0    -0.1     3.1    -0.9    70.3
2015 07 18  0644   57221   24240    0     1.0     3.0     0.3     3.2     4.8    71.6
2015 07 18  0645   57221   24300    0     1.1     3.0     0.2     3.2     4.1    69.2
2015 07 18  0646   57221   24360    0     1.0     3.1    -0.1     3.3    -1.0    71.3
2015 07 18  0647   57221   24420    0     1.1     3.0     0.3     3.2     5.6    69.7
2015 07 18  0648   57221   24480    0     1.1     3.0     0.0     3.2     0.7    70.8
2015 07 18  0649   57221   24540    0     1.1     3.0    -0.1     3.2    -1.5    69.4
2015 07 18  0650   57221   24600    0     0.9     3.1     0.1     3.2     1.9    73.4
2015 07 18  0651   57221   24660    0     1.0     3.1     0.0     3.2     0.6    71.4
2015 07 18  0652   57221   24720    0     1.3     3.0    -0.5     3.3    -7.8    66.3
2015 07 18  0653   57221   24780    0     1.3     3.1    -0.4     3.4    -7.1    67.6
2015 07 18  0654   57221   24840    0     1.2     3.1    -0.3     3.3    -5.2    69.5
2015 07 18  0655   57221   24900    0     1.1     3.2    -0.3     3.4    -5.0    70.2
2015 07 18  0656   57221   24960    0     1.3     3.1    -0.2     3.3    -3.1    68.0
2015 07 18  0657   57221   25020    0     1.0     3.2    -0.4     3.4    -6.5    72.3
2015 07 18  0658   57221   25080    0     0.9     3.2    -0.4     3.3    -7.7    74.9
2015 07 18  0659   57221   25140    0     1.0     3.1    -0.4     3.3    -7.8    72.8
2015 07 18  0700   57221   25200    0     0.9     3.1    -0.1     3.2    -1.0    73.4
2015 07 18  0701   57221   25260    0     1.2     2.9    -0.6     3.2   -10.4    68.0
2015 07 18  0702   57221   25320    0     0.6     3.2    -0.5     3.3    -9.3    79.0
2015 07 18  0703   57221   25380    0     0.1     3.4    -0.9     3.5   -14.4    88.1
2015 07 18  0704   57221   25440    0    -0.1     3.5    -1.0     3.6   -15.8    91.4
2015 07 18  0705   57221   25500    0     0.1     3.5    -0.9     3.6   -13.9    88.3
2015 07 18  0706   57221   25560    0     0.1     3.5    -0.8     3.6   -12.2    88.8
2015 07 18  0707   57221   25620    0     0.3     3.4    -0.6     3.4    -9.3    84.5
2015 07 18  0708   57221   25680    0     0.4     3.3    -0.6     3.4   -10.6    82.7
2015 07 18  0709   57221   25740    0     0.4     3.3    -0.8     3.5   -14.1    83.1
2015 07 18  0710   57221   25800    0     0.4     3.4    -0.9     3.5   -14.2    83.8
2015 07 18  0711   57221   25860    0    -0.3     3.3    -1.0     3.5   -16.4    94.9
2015 07 18  0712   57221   25920    0    -0.6     3.3    -0.8     3.5   -13.8   101.1
2015 07 18  0713   57221   25980    0    -0.1     3.3    -0.8     3.4   -13.6    91.8
2015 07 18  0714   57221   26040    0     0.7     3.2    -1.0     3.4   -16.8    77.7
2015 07 18  0715   57221   26100    0     0.3     3.3    -0.9     3.5   -15.8    84.0
2015 07 18  0716   57221   26160    0     0.4     3.3    -1.0     3.5   -16.1    82.5
2015 07 18  0717   57221   26220    0     0.2     3.3    -1.0     3.5   -17.4    86.0
2015 07 18  0718   57221   26280    0     0.2     3.3    -1.1     3.5   -17.6    86.5
2015 07 18  0719   57221   26340    0     0.3     3.4    -1.1     3.5   -17.5    85.4
2015 07 18  0720   57221   26400    0     0.3     3.3    -1.1     3.5   -17.9    85.1
2015 07 18  0721   57221   26460    0     0.5     3.3    -1.1     3.5   -18.2    81.6
2015 07 18  0722   57221   26520    0     0.3     3.4    -1.1     3.6   -18.3    84.6
2015 07 18  0723   57221   26580    0     0.4     3.3    -1.0     3.5   -16.1    82.6
2015 07 18  0724   57221   26640    0     0.4     3.4    -1.1     3.6   -17.2    83.0
2015 07 18  0725   57221   26700    0     0.5     3.4    -1.0     3.5   -16.4    81.7
2015 07 18  0726   57221   26760    0     0.4     3.4    -1.0     3.6   -16.0    82.8
2015 07 18  0727   57221   26820    0    -0.1     3.3    -1.0     3.5   -17.5    91.3
2015 07 18  0728   57221   26880    0     0.1     3.3    -1.0     3.4   -17.3    87.8
2015 07 18  0729   57221   26940    0     0.0     3.3    -1.1     3.5   -18.1    89.4
2015 07 18  0730   57221   27000    0     0.0     3.4    -1.1     3.6   -18.4    89.2
2015 07 18  0731   57221   27060    0     0.2     3.4    -1.2     3.6   -19.7    86.5
2015 07 18  0732   57221   27120    0     0.3     3.3    -1.3     3.5   -21.6    84.8
2015 07 18  0733   57221   27180    0     0.5     3.2    -1.6     3.6   -25.9    80.8
2015 07 18  0734   57221   27240    0     0.4     3.2    -1.4     3.5   -23.5    83.7
2015 07 18  0735   57221   27300    0     0.3     3.2    -1.4     3.5   -23.0    84.7
2015 07 18  0736   57221   27360    0     0.3     3.2    -1.2     3.4   -21.0    85.2
2015 07 18  0737   57221   27420    0     0.4     3.1    -1.2     3.4   -21.7    82.4
2015 07 18  0738   57221   27480    0     0.5     3.2    -1.4     3.5   -23.4    80.3
2015 07 18  0739   57221   27540    0     0.5     3.2    -1.3     3.5   -22.2    81.2
2015 07 18  0740   57221   27600    0     0.4     3.3    -1.4     3.6   -23.4    82.3
2015 07 18  0741   57221   27660    0     0.3     3.1    -1.4     3.5   -24.5    83.6
2015 07 18  0742   57221   27720    0     0.3     3.1    -1.6     3.5   -27.1    84.7
2015 07 18  0743   57221   27780    0     0.4     3.2    -1.7     3.6   -27.4    82.7
2015 07 18  0744   57221   27840    0     0.4     3.1    -1.8     3.6   -29.4    82.6
2015 07 18  0745   57221   27900    0     0.4     3.1    -1.9     3.6   -31.6    83.1
2015 07 18  0746   57221   27960    0     0.2     2.9    -1.8     3.5   -31.8    85.6
2015 07 18  0747   57221   28020    0     0.4     3.1    -1.5     3.5   -26.2    83.1
2015 07 18  0748   57221   28080    0     0.5     3.1    -1.8     3.6   -29.2    81.1
2015 07 18  0749   57221   28140    0     0.5     3.0    -1.7     3.5   -29.4    80.7
2015 07 18  0750   57221   28200    0     0.4     2.9    -1.9     3.5   -33.0    82.3
2015 07 18  0751   57221   28260    0     0.3     3.0    -1.9     3.5   -32.1    84.8
2015 07 18  0752   57221   28320    0     0.1     2.8    -2.2     3.6   -38.2    88.6
2015 07 18  0753   57221   28380    0     0.2     2.5    -2.4     3.4   -43.9    85.9
2015 07 18  0754   57221   28440    0     0.1     2.9    -1.4     3.2   -25.1    88.9
2015 07 18  0755   57221   28500    0    -0.6     2.4    -2.1     3.2   -39.5   104.1
2015 07 18  0756   57221   28560    0    -0.9     2.1    -2.3     3.3   -44.6   112.7
2015 07 18  0757   57221   28620    0    -0.9     2.0    -2.3     3.2   -46.1   114.2
2015 07 18  0758   57221   28680    0    -0.8     2.2    -2.2     3.2   -44.2   110.1
2015 07 18  0759   57221   28740    0    -0.5     3.1    -2.1     3.8   -33.7   100.0
2015 07 18  0800   57221   28800    0    -0.7     3.1    -2.2     3.9   -34.4   102.0
2015 07 18  0801   57221   28860    0    -0.6     3.1    -2.2     3.8   -35.5   100.8
2015 07 18  0802   57221   28920    0    -0.5     2.9    -2.4     3.8   -38.7   100.2
2015 07 18  0803   57221   28980    0    -0.7     2.9    -2.4     3.8   -39.2   103.1
2015 07 18  0804   57221   29040    0    -0.4     3.0    -2.4     3.9   -37.9    98.1
2015 07 18  0805   57221   29100    0    -0.2     2.9    -2.3     3.7   -38.2    93.9
2015 07 18  0806   57221   29160    0    -0.2     2.9    -2.2     3.7   -37.7    94.8
2015 07 18  0807   57221   29220    0    -0.2     2.9    -2.3     3.7   -38.0    93.9
2015 07 18  0808   57221   29280    0     0.1     2.7    -2.4     3.6   -41.6    87.3
2015 07 18  0809   57221   29340    0     0.1     2.7    -2.5     3.7   -42.4    88.4
2015 07 18  0810   57221   29400    0     0.0     2.7    -2.4     3.6   -42.1    89.1
2015 07 18  0811   57221   29460    0     0.0     2.6    -2.4     3.6   -42.6    89.7
2015 07 18  0812   57221   29520    0    -0.2     2.7    -2.3     3.6   -39.7    93.4
2015 07 18  0813   57221   29580    0     0.0     2.6    -2.3     3.4   -42.0    88.9
2015 07 18  0814   57221   29640    0    -0.0     2.7    -1.9     3.3   -35.6    90.2
2015 07 18  0815   57221   29700    0     0.1     2.7    -2.1     3.4   -38.4    88.6
2015 07 18  0816   57221   29760    0     0.1     2.8    -1.9     3.4   -34.8    88.2
2015 07 18  0817   57221   29820    0     0.1     2.7    -2.1     3.4   -37.8    87.5
2015 07 18  0818   57221   29880    0     0.1     2.7    -2.1     3.4   -38.4    88.6
2015 07 18  0819   57221   29940    0     0.1     2.7    -2.2     3.5   -39.1    88.6
2015 07 18  0820   57221   30000    0    -0.1     2.7    -2.2     3.5   -39.0    91.4
2015 07 18  0821   57221   30060    0    -0.1     2.8    -2.2     3.5   -38.3    93.1
2015 07 18  0822   57221   30120    0     0.0     2.7    -2.2     3.5   -39.6    89.1
2015 07 18  0823   57221   30180    0    -0.2     2.7    -2.1     3.4   -37.5    94.9
2015 07 18  0824   57221   30240    0    -0.7     2.8    -1.8     3.4   -31.4   103.5
2015 07 18  0825   57221   30300    0    -0.7     2.7    -1.7     3.3   -31.5   104.1
2015 07 18  0826   57221   30360    0    -0.3     2.5    -2.3     3.4   -42.3    96.2
2015 07 18  0827   57221   30420    0     0.3     1.8    -2.8     3.3   -56.8    80.2
2015 07 18  0828   57221   30480    0     0.4     1.8    -2.6     3.2   -54.8    79.1
2015 07 18  0829   57221   30540    0    -0.1     2.3    -2.4     3.3   -46.1    93.2
2015 07 18  0830   57221   30600    0     0.1     2.6    -2.0     3.3   -38.1    88.1
2015 07 18  0831   57221   30660    0     0.2     2.8    -1.6     3.3   -30.1    85.7
2015 07 18  0832   57221   30720    0     0.4     2.9    -1.4     3.2   -25.9    82.8
2015 07 18  0833   57221   30780    0     0.4     2.7    -1.6     3.2   -29.8    80.9
2015 07 18  0834   57221   30840    0     0.7     2.8    -1.5     3.3   -26.7    76.8
2015 07 18  0835   57221   30900    0     0.4     2.6    -1.7     3.2   -32.4    80.8
2015 07 18  0836   57221   30960    0     0.6     2.6    -1.8     3.2   -33.4    76.4
2015 07 18  0837   57221   31020    0     0.3     2.6    -1.9     3.2   -35.4    82.7
2015 07 18  0838   57221   31080    0     0.2     2.3    -2.2     3.2   -43.9    84.9
2015 07 18  0839   57221   31140    0     0.1     2.0    -2.5     3.2   -50.6    87.9
2015 07 18  0840   57221   31200    0    -0.1     2.1    -2.4     3.2   -48.6    94.0
2015 07 18  0841   57221   31260    0    -1.3     0.9    -2.6     3.0   -58.4   144.6
2015 07 18  0842   57221   31320    0    -1.6     0.6    -2.6     3.1   -57.1   159.4
2015 07 18  0843   57221   31380    0    -1.7     0.4    -2.6     3.1   -55.8   166.3
2015 07 18  0844   57221   31440    0    -1.0     1.1    -2.6     3.0   -59.7   131.0
2015 07 18  0845   57221   31500    0     0.1     2.0    -2.4     3.1   -50.0    86.1
2015 07 18  0846   57221   31560    0    -0.1     2.3    -2.3     3.2   -44.2    92.9
2015 07 18  0847   57221   31620    0    -0.2     2.6    -1.9     3.2   -36.7    93.5
2015 07 18  0848   57221   31680    0    -0.2     2.3    -2.2     3.2   -42.7    95.3
2015 07 18  0849   57221   31740    0    -0.3     2.1    -2.3     3.2   -47.1    99.3
2015 07 18  0850   57221   31800    0    -0.2     2.0    -2.5     3.2   -51.4    94.9
2015 07 18  0851   57221   31860    0    -0.2     1.8    -2.6     3.2   -54.4    96.7
2015 07 18  0852   57221   31920    0     0.1     2.2    -2.2     3.2   -45.1    86.2
2015 07 18  0853   57221   31980    0     0.3     2.6    -1.9     3.2   -36.6    83.6
2015 07 18  0854   57221   32040    0     0.4     2.6    -1.7     3.2   -32.4    81.1
2015 07 18  0855   57221   32100    0     0.4     2.8    -1.4     3.2   -25.8    82.4
2015 07 18  0856   57221   32160    0     0.4     2.7    -1.5     3.2   -29.1    81.2
2015 07 18  0857   57221   32220    0     0.4     2.7    -1.7     3.2   -31.7    82.3
2015 07 18  0858   57221   32280    0    -0.5     2.5    -2.0     3.2   -37.9   102.3
2015 07 18  0859   57221   32340    0    -0.5     2.6    -1.9     3.2   -35.6   102.0
