:Data_list: 20150524_ace_sis_5m.txt
:Created: 2015 May 25 0011 UT
# Prepared by the U.S. Dept. of Commerce, NOAA, Space Weather Prediction Center
# Please send comments and suggestions to SWPC.Webmaster@noaa.gov 
# 
# Units: proton flux p/cs2-sec-ster
# Status(S): 0 = nominal data, 1 to 8 = bad data record, 9 = no data
# Missing data values: -1.00e+05
# Source: ACE Satellite - Solar Isotope Spectrometer
#
# 5-minute averaged Real-time Integral Flux of High-energy Solar Protons
# 
#                 Modified Seconds
# UT Date   Time   Julian  of the      ---- Integral Proton Flux ----
# YR MO DA  HHMM     Day     Day       S    > 10 MeV    S    > 30 MeV
#--------------------------------------------------------------------
2015 05 24  0000    57166       0      0    1.05e+00    0    7.42e-01
2015 05 24  0005    57166     300      0    1.09e+00    0    7.64e-01
2015 05 24  0010    57166     600      0    1.07e+00    0    7.56e-01
2015 05 24  0015    57166     900      0    1.09e+00    0    7.69e-01
2015 05 24  0020    57166    1200      0    1.10e+00    0    7.82e-01
2015 05 24  0025    57166    1500      0    1.09e+00    0    7.68e-01
2015 05 24  0030    57166    1800      0    1.10e+00    0    7.72e-01
2015 05 24  0035    57166    2100      0    1.10e+00    0    7.82e-01
2015 05 24  0040    57166    2400      0    1.11e+00    0    7.83e-01
2015 05 24  0045    57166    2700      0    1.08e+00    0    7.48e-01
2015 05 24  0050    57166    3000      0    1.10e+00    0    7.74e-01
2015 05 24  0055    57166    3300      0    1.11e+00    0    7.84e-01
2015 05 24  0100    57166    3600      0    1.07e+00    0    7.45e-01
2015 05 24  0105    57166    3900      0    1.10e+00    0    7.71e-01
2015 05 24  0110    57166    4200      0    1.10e+00    0    7.72e-01
2015 05 24  0115    57166    4500      0    1.08e+00    0    7.61e-01
2015 05 24  0120    57166    4800      0    1.10e+00    0    7.78e-01
2015 05 24  0125    57166    5100      0    1.09e+00    0    7.65e-01
2015 05 24  0130    57166    5400      0    1.10e+00    0    7.69e-01
2015 05 24  0135    57166    5700      0    1.10e+00    0    7.82e-01
2015 05 24  0140    57166    6000      0    1.08e+00    0    7.66e-01
2015 05 24  0145    57166    6300      0    1.13e+00    0    7.97e-01
2015 05 24  0150    57166    6600      0    1.11e+00    0    7.90e-01
2015 05 24  0155    57166    6900      0    1.12e+00    0    7.92e-01
2015 05 24  0200    57166    7200      0    1.11e+00    0    7.77e-01
2015 05 24  0205    57166    7500      0    1.07e+00    0    7.47e-01
2015 05 24  0210    57166    7800      0    1.07e+00    0    7.47e-01
2015 05 24  0215    57166    8100      0    1.06e+00    0    7.50e-01
2015 05 24  0220    57166    8400      0    1.11e+00    0    7.90e-01
2015 05 24  0225    57166    8700      0    1.11e+00    0    7.83e-01
2015 05 24  0230    57166    9000      0    1.11e+00    0    7.87e-01
2015 05 24  0235    57166    9300      0    1.07e+00    0    7.53e-01
2015 05 24  0240    57166    9600      0    1.11e+00    0    7.82e-01
2015 05 24  0245    57166    9900      0    1.08e+00    0    7.60e-01
2015 05 24  0250    57166   10200      0    1.12e+00    0    7.94e-01
2015 05 24  0255    57166   10500      0    1.10e+00    0    7.76e-01
2015 05 24  0300    57166   10800      0    1.11e+00    0    7.82e-01
2015 05 24  0305    57166   11100      0    1.12e+00    0    8.00e-01
2015 05 24  0310    57166   11400      0    1.11e+00    0    7.80e-01
2015 05 24  0315    57166   11700      0    1.10e+00    0    7.76e-01
2015 05 24  0320    57166   12000      0    1.11e+00    0    7.79e-01
2015 05 24  0325    57166   12300      0    1.10e+00    0    7.71e-01
2015 05 24  0330    57166   12600      0    1.10e+00    0    7.68e-01
2015 05 24  0335    57166   12900      0    1.10e+00    0    7.76e-01
2015 05 24  0340    57166   13200      0    1.12e+00    0    7.81e-01
2015 05 24  0345    57166   13500      0    1.11e+00    0    7.90e-01
2015 05 24  0350    57166   13800      0    1.12e+00    0    7.91e-01
2015 05 24  0355    57166   14100      0    1.10e+00    0    7.77e-01
2015 05 24  0400    57166   14400      0    1.09e+00    0    7.62e-01
2015 05 24  0405    57166   14700      0    1.10e+00    0    7.69e-01
2015 05 24  0410    57166   15000      0    1.10e+00    0    7.77e-01
2015 05 24  0415    57166   15300      0    1.11e+00    0    7.79e-01
2015 05 24  0420    57166   15600      0    1.11e+00    0    7.80e-01
2015 05 24  0425    57166   15900      0    1.11e+00    0    7.83e-01
2015 05 24  0430    57166   16200      0    1.06e+00    0    7.44e-01
2015 05 24  0435    57166   16500      0    1.12e+00    0    7.84e-01
2015 05 24  0440    57166   16800      0    1.09e+00    0    7.57e-01
2015 05 24  0445    57166   17100      0    1.08e+00    0    7.64e-01
2015 05 24  0450    57166   17400      0    1.08e+00    0    7.60e-01
2015 05 24  0455    57166   17700      0    1.09e+00    0    7.73e-01
2015 05 24  0500    57166   18000      0    1.11e+00    0    7.85e-01
2015 05 24  0505    57166   18300      0    1.10e+00    0    7.61e-01
2015 05 24  0510    57166   18600      0    1.11e+00    0    7.76e-01
2015 05 24  0515    57166   18900      0    1.09e+00    0    7.61e-01
2015 05 24  0520    57166   19200      0    1.10e+00    0    7.66e-01
2015 05 24  0525    57166   19500      0    1.10e+00    0    7.69e-01
2015 05 24  0530    57166   19800      0    1.07e+00    0    7.62e-01
2015 05 24  0535    57166   20100      0    1.11e+00    0    7.87e-01
2015 05 24  0540    57166   20400      0    1.09e+00    0    7.67e-01
2015 05 24  0545    57166   20700      0    1.10e+00    0    7.76e-01
2015 05 24  0550    57166   21000      0    1.10e+00    0    7.72e-01
2015 05 24  0555    57166   21300      0    1.10e+00    0    7.78e-01
2015 05 24  0600    57166   21600      0    1.11e+00    0    7.92e-01
2015 05 24  0605    57166   21900      0    1.12e+00    0    7.88e-01
2015 05 24  0610    57166   22200      0    1.11e+00    0    7.73e-01
2015 05 24  0615    57166   22500      0    1.13e+00    0    7.89e-01
2015 05 24  0620    57166   22800      0    1.12e+00    0    7.93e-01
2015 05 24  0625    57166   23100      0    1.11e+00    0    7.89e-01
2015 05 24  0630    57166   23400      0    1.09e+00    0    7.62e-01
2015 05 24  0635    57166   23700      0    1.10e+00    0    7.67e-01
2015 05 24  0640    57166   24000      0    1.10e+00    0    7.83e-01
2015 05 24  0645    57166   24300      0    1.10e+00    0    7.74e-01
2015 05 24  0650    57166   24600      0    1.11e+00    0    7.84e-01
2015 05 24  0655    57166   24900      0    1.11e+00    0    7.80e-01
2015 05 24  0700    57166   25200      0    1.10e+00    0    7.73e-01
2015 05 24  0705    57166   25500      0    1.10e+00    0    7.81e-01
2015 05 24  0710    57166   25800      0    1.10e+00    0    7.89e-01
2015 05 24  0715    57166   26100      0    1.08e+00    0    7.65e-01
2015 05 24  0720    57166   26400      0    1.10e+00    0    7.73e-01
2015 05 24  0725    57166   26700      0    1.13e+00    0    8.00e-01
2015 05 24  0730    57166   27000      0    1.10e+00    0    7.74e-01
2015 05 24  0735    57166   27300      0    1.10e+00    0    7.77e-01
2015 05 24  0740    57166   27600      0    1.10e+00    0    7.75e-01
2015 05 24  0745    57166   27900      0    1.10e+00    0    7.78e-01
2015 05 24  0750    57166   28200      0    1.10e+00    0    7.69e-01
2015 05 24  0755    57166   28500      0    1.10e+00    0    7.79e-01
2015 05 24  0800    57166   28800      0    1.10e+00    0    7.68e-01
2015 05 24  0805    57166   29100      0    1.08e+00    0    7.58e-01
2015 05 24  0810    57166   29400      0    1.08e+00    0    7.63e-01
2015 05 24  0815    57166   29700      0    1.10e+00    0    7.73e-01
2015 05 24  0820    57166   30000      0    1.09e+00    0    7.69e-01
2015 05 24  0825    57166   30300      0    1.10e+00    0    7.71e-01
2015 05 24  0830    57166   30600      0    1.10e+00    0    7.68e-01
2015 05 24  0835    57166   30900      0    1.10e+00    0    7.74e-01
2015 05 24  0840    57166   31200      0    1.10e+00    0    7.74e-01
2015 05 24  0845    57166   31500      0    1.08e+00    0    7.57e-01
2015 05 24  0850    57166   31800      0    1.10e+00    0    7.72e-01
2015 05 24  0855    57166   32100      0    1.08e+00    0    7.55e-01
2015 05 24  0900    57166   32400      0    1.11e+00    0    7.76e-01
2015 05 24  0905    57166   32700      0    1.11e+00    0    7.91e-01
2015 05 24  0910    57166   33000      0    1.13e+00    0    7.93e-01
2015 05 24  0915    57166   33300      0    1.10e+00    0    7.72e-01
2015 05 24  0920    57166   33600      0    1.10e+00    0    7.74e-01
2015 05 24  0925    57166   33900      0    1.07e+00    0    7.55e-01
2015 05 24  0930    57166   34200      0    1.10e+00    0    7.66e-01
2015 05 24  0935    57166   34500      0    1.11e+00    0    7.82e-01
2015 05 24  0940    57166   34800      0    1.10e+00    0    7.78e-01
2015 05 24  0945    57166   35100      0    1.11e+00    0    7.84e-01
2015 05 24  0950    57166   35400      0    1.11e+00    0    7.81e-01
2015 05 24  0955    57166   35700      0    1.09e+00    0    7.72e-01
2015 05 24  1000    57166   36000      0    1.08e+00    0    7.61e-01
2015 05 24  1005    57166   36300      0    1.10e+00    0    7.72e-01
2015 05 24  1010    57166   36600      0    1.10e+00    0    7.71e-01
2015 05 24  1015    57166   36900      0    1.10e+00    0    7.77e-01
2015 05 24  1020    57166   37200      0    1.10e+00    0    7.75e-01
2015 05 24  1025    57166   37500      0    1.10e+00    0    7.76e-01
2015 05 24  1030    57166   37800      0    1.12e+00    0    7.88e-01
2015 05 24  1035    57166   38100      0    1.11e+00    0    7.81e-01
2015 05 24  1040    57166   38400      0    1.09e+00    0    7.77e-01
2015 05 24  1045    57166   38700      0    1.09e+00    0    7.67e-01
2015 05 24  1050    57166   39000      0    1.09e+00    0    7.66e-01
2015 05 24  1055    57166   39300      0    1.09e+00    0    7.73e-01
2015 05 24  1100    57166   39600      0    1.10e+00    0    7.68e-01
2015 05 24  1105    57166   39900      0    1.12e+00    0    7.87e-01
2015 05 24  1110    57166   40200      0    1.10e+00    0    7.75e-01
2015 05 24  1115    57166   40500      0    1.09e+00    0    7.66e-01
2015 05 24  1120    57166   40800      0    1.09e+00    0    7.66e-01
2015 05 24  1125    57166   41100      0    1.11e+00    0    7.79e-01
2015 05 24  1130    57166   41400      0    1.10e+00    0    7.77e-01
2015 05 24  1135    57166   41700      0    1.11e+00    0    7.75e-01
2015 05 24  1140    57166   42000      0    1.08e+00    0    7.62e-01
2015 05 24  1145    57166   42300      0    1.12e+00    0    7.85e-01
2015 05 24  1150    57166   42600      0    1.12e+00    0    7.82e-01
2015 05 24  1155    57166   42900      0    1.10e+00    0    7.69e-01
2015 05 24  1200    57166   43200      0    1.10e+00    0    7.79e-01
2015 05 24  1205    57166   43500      0    1.09e+00    0    7.61e-01
2015 05 24  1210    57166   43800      0    1.09e+00    0    7.70e-01
2015 05 24  1215    57166   44100      0    1.10e+00    0    7.75e-01
2015 05 24  1220    57166   44400      0    1.10e+00    0    7.77e-01
2015 05 24  1225    57166   44700      0    1.11e+00    0    7.87e-01
2015 05 24  1230    57166   45000      0    1.11e+00    0    7.89e-01
2015 05 24  1235    57166   45300      0    1.10e+00    0    7.92e-01
2015 05 24  1240    57166   45600      0    1.11e+00    0    7.87e-01
2015 05 24  1245    57166   45900      0    1.11e+00    0    7.77e-01
2015 05 24  1250    57166   46200      0    1.10e+00    0    7.73e-01
2015 05 24  1255    57166   46500      0    1.12e+00    0    7.81e-01
2015 05 24  1300    57166   46800      0    1.10e+00    0    7.75e-01
2015 05 24  1305    57166   47100      0    1.09e+00    0    7.58e-01
2015 05 24  1310    57166   47400      0    1.08e+00    0    7.58e-01
2015 05 24  1315    57166   47700      0    1.09e+00    0    7.70e-01
2015 05 24  1320    57166   48000      0    1.10e+00    0    7.78e-01
2015 05 24  1325    57166   48300      0    1.11e+00    0    7.76e-01
2015 05 24  1330    57166   48600      0    1.10e+00    0    7.81e-01
2015 05 24  1335    57166   48900      0    1.13e+00    0    7.88e-01
2015 05 24  1340    57166   49200      0    1.11e+00    0    7.85e-01
2015 05 24  1345    57166   49500      0    1.11e+00    0    7.77e-01
2015 05 24  1350    57166   49800      0    1.09e+00    0    7.66e-01
2015 05 24  1355    57166   50100      0    1.11e+00    0    7.75e-01
2015 05 24  1400    57166   50400      0    1.12e+00    0    7.94e-01
2015 05 24  1405    57166   50700      0    1.10e+00    0    7.76e-01
2015 05 24  1410    57166   51000      0    1.11e+00    0    7.78e-01
2015 05 24  1415    57166   51300      0    1.11e+00    0    7.89e-01
2015 05 24  1420    57166   51600      0    1.10e+00    0    7.79e-01
2015 05 24  1425    57166   51900      0    1.08e+00    0    7.51e-01
2015 05 24  1430    57166   52200      0    1.12e+00    0    7.94e-01
2015 05 24  1435    57166   52500      0    1.12e+00    0    7.90e-01
2015 05 24  1440    57166   52800      0    1.11e+00    0    7.75e-01
2015 05 24  1445    57166   53100      0    1.07e+00    0    7.52e-01
2015 05 24  1450    57166   53400      0    1.10e+00    0    7.66e-01
2015 05 24  1455    57166   53700      0    1.09e+00    0    7.67e-01
2015 05 24  1500    57166   54000      0    1.10e+00    0    7.80e-01
2015 05 24  1505    57166   54300      0    1.11e+00    0    7.82e-01
2015 05 24  1510    57166   54600      0    1.12e+00    0    7.90e-01
2015 05 24  1515    57166   54900      0    1.10e+00    0    7.78e-01
2015 05 24  1520    57166   55200      0    1.08e+00    0    7.58e-01
2015 05 24  1525    57166   55500      0    1.09e+00    0    7.63e-01
2015 05 24  1530    57166   55800      0    1.12e+00    0    7.92e-01
2015 05 24  1535    57166   56100      0    1.10e+00    0    7.74e-01
2015 05 24  1540    57166   56400      0    1.08e+00    0    7.65e-01
2015 05 24  1545    57166   56700      0    1.10e+00    0    7.74e-01
2015 05 24  1550    57166   57000      0    1.12e+00    0    8.01e-01
2015 05 24  1555    57166   57300      0    1.12e+00    0    7.86e-01
2015 05 24  1600    57166   57600      0    1.10e+00    0    7.66e-01
2015 05 24  1605    57166   57900      0    1.07e+00    0    7.50e-01
2015 05 24  1610    57166   58200      0    1.10e+00    0    7.79e-01
2015 05 24  1615    57166   58500      0    1.13e+00    0    7.95e-01
2015 05 24  1620    57166   58800      0    1.13e+00    0    8.04e-01
2015 05 24  1625    57166   59100      0    1.12e+00    0    7.83e-01
2015 05 24  1630    57166   59400      0    1.12e+00    0    7.85e-01
2015 05 24  1635    57166   59700      0    1.08e+00    0    7.62e-01
2015 05 24  1640    57166   60000      0    1.12e+00    0    7.98e-01
2015 05 24  1645    57166   60300      0    1.09e+00    0    7.61e-01
2015 05 24  1650    57166   60600      0    1.14e+00    0    8.08e-01
2015 05 24  1655    57166   60900      0    1.15e+00    0    8.21e-01
2015 05 24  1700    57166   61200      0    1.12e+00    0    7.96e-01
2015 05 24  1705    57166   61500      0    1.11e+00    0    7.74e-01
2015 05 24  1710    57166   61800      0    1.09e+00    0    7.69e-01
2015 05 24  1715    57166   62100      0    1.08e+00    0    7.49e-01
2015 05 24  1720    57166   62400      0    1.13e+00    0    7.92e-01
2015 05 24  1725    57166   62700      0    1.11e+00    0    7.79e-01
2015 05 24  1730    57166   63000      0    1.12e+00    0    7.94e-01
2015 05 24  1735    57166   63300      0    1.08e+00    0    7.60e-01
2015 05 24  1740    57166   63600      0    1.12e+00    0    7.82e-01
2015 05 24  1745    57166   63900      0    1.10e+00    0    7.63e-01
2015 05 24  1750    57166   64200      0    1.10e+00    0    7.73e-01
2015 05 24  1755    57166   64500      0    1.09e+00    0    7.72e-01
2015 05 24  1800    57166   64800      0    1.08e+00    0    7.51e-01
2015 05 24  1805    57166   65100      0    1.11e+00    0    7.88e-01
2015 05 24  1810    57166   65400      0    1.11e+00    0    7.73e-01
2015 05 24  1815    57166   65700      0    1.11e+00    0    7.98e-01
2015 05 24  1820    57166   66000      0    1.19e+00    0    8.31e-01
2015 05 24  1825    57166   66300      0    1.12e+00    0    7.76e-01
2015 05 24  1830    57166   66600      0    1.12e+00    0    7.87e-01
2015 05 24  1835    57166   66900      0    1.13e+00    0    7.92e-01
2015 05 24  1840    57166   67200      0    1.11e+00    0    7.85e-01
2015 05 24  1845    57166   67500      0    1.09e+00    0    7.45e-01
2015 05 24  1850    57166   67800      0    1.07e+00    0    7.57e-01
2015 05 24  1855    57166   68100      0    1.09e+00    0    7.74e-01
2015 05 24  1900    57166   68400      0    1.19e+00    0    8.60e-01
2015 05 24  1905    57166   68700      0    1.11e+00    0    7.74e-01
2015 05 24  1910    57166   69000      0    1.10e+00    0    7.66e-01
2015 05 24  1915    57166   69300      0    1.11e+00    0    7.79e-01
2015 05 24  1920    57166   69600      0    1.10e+00    0    7.79e-01
2015 05 24  1925    57166   69900      0    1.12e+00    0    7.89e-01
2015 05 24  1930    57166   70200      0    1.12e+00    0    7.89e-01
2015 05 24  1935    57166   70500      0    1.08e+00    0    7.65e-01
2015 05 24  1940    57166   70800      0    1.11e+00    0    7.75e-01
2015 05 24  1945    57166   71100      0    1.11e+00    0    7.81e-01
2015 05 24  1950    57166   71400      0    1.12e+00    0    7.81e-01
2015 05 24  1955    57166   71700      0    1.11e+00    0    7.87e-01
2015 05 24  2000    57166   72000      0    1.12e+00    0    7.89e-01
2015 05 24  2005    57166   72300      0    1.12e+00    0    7.89e-01
2015 05 24  2010    57166   72600      0    1.10e+00    0    7.73e-01
2015 05 24  2015    57166   72900      0    1.12e+00    0    7.90e-01
2015 05 24  2020    57166   73200      0    1.10e+00    0    7.73e-01
2015 05 24  2025    57166   73500      0    1.10e+00    0    7.85e-01
2015 05 24  2030    57166   73800      0    1.07e+00    0    7.55e-01
2015 05 24  2035    57166   74100      0    1.08e+00    0    7.55e-01
2015 05 24  2040    57166   74400      0    1.10e+00    0    7.68e-01
2015 05 24  2045    57166   74700      0    1.12e+00    0    7.95e-01
2015 05 24  2050    57166   75000      0    1.11e+00    0    7.86e-01
2015 05 24  2055    57166   75300      0    1.11e+00    0    7.87e-01
2015 05 24  2100    57166   75600      0    1.08e+00    0    7.47e-01
2015 05 24  2105    57166   75900      0    1.12e+00    0    7.87e-01
2015 05 24  2110    57166   76200      0    1.11e+00    0    7.78e-01
2015 05 24  2115    57166   76500      0    1.12e+00    0    7.90e-01
2015 05 24  2120    57166   76800      0    1.10e+00    0    7.71e-01
2015 05 24  2125    57166   77100      0    1.09e+00    0    7.74e-01
2015 05 24  2130    57166   77400      0    1.13e+00    0    7.99e-01
2015 05 24  2135    57166   77700      0    1.12e+00    0    7.85e-01
2015 05 24  2140    57166   78000      0    1.13e+00    0    7.97e-01
2015 05 24  2145    57166   78300      0    1.13e+00    0    7.96e-01
2015 05 24  2150    57166   78600      0    1.10e+00    0    7.70e-01
2015 05 24  2155    57166   78900      0    1.10e+00    0    7.78e-01
2015 05 24  2200    57166   79200      0    1.11e+00    0    7.87e-01
2015 05 24  2205    57166   79500      0    1.11e+00    0    7.84e-01
2015 05 24  2210    57166   79800      0    1.13e+00    0    7.96e-01
2015 05 24  2215    57166   80100      0    1.13e+00    0    8.00e-01
2015 05 24  2220    57166   80400      0    1.12e+00    0    7.87e-01
2015 05 24  2225    57166   80700      0    1.10e+00    0    7.86e-01
2015 05 24  2230    57166   81000      0    1.13e+00    0    7.94e-01
2015 05 24  2235    57166   81300      0    1.12e+00    0    7.82e-01
2015 05 24  2240    57166   81600      0    1.11e+00    0    7.78e-01
2015 05 24  2245    57166   81900      0    1.12e+00    0    7.86e-01
2015 05 24  2250    57166   82200      0    1.12e+00    0    7.87e-01
2015 05 24  2255    57166   82500      0    1.10e+00    0    7.76e-01
2015 05 24  2300    57166   82800      0    1.11e+00    0    7.75e-01
2015 05 24  2305    57166   83100      0    1.08e+00    0    7.66e-01
2015 05 24  2310    57166   83400      0    1.09e+00    0    7.67e-01
2015 05 24  2315    57166   83700      0    1.11e+00    0    7.79e-01
2015 05 24  2320    57166   84000      0    1.10e+00    0    7.76e-01
2015 05 24  2325    57166   84300      0    1.08e+00    0    7.65e-01
2015 05 24  2330    57166   84600      0    1.10e+00    0    7.82e-01
2015 05 24  2335    57166   84900      0    1.12e+00    0    7.86e-01
2015 05 24  2340    57166   85200      0    1.12e+00    0    7.91e-01
2015 05 24  2345    57166   85500      0    1.12e+00    0    7.93e-01
2015 05 24  2350    57166   85800      0    1.12e+00    0    7.93e-01
2015 05 24  2355    57166   86100      0    1.10e+00    0    7.67e-01
