:Data_list: 20160313_ace_sis_5m.txt
:Created: 2016 Mar 14 0011 UT
# Prepared by the U.S. Dept. of Commerce, NOAA, Space Weather Prediction Center
# Please send comments and suggestions to SWPC.Webmaster@noaa.gov 
# 
# Units: proton flux p/cs2-sec-ster
# Status(S): 0 = nominal data, 1 to 8 = bad data record, 9 = no data
# Missing data values: -1.00e+05
# Source: ACE Satellite - Solar Isotope Spectrometer
#
# 5-minute averaged Real-time Integral Flux of High-energy Solar Protons
# 
#                 Modified Seconds
# UT Date   Time   Julian  of the      ---- Integral Proton Flux ----
# YR MO DA  HHMM     Day     Day       S    > 10 MeV    S    > 30 MeV
#--------------------------------------------------------------------
2016 03 13  0000    57460       0      0    1.55e+00    0    1.08e+00
2016 03 13  0005    57460     300      0    1.53e+00    0    1.07e+00
2016 03 13  0010    57460     600      0    1.57e+00    0    1.11e+00
2016 03 13  0015    57460     900      0    1.54e+00    0    1.08e+00
2016 03 13  0020    57460    1200      0    1.56e+00    0    1.10e+00
2016 03 13  0025    57460    1500      0    1.56e+00    0    1.10e+00
2016 03 13  0030    57460    1800      0    1.58e+00    0    1.10e+00
2016 03 13  0035    57460    2100      0    1.56e+00    0    1.09e+00
2016 03 13  0040    57460    2400      0    1.59e+00    0    1.13e+00
2016 03 13  0045    57460    2700      0    1.56e+00    0    1.08e+00
2016 03 13  0050    57460    3000      0    1.54e+00    0    1.08e+00
2016 03 13  0055    57460    3300      0    1.59e+00    0    1.11e+00
2016 03 13  0100    57460    3600      0    1.57e+00    0    1.10e+00
2016 03 13  0105    57460    3900      0    1.56e+00    0    1.09e+00
2016 03 13  0110    57460    4200      0    1.59e+00    0    1.13e+00
2016 03 13  0115    57460    4500      0    1.59e+00    0    1.12e+00
2016 03 13  0120    57460    4800      0    1.58e+00    0    1.12e+00
2016 03 13  0125    57460    5100      0    1.58e+00    0    1.10e+00
2016 03 13  0130    57460    5400      0    1.57e+00    0    1.11e+00
2016 03 13  0135    57460    5700      0    1.58e+00    0    1.11e+00
2016 03 13  0140    57460    6000      0    1.55e+00    0    1.07e+00
2016 03 13  0145    57460    6300      0    1.57e+00    0    1.11e+00
2016 03 13  0150    57460    6600      0    1.58e+00    0    1.11e+00
2016 03 13  0155    57460    6900      0    1.56e+00    0    1.10e+00
2016 03 13  0200    57460    7200      0    1.55e+00    0    1.09e+00
2016 03 13  0205    57460    7500      0    1.57e+00    0    1.11e+00
2016 03 13  0210    57460    7800      0    1.58e+00    0    1.11e+00
2016 03 13  0215    57460    8100      0    1.60e+00    0    1.11e+00
2016 03 13  0220    57460    8400      0    1.61e+00    0    1.14e+00
2016 03 13  0225    57460    8700      0    1.56e+00    0    1.10e+00
2016 03 13  0230    57460    9000      0    1.57e+00    0    1.11e+00
2016 03 13  0235    57460    9300      0    1.57e+00    0    1.10e+00
2016 03 13  0240    57460    9600      0    1.55e+00    0    1.09e+00
2016 03 13  0245    57460    9900      0    1.56e+00    0    1.09e+00
2016 03 13  0250    57460   10200      0    1.58e+00    0    1.11e+00
2016 03 13  0255    57460   10500      0    1.59e+00    0    1.12e+00
2016 03 13  0300    57460   10800      0    1.55e+00    0    1.08e+00
2016 03 13  0305    57460   11100      0    1.56e+00    0    1.09e+00
2016 03 13  0310    57460   11400      0    1.56e+00    0    1.10e+00
2016 03 13  0315    57460   11700      0    1.53e+00    0    1.08e+00
2016 03 13  0320    57460   12000      0    1.56e+00    0    1.09e+00
2016 03 13  0325    57460   12300      0    1.57e+00    0    1.10e+00
2016 03 13  0330    57460   12600      0    1.57e+00    0    1.11e+00
2016 03 13  0335    57460   12900      0    1.59e+00    0    1.12e+00
2016 03 13  0340    57460   13200      0    1.56e+00    0    1.09e+00
2016 03 13  0345    57460   13500      0    1.59e+00    0    1.11e+00
2016 03 13  0350    57460   13800      0    1.57e+00    0    1.10e+00
2016 03 13  0355    57460   14100      0    1.56e+00    0    1.10e+00
2016 03 13  0400    57460   14400      0    1.60e+00    0    1.13e+00
2016 03 13  0405    57460   14700      0    1.55e+00    0    1.09e+00
2016 03 13  0410    57460   15000      0    1.56e+00    0    1.10e+00
2016 03 13  0415    57460   15300      0    1.55e+00    0    1.10e+00
2016 03 13  0420    57460   15600      0    1.54e+00    0    1.08e+00
2016 03 13  0425    57460   15900      0    1.57e+00    0    1.11e+00
2016 03 13  0430    57460   16200      0    1.57e+00    0    1.11e+00
2016 03 13  0435    57460   16500      0    1.58e+00    0    1.11e+00
2016 03 13  0440    57460   16800      0    1.56e+00    0    1.09e+00
2016 03 13  0445    57460   17100      0    1.57e+00    0    1.11e+00
2016 03 13  0450    57460   17400      0    1.58e+00    0    1.10e+00
2016 03 13  0455    57460   17700      0    1.58e+00    0    1.11e+00
2016 03 13  0500    57460   18000      0    1.56e+00    0    1.11e+00
2016 03 13  0505    57460   18300      0    1.55e+00    0    1.09e+00
2016 03 13  0510    57460   18600      0    1.60e+00    0    1.13e+00
2016 03 13  0515    57460   18900      0    1.59e+00    0    1.13e+00
2016 03 13  0520    57460   19200      0    1.56e+00    0    1.09e+00
2016 03 13  0525    57460   19500      0    1.57e+00    0    1.10e+00
2016 03 13  0530    57460   19800      0    1.54e+00    0    1.10e+00
2016 03 13  0535    57460   20100      0    1.61e+00    0    1.14e+00
2016 03 13  0540    57460   20400      0    1.57e+00    0    1.10e+00
2016 03 13  0545    57460   20700      0    1.55e+00    0    1.10e+00
2016 03 13  0550    57460   21000      0    1.56e+00    0    1.08e+00
2016 03 13  0555    57460   21300      0    1.59e+00    0    1.12e+00
2016 03 13  0600    57460   21600      0    1.59e+00    0    1.13e+00
2016 03 13  0605    57460   21900      0    1.55e+00    0    1.09e+00
2016 03 13  0610    57460   22200      0    1.57e+00    0    1.10e+00
2016 03 13  0615    57460   22500      0    1.57e+00    0    1.12e+00
2016 03 13  0620    57460   22800      0    1.61e+00    0    1.13e+00
2016 03 13  0625    57460   23100      0    1.59e+00    0    1.12e+00
2016 03 13  0630    57460   23400      0    1.57e+00    0    1.10e+00
2016 03 13  0635    57460   23700      0    1.58e+00    0    1.11e+00
2016 03 13  0640    57460   24000      0    1.54e+00    0    1.08e+00
2016 03 13  0645    57460   24300      0    1.59e+00    0    1.12e+00
2016 03 13  0650    57460   24600      0    1.57e+00    0    1.10e+00
2016 03 13  0655    57460   24900      0    1.57e+00    0    1.12e+00
2016 03 13  0700    57460   25200      0    1.58e+00    0    1.10e+00
2016 03 13  0705    57460   25500      0    1.58e+00    0    1.11e+00
2016 03 13  0710    57460   25800      0    1.59e+00    0    1.12e+00
2016 03 13  0715    57460   26100      0    1.61e+00    0    1.14e+00
2016 03 13  0720    57460   26400      0    1.58e+00    0    1.11e+00
2016 03 13  0725    57460   26700      0    1.54e+00    0    1.08e+00
2016 03 13  0730    57460   27000      0    1.56e+00    0    1.10e+00
2016 03 13  0735    57460   27300      0    1.55e+00    0    1.09e+00
2016 03 13  0740    57460   27600      0    1.58e+00    0    1.12e+00
2016 03 13  0745    57460   27900      0    1.57e+00    0    1.10e+00
2016 03 13  0750    57460   28200      0    1.58e+00    0    1.12e+00
2016 03 13  0755    57460   28500      0    1.56e+00    0    1.09e+00
2016 03 13  0800    57460   28800      0    1.59e+00    0    1.12e+00
2016 03 13  0805    57460   29100      0    1.55e+00    0    1.09e+00
2016 03 13  0810    57460   29400      0    1.59e+00    0    1.12e+00
2016 03 13  0815    57460   29700      0    1.56e+00    0    1.09e+00
2016 03 13  0820    57460   30000      0    1.58e+00    0    1.10e+00
2016 03 13  0825    57460   30300      0    1.58e+00    0    1.11e+00
2016 03 13  0830    57460   30600      0    1.56e+00    0    1.09e+00
2016 03 13  0835    57460   30900      0    1.56e+00    0    1.10e+00
2016 03 13  0840    57460   31200      0    1.56e+00    0    1.09e+00
2016 03 13  0845    57460   31500      0    1.54e+00    0    1.08e+00
2016 03 13  0850    57460   31800      0    1.54e+00    0    1.09e+00
2016 03 13  0855    57460   32100      0    1.56e+00    0    1.10e+00
2016 03 13  0900    57460   32400      0    1.58e+00    0    1.11e+00
2016 03 13  0905    57460   32700      0    1.61e+00    0    1.14e+00
2016 03 13  0910    57460   33000      0    1.54e+00    0    1.09e+00
2016 03 13  0915    57460   33300      0    1.53e+00    0    1.06e+00
2016 03 13  0920    57460   33600      0    1.57e+00    0    1.10e+00
2016 03 13  0925    57460   33900      0    1.53e+00    0    1.08e+00
2016 03 13  0930    57460   34200      0    1.54e+00    0    1.09e+00
2016 03 13  0935    57460   34500      0    1.54e+00    0    1.08e+00
2016 03 13  0940    57460   34800      0    1.56e+00    0    1.10e+00
2016 03 13  0945    57460   35100      0    1.56e+00    0    1.09e+00
2016 03 13  0950    57460   35400      0    1.55e+00    0    1.09e+00
2016 03 13  0955    57460   35700      0    1.54e+00    0    1.09e+00
2016 03 13  1000    57460   36000      0    1.54e+00    0    1.09e+00
2016 03 13  1005    57460   36300      0    1.56e+00    0    1.09e+00
2016 03 13  1010    57460   36600      0    1.52e+00    0    1.07e+00
2016 03 13  1015    57460   36900      0    1.54e+00    0    1.08e+00
2016 03 13  1020    57460   37200      0    1.58e+00    0    1.11e+00
2016 03 13  1025    57460   37500      0    1.54e+00    0    1.08e+00
2016 03 13  1030    57460   37800      0    1.59e+00    0    1.12e+00
2016 03 13  1035    57460   38100      0    1.58e+00    0    1.12e+00
2016 03 13  1040    57460   38400      0    1.55e+00    0    1.08e+00
2016 03 13  1045    57460   38700      0    1.54e+00    0    1.09e+00
2016 03 13  1050    57460   39000      0    1.59e+00    0    1.11e+00
2016 03 13  1055    57460   39300      0    1.57e+00    0    1.10e+00
2016 03 13  1100    57460   39600      0    1.57e+00    0    1.11e+00
2016 03 13  1105    57460   39900      0    1.57e+00    0    1.10e+00
2016 03 13  1110    57460   40200      0    1.55e+00    0    1.08e+00
2016 03 13  1115    57460   40500      0    1.57e+00    0    1.11e+00
2016 03 13  1120    57460   40800      0    1.55e+00    0    1.09e+00
2016 03 13  1125    57460   41100      0    1.56e+00    0    1.10e+00
2016 03 13  1130    57460   41400      0    1.53e+00    0    1.08e+00
2016 03 13  1135    57460   41700      0    1.52e+00    0    1.08e+00
2016 03 13  1140    57460   42000      0    1.57e+00    0    1.11e+00
2016 03 13  1145    57460   42300      0    1.54e+00    0    1.07e+00
2016 03 13  1150    57460   42600      0    1.53e+00    0    1.08e+00
2016 03 13  1155    57460   42900      0    1.56e+00    0    1.10e+00
2016 03 13  1200    57460   43200      0    1.57e+00    0    1.11e+00
2016 03 13  1205    57460   43500      0    1.54e+00    0    1.08e+00
2016 03 13  1210    57460   43800      0    1.59e+00    0    1.12e+00
2016 03 13  1215    57460   44100      0    1.57e+00    0    1.11e+00
2016 03 13  1220    57460   44400      0    1.57e+00    0    1.11e+00
2016 03 13  1225    57460   44700      0    1.53e+00    0    1.07e+00
2016 03 13  1230    57460   45000      0    1.54e+00    0    1.09e+00
2016 03 13  1235    57460   45300      0    1.55e+00    0    1.08e+00
2016 03 13  1240    57460   45600      0    1.56e+00    0    1.10e+00
2016 03 13  1245    57460   45900      0    1.57e+00    0    1.11e+00
2016 03 13  1250    57460   46200      0    1.56e+00    0    1.10e+00
2016 03 13  1255    57460   46500      0    1.56e+00    0    1.10e+00
2016 03 13  1300    57460   46800      0    1.57e+00    0    1.11e+00
2016 03 13  1305    57460   47100      0    1.55e+00    0    1.11e+00
2016 03 13  1310    57460   47400      0    1.54e+00    0    1.07e+00
2016 03 13  1315    57460   47700      0    1.54e+00    0    1.08e+00
2016 03 13  1320    57460   48000      0    1.56e+00    0    1.10e+00
2016 03 13  1325    57460   48300      0    1.56e+00    0    1.10e+00
2016 03 13  1330    57460   48600      0    1.55e+00    0    1.07e+00
2016 03 13  1335    57460   48900      0    1.54e+00    0    1.08e+00
2016 03 13  1340    57460   49200      0    1.57e+00    0    1.11e+00
2016 03 13  1345    57460   49500      0    1.55e+00    0    1.09e+00
2016 03 13  1350    57460   49800      0    1.55e+00    0    1.09e+00
2016 03 13  1355    57460   50100      0    1.56e+00    0    1.11e+00
2016 03 13  1400    57460   50400      0    1.55e+00    0    1.10e+00
2016 03 13  1405    57460   50700      0    1.52e+00    0    1.07e+00
2016 03 13  1410    57460   51000      0    1.54e+00    0    1.09e+00
2016 03 13  1415    57460   51300      0    1.53e+00    0    1.06e+00
2016 03 13  1420    57460   51600      0    1.56e+00    0    1.09e+00
2016 03 13  1425    57460   51900      0    1.55e+00    0    1.10e+00
2016 03 13  1430    57460   52200      0    1.58e+00    0    1.11e+00
2016 03 13  1435    57460   52500      0    1.51e+00    0    1.06e+00
2016 03 13  1440    57460   52800      0    1.55e+00    0    1.09e+00
2016 03 13  1445    57460   53100      0    1.52e+00    0    1.07e+00
2016 03 13  1450    57460   53400      0    1.60e+00    0    1.14e+00
2016 03 13  1455    57460   53700      0    1.56e+00    0    1.10e+00
2016 03 13  1500    57460   54000      0    1.54e+00    0    1.08e+00
2016 03 13  1505    57460   54300      0    1.54e+00    0    1.09e+00
2016 03 13  1510    57460   54600      0    1.56e+00    0    1.10e+00
2016 03 13  1515    57460   54900      0    1.52e+00    0    1.07e+00
2016 03 13  1520    57460   55200      0    1.56e+00    0    1.09e+00
2016 03 13  1525    57460   55500      0    1.56e+00    0    1.10e+00
2016 03 13  1530    57460   55800      0    1.56e+00    0    1.10e+00
2016 03 13  1535    57460   56100      0    1.56e+00    0    1.09e+00
2016 03 13  1540    57460   56400      0    1.51e+00    0    1.06e+00
2016 03 13  1545    57460   56700      0    1.54e+00    0    1.08e+00
2016 03 13  1550    57460   57000      0    1.57e+00    0    1.11e+00
2016 03 13  1555    57460   57300      0    1.57e+00    0    1.11e+00
2016 03 13  1600    57460   57600      0    1.62e+00    0    1.16e+00
2016 03 13  1605    57460   57900      0    1.56e+00    0    1.11e+00
2016 03 13  1610    57460   58200      0    1.51e+00    0    1.06e+00
2016 03 13  1615    57460   58500      0    1.62e+00    0    1.14e+00
2016 03 13  1620    57460   58800      0    1.50e+00    0    1.01e+00
2016 03 13  1625    57460   59100      0    1.53e+00    0    1.09e+00
2016 03 13  1630    57460   59400      0    1.52e+00    0    1.07e+00
2016 03 13  1635    57460   59700      0    1.58e+00    0    1.13e+00
2016 03 13  1640    57460   60000      0    1.50e+00    0    1.05e+00
2016 03 13  1645    57460   60300      0    1.55e+00    0    1.09e+00
2016 03 13  1650    57460   60600      0    1.54e+00    0    1.08e+00
2016 03 13  1655    57460   60900      0    1.58e+00    0    1.11e+00
2016 03 13  1700    57460   61200      0    1.56e+00    0    1.10e+00
2016 03 13  1705    57460   61500      0    1.57e+00    0    1.11e+00
2016 03 13  1710    57460   61800      0    1.55e+00    0    1.09e+00
2016 03 13  1715    57460   62100      0    1.56e+00    0    1.10e+00
2016 03 13  1720    57460   62400      0    1.50e+00    0    1.05e+00
2016 03 13  1725    57460   62700      0    1.54e+00    0    1.08e+00
2016 03 13  1730    57460   63000      0    1.53e+00    0    1.07e+00
2016 03 13  1735    57460   63300      0    1.57e+00    0    1.11e+00
2016 03 13  1740    57460   63600      0    1.57e+00    0    1.10e+00
2016 03 13  1745    57460   63900      0    1.54e+00    0    1.08e+00
2016 03 13  1750    57460   64200      0    1.51e+00    0    1.04e+00
2016 03 13  1755    57460   64500      0    1.49e+00    0    1.04e+00
2016 03 13  1800    57460   64800      0    1.61e+00    0    1.14e+00
2016 03 13  1805    57460   65100      0    1.51e+00    0    1.06e+00
2016 03 13  1810    57460   65400      0    1.57e+00    0    1.08e+00
2016 03 13  1815    57460   65700      0    1.50e+00    0    1.07e+00
2016 03 13  1820    57460   66000      0    1.58e+00    0    1.10e+00
2016 03 13  1825    57460   66300      0    1.53e+00    0    1.08e+00
2016 03 13  1830    57460   66600      0    1.57e+00    0    1.11e+00
2016 03 13  1835    57460   66900      0    1.54e+00    0    1.07e+00
2016 03 13  1840    57460   67200      0    1.58e+00    0    1.11e+00
2016 03 13  1845    57460   67500      0    1.55e+00    0    1.09e+00
2016 03 13  1850    57460   67800      0    1.54e+00    0    1.10e+00
2016 03 13  1855    57460   68100      0    1.54e+00    0    1.08e+00
2016 03 13  1900    57460   68400      0    1.56e+00    0    1.10e+00
2016 03 13  1905    57460   68700      0    1.53e+00    0    1.07e+00
2016 03 13  1910    57460   69000      0    1.56e+00    0    1.11e+00
2016 03 13  1915    57460   69300      0    1.57e+00    0    1.11e+00
2016 03 13  1920    57460   69600      0    1.55e+00    0    1.10e+00
2016 03 13  1925    57460   69900      0    1.55e+00    0    1.08e+00
2016 03 13  1930    57460   70200      0    1.59e+00    0    1.11e+00
2016 03 13  1935    57460   70500      0    1.58e+00    0    1.11e+00
2016 03 13  1940    57460   70800      0    1.57e+00    0    1.11e+00
2016 03 13  1945    57460   71100      0    1.54e+00    0    1.08e+00
2016 03 13  1950    57460   71400      0    1.54e+00    0    1.09e+00
2016 03 13  1955    57460   71700      0    1.57e+00    0    1.10e+00
2016 03 13  2000    57460   72000      0    1.51e+00    0    1.06e+00
2016 03 13  2005    57460   72300      0    1.58e+00    0    1.11e+00
2016 03 13  2010    57460   72600      0    1.55e+00    0    1.09e+00
2016 03 13  2015    57460   72900      0    1.50e+00    0    1.05e+00
2016 03 13  2020    57460   73200      0    1.56e+00    0    1.10e+00
2016 03 13  2025    57460   73500      0    1.56e+00    0    1.10e+00
2016 03 13  2030    57460   73800      0    1.51e+00    0    1.05e+00
2016 03 13  2035    57460   74100      0    1.54e+00    0    1.08e+00
2016 03 13  2040    57460   74400      0    1.54e+00    0    1.08e+00
2016 03 13  2045    57460   74700      0    1.52e+00    0    1.07e+00
2016 03 13  2050    57460   75000      0    1.54e+00    0    1.07e+00
2016 03 13  2055    57460   75300      0    1.55e+00    0    1.08e+00
2016 03 13  2100    57460   75600      0    1.55e+00    0    1.10e+00
2016 03 13  2105    57460   75900      0    1.56e+00    0    1.10e+00
2016 03 13  2110    57460   76200      0    1.53e+00    0    1.08e+00
2016 03 13  2115    57460   76500      0    1.53e+00    0    1.08e+00
2016 03 13  2120    57460   76800      0    1.52e+00    0    1.07e+00
2016 03 13  2125    57460   77100      0    1.55e+00    0    1.09e+00
2016 03 13  2130    57460   77400      0    1.48e+00    0    1.04e+00
2016 03 13  2135    57460   77700      0    1.56e+00    0    1.09e+00
2016 03 13  2140    57460   78000      0    1.56e+00    0    1.09e+00
2016 03 13  2145    57460   78300      0    1.56e+00    0    1.09e+00
2016 03 13  2150    57460   78600      0    1.55e+00    0    1.10e+00
2016 03 13  2155    57460   78900      0    1.52e+00    0    1.07e+00
2016 03 13  2200    57460   79200      0    1.51e+00    0    1.06e+00
2016 03 13  2205    57460   79500      0    1.55e+00    0    1.08e+00
2016 03 13  2210    57460   79800      0    1.56e+00    0    1.10e+00
2016 03 13  2215    57460   80100      0    1.56e+00    0    1.11e+00
2016 03 13  2220    57460   80400      0    1.52e+00    0    1.06e+00
2016 03 13  2225    57460   80700      0    1.54e+00    0    1.07e+00
2016 03 13  2230    57460   81000      0    1.52e+00    0    1.07e+00
2016 03 13  2235    57460   81300      0    1.55e+00    0    1.09e+00
2016 03 13  2240    57460   81600      0    1.58e+00    0    1.12e+00
2016 03 13  2245    57460   81900      0    1.56e+00    0    1.10e+00
2016 03 13  2250    57460   82200      0    1.55e+00    0    1.08e+00
2016 03 13  2255    57460   82500      0    1.54e+00    0    1.08e+00
2016 03 13  2300    57460   82800      0    1.54e+00    0    1.08e+00
2016 03 13  2305    57460   83100      0    1.53e+00    0    1.07e+00
2016 03 13  2310    57460   83400      0    1.56e+00    0    1.10e+00
2016 03 13  2315    57460   83700      0    1.53e+00    0    1.08e+00
2016 03 13  2320    57460   84000      0    1.57e+00    0    1.10e+00
2016 03 13  2325    57460   84300      0    1.53e+00    0    1.07e+00
2016 03 13  2330    57460   84600      0    1.56e+00    0    1.10e+00
2016 03 13  2335    57460   84900      0    1.51e+00    0    1.06e+00
2016 03 13  2340    57460   85200      0    1.56e+00    0    1.09e+00
2016 03 13  2345    57460   85500      0    1.56e+00    0    1.09e+00
2016 03 13  2350    57460   85800      0    1.55e+00    0    1.08e+00
2016 03 13  2355    57460   86100      0    1.56e+00    0    1.10e+00
