:Data_list: 20160807_ace_sis_5m.txt
:Created: 2016 Aug 07 0901 UT
# Prepared by the U.S. Dept. of Commerce, NOAA, Space Weather Prediction Center
# Please send comments and suggestions to SWPC.Webmaster@noaa.gov 
# 
# Units: proton flux p/cs2-sec-ster
# Status(S): 0 = nominal data, 1 to 8 = bad data record, 9 = no data
# Missing data values: -1.00e+05
# Source: ACE Satellite - Solar Isotope Spectrometer
#
# 5-minute averaged Real-time Integral Flux of High-energy Solar Protons
# 
#                 Modified Seconds
# UT Date   Time   Julian  of the      ---- Integral Proton Flux ----
# YR MO DA  HHMM     Day     Day       S    > 10 MeV    S    > 30 MeV
#--------------------------------------------------------------------
2016 08 07  0000    57607       0      9   -1.00e+05    9   -1.00e+05
2016 08 07  0005    57607     300      9   -1.00e+05    9   -1.00e+05
2016 08 07  0010    57607     600      9   -1.00e+05    9   -1.00e+05
2016 08 07  0015    57607     900      9   -1.00e+05    9   -1.00e+05
2016 08 07  0020    57607    1200      9   -1.00e+05    9   -1.00e+05
2016 08 07  0025    57607    1500      9   -1.00e+05    9   -1.00e+05
2016 08 07  0030    57607    1800      9   -1.00e+05    9   -1.00e+05
2016 08 07  0035    57607    2100      9   -1.00e+05    9   -1.00e+05
2016 08 07  0040    57607    2400      9   -1.00e+05    9   -1.00e+05
2016 08 07  0045    57607    2700      9   -1.00e+05    9   -1.00e+05
2016 08 07  0050    57607    3000      9   -1.00e+05    9   -1.00e+05
2016 08 07  0055    57607    3300      9   -1.00e+05    9   -1.00e+05
2016 08 07  0100    57607    3600      9   -1.00e+05    9   -1.00e+05
2016 08 07  0105    57607    3900      9   -1.00e+05    9   -1.00e+05
2016 08 07  0110    57607    4200      9   -1.00e+05    9   -1.00e+05
2016 08 07  0115    57607    4500      9   -1.00e+05    9   -1.00e+05
2016 08 07  0120    57607    4800      9   -1.00e+05    9   -1.00e+05
2016 08 07  0125    57607    5100      9   -1.00e+05    9   -1.00e+05
2016 08 07  0130    57607    5400      9   -1.00e+05    9   -1.00e+05
2016 08 07  0135    57607    5700      9   -1.00e+05    9   -1.00e+05
2016 08 07  0140    57607    6000      9   -1.00e+05    9   -1.00e+05
2016 08 07  0145    57607    6300      9   -1.00e+05    9   -1.00e+05
2016 08 07  0150    57607    6600      9   -1.00e+05    9   -1.00e+05
2016 08 07  0155    57607    6900      9   -1.00e+05    9   -1.00e+05
2016 08 07  0200    57607    7200      9   -1.00e+05    9   -1.00e+05
2016 08 07  0205    57607    7500      9   -1.00e+05    9   -1.00e+05
2016 08 07  0210    57607    7800      9   -1.00e+05    9   -1.00e+05
2016 08 07  0215    57607    8100      9   -1.00e+05    9   -1.00e+05
2016 08 07  0220    57607    8400      9   -1.00e+05    9   -1.00e+05
2016 08 07  0225    57607    8700      9   -1.00e+05    9   -1.00e+05
2016 08 07  0230    57607    9000      9   -1.00e+05    9   -1.00e+05
2016 08 07  0235    57607    9300      9   -1.00e+05    9   -1.00e+05
2016 08 07  0240    57607    9600      9   -1.00e+05    9   -1.00e+05
2016 08 07  0245    57607    9900      9   -1.00e+05    9   -1.00e+05
2016 08 07  0250    57607   10200      9   -1.00e+05    9   -1.00e+05
2016 08 07  0255    57607   10500      9   -1.00e+05    9   -1.00e+05
2016 08 07  0300    57607   10800      9   -1.00e+05    9   -1.00e+05
2016 08 07  0305    57607   11100      9   -1.00e+05    9   -1.00e+05
2016 08 07  0310    57607   11400      9   -1.00e+05    9   -1.00e+05
2016 08 07  0315    57607   11700      9   -1.00e+05    9   -1.00e+05
2016 08 07  0320    57607   12000      9   -1.00e+05    9   -1.00e+05
2016 08 07  0325    57607   12300      9   -1.00e+05    9   -1.00e+05
2016 08 07  0330    57607   12600      9   -1.00e+05    9   -1.00e+05
2016 08 07  0335    57607   12900      9   -1.00e+05    9   -1.00e+05
2016 08 07  0340    57607   13200      0    1.57e+00    0    1.10e+00
2016 08 07  0345    57607   13500      0    1.59e+00    0    1.10e+00
2016 08 07  0350    57607   13800      0    1.65e+00    0    1.16e+00
2016 08 07  0355    57607   14100      0    1.65e+00    0    1.14e+00
2016 08 07  0400    57607   14400      0    1.66e+00    0    1.17e+00
2016 08 07  0405    57607   14700      0    1.63e+00    0    1.15e+00
2016 08 07  0410    57607   15000      0    1.61e+00    0    1.12e+00
2016 08 07  0415    57607   15300      0    1.58e+00    0    1.10e+00
2016 08 07  0420    57607   15600      0    1.57e+00    0    1.10e+00
2016 08 07  0425    57607   15900      0    1.61e+00    0    1.12e+00
2016 08 07  0430    57607   16200      0    1.65e+00    0    1.15e+00
2016 08 07  0435    57607   16500      0    1.60e+00    0    1.13e+00
2016 08 07  0440    57607   16800      0    1.63e+00    0    1.14e+00
2016 08 07  0445    57607   17100      0    1.61e+00    0    1.14e+00
2016 08 07  0450    57607   17400      0    1.57e+00    0    1.10e+00
2016 08 07  0455    57607   17700      0    1.59e+00    0    1.12e+00
2016 08 07  0500    57607   18000      0    1.63e+00    0    1.13e+00
2016 08 07  0505    57607   18300      0    1.64e+00    0    1.14e+00
2016 08 07  0510    57607   18600      0    1.64e+00    0    1.15e+00
2016 08 07  0515    57607   18900      0    1.65e+00    0    1.15e+00
2016 08 07  0520    57607   19200      0    1.63e+00    0    1.14e+00
2016 08 07  0525    57607   19500      0    1.58e+00    0    1.10e+00
2016 08 07  0530    57607   19800      0    1.63e+00    0    1.15e+00
2016 08 07  0535    57607   20100      0    1.63e+00    0    1.15e+00
2016 08 07  0540    57607   20400      0    1.64e+00    0    1.14e+00
2016 08 07  0545    57607   20700      0    1.63e+00    0    1.15e+00
2016 08 07  0550    57607   21000      0    1.62e+00    0    1.13e+00
2016 08 07  0555    57607   21300      0    1.59e+00    0    1.12e+00
2016 08 07  0600    57607   21600      0    1.59e+00    0    1.10e+00
2016 08 07  0605    57607   21900      0    1.59e+00    0    1.12e+00
2016 08 07  0610    57607   22200      0    1.61e+00    0    1.13e+00
2016 08 07  0615    57607   22500      0    1.65e+00    0    1.16e+00
2016 08 07  0620    57607   22800      0    1.63e+00    0    1.14e+00
2016 08 07  0625    57607   23100      0    1.64e+00    0    1.15e+00
2016 08 07  0630    57607   23400      0    1.59e+00    0    1.11e+00
2016 08 07  0635    57607   23700      0    1.59e+00    0    1.12e+00
2016 08 07  0640    57607   24000      0    1.60e+00    0    1.11e+00
2016 08 07  0645    57607   24300      0    1.61e+00    0    1.13e+00
2016 08 07  0650    57607   24600      0    1.62e+00    0    1.13e+00
2016 08 07  0655    57607   24900      0    1.64e+00    0    1.15e+00
2016 08 07  0700    57607   25200      0    1.65e+00    0    1.15e+00
2016 08 07  0705    57607   25500      0    1.57e+00    0    1.11e+00
2016 08 07  0710    57607   25800      0    1.57e+00    0    1.10e+00
2016 08 07  0715    57607   26100      0    1.60e+00    0    1.11e+00
2016 08 07  0720    57607   26400      0    1.64e+00    0    1.14e+00
2016 08 07  0725    57607   26700      0    1.65e+00    0    1.17e+00
2016 08 07  0730    57607   27000      0    1.61e+00    0    1.13e+00
2016 08 07  0735    57607   27300      0    1.63e+00    0    1.15e+00
2016 08 07  0740    57607   27600      0    1.59e+00    0    1.11e+00
2016 08 07  0745    57607   27900      0    1.61e+00    0    1.12e+00
2016 08 07  0750    57607   28200      0    1.69e+00    0    1.19e+00
2016 08 07  0755    57607   28500      0    1.66e+00    0    1.16e+00
2016 08 07  0800    57607   28800      0    1.63e+00    0    1.14e+00
2016 08 07  0805    57607   29100      0    1.61e+00    0    1.12e+00
2016 08 07  0810    57607   29400      0    1.62e+00    0    1.13e+00
2016 08 07  0815    57607   29700      0    1.56e+00    0    1.09e+00
2016 08 07  0820    57607   30000      0    1.61e+00    0    1.13e+00
2016 08 07  0825    57607   30300      0    1.56e+00    0    1.09e+00
2016 08 07  0830    57607   30600      0    1.62e+00    0    1.14e+00
2016 08 07  0835    57607   30900      0    1.65e+00    0    1.15e+00
2016 08 07  0840    57607   31200      0    1.64e+00    0    1.16e+00
2016 08 07  0845    57607   31500      0    1.59e+00    0    1.11e+00
2016 08 07  0850    57607   31800      0    1.57e+00    0    1.09e+00
2016 08 07  0855    57607   32100      0    1.63e+00    0    1.14e+00
