:Data_list: 20160720_ace_mag_1m.txt
:Created: 2016 Jul 20 0801 UT
# Prepared by the U.S. Dept. of Commerce, NOAA, Space Weather Prediction Center
# Please send comments and suggestions to SWPC.Webmaster@noaa.gov 
# 
# Magnetometer values are in GSM coordinates.
# 
# Units: Bx, By, Bz, Bt in nT
# Units: Latitude  degrees +/-  90.0
# Units: Longitude degrees 0.0 - 360.0
# Status(S): 0 = nominal data, 1 to 8 = bad data record, 9 = no data
# Missing data values: -999.9
# Source: ACE Satellite - Magnetometer
#
#              1-minute averaged Real-time Interplanetary Magnetic Field Values 
# 
#                 Modified Seconds
# UT Date   Time  Julian   of the   ----------------  GSM Coordinates ---------------
# YR MO DA  HHMM    Day      Day    S     Bx      By      Bz      Bt     Lat.   Long.
#------------------------------------------------------------------------------------
2016 07 20  0000   57589       0    0    -1.0    16.5     7.2    18.1    23.5    93.4
2016 07 20  0001   57589      60    0    -0.0    16.8     6.3    17.9    20.6    90.1
2016 07 20  0002   57589     120    0    -0.8    16.7     6.1    17.8    20.0    92.6
2016 07 20  0003   57589     180    0    -8.5    11.9    19.2    24.1    52.8   125.5
2016 07 20  0004   57589     240    0    -7.7    12.6    18.3    23.5    51.1   121.2
2016 07 20  0005   57589     300    0    -6.3    19.3    10.9    23.1    28.3   108.0
2016 07 20  0006   57589     360    0    -2.6    10.9    13.5    17.6    50.3   103.1
2016 07 20  0007   57589     420    0    -3.4     8.6    10.9    14.3    49.7   111.6
2016 07 20  0008   57589     480    0    -2.3     3.5    10.5    11.3    68.2   123.3
2016 07 20  0009   57589     540    0    -1.3    15.5    -1.7    15.7    -6.4    94.8
2016 07 20  0010   57589     600    0    -1.4    11.4     7.0    13.5    31.3    96.8
2016 07 20  0011   57589     660    0    -1.8    -3.1    17.4    17.7    78.5   239.5
2016 07 20  0012   57589     720    0     0.1    -5.7     2.6     6.3    24.7   271.5
2016 07 20  0013   57589     780    0     4.2   -22.5    -0.4    22.9    -1.0   280.6
2016 07 20  0014   57589     840    0     3.9   -23.3     2.4    23.7     5.9   279.5
2016 07 20  0015   57589     900    0     9.0   -10.3    17.2    22.0    51.5   311.1
2016 07 20  0016   57589     960    0     8.9   -14.8    14.5    22.5    40.0   301.0
2016 07 20  0017   57589    1020    0     8.1   -19.7     7.2    22.5    18.7   292.4
2016 07 20  0018   57589    1080    0     6.5   -22.4    -0.1    23.3    -0.3   286.1
2016 07 20  0019   57589    1140    0     1.0   -21.7   -13.4    25.5   -31.8   272.7
2016 07 20  0020   57589    1200    0    -3.3   -13.8   -25.0    28.8   -60.5   256.7
2016 07 20  0021   57589    1260    0    -6.9   -10.4   -28.2    30.8   -66.1   236.6
2016 07 20  0022   57589    1320    0    -5.7    -9.6   -28.3    30.4   -68.5   239.4
2016 07 20  0023   57589    1380    0    -6.1   -11.8   -27.5    30.6   -64.2   242.9
2016 07 20  0024   57589    1440    0    -3.0   -20.4   -19.0    28.0   -42.7   261.6
2016 07 20  0025   57589    1500    0     1.7   -27.3    -4.7    27.8    -9.7   273.5
2016 07 20  0026   57589    1560    0     2.8   -29.2    -0.2    29.3    -0.4   275.5
2016 07 20  0027   57589    1620    0     3.4   -28.1    -0.2    28.3    -0.4   276.9
2016 07 20  0028   57589    1680    0     5.0   -27.1    -4.6    28.0    -9.5   280.4
2016 07 20  0029   57589    1740    0     0.2   -23.4     4.6    23.9    11.0   270.5
2016 07 20  0030   57589    1800    0    -2.2   -22.7     4.5    23.2    11.1   264.5
2016 07 20  0031   57589    1860    0     0.7   -22.1     6.7    23.1    16.8   271.7
2016 07 20  0032   57589    1920    0     1.7   -23.2     6.8    24.2    16.4   274.1
2016 07 20  0033   57589    1980    0     2.3   -26.3    -1.3    26.5    -2.8   275.1
2016 07 20  0034   57589    2040    0     2.1   -27.4    -9.5    29.0   -19.0   274.4
2016 07 20  0035   57589    2100    0     2.1   -28.3     2.3    28.5     4.5   274.3
2016 07 20  0036   57589    2160    0     5.1   -29.1     2.7    29.6     5.2   280.0
2016 07 20  0037   57589    2220    0     7.4   -28.5     5.0    29.8     9.6   284.5
2016 07 20  0038   57589    2280    0     7.1   -27.8     7.0    29.5    13.7   284.3
2016 07 20  0039   57589    2340    0     4.6   -28.4     6.5    29.5    12.8   279.2
2016 07 20  0040   57589    2400    0     3.7   -27.9     8.2    29.3    16.3   277.6
2016 07 20  0041   57589    2460    0     5.1   -25.8    12.1    29.0    24.7   281.1
2016 07 20  0042   57589    2520    0     1.0   -25.0    12.8    28.1    27.1   272.2
2016 07 20  0043   57589    2580    0    -1.0   -23.2    15.2    27.7    33.1   267.5
2016 07 20  0044   57589    2640    0    -0.8   -20.6    16.2    26.2    38.3   267.7
2016 07 20  0045   57589    2700    0     2.2   -20.5    15.9    26.1    37.7   276.1
2016 07 20  0046   57589    2760    0     3.8   -16.1    22.7    28.1    53.8   283.3
2016 07 20  0047   57589    2820    0     3.6   -12.3    26.7    29.6    64.3   286.3
2016 07 20  0048   57589    2880    0     4.9    -8.5    28.7    30.3    71.1   300.2
2016 07 20  0049   57589    2940    0     7.9    -6.7    28.6    30.4    70.2   319.7
2016 07 20  0050   57589    3000    0     8.2    -8.3    28.0    30.3    67.4   314.6
2016 07 20  0051   57589    3060    0    -1.6   -19.9    20.5    28.6    45.7   265.4
2016 07 20  0052   57589    3120    0    -4.9   -22.8    20.8    31.2    41.8   257.8
2016 07 20  0053   57589    3180    0    -2.2   -19.1    23.5    30.4    50.7   263.6
2016 07 20  0054   57589    3240    0    -4.6   -18.6    23.6    30.4    51.0   256.2
2016 07 20  0055   57589    3300    0    -3.6   -16.8    24.3    29.8    54.8   258.0
2016 07 20  0056   57589    3360    0    -1.7   -16.9    24.6    29.9    55.3   264.3
2016 07 20  0057   57589    3420    0     1.0   -17.5    24.4    30.1    54.3   273.2
2016 07 20  0058   57589    3480    0     2.0   -17.0    24.1    29.5    54.6   276.6
2016 07 20  0059   57589    3540    0     7.4     1.7    33.3    34.2    77.2    13.0
2016 07 20  0100   57589    3600    0     6.5    -0.7    34.2    34.9    79.1   353.5
2016 07 20  0101   57589    3660    9  -999.9  -999.9  -999.9  -999.9  -999.9  -999.9
2016 07 20  0102   57589    3720    0     5.6    -4.7    33.5    34.3    77.7   319.7
2016 07 20  0103   57589    3780    0     4.3    -7.6    33.1    34.2    75.3   299.7
2016 07 20  0104   57589    3840    0     4.4   -10.4    32.4    34.3    70.8   293.2
2016 07 20  0105   57589    3900    0     3.7   -12.4    31.1    33.7    67.4   286.6
2016 07 20  0106   57589    3960    0     2.8   -13.6    31.4    34.3    66.1   281.5
2016 07 20  0107   57589    4020    0     4.7   -11.2    31.9    34.1    69.2   292.7
2016 07 20  0108   57589    4080    0     6.1   -11.2    31.2    33.7    67.8   298.4
2016 07 20  0109   57589    4140    0     3.3   -14.5    26.3    30.2    60.6   283.0
2016 07 20  0110   57589    4200    0     3.9    -8.0    22.4    24.1    68.2   295.9
2016 07 20  0111   57589    4260    0     6.8    -6.9    22.9    24.9    67.1   314.5
2016 07 20  0112   57589    4320    0     2.6   -11.8    22.6    25.7    62.0   282.4
2016 07 20  0113   57589    4380    0     1.7   -12.0    20.9    24.1    59.8   278.1
2016 07 20  0114   57589    4440    0     0.8   -14.5    18.6    23.6    52.1   273.3
2016 07 20  0115   57589    4500    9  -999.9  -999.9  -999.9  -999.9  -999.9  -999.9
2016 07 20  0116   57589    4560    0     0.1   -23.8    -6.1    24.6   -14.4   270.3
2016 07 20  0117   57589    4620    0     0.4   -26.0    -8.8    27.4   -18.7   270.9
2016 07 20  0118   57589    4680    0     1.0   -25.9    -9.7    27.6   -20.5   272.3
2016 07 20  0119   57589    4740    0     1.3   -27.3   -10.3    29.2   -20.7   272.7
2016 07 20  0120   57589    4800    0     1.7   -25.9   -11.3    28.3   -23.5   273.8
2016 07 20  0121   57589    4860    0     1.9   -22.5    -6.0    23.3   -14.9   274.8
2016 07 20  0122   57589    4920    0     2.1   -23.5    -4.0    23.9    -9.6   275.2
2016 07 20  0123   57589    4980    0     2.2   -22.6    -5.3    23.3   -13.1   275.6
2016 07 20  0124   57589    5040    0     2.5   -14.1    -5.7    15.4   -21.8   279.9
2016 07 20  0125   57589    5100    0    -1.8   -12.3   -10.1    16.0   -39.0   261.9
2016 07 20  0126   57589    5160    0    -1.0   -15.8    -4.4    16.4   -15.7   266.5
2016 07 20  0127   57589    5220    0    -0.8   -15.5     1.1    15.6     4.1   267.0
2016 07 20  0128   57589    5280    0    -1.2   -15.1     3.8    15.6    14.0   265.5
2016 07 20  0129   57589    5340    0    -0.6   -15.4     2.1    15.5     7.8   267.9
2016 07 20  0130   57589    5400    0    -2.4    -5.9    -0.3     6.4    -2.6   248.0
2016 07 20  0131   57589    5460    0    -4.6    -2.6    -2.4     5.8   -24.8   209.7
2016 07 20  0132   57589    5520    0    -0.3    -3.4    -4.2     5.4   -50.6   265.1
2016 07 20  0133   57589    5580    0    -0.5    -1.2    -4.2     4.4   -72.9   246.7
2016 07 20  0134   57589    5640    0    -1.9    -4.5    -3.9     6.3   -38.4   247.0
2016 07 20  0135   57589    5700    0    -3.2    -4.1    -6.8     8.5   -52.4   231.6
2016 07 20  0136   57589    5760    0    -2.8     0.0   -11.4    11.7   -76.1   179.7
2016 07 20  0137   57589    5820    0    -2.3     0.4   -10.5    10.7   -77.4   170.2
2016 07 20  0138   57589    5880    0    -1.1    -2.4    -9.0     9.3   -73.5   244.8
2016 07 20  0139   57589    5940    0     0.6    -6.2    -2.2     6.6   -19.4   275.6
2016 07 20  0140   57589    6000    0    -1.0    -6.4     5.4     8.4    40.1   261.4
2016 07 20  0141   57589    6060    0    -4.3   -10.3   -11.1    15.7   -44.7   247.5
2016 07 20  0142   57589    6120    0    -2.6    -9.6   -15.9    18.7   -58.0   255.0
2016 07 20  0143   57589    6180    0    -3.4    -8.4   -13.9    16.6   -56.8   248.3
2016 07 20  0144   57589    6240    0    -2.6   -14.8    -8.3    17.2   -28.8   259.9
2016 07 20  0145   57589    6300    0    -1.4   -14.4    -9.8    17.5   -34.2   264.3
2016 07 20  0146   57589    6360    0     0.2   -16.5    -8.9    18.8   -28.4   270.7
2016 07 20  0147   57589    6420    0    -1.0   -16.7    -7.6    18.4   -24.5   266.4
2016 07 20  0148   57589    6480    0     0.0   -17.3    -6.8    18.6   -21.6   270.1
2016 07 20  0149   57589    6540    0    -0.6   -18.2    -6.5    19.4   -19.7   268.0
2016 07 20  0150   57589    6600    0     2.0   -20.7    -3.8    21.1   -10.2   275.5
2016 07 20  0151   57589    6660    0     1.3   -21.4    -4.2    21.9   -11.0   273.5
2016 07 20  0152   57589    6720    0     6.2   -19.9     4.4    21.3    11.9   287.3
2016 07 20  0153   57589    6780    0     9.7   -15.9     8.6    20.6    24.8   301.3
2016 07 20  0154   57589    6840    0     9.3   -16.5     7.9    20.5    22.7   299.3
2016 07 20  0155   57589    6900    0     8.5   -17.0     7.4    20.4    21.2   296.5
2016 07 20  0156   57589    6960    0     8.9   -17.5     8.4    21.4    23.1   297.1
2016 07 20  0157   57589    7020    0     9.7   -18.4     5.8    21.6    15.7   297.8
2016 07 20  0158   57589    7080    0     6.5   -20.5     1.3    21.6     3.4   287.6
2016 07 20  0159   57589    7140    0     4.6   -24.3    -6.9    25.7   -15.6   280.8
2016 07 20  0200   57589    7200    0     5.3   -24.0    -6.5    25.4   -14.9   282.5
2016 07 20  0201   57589    7260    0     6.8   -23.7    -3.8    24.9    -8.8   286.0
2016 07 20  0202   57589    7320    0     6.4   -23.2    -5.3    24.6   -12.5   285.4
2016 07 20  0203   57589    7380    0     6.4   -22.2    -7.9    24.4   -18.9   286.0
2016 07 20  0204   57589    7440    0     7.5   -22.1    -6.0    24.1   -14.3   288.8
2016 07 20  0205   57589    7500    0     7.5   -22.3    -4.5    23.9   -10.8   288.5
2016 07 20  0206   57589    7560    0     6.7   -22.6    -5.0    24.1   -12.1   286.6
2016 07 20  0207   57589    7620    0     6.4   -22.6    -4.9    24.0   -11.7   285.8
2016 07 20  0208   57589    7680    0     5.5   -21.3    -8.7    23.6   -21.5   284.4
2016 07 20  0209   57589    7740    0     3.3   -21.2   -11.3    24.2   -27.9   279.0
2016 07 20  0210   57589    7800    0     4.6   -23.3    -7.8    25.0   -18.2   281.2
2016 07 20  0211   57589    7860    0     5.1   -25.9    -7.6    27.4   -16.1   281.2
2016 07 20  0212   57589    7920    0     5.5   -26.6    -9.1    28.6   -18.5   281.6
2016 07 20  0213   57589    7980    0     4.9   -25.7   -11.5    28.6   -23.6   280.9
2016 07 20  0214   57589    8040    0     5.0   -23.9    -9.8    26.3   -21.9   281.7
2016 07 20  0215   57589    8100    0     3.9   -22.7    -9.3    24.8   -22.0   279.9
2016 07 20  0216   57589    8160    0     5.3   -23.1    -6.5    24.6   -15.4   282.9
2016 07 20  0217   57589    8220    0     5.8   -23.4    -6.3    24.9   -14.7   284.0
2016 07 20  0218   57589    8280    0     5.0   -21.5    -9.4    24.0   -23.0   283.1
2016 07 20  0219   57589    8340    0     5.6   -20.2   -11.3    23.8   -28.3   285.4
2016 07 20  0220   57589    8400    0     5.5   -21.6   -10.3    24.5   -24.7   284.2
2016 07 20  0221   57589    8460    0     4.5   -25.4    -4.1    26.1    -9.1   280.0
2016 07 20  0222   57589    8520    0     4.9   -24.9    -4.4    25.8    -9.8   281.1
2016 07 20  0223   57589    8580    0     4.2   -24.9    -4.6    25.7   -10.3   279.5
2016 07 20  0224   57589    8640    0     5.6   -24.5    -5.2    25.6   -11.8   282.9
2016 07 20  0225   57589    8700    0     6.8   -23.7    -6.9    25.6   -15.7   286.0
2016 07 20  0226   57589    8760    0    10.2   -21.9    -7.4    25.3   -17.0   295.0
2016 07 20  0227   57589    8820    0     7.3   -22.7    -8.7    25.4   -20.1   287.9
2016 07 20  0228   57589    8880    0     8.1   -22.6    -9.1    25.6   -20.7   289.6
2016 07 20  0229   57589    8940    0     9.0   -21.1   -10.7    25.3   -25.1   293.3
2016 07 20  0230   57589    9000    0     8.3   -20.6   -11.1    24.8   -26.6   292.1
2016 07 20  0231   57589    9060    0     6.6   -24.1    -6.5    25.8   -14.6   285.3
2016 07 20  0232   57589    9120    0     6.0   -25.0    -7.6    26.8   -16.4   283.4
2016 07 20  0233   57589    9180    0     7.0   -23.4    -9.1    26.1   -20.4   286.7
2016 07 20  0234   57589    9240    0     3.8   -23.2    -6.4    24.4   -15.2   279.4
2016 07 20  0235   57589    9300    0     0.6   -26.0    -0.4    26.0    -0.8   271.2
2016 07 20  0236   57589    9360    0     1.4   -25.8    -1.4    25.9    -3.0   273.1
2016 07 20  0237   57589    9420    0     1.5   -25.3    -0.6    25.4    -1.3   273.4
2016 07 20  0238   57589    9480    0     2.3   -25.9    -3.1    26.2    -6.9   275.1
2016 07 20  0239   57589    9540    0     4.8   -24.7    -1.0    25.1    -2.2   281.0
2016 07 20  0240   57589    9600    0     6.8   -22.5    -6.0    24.2   -14.3   286.7
2016 07 20  0241   57589    9660    0     7.5   -22.6    -6.2    24.6   -14.7   288.4
2016 07 20  0242   57589    9720    0     7.4   -23.2    -3.0    24.6    -7.0   287.6
2016 07 20  0243   57589    9780    0     7.0   -23.3    -4.5    24.7   -10.5   286.7
2016 07 20  0244   57589    9840    0     9.2   -21.6    -7.3    24.6   -17.3   293.1
2016 07 20  0245   57589    9900    0     9.2   -21.7    -6.2    24.4   -14.7   292.9
2016 07 20  0246   57589    9960    0     7.6   -22.7    -5.1    24.4   -12.0   288.5
2016 07 20  0247   57589   10020    0     6.2   -23.6    -2.6    24.6    -6.0   284.8
2016 07 20  0248   57589   10080    0     5.6   -23.6    -1.9    24.4    -4.5   283.3
2016 07 20  0249   57589   10140    0     5.7   -23.3    -2.3    24.1    -5.5   283.6
2016 07 20  0250   57589   10200    0     5.6   -23.8    -2.9    24.7    -6.7   283.3
2016 07 20  0251   57589   10260    0     7.7   -23.7    -3.6    25.1    -8.2   287.9
2016 07 20  0252   57589   10320    0     6.8   -23.6    -4.1    24.9    -9.4   286.2
2016 07 20  0253   57589   10380    0     5.8   -24.5    -3.8    25.4    -8.5   283.3
2016 07 20  0254   57589   10440    0     3.6   -23.8    -3.7    24.4    -8.8   278.6
2016 07 20  0255   57589   10500    0     5.7   -24.0    -3.2    24.8    -7.4   283.4
2016 07 20  0256   57589   10560    9  -999.9  -999.9  -999.9  -999.9  -999.9  -999.9
2016 07 20  0257   57589   10620    0    10.7   -21.3     0.1    23.9     0.3   296.7
2016 07 20  0258   57589   10680    0    11.1   -21.4     1.7    24.2     4.0   297.3
2016 07 20  0259   57589   10740    0    10.8   -20.8     3.5    23.7     8.4   297.4
2016 07 20  0300   57589   10800    0    10.5   -21.4     4.1    24.2     9.8   296.2
2016 07 20  0301   57589   10860    0    10.6   -21.0     4.6    24.0    11.0   296.7
2016 07 20  0302   57589   10920    0    10.3   -21.0     4.9    24.0    11.8   296.2
2016 07 20  0303   57589   10980    0    10.4   -21.1     4.8    24.0    11.6   296.3
2016 07 20  0304   57589   11040    0    10.4   -20.7     6.6    24.1    15.9   296.7
2016 07 20  0305   57589   11100    0    10.6   -20.6     7.3    24.3    17.4   297.2
2016 07 20  0306   57589   11160    0    11.1   -20.0     7.3    24.0    17.7   299.1
2016 07 20  0307   57589   11220    0     8.0   -22.5     7.8    25.1    18.0   289.6
2016 07 20  0308   57589   11280    0     8.0   -23.1     5.4    25.1    12.5   289.1
2016 07 20  0309   57589   11340    0     8.0   -24.2     2.8    25.6     6.3   288.2
2016 07 20  0310   57589   11400    0     5.6   -23.8     9.6    26.2    21.4   283.3
2016 07 20  0311   57589   11460    0     7.4   -22.5     9.5    25.5    21.8   288.2
2016 07 20  0312   57589   11520    0     6.0   -20.5    12.6    24.8    30.6   286.3
2016 07 20  0313   57589   11580    0     6.4   -21.9     9.5    24.7    22.6   286.2
2016 07 20  0314   57589   11640    0     4.2   -25.3     5.4    26.3    12.0   279.3
2016 07 20  0315   57589   11700    0     3.1   -25.2     5.5    26.0    12.3   276.9
2016 07 20  0316   57589   11760    0     4.7   -24.6     6.7    25.9    14.9   280.7
2016 07 20  0317   57589   11820    0     4.0   -25.5    -1.3    25.8    -2.8   279.0
2016 07 20  0318   57589   11880    0     5.0   -24.6     3.2    25.3     7.3   281.5
2016 07 20  0319   57589   11940    0     4.0   -24.0     7.3    25.4    16.6   279.5
2016 07 20  0320   57589   12000    0     4.2   -24.5     7.3    25.9    16.5   279.6
2016 07 20  0321   57589   12060    0     4.7   -24.2     7.7    25.8    17.2   280.9
2016 07 20  0322   57589   12120    0     3.5   -24.7     7.1    25.9    16.0   278.0
2016 07 20  0323   57589   12180    0     2.6   -25.5     4.7    26.0    10.4   275.8
2016 07 20  0324   57589   12240    0     2.4   -25.4     3.4    25.7     7.6   275.3
2016 07 20  0325   57589   12300    0     2.5   -25.4     0.8    25.5     1.8   275.6
2016 07 20  0326   57589   12360    0     1.9   -25.1    -3.2    25.3    -7.3   274.4
2016 07 20  0327   57589   12420    0     4.5   -24.8     1.0    25.2     2.4   280.3
2016 07 20  0328   57589   12480    0     7.5   -23.3     5.5    25.0    12.7   287.8
2016 07 20  0329   57589   12540    0     8.5   -23.5     4.5    25.4    10.3   289.9
2016 07 20  0330   57589   12600    0     7.0   -24.4     2.4    25.5     5.4   285.9
2016 07 20  0331   57589   12660    0     7.1   -23.9     2.7    25.0     6.3   286.5
2016 07 20  0332   57589   12720    0     7.3   -23.4     3.4    24.7     7.8   287.4
2016 07 20  0333   57589   12780    0     5.4   -22.9     6.4    24.4    15.2   283.2
2016 07 20  0334   57589   12840    0     4.9   -23.0     5.8    24.2    14.0   282.1
2016 07 20  0335   57589   12900    0     2.8   -23.7     2.8    24.0     6.8   276.6
2016 07 20  0336   57589   12960    0     1.3   -23.8     3.2    24.0     7.7   273.2
2016 07 20  0337   57589   13020    0     0.7   -24.5     0.3    24.5     0.7   271.7
2016 07 20  0338   57589   13080    0    -1.3   -24.7    -0.3    24.7    -0.6   267.0
2016 07 20  0339   57589   13140    0    -0.3   -24.5    -2.4    24.6    -5.5   269.3
2016 07 20  0340   57589   13200    0    -1.3   -23.5    -5.4    24.2   -12.9   266.9
2016 07 20  0341   57589   13260    0     0.8   -23.7    -4.5    24.1   -10.7   272.0
2016 07 20  0342   57589   13320    0     1.3   -22.7    -6.8    23.8   -16.6   273.2
2016 07 20  0343   57589   13380    0     0.2   -21.8    -9.3    23.7   -23.2   270.5
2016 07 20  0344   57589   13440    0    -0.6   -20.6   -10.8    23.3   -27.6   268.3
2016 07 20  0345   57589   13500    0     2.3   -21.6    -6.5    22.7   -16.6   276.2
2016 07 20  0346   57589   13560    0    12.0   -20.5     6.8    24.7    16.0   300.4
2016 07 20  0347   57589   13620    0    12.0   -20.4     8.3    25.1    19.2   300.6
2016 07 20  0348   57589   13680    0    11.0   -19.6    11.0    25.0    26.1   299.3
2016 07 20  0349   57589   13740    0    11.1   -19.9     5.8    23.5    14.4   299.2
2016 07 20  0350   57589   13800    0     9.6   -21.4     0.8    23.5     2.0   294.1
2016 07 20  0351   57589   13860    0     8.8   -21.7     0.6    23.4     1.5   292.1
2016 07 20  0352   57589   13920    0     8.8   -22.3     0.8    24.0     2.0   291.5
2016 07 20  0353   57589   13980    0     5.8   -22.9    -2.0    23.7    -4.8   284.2
2016 07 20  0354   57589   14040    0     7.5   -21.4     1.1    22.7     2.9   289.3
2016 07 20  0355   57589   14100    0     9.0   -20.5     3.0    22.5     7.7   293.7
2016 07 20  0356   57589   14160    0     8.1   -21.8    -0.5    23.2    -1.2   290.4
2016 07 20  0357   57589   14220    0     8.9   -21.7    -2.4    23.6    -5.7   292.4
2016 07 20  0358   57589   14280    9  -999.9  -999.9  -999.9  -999.9  -999.9  -999.9
2016 07 20  0359   57589   14340    0     8.6   -21.5    -4.6    23.6   -11.2   291.7
2016 07 20  0400   57589   14400    0     6.3   -22.3    -3.1    23.4    -7.5   285.7
2016 07 20  0401   57589   14460    0     7.3   -22.1    -4.2    23.7   -10.1   288.2
2016 07 20  0402   57589   14520    0     7.2   -21.3    -5.4    23.1   -13.5   288.5
2016 07 20  0403   57589   14580    0     8.1   -21.5    -3.1    23.2    -7.7   290.7
2016 07 20  0404   57589   14640    0     9.0   -21.1    -2.0    23.1    -5.0   293.1
2016 07 20  0405   57589   14700    0     8.6   -22.0    -1.9    23.7    -4.5   291.4
2016 07 20  0406   57589   14760    0     9.2   -21.6    -2.3    23.6    -5.6   293.1
2016 07 20  0407   57589   14820    0    10.4   -20.8    -0.8    23.3    -2.1   296.6
2016 07 20  0408   57589   14880    0    12.3   -20.0     0.3    23.5     0.8   301.7
2016 07 20  0409   57589   14940    0    12.7   -18.8     5.3    23.3    13.1   304.2
2016 07 20  0410   57589   15000    0     8.3   -21.6     0.9    23.1     2.3   291.1
2016 07 20  0411   57589   15060    0     8.3   -21.5     0.5    23.0     1.3   291.1
2016 07 20  0412   57589   15120    0     6.8   -22.3    -2.5    23.5    -6.2   286.9
2016 07 20  0413   57589   15180    0    11.6   -21.0     1.0    24.0     2.5   298.9
2016 07 20  0414   57589   15240    0    12.6   -20.0     1.6    23.7     3.8   302.3
2016 07 20  0415   57589   15300    0    12.9   -20.0     1.3    23.8     3.2   302.9
2016 07 20  0416   57589   15360    0    13.2   -19.1     2.4    23.3     6.0   304.7
2016 07 20  0417   57589   15420    0    13.5   -18.7     3.3    23.3     8.0   305.8
2016 07 20  0418   57589   15480    0    12.6   -19.3     2.0    23.1     5.1   303.0
2016 07 20  0419   57589   15540    0    15.8   -15.5     4.5    22.6    11.6   315.5
2016 07 20  0420   57589   15600    0    16.3   -15.1     4.3    22.6    10.9   317.3
2016 07 20  0421   57589   15660    0    16.0   -15.3     4.3    22.6    10.9   316.2
2016 07 20  0422   57589   15720    0    15.8   -15.9     3.9    22.7     9.8   314.7
2016 07 20  0423   57589   15780    0    15.5   -16.5     2.2    22.8     5.5   313.2
2016 07 20  0424   57589   15840    0    15.0   -17.0     2.4    22.7     6.0   311.4
2016 07 20  0425   57589   15900    0    14.9   -17.4     1.5    23.0     3.7   310.5
2016 07 20  0426   57589   15960    0    14.3   -17.8     1.0    22.9     2.5   308.6
2016 07 20  0427   57589   16020    0    13.6   -18.3     0.5    22.8     1.2   306.6
2016 07 20  0428   57589   16080    0    14.7   -16.8     1.5    22.4     4.0   311.2
2016 07 20  0429   57589   16140    0    12.5   -19.0    -0.9    22.8    -2.4   303.4
2016 07 20  0430   57589   16200    0    12.8   -18.7    -1.5    22.7    -3.9   304.5
2016 07 20  0431   57589   16260    0    12.7   -18.7    -1.0    22.6    -2.6   304.2
2016 07 20  0432   57589   16320    0    14.0   -17.6     0.3    22.5     0.9   308.5
2016 07 20  0433   57589   16380    0    15.9   -15.9     1.6    22.5     4.1   315.1
2016 07 20  0434   57589   16440    0    15.0   -16.5     0.9    22.3     2.4   312.3
2016 07 20  0435   57589   16500    0    14.6   -16.6     0.6    22.1     1.6   311.4
2016 07 20  0436   57589   16560    0    14.5   -16.5     0.3    21.9     0.9   311.2
2016 07 20  0437   57589   16620    0    14.7   -16.3    -0.0    22.0    -0.1   312.1
2016 07 20  0438   57589   16680    0    13.1   -17.9    -2.8    22.4    -7.1   306.2
2016 07 20  0439   57589   16740    0    12.8   -17.9    -2.5    22.1    -6.5   305.5
2016 07 20  0440   57589   16800    0    14.1   -16.6     0.8    21.8     2.1   310.3
2016 07 20  0441   57589   16860    0    14.7   -16.2     2.5    22.0     6.5   312.2
2016 07 20  0442   57589   16920    0    14.7   -15.9     3.2    21.9     8.4   312.6
2016 07 20  0443   57589   16980    0    15.2   -14.9     4.1    21.6    10.9   315.5
2016 07 20  0444   57589   17040    0    14.9   -15.7     2.2    21.8     5.9   313.5
2016 07 20  0445   57589   17100    0    14.8   -15.4     4.0    21.7    10.7   313.8
2016 07 20  0446   57589   17160    0    14.9   -15.3     3.5    21.7     9.3   314.1
2016 07 20  0447   57589   17220    0    15.0   -15.2     3.4    21.6     9.1   314.7
2016 07 20  0448   57589   17280    0    15.3   -14.5     4.4    21.5    11.7   316.5
2016 07 20  0449   57589   17340    0    15.2   -14.5     4.0    21.4    10.7   316.4
2016 07 20  0450   57589   17400    0    15.2   -14.6     3.8    21.4    10.2   316.1
2016 07 20  0451   57589   17460    0    15.5   -14.2     3.7    21.3    10.0   317.5
2016 07 20  0452   57589   17520    0    15.3   -14.4     3.6    21.3     9.6   316.6
2016 07 20  0453   57589   17580    0    15.1   -14.8     2.8    21.3     7.5   315.6
2016 07 20  0454   57589   17640    0    14.8   -14.9     2.7    21.1     7.4   314.8
2016 07 20  0455   57589   17700    0    14.4   -15.2     1.9    21.1     5.2   313.5
2016 07 20  0456   57589   17760    0    13.7   -15.8     1.3    21.0     3.7   311.0
2016 07 20  0457   57589   17820    0    11.9   -17.6    -1.6    21.3    -4.2   304.1
2016 07 20  0458   57589   17880    0    10.5   -18.5    -3.1    21.5    -8.3   299.5
2016 07 20  0459   57589   17940    0    12.1   -17.5    -2.2    21.4    -5.9   304.7
2016 07 20  0500   57589   18000    0    13.0   -17.0    -0.9    21.4    -2.5   307.4
2016 07 20  0501   57589   18060    0    12.6   -17.2    -1.9    21.4    -5.2   306.3
2016 07 20  0502   57589   18120    0    13.5   -16.4    -1.0    21.3    -2.8   309.5
2016 07 20  0503   57589   18180    0    13.3   -16.4    -2.1    21.2    -5.6   309.0
2016 07 20  0504   57589   18240    0    12.4   -17.1    -1.8    21.2    -5.0   306.0
2016 07 20  0505   57589   18300    0    13.1   -16.7    -1.9    21.3    -5.0   308.0
2016 07 20  0506   57589   18360    0    11.5   -17.5    -3.4    21.2    -9.1   303.2
2016 07 20  0507   57589   18420    0    12.6   -16.8    -2.2    21.1    -6.0   306.9
2016 07 20  0508   57589   18480    0    13.2   -16.0     1.1    20.8     3.0   309.6
2016 07 20  0509   57589   18540    0    13.9   -15.1     1.2    20.6     3.2   312.6
2016 07 20  0510   57589   18600    0    13.8   -15.3    -0.7    20.6    -1.9   312.0
2016 07 20  0511   57589   18660    0    13.2   -16.1    -1.3    20.9    -3.5   309.3
2016 07 20  0512   57589   18720    0    13.0   -16.3    -1.4    20.9    -3.8   308.5
2016 07 20  0513   57589   18780    0    13.7   -15.5    -1.6    20.7    -4.4   311.5
2016 07 20  0514   57589   18840    0    13.6   -15.6    -1.4    20.7    -3.9   311.1
2016 07 20  0515   57589   18900    0    12.8   -16.4     0.0    20.8     0.0   307.9
2016 07 20  0516   57589   18960    0    11.8   -17.1     1.2    20.8     3.4   304.4
2016 07 20  0517   57589   19020    0    11.1   -17.4     2.6    20.8     7.2   302.5
2016 07 20  0518   57589   19080    0    11.9   -16.7     2.3    20.6     6.3   305.7
2016 07 20  0519   57589   19140    0    13.0   -15.0     4.9    20.4    13.9   311.0
2016 07 20  0520   57589   19200    0    12.6   -15.3     4.7    20.4    13.2   309.4
2016 07 20  0521   57589   19260    0    11.6   -15.6     6.2    20.4    17.6   306.6
2016 07 20  0522   57589   19320    0    11.8   -15.9     4.7    20.3    13.2   306.7
2016 07 20  0523   57589   19380    0    10.9   -17.1     1.6    20.3     4.5   302.5
2016 07 20  0524   57589   19440    0    12.4   -15.6     3.1    20.2     8.9   308.6
2016 07 20  0525   57589   19500    0    13.0   -14.6     4.2    20.0    12.2   311.6
2016 07 20  0526   57589   19560    0    12.9   -14.3    -0.2    19.2    -0.7   312.0
2016 07 20  0527   57589   19620    0    13.0   -13.8     4.3    19.4    12.7   313.2
2016 07 20  0528   57589   19680    0    13.9   -12.7     6.1    19.8    17.9   317.7
2016 07 20  0529   57589   19740    0    14.3   -12.9     4.9    19.9    14.2   318.0
2016 07 20  0530   57589   19800    0    14.5   -13.3     2.6    19.8     7.5   317.5
2016 07 20  0531   57589   19860    0    14.7   -13.0     2.0    19.7     5.7   318.4
2016 07 20  0532   57589   19920    0    15.3   -12.3     0.9    19.6     2.7   321.2
2016 07 20  0533   57589   19980    0    15.4   -12.2     0.2    19.6     0.5   321.6
2016 07 20  0534   57589   20040    0    15.3   -12.5    -0.1    19.7    -0.4   320.6
2016 07 20  0535   57589   20100    0    14.8   -13.4     0.6    20.0     1.6   317.9
2016 07 20  0536   57589   20160    0    14.6   -13.4     0.1    19.9     0.3   317.4
2016 07 20  0537   57589   20220    0    14.5   -13.7    -0.1    19.9    -0.2   316.7
2016 07 20  0538   57589   20280    0    14.6   -13.5    -0.4    19.9    -1.1   317.3
2016 07 20  0539   57589   20340    0    14.6   -13.1    -0.8    19.7    -2.3   318.1
2016 07 20  0540   57589   20400    0    15.0   -12.6    -1.4    19.6    -4.1   319.9
2016 07 20  0541   57589   20460    9  -999.9  -999.9  -999.9  -999.9  -999.9  -999.9
2016 07 20  0542   57589   20520    0    15.1   -12.2    -1.0    19.4    -2.9   321.0
2016 07 20  0543   57589   20580    0    14.9   -12.4    -1.1    19.4    -3.4   320.3
2016 07 20  0544   57589   20640    0    15.1   -12.1    -1.5    19.4    -4.5   321.2
2016 07 20  0545   57589   20700    0    15.1   -12.1    -1.3    19.4    -3.8   321.2
2016 07 20  0546   57589   20760    0    15.1   -11.9    -0.9    19.3    -2.7   321.7
2016 07 20  0547   57589   20820    0    15.3   -11.5    -1.6    19.2    -4.9   323.0
2016 07 20  0548   57589   20880    0    14.5   -12.2    -3.0    19.2    -9.0   319.9
2016 07 20  0549   57589   20940    0    15.2   -11.5    -2.0    19.1    -6.1   323.0
2016 07 20  0550   57589   21000    0    15.1   -11.6    -1.8    19.1    -5.4   322.3
2016 07 20  0551   57589   21060    0    14.9   -12.0    -1.6    19.2    -4.9   321.1
2016 07 20  0552   57589   21120    0    14.6   -12.4    -1.5    19.2    -4.5   319.6
2016 07 20  0553   57589   21180    0    14.7   -11.9    -1.8    19.1    -5.5   321.0
2016 07 20  0554   57589   21240    0    14.8   -11.8    -1.4    18.9    -4.2   321.4
2016 07 20  0555   57589   21300    0    14.9   -11.7    -1.2    19.0    -3.6   321.7
2016 07 20  0556   57589   21360    0    14.7   -12.2    -2.1    19.2    -6.2   320.2
2016 07 20  0557   57589   21420    0    14.2   -12.5    -2.5    19.1    -7.5   318.6
2016 07 20  0558   57589   21480    0    14.6   -12.2    -0.6    19.1    -1.9   320.2
2016 07 20  0559   57589   21540    0    14.4   -12.2    -0.3    18.9    -1.0   319.9
2016 07 20  0600   57589   21600    0    14.7   -11.4     1.8    18.7     5.7   322.1
2016 07 20  0601   57589   21660    0    14.2   -11.2     3.2    18.4     9.9   321.7
2016 07 20  0602   57589   21720    0    14.5   -11.2     2.5    18.5     7.6   322.3
2016 07 20  0603   57589   21780    0    14.5   -11.5     1.3    18.6     3.9   321.7
2016 07 20  0604   57589   21840    0    14.8   -11.0     2.2    18.6     6.8   323.6
2016 07 20  0605   57589   21900    0    14.8   -11.3     0.9    18.6     2.7   322.6
2016 07 20  0606   57589   21960    0    14.8   -11.2    -1.0    18.6    -3.1   323.0
2016 07 20  0607   57589   22020    0    14.7   -11.2    -2.4    18.6    -7.5   322.6
2016 07 20  0608   57589   22080    0    14.8   -11.0    -0.9    18.5    -2.7   323.5
2016 07 20  0609   57589   22140    0    14.7   -11.2    -0.1    18.5    -0.2   322.6
2016 07 20  0610   57589   22200    0    15.3   -10.2    -0.6    18.4    -1.9   326.4
2016 07 20  0611   57589   22260    0    14.6   -11.3     0.7    18.5     2.3   322.3
2016 07 20  0612   57589   22320    0    14.4   -10.1     4.7    18.2    15.0   324.9
2016 07 20  0613   57589   22380    0    14.6   -10.4     3.5    18.3    11.0   324.7
2016 07 20  0614   57589   22440    0    14.5   -10.5     4.0    18.4    12.6   324.0
2016 07 20  0615   57589   22500    0    14.3   -10.7     4.3    18.4    13.4   323.1
2016 07 20  0616   57589   22560    0    13.9   -10.8     4.9    18.3    15.6   322.1
2016 07 20  0617   57589   22620    0    14.0   -10.5     5.0    18.2    15.9   323.0
2016 07 20  0618   57589   22680    0    13.7   -10.8     5.1    18.2    16.2   321.9
2016 07 20  0619   57589   22740    0    14.2   -10.2     4.3    18.0    13.7   324.3
2016 07 20  0620   57589   22800    0    14.2   -10.4     3.3    17.9    10.7   323.7
2016 07 20  0621   57589   22860    0    14.7    -9.3     0.5    17.4     1.7   327.6
2016 07 20  0622   57589   22920    0    14.6    -9.3     0.0    17.3     0.1   327.6
2016 07 20  0623   57589   22980    0    14.4    -8.8    -2.6    17.1    -8.6   328.5
2016 07 20  0624   57589   23040    0    14.2    -9.2    -0.3    16.9    -1.1   326.9
2016 07 20  0625   57589   23100    0    14.1    -9.5     1.8    17.1     6.0   326.0
2016 07 20  0626   57589   23160    0    14.2    -9.3     0.1    17.0     0.5   326.7
2016 07 20  0627   57589   23220    0    14.2    -9.1    -0.2    16.9    -0.5   327.4
2016 07 20  0628   57589   23280    0    14.2    -8.5    -1.4    16.6    -4.7   329.1
2016 07 20  0629   57589   23340    0    13.9    -8.3    -0.8    16.2    -2.7   329.1
2016 07 20  0630   57589   23400    0    14.0    -8.2    -0.6    16.2    -1.9   329.6
2016 07 20  0631   57589   23460    0    14.1    -7.4    -1.7    16.0    -6.0   332.2
2016 07 20  0632   57589   23520    0    14.2    -6.9    -2.7    16.0    -9.8   333.9
2016 07 20  0633   57589   23580    0    13.5    -8.2     1.2    15.8     4.4   328.8
2016 07 20  0634   57589   23640    0    13.4    -8.1     1.1    15.7     4.1   329.1
2016 07 20  0635   57589   23700    0    13.7    -7.5    -0.7    15.6    -2.5   331.2
2016 07 20  0636   57589   23760    0    13.4    -7.5    -1.0    15.4    -3.7   330.9
2016 07 20  0637   57589   23820    0    13.2    -7.1    -2.8    15.3   -10.6   331.5
2016 07 20  0638   57589   23880    0    13.0    -7.8     0.4    15.2     1.4   329.1
2016 07 20  0639   57589   23940    0    13.2    -7.6     1.1    15.3     4.3   330.0
2016 07 20  0640   57589   24000    0    13.0    -7.2    -0.2    14.9    -0.6   331.2
2016 07 20  0641   57589   24060    0    12.7    -6.9    -0.6    14.5    -2.3   331.4
2016 07 20  0642   57589   24120    0    12.1    -6.4    -0.7    13.7    -3.0   332.3
2016 07 20  0643   57589   24180    0    11.1    -5.8    -0.9    12.5    -4.3   332.5
2016 07 20  0644   57589   24240    0    10.7    -6.2     0.5    12.4     2.5   329.7
2016 07 20  0645   57589   24300    0    10.5    -5.7     0.3    11.9     1.6   331.4
2016 07 20  0646   57589   24360    0    10.2    -4.5    -2.5    11.5   -12.4   336.2
2016 07 20  0647   57589   24420    0    11.2    -5.4    -1.7    12.6    -7.9   334.3
2016 07 20  0648   57589   24480    0    11.2    -6.5     0.3    12.9     1.4   330.0
2016 07 20  0649   57589   24540    0    10.3    -7.1     2.9    12.8    13.2   325.5
2016 07 20  0650   57589   24600    0    10.4    -7.0     2.7    12.9    12.0   326.1
2016 07 20  0651   57589   24660    0    10.6    -7.0     2.3    12.9    10.1   326.5
2016 07 20  0652   57589   24720    0    10.6    -7.3     2.0    13.0     8.6   325.7
2016 07 20  0653   57589   24780    0    10.8    -8.0     1.9    13.6     7.9   323.5
2016 07 20  0654   57589   24840    0    11.1    -7.8     1.8    13.7     7.7   324.8
2016 07 20  0655   57589   24900    0    10.8    -6.9     1.2    12.8     5.4   327.4
2016 07 20  0656   57589   24960    0    11.5    -7.1     0.6    13.5     2.4   328.0
2016 07 20  0657   57589   25020    0    11.5    -8.1     1.6    14.2     6.4   325.0
2016 07 20  0658   57589   25080    0    11.1    -8.4     4.2    14.5    16.9   322.9
2016 07 20  0659   57589   25140    0    11.6    -8.2     2.5    14.5     9.8   324.9
2016 07 20  0700   57589   25200    0    11.7    -7.4     1.2    13.9     4.8   327.6
2016 07 20  0701   57589   25260    0    12.2    -7.3     0.7    14.2     2.6   329.1
2016 07 20  0702   57589   25320    0    13.2    -7.1     0.5    15.0     1.8   331.9
2016 07 20  0703   57589   25380    0    14.0    -7.3     1.0    15.8     3.5   332.5
2016 07 20  0704   57589   25440    0    13.9    -7.1     0.9    15.6     3.3   332.7
2016 07 20  0705   57589   25500    0    13.9    -6.8     0.9    15.5     3.2   333.8
2016 07 20  0706   57589   25560    0    14.0    -6.5     0.8    15.5     3.1   335.0
2016 07 20  0707   57589   25620    0    13.2    -7.3     1.6    15.2     6.2   331.2
2016 07 20  0708   57589   25680    0    12.9    -7.4     1.7    14.9     6.6   330.2
2016 07 20  0709   57589   25740    0    11.8    -8.0     3.1    14.6    12.3   326.1
2016 07 20  0710   57589   25800    0    12.6    -7.5     1.6    14.7     6.3   329.4
2016 07 20  0711   57589   25860    0    12.2    -7.8     1.5    14.5     5.7   327.5
2016 07 20  0712   57589   25920    0    12.2    -7.6     1.4    14.5     5.4   328.2
2016 07 20  0713   57589   25980    0    12.7    -6.8     0.9    14.4     3.4   331.6
2016 07 20  0714   57589   26040    0    13.1    -7.2     1.5    15.0     5.5   331.0
2016 07 20  0715   57589   26100    0    12.9    -7.8     2.1    15.2     7.9   328.8
2016 07 20  0716   57589   26160    0    12.9    -7.7     2.1    15.1     7.9   329.0
2016 07 20  0717   57589   26220    0    12.2    -8.0     3.4    15.0    12.9   326.7
2016 07 20  0718   57589   26280    0    11.9    -8.3     3.4    14.9    13.0   325.0
2016 07 20  0719   57589   26340    0    11.9    -8.4     3.4    15.0    13.0   325.0
2016 07 20  0720   57589   26400    0    11.9    -8.3     3.6    14.9    13.9   325.2
2016 07 20  0721   57589   26460    0    12.0    -8.6     3.7    15.2    14.1   324.3
2016 07 20  0722   57589   26520    0    11.8    -8.7     3.6    15.1    13.8   323.6
2016 07 20  0723   57589   26580    0    12.2    -8.2     3.0    15.0    11.4   326.1
2016 07 20  0724   57589   26640    0    13.0    -7.1     1.9    15.0     7.4   331.3
2016 07 20  0725   57589   26700    0    13.6    -6.6     1.3    15.1     4.8   334.1
2016 07 20  0726   57589   26760    0    13.7    -6.6     1.2    15.3     4.6   334.2
2016 07 20  0727   57589   26820    0    13.6    -6.7     1.4    15.2     5.4   333.6
2016 07 20  0728   57589   26880    0    13.3    -7.2     1.7    15.2     6.2   331.4
2016 07 20  0729   57589   26940    0    13.2    -7.2     1.8    15.1     6.7   331.2
2016 07 20  0730   57589   27000    0    13.4    -7.0     1.6    15.2     6.2   332.2
2016 07 20  0731   57589   27060    0    13.5    -7.0     1.5    15.3     5.6   332.6
2016 07 20  0732   57589   27120    0    13.6    -6.8     1.3    15.3     4.7   333.6
2016 07 20  0733   57589   27180    0    13.9    -6.1     0.7    15.2     2.5   336.3
2016 07 20  0734   57589   27240    0    13.9    -6.0     0.5    15.2     1.8   336.7
2016 07 20  0735   57589   27300    0    13.6    -6.6     0.5    15.1     2.0   334.0
2016 07 20  0736   57589   27360    0    13.0    -7.3     2.2    15.1     8.5   330.6
2016 07 20  0737   57589   27420    0    12.9    -7.4     1.8    15.0     7.1   330.0
2016 07 20  0738   57589   27480    0    12.7    -7.3     2.0    14.8     7.7   330.0
2016 07 20  0739   57589   27540    0    12.6    -7.2     1.9    14.7     7.4   330.3
2016 07 20  0740   57589   27600    0    12.5    -7.1     1.3    14.4     5.1   330.5
2016 07 20  0741   57589   27660    0    13.0    -7.2     1.0    14.9     3.9   331.0
2016 07 20  0742   57589   27720    0    13.2    -7.0     1.0    15.0     3.7   332.0
2016 07 20  0743   57589   27780    0    13.1    -7.1     1.1    15.0     4.2   331.4
2016 07 20  0744   57589   27840    0    12.9    -7.3     1.7    15.0     6.4   330.4
2016 07 20  0745   57589   27900    0    12.6    -7.6     2.2    14.9     8.4   329.1
2016 07 20  0746   57589   27960    0    12.8    -7.3     2.3    14.9     8.7   330.3
2016 07 20  0747   57589   28020    0    12.9    -7.3     2.3    15.0     8.8   330.6
2016 07 20  0748   57589   28080    0    12.6    -7.5     2.6    14.9     9.9   329.2
2016 07 20  0749   57589   28140    0    12.6    -7.2     2.4    14.7     9.5   330.2
2016 07 20  0750   57589   28200    0    12.5    -7.2     2.5    14.7     9.7   330.0
2016 07 20  0751   57589   28260    0    12.5    -7.5     2.9    14.8    11.1   329.2
2016 07 20  0752   57589   28320    0    12.7    -7.1     2.7    14.8    10.4   330.6
2016 07 20  0753   57589   28380    0    12.4    -7.1     3.2    14.7    12.5   330.2
2016 07 20  0754   57589   28440    0    12.7    -6.8     2.6    14.6    10.1   331.9
2016 07 20  0755   57589   28500    0    12.8    -7.0     2.2    14.7     8.4   331.3
2016 07 20  0756   57589   28560    0    13.5    -5.4     2.3    14.7     8.9   338.3
2016 07 20  0757   57589   28620    0    13.3    -5.3     2.5    14.5     9.9   338.3
2016 07 20  0758   57589   28680    0    13.2    -5.9     2.6    14.7    10.1   335.9
2016 07 20  0759   57589   28740    9  -999.9  -999.9  -999.9  -999.9  -999.9  -999.9
