:Data_list: 20160323_ace_epam_5m.txt
:Created: 2016 Mar 23 0901 UT
# Prepared by the U.S. Dept. of Commerce, NOAA, Space Weather Prediction Center
# Please send comments and suggestions to SWPC.Webmaster@noaa.gov 
# 
# Units: Differential Flux particles/cm2-s-ster-MeV
# Units: Anisotropy Index 0.0 - 2.0
# Status(S): 0 = nominal, 4,6,7,8 = bad data, unable to process, 9 = no data
# Missing data values: -1.00e+05, index = -1.00
# Source: ACE Satellite - Electron, Proton, and Alpha Monitor
#
#
#                      5-minute averaged Real-time Differential Electron and Proton Flux 
# 
#                Modified Seconds ---------------------------- Differential Flux ---------------------------
# UT Date   Time  Julian  of the  ----- Electron -----   ------------------- Protons keV -------------------   Anis.
# YR MO DA  HHMM    Day    Day    S    38-53   175-315   S    47-68   115-195   310-580   795-1193 1060-1900   Index
#-------------------------------------------------------------------------------------------------------------------
2016 03 23  0000   57470       0  0  8.04e+02  1.98e+01  0  2.17e+03  3.38e+01  5.95e+00  1.74e+00  3.95e-01  -1.00
2016 03 23  0005   57470     300  0  8.00e+02  2.43e+01  0  2.14e+03  3.36e+01  6.40e+00  1.54e+00  8.63e-01  -1.00
2016 03 23  0010   57470     600  0  1.03e+03  1.69e+01  0  2.30e+03  3.62e+01  4.88e+00  1.61e+00  8.13e-01  -1.00
2016 03 23  0015   57470     900  0  8.41e+02  1.60e+01  0  2.06e+03  3.52e+01  4.88e+00  1.38e+00  4.84e-01  -1.00
2016 03 23  0020   57470    1200  0  6.68e+02  2.43e+01  0  2.08e+03  2.98e+01  5.30e+00  1.56e+00  4.34e-01  -1.00
2016 03 23  0025   57470    1500  0  6.79e+02  2.48e+01  0  2.08e+03  3.12e+01  4.20e+00  1.75e+00  5.90e-01  -1.00
2016 03 23  0030   57470    1800  0  7.51e+02  2.05e+01  0  2.23e+03  2.44e+01  5.91e+00  1.66e+00  3.57e-01  -1.00
2016 03 23  0035   57470    2100  0  8.10e+02  1.87e+01  0  2.24e+03  2.72e+01  4.56e+00  9.41e-01  2.42e-01  -1.00
2016 03 23  0040   57470    2400  0  6.79e+02  1.63e+01  0  2.07e+03  2.91e+01  5.72e+00  1.62e+00  3.08e-01  -1.00
2016 03 23  0045   57470    2700  0  9.19e+02  2.44e+01  0  2.20e+03  3.21e+01  4.80e+00  1.82e+00  5.90e-01  -1.00
2016 03 23  0050   57470    3000  0  6.62e+02  2.36e+01  0  2.13e+03  2.79e+01  6.01e+00  1.79e+00  4.13e-01  -1.00
2016 03 23  0055   57470    3300  0  7.86e+02  1.91e+01  0  2.05e+03  2.83e+01  6.57e+00  1.77e+00  5.02e-01  -1.00
2016 03 23  0100   57470    3600  0  1.02e+03  1.80e+01  0  2.30e+03  2.22e+01  4.60e+00  1.20e+00  2.55e-01  -1.00
2016 03 23  0105   57470    3900  0  7.55e+02  2.42e+01  0  2.20e+03  2.75e+01  6.75e+00  2.70e+00  3.59e-01  -1.00
2016 03 23  0110   57470    4200  0  7.86e+02  2.08e+01  0  2.07e+03  2.56e+01  5.70e+00  1.74e+00  4.41e-01  -1.00
2016 03 23  0115   57470    4500  0  8.01e+02  1.69e+01  0  2.28e+03  2.67e+01  5.36e+00  1.35e+00  3.20e-01  -1.00
2016 03 23  0120   57470    4800  0  6.80e+02  2.10e+01  0  2.18e+03  2.81e+01  4.64e+00  1.41e+00  4.33e-01  -1.00
2016 03 23  0125   57470    5100  0  7.16e+02  2.69e+01  0  2.33e+03  2.43e+01  5.28e+00  2.28e+00  4.53e-01  -1.00
2016 03 23  0130   57470    5400  0  6.00e+02  1.64e+01  0  2.09e+03  2.60e+01  4.04e+00  9.97e-01  3.90e-01  -1.00
2016 03 23  0135   57470    5700  0  8.21e+02  1.63e+01  0  2.26e+03  2.87e+01  5.33e+00  1.22e+00  4.07e-01  -1.00
2016 03 23  0140   57470    6000  0  7.54e+02  2.09e+01  0  2.24e+03  2.66e+01  4.10e+00  1.59e+00  2.34e-01  -1.00
2016 03 23  0145   57470    6300  0  6.62e+02  2.45e+01  0  2.05e+03  3.10e+01  4.46e+00  1.81e+00  3.07e-01  -1.00
2016 03 23  0150   57470    6600  0  8.72e+02  2.19e+01  0  2.33e+03  2.38e+01  6.19e+00  1.68e+00  3.62e-01  -1.00
2016 03 23  0155   57470    6900  0  7.80e+02  1.67e+01  0  2.18e+03  2.47e+01  4.17e+00  1.42e+00  3.62e-01  -1.00
2016 03 23  0200   57470    7200  0  6.38e+02  2.51e+01  0  2.14e+03  2.78e+01  4.76e+00  1.19e+00  2.57e-01  -1.00
2016 03 23  0205   57470    7500  0  6.88e+02  2.19e+01  0  2.14e+03  2.67e+01  5.88e+00  1.99e+00  3.03e-01  -1.00
2016 03 23  0210   57470    7800  0  8.43e+02  1.84e+01  0  2.19e+03  2.84e+01  4.91e+00  1.84e+00  4.86e-01  -1.00
2016 03 23  0215   57470    8100  0  7.71e+02  2.13e+01  0  2.19e+03  3.00e+01  4.22e+00  1.44e+00  3.93e-01  -1.00
2016 03 23  0220   57470    8400  0  9.05e+02  2.42e+01  0  2.12e+03  3.70e+01  5.58e+00  2.12e+00  3.31e-01  -1.00
2016 03 23  0225   57470    8700  0  8.65e+02  2.75e+01  0  2.18e+03  2.62e+01  4.97e+00  1.59e+00  3.79e-01  -1.00
2016 03 23  0230   57470    9000  0  7.59e+02  2.47e+01  0  2.44e+03  2.76e+01  5.26e+00  1.93e+00  5.02e-01  -1.00
2016 03 23  0235   57470    9300  0  6.23e+02  2.08e+01  0  2.08e+03  2.90e+01  4.63e+00  1.17e+00  4.51e-01  -1.00
2016 03 23  0240   57470    9600  0  6.87e+02  2.07e+01  0  2.22e+03  3.24e+01  5.64e+00  1.75e+00  5.20e-01  -1.00
2016 03 23  0245   57470    9900  0  7.99e+02  1.80e+01  0  2.21e+03  2.61e+01  6.63e+00  2.04e+00  3.41e-01  -1.00
2016 03 23  0250   57470   10200  0  8.32e+02  2.64e+01  0  2.11e+03  2.31e+01  5.19e+00  1.62e+00  6.48e-01  -1.00
2016 03 23  0255   57470   10500  0  6.73e+02  2.55e+01  0  2.08e+03  3.04e+01  4.23e+00  1.64e+00  4.26e-01  -1.00
2016 03 23  0300   57470   10800  0  7.71e+02  2.55e+01  0  2.04e+03  2.66e+01  5.50e+00  1.96e+00  5.30e-01  -1.00
2016 03 23  0305   57470   11100  0  6.79e+02  1.95e+01  0  2.17e+03  2.85e+01  4.65e+00  1.33e+00  6.86e-01  -1.00
2016 03 23  0310   57470   11400  0  8.19e+02  2.95e+01  0  2.15e+03  2.88e+01  6.98e+00  1.81e+00  9.16e-01  -1.00
2016 03 23  0315   57470   11700  0  5.49e+02  1.25e+01  0  2.17e+03  2.39e+01  6.03e+00  8.61e-01  5.26e-01  -1.00
2016 03 23  0320   57470   12000  0  6.29e+02  2.01e+01  0  2.21e+03  3.44e+01  6.45e+00  1.28e+00  6.34e-01  -1.00
2016 03 23  0325   57470   12300  0  6.26e+02  1.75e+01  0  2.11e+03  2.94e+01  5.59e+00  1.93e+00  6.22e-01  -1.00
2016 03 23  0330   57470   12600  0  6.30e+02  1.56e+01  0  2.15e+03  3.24e+01  5.95e+00  1.68e+00  4.97e-01  -1.00
2016 03 23  0335   57470   12900  0  9.28e+02  2.32e+01  0  2.28e+03  3.06e+01  6.32e+00  1.91e+00  4.14e-01  -1.00
2016 03 23  0340   57470   13200  0  7.92e+02  2.18e+01  0  2.17e+03  2.75e+01  5.52e+00  1.78e+00  3.64e-01  -1.00
2016 03 23  0345   57470   13500  0  6.52e+02  2.07e+01  0  2.10e+03  3.12e+01  5.98e+00  1.76e+00  4.64e-01  -1.00
2016 03 23  0350   57470   13800  0  6.43e+02  2.75e+01  0  2.09e+03  3.09e+01  5.97e+00  1.30e+00  4.13e-01  -1.00
2016 03 23  0355   57470   14100  0  7.63e+02  2.18e+01  0  2.24e+03  2.92e+01  6.37e+00  1.86e+00  4.58e-01  -1.00
2016 03 23  0400   57470   14400  0  6.75e+02  2.77e+01  0  2.06e+03  2.66e+01  5.59e+00  1.88e+00  3.28e-01  -1.00
2016 03 23  0405   57470   14700  0  6.81e+02  2.29e+01  0  1.99e+03  3.20e+01  5.98e+00  2.23e+00  5.83e-01  -1.00
2016 03 23  0410   57470   15000  0  8.30e+02  2.36e+01  0  2.24e+03  3.07e+01  6.02e+00  1.47e+00  5.50e-01  -1.00
2016 03 23  0415   57470   15300  0  8.50e+02  2.03e+01  0  2.19e+03  2.67e+01  6.38e+00  2.05e+00  7.19e-01  -1.00
2016 03 23  0420   57470   15600  0  6.62e+02  2.41e+01  0  2.09e+03  3.09e+01  6.62e+00  1.61e+00  4.08e-01  -1.00
2016 03 23  0425   57470   15900  0  1.23e+03  1.58e+01  0  2.31e+03  3.26e+01  7.64e+00  9.85e-01  4.03e-01  -1.00
2016 03 23  0430   57470   16200  0  7.14e+02  2.06e+01  0  2.13e+03  3.03e+01  5.64e+00  1.52e+00  4.66e-01  -1.00
2016 03 23  0435   57470   16500  0  6.62e+02  2.47e+01  0  2.11e+03  3.28e+01  6.34e+00  2.16e+00  8.06e-01  -1.00
2016 03 23  0440   57470   16800  0  9.66e+02  2.36e+01  0  2.11e+03  3.94e+01  7.40e+00  2.06e+00  7.72e-01  -1.00
2016 03 23  0445   57470   17100  0  6.85e+02  2.19e+01  0  2.23e+03  3.60e+01  7.33e+00  2.06e+00  4.62e-01  -1.00
2016 03 23  0450   57470   17400  0  6.42e+02  2.34e+01  0  2.25e+03  3.31e+01  7.10e+00  1.59e+00  5.77e-01  -1.00
2016 03 23  0455   57470   17700  0  6.00e+02  2.29e+01  0  2.07e+03  2.39e+01  5.14e+00  1.78e+00  4.59e-01  -1.00
2016 03 23  0500   57470   18000  0  8.64e+02  2.63e+01  0  2.19e+03  2.67e+01  4.70e+00  1.65e+00  5.08e-01  -1.00
2016 03 23  0505   57470   18300  0  6.98e+02  2.30e+01  0  2.27e+03  2.77e+01  4.74e+00  1.56e+00  5.30e-01  -1.00
2016 03 23  0510   57470   18600  0  7.48e+02  2.74e+01  0  2.10e+03  2.78e+01  3.69e+00  1.38e+00  3.77e-01  -1.00
2016 03 23  0515   57470   18900  0  9.07e+02  1.99e+01  0  2.28e+03  2.26e+01  3.79e+00  1.97e+00  4.82e-01  -1.00
2016 03 23  0520   57470   19200  0  7.45e+02  1.90e+01  0  2.12e+03  2.56e+01  3.14e+00  1.37e+00  5.14e-01  -1.00
2016 03 23  0525   57470   19500  0  6.16e+02  2.04e+01  0  2.16e+03  2.53e+01  4.22e+00  1.33e+00  5.23e-01  -1.00
2016 03 23  0530   57470   19800  0  8.88e+02  2.29e+01  0  2.16e+03  2.60e+01  5.74e+00  1.13e+00  3.60e-01  -1.00
2016 03 23  0535   57470   20100  0  8.43e+02  1.67e+01  0  2.10e+03  2.38e+01  5.39e+00  1.55e+00  5.65e-01  -1.00
2016 03 23  0540   57470   20400  0  8.19e+02  2.18e+01  0  2.15e+03  2.23e+01  3.81e+00  1.29e+00  5.17e-01  -1.00
2016 03 23  0545   57470   20700  0  7.51e+02  2.50e+01  0  2.08e+03  2.11e+01  4.29e+00  1.60e+00  4.35e-01  -1.00
2016 03 23  0550   57470   21000  0  6.58e+02  1.48e+01  0  2.17e+03  2.39e+01  4.62e+00  1.32e+00  4.78e-01  -1.00
2016 03 23  0555   57470   21300  0  6.32e+02  2.92e+01  0  2.28e+03  2.20e+01  4.83e+00  1.55e+00  5.19e-01  -1.00
2016 03 23  0600   57470   21600  0  5.95e+02  1.82e+01  0  1.98e+03  3.04e+01  3.78e+00  1.30e+00  3.62e-01  -1.00
2016 03 23  0605   57470   21900  0  8.95e+02  1.71e+01  0  2.28e+03  3.01e+01  3.92e+00  1.36e+00  2.27e-01  -1.00
2016 03 23  0610   57470   22200  0  9.75e+02  2.26e+01  0  2.13e+03  2.47e+01  4.17e+00  1.39e+00  3.77e-01  -1.00
2016 03 23  0615   57470   22500  0  6.71e+02  2.95e+01  0  2.19e+03  2.29e+01  5.84e+00  1.38e+00  3.58e-01  -1.00
2016 03 23  0620   57470   22800  0  6.34e+02  2.37e+01  0  2.05e+03  2.30e+01  4.43e+00  8.55e-01  3.39e-01  -1.00
2016 03 23  0625   57470   23100  0  7.72e+02  1.43e+01  0  2.16e+03  2.18e+01  4.52e+00  1.13e+00  2.66e-01  -1.00
2016 03 23  0630   57470   23400  0  7.83e+02  2.24e+01  0  2.23e+03  2.13e+01  3.79e+00  1.05e+00  3.70e-01  -1.00
2016 03 23  0635   57470   23700  0  7.80e+02  2.20e+01  0  2.10e+03  2.27e+01  4.20e+00  1.52e+00  1.93e-01  -1.00
2016 03 23  0640   57470   24000  0  6.36e+02  2.27e+01  0  2.06e+03  2.18e+01  2.78e+00  9.46e-01  3.01e-01  -1.00
2016 03 23  0645   57470   24300  0  7.77e+02  2.55e+01  0  2.22e+03  2.34e+01  4.55e+00  1.78e+00  2.95e-01  -1.00
2016 03 23  0650   57470   24600  0  8.02e+02  2.06e+01  0  2.19e+03  2.52e+01  4.31e+00  1.36e+00  4.00e-01  -1.00
2016 03 23  0655   57470   24900  0  7.75e+02  2.44e+01  0  2.00e+03  2.59e+01  4.10e+00  1.83e+00  3.74e-01  -1.00
2016 03 23  0700   57470   25200  0  9.15e+02  1.83e+01  0  2.28e+03  2.46e+01  3.53e+00  1.25e+00  2.99e-01  -1.00
2016 03 23  0705   57470   25500  0  6.65e+02  2.44e+01  0  1.97e+03  2.79e+01  3.62e+00  1.18e+00  2.99e-01  -1.00
2016 03 23  0710   57470   25800  0  7.23e+02  1.82e+01  0  2.16e+03  2.23e+01  4.03e+00  1.60e+00  2.84e-01  -1.00
2016 03 23  0715   57470   26100  0  7.57e+02  1.83e+01  0  2.07e+03  2.51e+01  4.25e+00  1.45e+00  3.03e-01  -1.00
2016 03 23  0720   57470   26400  0  7.73e+02  2.03e+01  0  2.32e+03  2.31e+01  3.84e+00  1.50e+00  2.98e-01  -1.00
2016 03 23  0725   57470   26700  0  6.59e+02  3.17e+01  0  2.10e+03  2.57e+01  3.44e+00  1.67e+00  2.61e-01  -1.00
2016 03 23  0730   57470   27000  0  9.18e+02  2.08e+01  0  2.18e+03  2.01e+01  4.75e+00  1.16e+00  4.19e-01  -1.00
2016 03 23  0735   57470   27300  0  8.90e+02  2.13e+01  0  2.21e+03  2.23e+01  3.59e+00  1.37e+00  4.02e-01  -1.00
2016 03 23  0740   57470   27600  0  8.07e+02  2.19e+01  0  2.25e+03  2.37e+01  4.21e+00  7.10e-01  3.58e-01  -1.00
2016 03 23  0745   57470   27900  0  7.35e+02  2.39e+01  0  2.09e+03  1.93e+01  5.10e+00  1.14e+00  2.08e-01  -1.00
2016 03 23  0750   57470   28200  0  9.08e+02  3.32e+01  0  2.30e+03  2.29e+01  5.38e+00  7.22e-01  3.06e-01  -1.00
2016 03 23  0755   57470   28500  0  7.98e+02  2.19e+01  0  2.06e+03  2.63e+01  4.02e+00  1.04e+00  2.17e-01  -1.00
2016 03 23  0800   57470   28800  0  7.07e+02  2.38e+01  0  2.04e+03  2.59e+01  3.62e+00  1.36e+00  3.81e-01  -1.00
2016 03 23  0805   57470   29100  0  8.04e+02  2.09e+01  0  2.14e+03  2.68e+01  2.67e+00  1.63e+00  2.70e-01  -1.00
2016 03 23  0810   57470   29400  0  6.66e+02  2.71e+01  0  2.25e+03  2.61e+01  4.45e+00  1.53e+00  3.25e-01  -1.00
2016 03 23  0815   57470   29700  0  6.14e+02  2.56e+01  0  2.32e+03  2.73e+01  3.43e+00  1.46e+00  3.20e-01  -1.00
2016 03 23  0820   57470   30000  0  7.48e+02  2.43e+01  0  2.17e+03  2.26e+01  6.07e+00  1.46e+00  2.97e-01  -1.00
2016 03 23  0825   57470   30300  0  1.02e+03  1.76e+01  0  2.21e+03  1.92e+01  3.27e+00  1.01e+00  4.73e-01  -1.00
2016 03 23  0830   57470   30600  0  7.33e+02  2.08e+01  0  2.22e+03  2.67e+01  3.58e+00  8.98e-01  3.55e-01  -1.00
2016 03 23  0835   57470   30900  0  8.19e+02  2.70e+01  0  2.02e+03  2.12e+01  3.14e+00  1.17e+00  2.59e-01  -1.00
2016 03 23  0840   57470   31200  0  1.05e+03  2.32e+01  0  2.21e+03  2.11e+01  5.02e+00  1.45e+00  4.62e-01  -1.00
2016 03 23  0845   57470   31500  0  7.59e+02  2.61e+01  0  2.08e+03  2.19e+01  4.51e+00  1.38e+00  3.03e-01  -1.00
2016 03 23  0850   57470   31800  0  8.46e+02  1.94e+01  0  2.24e+03  1.78e+01  3.83e+00  8.91e-01  3.74e-01  -1.00
2016 03 23  0855   57470   32100 -1 -1.00e+05 -1.00e+05 -1 -1.00e+05 -1.00e+05 -1.00e+05 -1.00e+05 -1.00e+05  -1.00
