:Data_list: 20160105_ace_sis_5m.txt
:Created: 2016 Jan 06 0011 UT
# Prepared by the U.S. Dept. of Commerce, NOAA, Space Weather Prediction Center
# Please send comments and suggestions to SWPC.Webmaster@noaa.gov 
# 
# Units: proton flux p/cs2-sec-ster
# Status(S): 0 = nominal data, 1 to 8 = bad data record, 9 = no data
# Missing data values: -1.00e+05
# Source: ACE Satellite - Solar Isotope Spectrometer
#
# 5-minute averaged Real-time Integral Flux of High-energy Solar Protons
# 
#                 Modified Seconds
# UT Date   Time   Julian  of the      ---- Integral Proton Flux ----
# YR MO DA  HHMM     Day     Day       S    > 10 MeV    S    > 30 MeV
#--------------------------------------------------------------------
2016 01 05  0000    57392       0      0    1.71e+00    0    1.19e+00
2016 01 05  0005    57392     300      0    1.75e+00    0    1.23e+00
2016 01 05  0010    57392     600      0    1.84e+00    0    1.28e+00
2016 01 05  0015    57392     900      0    1.83e+00    0    1.27e+00
2016 01 05  0020    57392    1200      0    1.76e+00    0    1.22e+00
2016 01 05  0025    57392    1500      0    1.64e+00    0    1.14e+00
2016 01 05  0030    57392    1800      0    1.57e+00    0    1.10e+00
2016 01 05  0035    57392    2100      0    1.49e+00    0    1.04e+00
2016 01 05  0040    57392    2400      0    1.65e+00    0    1.15e+00
2016 01 05  0045    57392    2700      0    1.89e+00    0    1.31e+00
2016 01 05  0050    57392    3000      0    1.84e+00    0    1.29e+00
2016 01 05  0055    57392    3300      0    1.84e+00    0    1.28e+00
2016 01 05  0100    57392    3600      0    1.71e+00    0    1.20e+00
2016 01 05  0105    57392    3900      0    1.65e+00    0    1.15e+00
2016 01 05  0110    57392    4200      0    1.49e+00    0    1.03e+00
2016 01 05  0115    57392    4500      0    1.69e+00    0    1.18e+00
2016 01 05  0120    57392    4800      0    1.81e+00    0    1.27e+00
2016 01 05  0125    57392    5100      0    1.78e+00    0    1.26e+00
2016 01 05  0130    57392    5400      0    1.78e+00    0    1.24e+00
2016 01 05  0135    57392    5700      0    1.60e+00    0    1.13e+00
2016 01 05  0140    57392    6000      0    1.59e+00    0    1.11e+00
2016 01 05  0145    57392    6300      0    1.44e+00    0    1.00e+00
2016 01 05  0150    57392    6600      0    1.80e+00    0    1.26e+00
2016 01 05  0155    57392    6900      0    1.83e+00    0    1.29e+00
2016 01 05  0200    57392    7200      0    1.76e+00    0    1.24e+00
2016 01 05  0205    57392    7500      0    1.70e+00    0    1.18e+00
2016 01 05  0210    57392    7800      0    1.59e+00    0    1.11e+00
2016 01 05  0215    57392    8100      0    1.52e+00    0    1.06e+00
2016 01 05  0220    57392    8400      0    1.51e+00    0    1.04e+00
2016 01 05  0225    57392    8700      0    1.86e+00    0    1.31e+00
2016 01 05  0230    57392    9000      0    1.80e+00    0    1.26e+00
2016 01 05  0235    57392    9300      0    1.74e+00    0    1.22e+00
2016 01 05  0240    57392    9600      0    1.64e+00    0    1.14e+00
2016 01 05  0245    57392    9900      0    1.60e+00    0    1.13e+00
2016 01 05  0250    57392   10200      0    1.47e+00    0    1.03e+00
2016 01 05  0255    57392   10500      0    1.52e+00    0    1.07e+00
2016 01 05  0300    57392   10800      0    1.84e+00    0    1.31e+00
2016 01 05  0305    57392   11100      0    1.85e+00    0    1.32e+00
2016 01 05  0310    57392   11400      0    1.82e+00    0    1.29e+00
2016 01 05  0315    57392   11700      0    1.70e+00    0    1.19e+00
2016 01 05  0320    57392   12000      0    1.68e+00    0    1.19e+00
2016 01 05  0325    57392   12300      0    1.47e+00    0    1.03e+00
2016 01 05  0330    57392   12600      0    1.55e+00    0    1.08e+00
2016 01 05  0335    57392   12900      0    1.79e+00    0    1.26e+00
2016 01 05  0340    57392   13200      0    1.80e+00    0    1.26e+00
2016 01 05  0345    57392   13500      0    1.79e+00    0    1.26e+00
2016 01 05  0350    57392   13800      0    1.62e+00    0    1.13e+00
2016 01 05  0355    57392   14100      0    1.52e+00    0    1.07e+00
2016 01 05  0400    57392   14400      0    1.42e+00    0    9.79e-01
2016 01 05  0405    57392   14700      0    1.63e+00    0    1.14e+00
2016 01 05  0410    57392   15000      0    1.85e+00    0    1.31e+00
2016 01 05  0415    57392   15300      0    1.78e+00    0    1.25e+00
2016 01 05  0420    57392   15600      0    1.77e+00    0    1.26e+00
2016 01 05  0425    57392   15900      0    1.57e+00    0    1.10e+00
2016 01 05  0430    57392   16200      0    1.57e+00    0    1.11e+00
2016 01 05  0435    57392   16500      0    1.48e+00    0    1.03e+00
2016 01 05  0440    57392   16800      0    1.71e+00    0    1.20e+00
2016 01 05  0445    57392   17100      0    1.86e+00    0    1.29e+00
2016 01 05  0450    57392   17400      0    1.75e+00    0    1.23e+00
2016 01 05  0455    57392   17700      0    1.72e+00    0    1.20e+00
2016 01 05  0500    57392   18000      0    1.66e+00    0    1.18e+00
2016 01 05  0505    57392   18300      0    1.55e+00    0    1.09e+00
2016 01 05  0510    57392   18600      0    1.46e+00    0    1.02e+00
2016 01 05  0515    57392   18900      0    1.78e+00    0    1.26e+00
2016 01 05  0520    57392   19200      0    1.83e+00    0    1.28e+00
2016 01 05  0525    57392   19500      0    1.77e+00    0    1.24e+00
2016 01 05  0530    57392   19800      0    1.68e+00    0    1.18e+00
2016 01 05  0535    57392   20100      0    1.59e+00    0    1.12e+00
2016 01 05  0540    57392   20400      0    1.47e+00    0    1.02e+00
2016 01 05  0545    57392   20700      0    1.47e+00    0    1.04e+00
2016 01 05  0550    57392   21000      0    1.81e+00    0    1.27e+00
2016 01 05  0555    57392   21300      0    1.84e+00    0    1.29e+00
2016 01 05  0600    57392   21600      0    1.77e+00    0    1.24e+00
2016 01 05  0605    57392   21900      0    1.61e+00    0    1.12e+00
2016 01 05  0610    57392   22200      0    1.56e+00    0    1.09e+00
2016 01 05  0615    57392   22500      0    1.46e+00    0    1.02e+00
2016 01 05  0620    57392   22800      0    1.52e+00    0    1.06e+00
2016 01 05  0625    57392   23100      0    1.82e+00    0    1.28e+00
2016 01 05  0630    57392   23400      0    1.80e+00    0    1.26e+00
2016 01 05  0635    57392   23700      0    1.74e+00    0    1.22e+00
2016 01 05  0640    57392   24000      0    1.64e+00    0    1.15e+00
2016 01 05  0645    57392   24300      0    1.59e+00    0    1.12e+00
2016 01 05  0650    57392   24600      0    1.50e+00    0    1.05e+00
2016 01 05  0655    57392   24900      0    1.62e+00    0    1.13e+00
2016 01 05  0700    57392   25200      0    1.85e+00    0    1.30e+00
2016 01 05  0705    57392   25500      0    1.81e+00    0    1.27e+00
2016 01 05  0710    57392   25800      0    1.79e+00    0    1.26e+00
2016 01 05  0715    57392   26100      0    1.58e+00    0    1.12e+00
2016 01 05  0720    57392   26400      0    1.56e+00    0    1.09e+00
2016 01 05  0725    57392   26700      0    1.46e+00    0    1.02e+00
2016 01 05  0730    57392   27000      0    1.71e+00    0    1.18e+00
2016 01 05  0735    57392   27300      0    1.86e+00    0    1.32e+00
2016 01 05  0740    57392   27600      0    1.79e+00    0    1.25e+00
2016 01 05  0745    57392   27900      0    1.70e+00    0    1.20e+00
2016 01 05  0750    57392   28200      0    1.54e+00    0    1.08e+00
2016 01 05  0755    57392   28500      0    1.55e+00    0    1.10e+00
2016 01 05  0800    57392   28800      0    1.44e+00    0    1.00e+00
2016 01 05  0805    57392   29100      0    1.76e+00    0    1.25e+00
2016 01 05  0810    57392   29400      0    1.86e+00    0    1.30e+00
2016 01 05  0815    57392   29700      0    1.74e+00    0    1.20e+00
2016 01 05  0820    57392   30000      0    1.69e+00    0    1.18e+00
2016 01 05  0825    57392   30300      0    1.57e+00    0    1.11e+00
2016 01 05  0830    57392   30600      0    1.49e+00    0    1.04e+00
2016 01 05  0835    57392   30900      0    1.48e+00    0    1.04e+00
2016 01 05  0840    57392   31200      0    1.83e+00    0    1.29e+00
2016 01 05  0845    57392   31500      0    1.86e+00    0    1.30e+00
2016 01 05  0850    57392   31800      0    1.75e+00    0    1.24e+00
2016 01 05  0855    57392   32100      0    1.63e+00    0    1.14e+00
2016 01 05  0900    57392   32400      0    1.56e+00    0    1.09e+00
2016 01 05  0905    57392   32700      0    1.54e+00    0    1.08e+00
2016 01 05  0910    57392   33000      0    1.48e+00    0    1.04e+00
2016 01 05  0915    57392   33300      0    1.88e+00    0    1.33e+00
2016 01 05  0920    57392   33600      0    1.90e+00    0    1.35e+00
2016 01 05  0925    57392   33900      0    1.79e+00    0    1.25e+00
2016 01 05  0930    57392   34200      0    1.69e+00    0    1.19e+00
2016 01 05  0935    57392   34500      0    1.61e+00    0    1.14e+00
2016 01 05  0940    57392   34800      0    1.52e+00    0    1.07e+00
2016 01 05  0945    57392   35100      0    1.56e+00    0    1.10e+00
2016 01 05  0950    57392   35400      0    1.88e+00    0    1.33e+00
2016 01 05  0955    57392   35700      0    1.87e+00    0    1.32e+00
2016 01 05  1000    57392   36000      0    1.79e+00    0    1.27e+00
2016 01 05  1005    57392   36300      0    1.62e+00    0    1.14e+00
2016 01 05  1010    57392   36600      0    1.56e+00    0    1.09e+00
2016 01 05  1015    57392   36900      0    1.48e+00    0    1.03e+00
2016 01 05  1020    57392   37200      0    1.64e+00    0    1.15e+00
2016 01 05  1025    57392   37500      0    1.88e+00    0    1.34e+00
2016 01 05  1030    57392   37800      0    1.82e+00    0    1.28e+00
2016 01 05  1035    57392   38100      0    1.76e+00    0    1.24e+00
2016 01 05  1040    57392   38400      0    1.65e+00    0    1.16e+00
2016 01 05  1045    57392   38700      0    1.61e+00    0    1.14e+00
2016 01 05  1050    57392   39000      0    1.48e+00    0    1.03e+00
2016 01 05  1055    57392   39300      0    1.73e+00    0    1.23e+00
2016 01 05  1100    57392   39600      0    1.90e+00    0    1.34e+00
2016 01 05  1105    57392   39900      0    1.79e+00    0    1.26e+00
2016 01 05  1110    57392   40200      0    1.74e+00    0    1.23e+00
2016 01 05  1115    57392   40500      0    1.60e+00    0    1.12e+00
2016 01 05  1120    57392   40800      0    1.56e+00    0    1.09e+00
2016 01 05  1125    57392   41100      0    1.47e+00    0    1.03e+00
2016 01 05  1130    57392   41400      0    1.74e+00    0    1.22e+00
2016 01 05  1135    57392   41700      0    1.89e+00    0    1.34e+00
2016 01 05  1140    57392   42000      0    1.79e+00    0    1.27e+00
2016 01 05  1145    57392   42300      0    1.72e+00    0    1.21e+00
2016 01 05  1150    57392   42600      0    1.60e+00    0    1.13e+00
2016 01 05  1155    57392   42900      0    1.53e+00    0    1.08e+00
2016 01 05  1200    57392   43200      0    1.51e+00    0    1.07e+00
2016 01 05  1205    57392   43500      0    1.86e+00    0    1.31e+00
2016 01 05  1210    57392   43800      0    1.90e+00    0    1.33e+00
2016 01 05  1215    57392   44100      0    1.81e+00    0    1.29e+00
2016 01 05  1220    57392   44400      0    1.69e+00    0    1.19e+00
2016 01 05  1225    57392   44700      0    1.57e+00    0    1.10e+00
2016 01 05  1230    57392   45000      0    1.50e+00    0    1.06e+00
2016 01 05  1235    57392   45300      0    1.46e+00    0    1.03e+00
2016 01 05  1240    57392   45600      0    1.85e+00    0    1.30e+00
2016 01 05  1245    57392   45900      0    1.85e+00    0    1.32e+00
2016 01 05  1250    57392   46200      0    1.76e+00    0    1.25e+00
2016 01 05  1255    57392   46500      0    1.62e+00    0    1.16e+00
2016 01 05  1300    57392   46800      0    1.65e+00    0    1.15e+00
2016 01 05  1305    57392   47100      0    1.48e+00    0    1.04e+00
2016 01 05  1310    57392   47400      0    1.43e+00    0    9.91e-01
2016 01 05  1315    57392   47700      0    1.91e+00    0    1.33e+00
2016 01 05  1320    57392   48000      0    1.89e+00    0    1.35e+00
2016 01 05  1325    57392   48300      0    1.80e+00    0    1.27e+00
2016 01 05  1330    57392   48600      0    1.64e+00    0    1.18e+00
2016 01 05  1335    57392   48900      0    1.63e+00    0    1.16e+00
2016 01 05  1340    57392   49200      0    1.52e+00    0    1.06e+00
2016 01 05  1345    57392   49500      0    1.65e+00    0    1.16e+00
2016 01 05  1350    57392   49800      0    1.84e+00    0    1.30e+00
2016 01 05  1355    57392   50100      0    1.87e+00    0    1.33e+00
2016 01 05  1400    57392   50400      0    1.81e+00    0    1.27e+00
2016 01 05  1405    57392   50700      0    1.64e+00    0    1.18e+00
2016 01 05  1410    57392   51000      0    1.53e+00    0    1.07e+00
2016 01 05  1415    57392   51300      0    1.53e+00    0    1.07e+00
2016 01 05  1420    57392   51600      0    1.84e+00    0    1.28e+00
2016 01 05  1425    57392   51900      0    1.82e+00    0    1.29e+00
2016 01 05  1430    57392   52200      0    1.80e+00    0    1.27e+00
2016 01 05  1435    57392   52500      0    1.85e+00    0    1.36e+00
2016 01 05  1440    57392   52800      0    1.77e+00    0    1.25e+00
2016 01 05  1445    57392   53100      0    1.62e+00    0    1.13e+00
2016 01 05  1450    57392   53400      0    1.45e+00    0    1.00e+00
2016 01 05  1455    57392   53700      0    1.80e+00    0    1.26e+00
2016 01 05  1500    57392   54000      0    1.94e+00    0    1.37e+00
2016 01 05  1505    57392   54300      0    1.82e+00    0    1.29e+00
2016 01 05  1510    57392   54600      0    1.82e+00    0    1.29e+00
2016 01 05  1515    57392   54900      0    1.61e+00    0    1.13e+00
2016 01 05  1520    57392   55200      0    1.51e+00    0    1.05e+00
2016 01 05  1525    57392   55500      0    1.49e+00    0    1.05e+00
2016 01 05  1530    57392   55800      0    1.84e+00    0    1.30e+00
2016 01 05  1535    57392   56100      0    1.82e+00    0    1.27e+00
2016 01 05  1540    57392   56400      0    1.77e+00    0    1.25e+00
2016 01 05  1545    57392   56700      0    1.63e+00    0    1.16e+00
2016 01 05  1550    57392   57000      0    1.55e+00    0    1.08e+00
2016 01 05  1555    57392   57300      0    1.47e+00    0    1.04e+00
2016 01 05  1600    57392   57600      0    1.47e+00    0    1.03e+00
2016 01 05  1605    57392   57900      0    1.50e+00    0    1.05e+00
2016 01 05  1610    57392   58200      0    1.49e+00    0    1.04e+00
2016 01 05  1615    57392   58500      0    1.47e+00    0    1.03e+00
2016 01 05  1620    57392   58800      0    1.47e+00    0    1.03e+00
2016 01 05  1625    57392   59100      0    1.47e+00    0    1.03e+00
2016 01 05  1630    57392   59400      0    1.42e+00    0    1.00e+00
2016 01 05  1635    57392   59700      0    1.45e+00    0    1.01e+00
2016 01 05  1640    57392   60000      0    1.45e+00    0    1.01e+00
2016 01 05  1645    57392   60300      0    1.48e+00    0    1.04e+00
2016 01 05  1650    57392   60600      0    1.51e+00    0    1.06e+00
2016 01 05  1655    57392   60900      0    1.47e+00    0    1.03e+00
2016 01 05  1700    57392   61200      0    1.47e+00    0    1.03e+00
2016 01 05  1705    57392   61500      0    1.48e+00    0    1.03e+00
2016 01 05  1710    57392   61800      0    1.49e+00    0    1.05e+00
2016 01 05  1715    57392   62100      0    1.48e+00    0    1.05e+00
2016 01 05  1720    57392   62400      0    1.50e+00    0    1.06e+00
2016 01 05  1725    57392   62700      0    1.49e+00    0    1.04e+00
2016 01 05  1730    57392   63000      0    1.47e+00    0    1.03e+00
2016 01 05  1735    57392   63300      0    1.48e+00    0    1.05e+00
2016 01 05  1740    57392   63600      0    1.54e+00    0    1.09e+00
2016 01 05  1745    57392   63900      0    1.51e+00    0    1.06e+00
2016 01 05  1750    57392   64200      0    1.45e+00    0    1.02e+00
2016 01 05  1755    57392   64500      0    1.51e+00    0    1.06e+00
2016 01 05  1800    57392   64800      0    1.54e+00    0    1.08e+00
2016 01 05  1805    57392   65100      0    1.54e+00    0    1.09e+00
2016 01 05  1810    57392   65400      0    1.53e+00    0    1.07e+00
2016 01 05  1815    57392   65700      0    1.51e+00    0    1.06e+00
2016 01 05  1820    57392   66000      0    1.51e+00    0    1.07e+00
2016 01 05  1825    57392   66300      0    1.51e+00    0    1.07e+00
2016 01 05  1830    57392   66600      0    1.49e+00    0    1.05e+00
2016 01 05  1835    57392   66900      0    1.49e+00    0    1.04e+00
2016 01 05  1840    57392   67200      0    1.47e+00    0    1.04e+00
2016 01 05  1845    57392   67500      0    1.50e+00    0    1.06e+00
2016 01 05  1850    57392   67800      0    1.44e+00    0    1.01e+00
2016 01 05  1855    57392   68100      0    1.46e+00    0    1.03e+00
2016 01 05  1900    57392   68400      0    1.49e+00    0    1.05e+00
2016 01 05  1905    57392   68700      0    1.47e+00    0    1.04e+00
2016 01 05  1910    57392   69000      0    1.48e+00    0    1.04e+00
2016 01 05  1915    57392   69300      0    1.47e+00    0    1.05e+00
2016 01 05  1920    57392   69600      0    1.48e+00    0    1.05e+00
2016 01 05  1925    57392   69900      0    1.45e+00    0    1.03e+00
2016 01 05  1930    57392   70200      0    1.47e+00    0    1.04e+00
2016 01 05  1935    57392   70500      0    1.47e+00    0    1.03e+00
2016 01 05  1940    57392   70800      0    1.43e+00    0    9.98e-01
2016 01 05  1945    57392   71100      0    1.49e+00    0    1.04e+00
2016 01 05  1950    57392   71400      0    1.42e+00    0    1.01e+00
2016 01 05  1955    57392   71700      0    1.46e+00    0    1.03e+00
2016 01 05  2000    57392   72000      0    1.46e+00    0    1.04e+00
2016 01 05  2005    57392   72300      0    1.45e+00    0    1.03e+00
2016 01 05  2010    57392   72600      0    1.52e+00    0    1.07e+00
2016 01 05  2015    57392   72900      0    1.56e+00    0    1.10e+00
2016 01 05  2020    57392   73200      0    1.50e+00    0    1.06e+00
2016 01 05  2025    57392   73500      0    1.52e+00    0    1.08e+00
2016 01 05  2030    57392   73800      0    1.45e+00    0    1.02e+00
2016 01 05  2035    57392   74100      0    1.48e+00    0    1.04e+00
2016 01 05  2040    57392   74400      0    1.46e+00    0    1.03e+00
2016 01 05  2045    57392   74700      0    1.47e+00    0    1.03e+00
2016 01 05  2050    57392   75000      0    1.47e+00    0    1.04e+00
2016 01 05  2055    57392   75300      0    1.47e+00    0    1.04e+00
2016 01 05  2100    57392   75600      0    1.47e+00    0    1.03e+00
2016 01 05  2105    57392   75900      0    1.50e+00    0    1.05e+00
2016 01 05  2110    57392   76200      0    1.46e+00    0    1.03e+00
2016 01 05  2115    57392   76500      0    1.49e+00    0    1.05e+00
2016 01 05  2120    57392   76800      0    1.46e+00    0    1.03e+00
2016 01 05  2125    57392   77100      0    1.48e+00    0    1.04e+00
2016 01 05  2130    57392   77400      0    1.39e+00    0    9.79e-01
2016 01 05  2135    57392   77700      0    1.45e+00    0    1.01e+00
2016 01 05  2140    57392   78000      0    1.48e+00    0    1.04e+00
2016 01 05  2145    57392   78300      0    1.46e+00    0    1.02e+00
2016 01 05  2150    57392   78600      0    1.48e+00    0    1.04e+00
2016 01 05  2155    57392   78900      0    1.46e+00    0    1.02e+00
2016 01 05  2200    57392   79200      0    1.46e+00    0    1.01e+00
2016 01 05  2205    57392   79500      0    1.45e+00    0    1.03e+00
2016 01 05  2210    57392   79800      0    1.47e+00    0    1.03e+00
2016 01 05  2215    57392   80100      0    1.46e+00    0    1.02e+00
2016 01 05  2220    57392   80400      0    1.46e+00    0    1.01e+00
2016 01 05  2225    57392   80700      0    1.49e+00    0    1.05e+00
2016 01 05  2230    57392   81000      0    1.52e+00    0    1.06e+00
2016 01 05  2235    57392   81300      0    1.53e+00    0    1.09e+00
2016 01 05  2240    57392   81600      0    1.49e+00    0    1.06e+00
2016 01 05  2245    57392   81900      0    1.49e+00    0    1.05e+00
2016 01 05  2250    57392   82200      0    1.51e+00    0    1.06e+00
2016 01 05  2255    57392   82500      0    1.46e+00    0    1.02e+00
2016 01 05  2300    57392   82800      0    1.48e+00    0    1.04e+00
2016 01 05  2305    57392   83100      0    1.44e+00    0    1.02e+00
2016 01 05  2310    57392   83400      0    1.48e+00    0    1.06e+00
2016 01 05  2315    57392   83700      0    1.44e+00    0    1.01e+00
2016 01 05  2320    57392   84000      0    1.47e+00    0    1.04e+00
2016 01 05  2325    57392   84300      0    1.45e+00    0    1.03e+00
2016 01 05  2330    57392   84600      0    1.44e+00    0    1.02e+00
2016 01 05  2335    57392   84900      0    1.47e+00    0    1.03e+00
2016 01 05  2340    57392   85200      0    1.44e+00    0    1.03e+00
2016 01 05  2345    57392   85500      0    1.46e+00    0    1.03e+00
2016 01 05  2350    57392   85800      0    1.46e+00    0    1.02e+00
2016 01 05  2355    57392   86100      0    1.48e+00    0    1.04e+00
