:Data_list: 20160128_ace_mag_1m.txt
:Created: 2016 Jan 28 1001 UT
# Prepared by the U.S. Dept. of Commerce, NOAA, Space Weather Prediction Center
# Please send comments and suggestions to SWPC.Webmaster@noaa.gov 
# 
# Magnetometer values are in GSM coordinates.
# 
# Units: Bx, By, Bz, Bt in nT
# Units: Latitude  degrees +/-  90.0
# Units: Longitude degrees 0.0 - 360.0
# Status(S): 0 = nominal data, 1 to 8 = bad data record, 9 = no data
# Missing data values: -999.9
# Source: ACE Satellite - Magnetometer
#
#              1-minute averaged Real-time Interplanetary Magnetic Field Values 
# 
#                 Modified Seconds
# UT Date   Time  Julian   of the   ----------------  GSM Coordinates ---------------
# YR MO DA  HHMM    Day      Day    S     Bx      By      Bz      Bt     Lat.   Long.
#------------------------------------------------------------------------------------
2016 01 28  0000   57415       0    0    -6.2     3.3     3.4     7.8    26.0   151.6
2016 01 28  0001   57415      60    0    -5.9     4.2     2.6     7.7    19.9   144.6
2016 01 28  0002   57415     120    0    -5.9     4.5     2.4     7.8    17.9   142.6
2016 01 28  0003   57415     180    0    -5.8     4.7     2.4     7.8    17.8   140.5
2016 01 28  0004   57415     240    0    -5.6     4.7     2.7     7.8    20.5   139.6
2016 01 28  0005   57415     300    0    -5.5     4.5     3.3     7.9    24.8   140.7
2016 01 28  0006   57415     360    0    -5.7     3.6     4.0     7.8    30.5   147.8
2016 01 28  0007   57415     420    0    -5.3     4.6     3.4     7.8    25.9   139.0
2016 01 28  0008   57415     480    0    -5.3     4.7     3.6     7.9    27.3   138.2
2016 01 28  0009   57415     540    0    -5.5     4.1     3.9     7.9    30.1   143.4
2016 01 28  0010   57415     600    0    -5.6     4.3     3.7     7.9    27.9   142.3
2016 01 28  0011   57415     660    0    -5.3     4.1     4.0     7.8    30.4   142.3
2016 01 28  0012   57415     720    0    -5.0     4.9     3.7     7.9    27.8   135.8
2016 01 28  0013   57415     780    0    -4.8     5.2     3.4     7.9    25.7   133.0
2016 01 28  0014   57415     840    0    -4.9     5.0     3.6     7.9    27.4   134.3
2016 01 28  0015   57415     900    0    -5.0     5.0     3.4     7.9    25.5   134.9
2016 01 28  0016   57415     960    0    -5.3     4.2     4.0     7.8    30.3   141.6
2016 01 28  0017   57415    1020    0    -5.2     3.5     4.7     7.9    36.9   145.9
2016 01 28  0018   57415    1080    0    -5.3     3.9     4.4     7.9    34.0   143.4
2016 01 28  0019   57415    1140    0    -5.3     3.8     4.4     7.9    33.9   144.6
2016 01 28  0020   57415    1200    0    -5.3     4.1     4.3     8.0    32.5   142.8
2016 01 28  0021   57415    1260    0    -5.3     4.2     4.1     8.0    31.3   141.9
2016 01 28  0022   57415    1320    0    -5.4     4.2     4.0     8.0    30.5   142.2
2016 01 28  0023   57415    1380    0    -5.5     4.1     4.0     8.0    30.4   143.6
2016 01 28  0024   57415    1440    0    -5.3     4.5     4.0     8.0    29.9   140.0
2016 01 28  0025   57415    1500    0    -5.6     4.5     3.5     8.0    26.0   141.5
2016 01 28  0026   57415    1560    0    -5.4     4.7     3.6     8.0    27.0   139.1
2016 01 28  0027   57415    1620    0    -5.3     4.7     3.7     7.9    27.5   138.6
2016 01 28  0028   57415    1680    0    -5.3     4.7     3.8     8.0    27.9   138.9
2016 01 28  0029   57415    1740    0    -5.2     4.5     3.9     7.9    29.4   139.0
2016 01 28  0030   57415    1800    0    -4.9     5.0     3.8     8.0    28.3   134.6
2016 01 28  0031   57415    1860    0    -4.9     4.8     3.8     7.9    29.2   136.0
2016 01 28  0032   57415    1920    0    -5.0     4.8     3.7     7.9    27.9   136.1
2016 01 28  0033   57415    1980    0    -5.4     4.6     3.7     8.0    27.5   139.6
2016 01 28  0034   57415    2040    0    -5.2     4.3     4.3     8.0    32.7   140.5
2016 01 28  0035   57415    2100    0    -5.0     4.5     4.3     8.0    32.9   138.3
2016 01 28  0036   57415    2160    0    -4.8     4.7     4.3     8.0    32.6   135.7
2016 01 28  0037   57415    2220    0    -5.0     4.6     4.3     8.0    32.1   136.9
2016 01 28  0038   57415    2280    0    -5.3     4.6     4.0     8.0    29.5   138.8
2016 01 28  0039   57415    2340    0    -5.3     4.5     4.1     8.1    30.7   139.4
2016 01 28  0040   57415    2400    0    -5.3     4.6     4.1     8.1    30.2   139.3
2016 01 28  0041   57415    2460    0    -5.9     4.4     3.6     8.2    26.0   142.9
2016 01 28  0042   57415    2520    0    -5.9     4.3     3.6     8.1    26.1   143.9
2016 01 28  0043   57415    2580    0    -5.8     4.3     3.8     8.2    27.7   143.7
2016 01 28  0044   57415    2640    0    -5.5     4.6     3.9     8.1    28.6   140.0
2016 01 28  0045   57415    2700    0    -4.8     5.2     3.8     8.1    28.4   133.1
2016 01 28  0046   57415    2760    0    -4.9     5.0     4.0     8.0    29.5   133.9
2016 01 28  0047   57415    2820    0    -4.9     5.0     4.0     8.1    29.5   134.4
2016 01 28  0048   57415    2880    0    -4.9     5.0     4.0     8.1    29.6   134.5
2016 01 28  0049   57415    2940    0    -4.9     5.1     3.9     8.1    29.1   134.0
2016 01 28  0050   57415    3000    0    -4.6     5.2     4.0     8.0    29.7   131.3
2016 01 28  0051   57415    3060    0    -4.8     5.2     3.8     8.1    28.4   132.6
2016 01 28  0052   57415    3120    0    -5.2     4.9     3.9     8.1    28.9   136.8
2016 01 28  0053   57415    3180    0    -5.0     5.0     4.0     8.1    29.3   135.3
2016 01 28  0054   57415    3240    0    -5.0     4.9     4.0     8.1    29.5   135.9
2016 01 28  0055   57415    3300    0    -5.3     4.7     3.8     8.1    28.4   138.5
2016 01 28  0056   57415    3360    0    -5.3     4.9     3.8     8.1    28.0   137.4
2016 01 28  0057   57415    3420    0    -5.0     5.0     3.9     8.1    29.0   134.9
2016 01 28  0058   57415    3480    0    -5.1     5.1     3.7     8.1    26.9   134.5
2016 01 28  0059   57415    3540    0    -5.0     5.2     3.6     8.1    26.3   133.7
2016 01 28  0100   57415    3600    0    -5.0     5.2     3.5     8.0    26.0   133.7
2016 01 28  0101   57415    3660    0    -4.8     5.6     3.2     8.0    23.4   130.5
2016 01 28  0102   57415    3720    0    -4.9     5.0     4.1     8.1    30.6   134.1
2016 01 28  0103   57415    3780    0    -4.9     5.0     4.3     8.2    31.8   134.4
2016 01 28  0104   57415    3840    0    -5.0     5.1     3.9     8.1    28.8   134.5
2016 01 28  0105   57415    3900    0    -5.0     5.3     3.7     8.2    26.7   133.5
2016 01 28  0106   57415    3960    0    -5.1     5.1     3.8     8.2    27.6   134.9
2016 01 28  0107   57415    4020    0    -4.8     5.1     3.8     8.0    28.1   133.2
2016 01 28  0108   57415    4080    0    -4.8     5.2     3.8     8.0    28.1   132.8
2016 01 28  0109   57415    4140    0    -4.8     5.2     3.8     8.0    28.1   132.6
2016 01 28  0110   57415    4200    0    -4.8     5.2     3.7     8.0    27.7   133.0
2016 01 28  0111   57415    4260    0    -5.0     5.1     3.7     8.1    27.2   134.4
2016 01 28  0112   57415    4320    0    -5.7     4.1     4.4     8.3    32.2   144.1
2016 01 28  0113   57415    4380    0    -5.5     4.8     4.1     8.4    29.5   138.5
2016 01 28  0114   57415    4440    0    -5.6     4.6     4.2     8.3    29.9   140.7
2016 01 28  0115   57415    4500    0    -5.9     4.4     4.3     8.5    30.5   142.9
2016 01 28  0116   57415    4560    0    -5.9     4.6     4.3     8.6    29.8   142.2
2016 01 28  0117   57415    4620    0    -5.9     4.7     4.2     8.6    29.0   141.4
2016 01 28  0118   57415    4680    0    -5.7     4.7     4.1     8.5    28.9   140.5
2016 01 28  0119   57415    4740    0    -5.8     4.8     4.0     8.5    27.8   140.3
2016 01 28  0120   57415    4800    0    -5.0     5.4     3.8     8.3    27.6   132.8
2016 01 28  0121   57415    4860    0    -5.1     5.2     3.9     8.3    28.2   134.7
2016 01 28  0122   57415    4920    0    -5.7     4.9     3.8     8.4    26.9   139.3
2016 01 28  0123   57415    4980    0    -5.6     5.0     3.5     8.3    25.0   138.6
2016 01 28  0124   57415    5040    0    -5.5     5.1     3.4     8.3    24.3   137.2
2016 01 28  0125   57415    5100    0    -5.5     5.3     3.3     8.3    23.1   136.3
2016 01 28  0126   57415    5160    0    -5.6     5.3     3.0     8.3    21.6   136.2
2016 01 28  0127   57415    5220    0    -5.4     5.4     3.1     8.3    22.3   134.6
2016 01 28  0128   57415    5280    0    -5.1     5.5     3.4     8.2    24.6   132.7
2016 01 28  0129   57415    5340    0    -5.0     5.6     3.1     8.2    22.5   132.0
2016 01 28  0130   57415    5400    0    -5.0     5.8     2.9     8.2    21.0   130.9
2016 01 28  0131   57415    5460    0    -5.1     5.8     2.8     8.2    19.7   131.2
2016 01 28  0132   57415    5520    0    -5.2     5.9     2.9     8.4    20.5   131.4
2016 01 28  0133   57415    5580    0    -5.1     5.9     3.1     8.4    21.8   130.5
2016 01 28  0134   57415    5640    0    -5.1     5.9     3.1     8.5    21.7   130.9
2016 01 28  0135   57415    5700    0    -5.2     5.8     3.2     8.4    22.7   131.7
2016 01 28  0136   57415    5760    0    -5.1     5.7     3.4     8.4    24.0   132.2
2016 01 28  0137   57415    5820    0    -5.2     5.6     3.6     8.5    25.5   132.8
2016 01 28  0138   57415    5880    0    -5.2     5.6     3.7     8.5    25.6   133.0
2016 01 28  0139   57415    5940    0    -5.1     5.6     3.7     8.5    26.2   132.6
2016 01 28  0140   57415    6000    0    -4.8     5.6     3.8     8.3    27.1   130.2
2016 01 28  0141   57415    6060    0    -4.9     5.6     3.9     8.4    27.6   131.3
2016 01 28  0142   57415    6120    0    -5.0     5.6     3.9     8.5    27.5   131.4
2016 01 28  0143   57415    6180    0    -5.2     5.6     3.7     8.5    26.1   132.9
2016 01 28  0144   57415    6240    0    -5.4     5.4     3.6     8.4    24.9   135.1
2016 01 28  0145   57415    6300    0    -5.4     5.5     3.5     8.5    24.3   134.3
2016 01 28  0146   57415    6360    0    -5.5     5.1     3.8     8.4    27.2   137.3
2016 01 28  0147   57415    6420    0    -5.2     4.7     4.6     8.4    33.6   138.0
2016 01 28  0148   57415    6480    0    -5.4     4.4     4.5     8.3    33.0   141.2
2016 01 28  0149   57415    6540    0    -4.9     4.8     4.8     8.3    34.9   135.6
2016 01 28  0150   57415    6600    0    -5.0     4.8     4.8     8.4    35.1   136.1
2016 01 28  0151   57415    6660    0    -5.0     5.2     4.4     8.4    31.7   134.0
2016 01 28  0152   57415    6720    0    -4.8     5.3     4.4     8.3    32.0   132.1
2016 01 28  0153   57415    6780    0    -4.9     5.2     4.5     8.4    32.0   133.3
2016 01 28  0154   57415    6840    0    -4.9     4.9     4.6     8.3    33.2   135.3
2016 01 28  0155   57415    6900    0    -4.8     5.3     4.4     8.4    31.5   132.1
2016 01 28  0156   57415    6960    0    -5.1     4.2     5.1     8.3    37.4   140.3
2016 01 28  0157   57415    7020    0    -5.3     4.5     4.6     8.3    33.2   139.9
2016 01 28  0158   57415    7080    0    -5.0     5.0     4.4     8.3    31.6   135.2
2016 01 28  0159   57415    7140    0    -5.2     4.9     4.5     8.4    32.2   137.1
2016 01 28  0200   57415    7200    0    -5.3     5.1     4.2     8.4    29.8   135.9
2016 01 28  0201   57415    7260    0    -5.0     5.4     4.1     8.4    29.4   132.5
2016 01 28  0202   57415    7320    0    -5.2     5.2     4.2     8.4    30.0   134.9
2016 01 28  0203   57415    7380    0    -5.3     5.3     3.8     8.4    26.9   134.7
2016 01 28  0204   57415    7440    0    -5.3     5.4     3.7     8.5    26.2   134.4
2016 01 28  0205   57415    7500    0    -5.2     5.4     4.0     8.5    27.8   133.6
2016 01 28  0206   57415    7560    0    -4.9     5.7     4.1     8.5    28.6   130.6
2016 01 28  0207   57415    7620    0    -4.5     5.9     4.0     8.5    28.4   127.5
2016 01 28  0208   57415    7680    0    -4.7     5.8     4.1     8.5    29.2   128.9
2016 01 28  0209   57415    7740    0    -5.1     5.7     3.7     8.5    25.5   131.7
2016 01 28  0210   57415    7800    0    -5.5     5.5     3.7     8.6    25.5   134.6
2016 01 28  0211   57415    7860    0    -5.2     5.7     3.9     8.6    26.6   132.2
2016 01 28  0212   57415    7920    0    -5.1     5.8     3.9     8.6    26.9   131.0
2016 01 28  0213   57415    7980    0    -4.7     5.9     4.2     8.6    29.2   128.5
2016 01 28  0214   57415    8040    0    -3.6     6.5     4.1     8.5    28.8   119.0
2016 01 28  0215   57415    8100    0    -3.2     6.8     4.0     8.6    28.2   115.4
2016 01 28  0216   57415    8160    0    -3.2     6.9     4.0     8.6    28.0   115.1
2016 01 28  0217   57415    8220    0    -3.3     6.9     4.1     8.7    28.2   115.8
2016 01 28  0218   57415    8280    0    -3.0     6.8     4.3     8.6    30.0   113.8
2016 01 28  0219   57415    8340    0    -3.3     6.7     4.4     8.6    30.4   116.1
2016 01 28  0220   57415    8400    0    -2.8     6.8     4.3     8.5    30.2   112.3
2016 01 28  0221   57415    8460    0    -3.4     6.6     4.1     8.5    28.8   117.4
2016 01 28  0222   57415    8520    0    -1.3     6.1     5.6     8.4    41.9   102.1
2016 01 28  0223   57415    8580    0    -0.7     6.3     5.5     8.3    41.0    96.5
2016 01 28  0224   57415    8640    0    -0.8     6.7     5.0     8.4    36.9    96.9
2016 01 28  0225   57415    8700    0    -1.0     6.9     4.7     8.4    34.0    98.0
2016 01 28  0226   57415    8760    0    -1.6     7.0     4.5     8.5    32.0   103.0
2016 01 28  0227   57415    8820    0    -1.2     7.0     4.7     8.5    33.9    99.6
2016 01 28  0228   57415    8880    0    -1.4     7.3     4.1     8.5    28.9   100.8
2016 01 28  0229   57415    8940    0    -1.4     7.4     4.0     8.5    27.8   100.4
2016 01 28  0230   57415    9000    0    -0.8     7.7     3.6     8.5    24.6    95.7
2016 01 28  0231   57415    9060    0    -1.3     7.6     3.4     8.5    23.9    99.7
2016 01 28  0232   57415    9120    0    -2.3     7.4     3.7     8.6    25.2   107.4
2016 01 28  0233   57415    9180    0    -2.4     7.6     3.2     8.6    22.0   107.2
2016 01 28  0234   57415    9240    0    -2.6     7.6     3.2     8.6    21.7   108.7
2016 01 28  0235   57415    9300    0    -2.7     7.3     3.7     8.6    25.4   110.2
2016 01 28  0236   57415    9360    0    -2.6     7.5     3.4     8.7    23.0   108.8
2016 01 28  0237   57415    9420    0    -4.4     6.5     4.0     8.8    27.4   124.0
2016 01 28  0238   57415    9480    0    -5.0     5.9     4.4     8.9    29.7   130.2
2016 01 28  0239   57415    9540    0    -4.7     6.3     4.3     8.9    28.8   126.6
2016 01 28  0240   57415    9600    0    -5.0     5.7     4.6     8.8    31.1   131.4
2016 01 28  0241   57415    9660    0    -5.8     4.4     5.0     8.9    34.3   142.7
2016 01 28  0242   57415    9720    0    -5.2     5.3     4.8     8.8    33.2   134.7
2016 01 28  0243   57415    9780    0    -5.2     5.2     5.0     8.9    34.1   135.3
2016 01 28  0244   57415    9840    0    -5.4     5.0     5.0     8.9    34.1   137.3
2016 01 28  0245   57415    9900    0    -5.5     4.7     5.2     8.9    35.7   139.2
2016 01 28  0246   57415    9960    0    -5.3     4.8     5.3     8.9    36.3   137.6
2016 01 28  0247   57415   10020    0    -5.0     5.0     5.4     8.9    37.4   135.3
2016 01 28  0248   57415   10080    0    -5.0     4.9     5.4     8.8    37.7   135.5
2016 01 28  0249   57415   10140    0    -5.1     4.9     5.5     8.9    37.9   136.3
2016 01 28  0250   57415   10200    0    -5.1     4.9     5.3     8.9    37.0   136.3
2016 01 28  0251   57415   10260    0    -5.1     5.3     5.0     8.9    34.4   133.5
2016 01 28  0252   57415   10320    0    -4.9     6.0     4.5     9.0    30.0   129.4
2016 01 28  0253   57415   10380    0    -5.2     5.7     4.9     9.1    32.8   132.5
2016 01 28  0254   57415   10440    0    -5.4     5.2     5.1     9.1    34.0   135.9
2016 01 28  0255   57415   10500    0    -5.5     5.3     4.9     9.1    32.7   135.9
2016 01 28  0256   57415   10560    0    -5.3     5.4     5.0     9.1    33.8   134.2
2016 01 28  0257   57415   10620    0    -5.2     5.5     5.0     9.0    33.7   133.3
2016 01 28  0258   57415   10680    0    -5.2     5.2     5.2     9.0    34.9   134.9
2016 01 28  0259   57415   10740    0    -5.2     5.4     5.2     9.1    34.8   133.7
2016 01 28  0300   57415   10800    0    -5.2     5.3     5.1     9.1    34.5   134.5
2016 01 28  0301   57415   10860    0    -5.2     5.4     5.0     9.1    33.7   134.0
2016 01 28  0302   57415   10920    0    -5.2     5.9     4.5     9.1    29.8   131.8
2016 01 28  0303   57415   10980    0    -5.3     5.6     4.8     9.1    31.9   133.6
2016 01 28  0304   57415   11040    0    -5.6     5.6     4.8     9.2    31.2   135.1
2016 01 28  0305   57415   11100    0    -5.6     5.6     4.6     9.2    30.3   135.0
2016 01 28  0306   57415   11160    0    -5.7     5.6     4.6     9.2    29.9   135.5
2016 01 28  0307   57415   11220    0    -5.6     5.5     4.9     9.3    32.1   135.7
2016 01 28  0308   57415   11280    0    -5.6     5.3     5.2     9.2    33.9   136.5
2016 01 28  0309   57415   11340    0    -5.7     5.3     5.0     9.2    33.0   137.2
2016 01 28  0310   57415   11400    0    -5.3     5.6     4.9     9.2    32.3   133.6
2016 01 28  0311   57415   11460    0    -5.7     5.1     4.9     9.1    32.5   138.1
2016 01 28  0312   57415   11520    0    -6.0     4.9     4.8     9.1    31.7   140.9
2016 01 28  0313   57415   11580    0    -6.2     4.8     4.8     9.2    31.2   142.3
2016 01 28  0314   57415   11640    0    -6.1     4.6     4.9     9.1    32.3   142.9
2016 01 28  0315   57415   11700    0    -6.3     4.5     4.7     9.1    31.2   144.6
2016 01 28  0316   57415   11760    0    -5.9     5.0     4.8     9.1    31.7   139.6
2016 01 28  0317   57415   11820    0    -5.7     4.9     5.1     9.1    34.5   139.4
2016 01 28  0318   57415   11880    0    -4.7     5.4     5.4     9.0    36.8   130.9
2016 01 28  0319   57415   11940    0    -4.5     5.4     5.6     9.0    38.5   129.6
2016 01 28  0320   57415   12000    0    -4.8     5.2     5.6     9.0    38.0   132.6
2016 01 28  0321   57415   12060    0    -4.9     5.2     5.6     9.1    38.3   133.2
2016 01 28  0322   57415   12120    0    -4.9     5.2     5.6     9.1    37.9   133.4
2016 01 28  0323   57415   12180    0    -5.1     4.9     5.6     9.0    38.1   135.8
2016 01 28  0324   57415   12240    0    -5.1     5.0     5.5     9.0    37.8   135.5
2016 01 28  0325   57415   12300    0    -5.2     5.3     5.1     9.0    34.6   134.6
2016 01 28  0326   57415   12360    0    -5.1     4.8     5.8     9.1    39.8   136.4
2016 01 28  0327   57415   12420    0    -5.4     4.6     5.7     9.1    39.1   139.8
2016 01 28  0328   57415   12480    0    -5.2     4.9     5.5     9.0    37.5   136.9
2016 01 28  0329   57415   12540    0    -3.8     6.6     4.4     8.7    29.9   119.8
2016 01 28  0330   57415   12600    0    -3.8     6.7     4.2     8.8    28.8   119.4
2016 01 28  0331   57415   12660    0    -4.6     5.8     4.8     8.8    33.0   128.3
2016 01 28  0332   57415   12720    0    -6.0     2.3     6.2     9.0    44.0   158.9
2016 01 28  0333   57415   12780    0    -6.0     3.1     6.1     9.1    41.9   152.9
2016 01 28  0334   57415   12840    0    -5.7     4.0     5.8     9.1    39.7   144.8
2016 01 28  0335   57415   12900    0    -1.7     8.2     0.7     8.4     4.8   102.1
2016 01 28  0336   57415   12960    0    -1.0     8.8    -0.2     8.8    -1.3    96.8
2016 01 28  0337   57415   13020    0    -0.5     8.8    -0.7     8.8    -4.5    93.5
2016 01 28  0338   57415   13080    0    -0.9     8.8    -0.5     8.8    -3.2    95.7
2016 01 28  0339   57415   13140    0    -1.5     8.7     0.2     8.8     1.1    99.9
2016 01 28  0340   57415   13200    0    -1.5     8.7     0.0     8.8     0.3    99.7
2016 01 28  0341   57415   13260    0    -1.3     8.7     0.6     8.8     4.0    98.3
2016 01 28  0342   57415   13320    0    -1.4     8.7     0.6     8.9     3.7    98.9
2016 01 28  0343   57415   13380    0    -1.5     8.7     0.8     8.9     5.1    99.5
2016 01 28  0344   57415   13440    0    -1.9     8.7     0.5     8.9     3.4   102.2
2016 01 28  0345   57415   13500    0    -2.2     8.6     0.8     8.9     4.8   104.4
2016 01 28  0346   57415   13560    0    -2.3     8.6     0.6     8.9     3.8   105.2
2016 01 28  0347   57415   13620    0    -2.5     8.5     1.2     9.0     7.7   106.7
2016 01 28  0348   57415   13680    0    -3.0     8.1     2.0     8.9    13.3   110.1
2016 01 28  0349   57415   13740    0    -3.6     7.6     2.7     8.8    17.7   115.6
2016 01 28  0350   57415   13800    0    -3.8     7.4     2.9     8.8    19.2   117.2
2016 01 28  0351   57415   13860    0    -3.8     7.4     2.7     8.8    17.9   117.2
2016 01 28  0352   57415   13920    0    -3.9     7.5     2.7     8.8    17.5   117.3
2016 01 28  0353   57415   13980    0    -3.9     7.3     3.1     8.8    20.7   118.1
2016 01 28  0354   57415   14040    0    -3.8     7.3     2.9     8.8    19.4   117.4
2016 01 28  0355   57415   14100    0    -4.3     6.9     3.0     8.7    20.2   122.1
2016 01 28  0356   57415   14160    0    -4.3     6.7     3.3     8.6    22.5   122.8
2016 01 28  0357   57415   14220    0    -5.8     5.7     3.3     8.8    22.1   135.4
2016 01 28  0358   57415   14280    0    -5.9     5.5     3.6     8.8    23.9   137.3
2016 01 28  0359   57415   14340    0    -5.2     6.4     3.1     8.8    20.4   129.2
2016 01 28  0400   57415   14400    0    -4.8     6.9     2.7     8.8    17.7   124.9
2016 01 28  0401   57415   14460    0    -5.1     6.7     2.7     8.8    17.9   127.5
2016 01 28  0402   57415   14520    0    -4.8     6.9     2.7     8.8    17.5   124.8
2016 01 28  0403   57415   14580    0    -4.4     7.1     2.6     8.8    17.3   122.1
2016 01 28  0404   57415   14640    0    -4.4     7.3     2.3     8.8    14.9   121.0
2016 01 28  0405   57415   14700    0    -4.3     7.6     1.6     8.9    10.2   119.7
2016 01 28  0406   57415   14760    0    -4.4     7.7     1.1     8.9     7.2   119.5
2016 01 28  0407   57415   14820    0    -3.9     8.0     0.8     8.9     4.8   115.8
2016 01 28  0408   57415   14880    0    -3.8     8.0     0.1     8.8     0.4   115.7
2016 01 28  0409   57415   14940    0    -4.0     7.7     0.5     8.7     3.4   117.5
2016 01 28  0410   57415   15000    0    -3.8     7.9     0.4     8.7     2.4   115.6
2016 01 28  0411   57415   15060    0    -3.5     8.0    -0.4     8.7    -2.6   114.0
2016 01 28  0412   57415   15120    0    -4.2     7.8     0.1     8.8     0.6   118.2
2016 01 28  0413   57415   15180    0    -3.4     8.0    -1.4     8.8    -9.0   113.2
2016 01 28  0414   57415   15240    0    -3.4     7.9    -0.9     8.7    -5.7   113.3
2016 01 28  0415   57415   15300    0    -3.7     7.9    -0.5     8.7    -3.5   115.2
2016 01 28  0416   57415   15360    0    -4.2     7.6     1.0     8.8     6.9   118.6
2016 01 28  0417   57415   15420    0    -3.8     7.9    -0.4     8.8    -2.4   116.0
2016 01 28  0418   57415   15480    0    -3.8     7.9    -0.1     8.7    -0.9   115.8
2016 01 28  0419   57415   15540    0    -3.8     7.8     0.3     8.7     2.1   116.0
2016 01 28  0420   57415   15600    0    -3.6     7.8     1.2     8.7     8.2   114.5
2016 01 28  0421   57415   15660    0    -3.4     7.8     1.8     8.7    12.0   113.3
2016 01 28  0422   57415   15720    0    -3.0     7.6     2.9     8.6    19.5   111.9
2016 01 28  0423   57415   15780    0    -3.0     7.4     3.3     8.6    22.2   112.2
2016 01 28  0424   57415   15840    0    -3.4     7.5     2.6     8.7    17.8   114.4
2016 01 28  0425   57415   15900    0    -3.3     7.6     2.6     8.7    17.3   113.8
2016 01 28  0426   57415   15960    0    -3.3     7.5     2.9     8.7    19.6   113.7
2016 01 28  0427   57415   16020    0    -3.4     7.3     3.1     8.7    21.1   115.0
2016 01 28  0428   57415   16080    0    -3.8     6.8     3.1     8.4    21.5   118.9
2016 01 28  0429   57415   16140    0    -4.6     5.0     4.9     8.3    35.7   132.6
2016 01 28  0430   57415   16200    0    -4.2     5.5     4.8     8.4    35.0   127.5
2016 01 28  0431   57415   16260    0    -3.5     6.8     3.8     8.5    26.6   117.7
2016 01 28  0432   57415   16320    0    -2.9     7.0     3.9     8.5    27.3   112.7
2016 01 28  0433   57415   16380    0    -2.9     7.0     3.8     8.5    26.8   112.0
2016 01 28  0434   57415   16440    0    -2.9     6.7     4.3     8.5    30.7   113.2
2016 01 28  0435   57415   16500    0    -3.4     6.4     4.4     8.5    31.0   118.0
2016 01 28  0436   57415   16560    0    -4.0     7.1     3.3     8.7    22.1   119.3
2016 01 28  0437   57415   16620    0    -3.4     8.1     2.0     9.0    12.5   112.4
2016 01 28  0438   57415   16680    0    -3.0     8.3     2.1     9.0    13.4   109.8
2016 01 28  0439   57415   16740    0    -3.0     8.3     1.9     9.0    12.2   109.9
2016 01 28  0440   57415   16800    0    -3.4     8.0     2.0     9.0    13.0   113.1
2016 01 28  0441   57415   16860    0    -3.5     8.0     1.9     9.0    12.5   113.8
2016 01 28  0442   57415   16920    0    -4.1     7.8     2.0     9.0    12.5   117.8
2016 01 28  0443   57415   16980    0    -4.3     7.7     1.8     9.0    11.5   119.0
2016 01 28  0444   57415   17040    0    -4.1     7.7     1.6     8.9    10.6   118.0
2016 01 28  0445   57415   17100    0    -4.2     7.6     1.5     8.8     9.9   119.1
2016 01 28  0446   57415   17160    0    -4.1     7.5     1.9     8.8    12.3   118.8
2016 01 28  0447   57415   17220    0    -3.5     7.7     2.0     8.7    13.0   114.6
2016 01 28  0448   57415   17280    0    -3.3     7.7     2.3     8.7    15.3   113.4
2016 01 28  0449   57415   17340    0    -3.2     7.5     2.1     8.4    14.3   113.3
2016 01 28  0450   57415   17400    0    -4.1     7.4     0.5     8.4     3.2   119.3
2016 01 28  0451   57415   17460    0    -3.8     7.5     0.4     8.4     2.5   117.1
2016 01 28  0452   57415   17520    0    -4.1     7.3     0.8     8.4     5.8   119.4
2016 01 28  0453   57415   17580    0    -4.7     6.8     1.4     8.3     9.3   124.5
2016 01 28  0454   57415   17640    0    -5.1     6.3     1.9     8.3    13.0   128.8
2016 01 28  0455   57415   17700    0    -4.9     6.4     1.9     8.3    13.6   127.6
2016 01 28  0456   57415   17760    0    -5.0     6.3     2.1     8.3    14.9   128.3
2016 01 28  0457   57415   17820    0    -5.4     5.8     2.2     8.3    15.4   133.0
2016 01 28  0458   57415   17880    0    -5.2     6.1     2.3     8.3    16.2   130.5
2016 01 28  0459   57415   17940    0    -5.1     6.1     2.5     8.3    17.6   129.9
2016 01 28  0500   57415   18000    0    -5.0     6.2     2.6     8.4    18.1   128.8
2016 01 28  0501   57415   18060    0    -4.8     6.3     2.8     8.4    19.7   127.3
2016 01 28  0502   57415   18120    0    -4.8     5.9     3.6     8.4    25.2   128.9
2016 01 28  0503   57415   18180    0    -4.2     6.4     3.5     8.4    24.5   123.7
2016 01 28  0504   57415   18240    0    -5.5     5.2     3.3     8.3    23.6   136.7
2016 01 28  0505   57415   18300    0    -5.9     4.6     3.9     8.4    27.3   142.5
2016 01 28  0506   57415   18360    0    -6.0     3.9     4.5     8.5    32.0   146.8
2016 01 28  0507   57415   18420    0    -6.5     3.7     3.9     8.4    27.6   150.8
2016 01 28  0508   57415   18480    0    -6.4     3.5     4.2     8.4    29.8   151.4
2016 01 28  0509   57415   18540    0    -6.1     3.4     4.6     8.4    33.5   151.0
2016 01 28  0510   57415   18600    0    -6.3     3.3     4.6     8.4    33.0   152.1
2016 01 28  0511   57415   18660    0    -6.5     3.1     4.4     8.4    31.5   154.7
2016 01 28  0512   57415   18720    0    -6.4     3.1     4.5     8.4    32.0   154.0
2016 01 28  0513   57415   18780    0    -6.4     2.9     4.5     8.3    32.9   155.9
2016 01 28  0514   57415   18840    0    -6.2     3.2     4.5     8.3    32.8   152.8
2016 01 28  0515   57415   18900    0    -6.5     2.6     4.5     8.4    32.4   158.0
2016 01 28  0516   57415   18960    0    -6.4     2.6     4.5     8.3    33.2   157.7
2016 01 28  0517   57415   19020    0    -6.3     2.6     4.7     8.3    34.3   157.7
2016 01 28  0518   57415   19080    0    -5.8     3.1     4.8     8.2    36.0   152.3
2016 01 28  0519   57415   19140    0    -5.9     3.2     4.7     8.2    34.8   152.1
2016 01 28  0520   57415   19200    0    -6.1     3.2     4.7     8.3    34.3   152.3
2016 01 28  0521   57415   19260    0    -5.8     3.7     4.5     8.3    33.1   147.8
2016 01 28  0522   57415   19320    0    -5.8     3.8     4.3     8.1    31.8   146.4
2016 01 28  0523   57415   19380    0    -5.7     3.9     4.3     8.1    32.1   145.5
2016 01 28  0524   57415   19440    0    -2.6     7.7     0.3     8.1     2.2   108.3
2016 01 28  0525   57415   19500    0    -1.6     8.0    -0.4     8.1    -2.6   101.0
2016 01 28  0526   57415   19560    0    -1.4     8.0    -0.3     8.1    -2.4    99.7
2016 01 28  0527   57415   19620    0    -1.3     8.0    -0.5     8.1    -3.5    99.4
2016 01 28  0528   57415   19680    0    -2.0     7.7    -0.7     8.0    -4.8   104.4
2016 01 28  0529   57415   19740    0    -4.3     6.5     2.1     8.1    15.4   123.9
2016 01 28  0530   57415   19800    0    -4.7     6.4     2.4     8.3    17.1   126.7
2016 01 28  0531   57415   19860    0    -3.6     7.2     1.6     8.2    11.4   116.4
2016 01 28  0532   57415   19920    0    -4.6     6.1     2.8     8.2    20.4   126.9
2016 01 28  0533   57415   19980    0    -4.7     6.1     2.8     8.2    20.2   127.4
2016 01 28  0534   57415   20040    0    -4.5     6.4     2.4     8.2    17.4   125.5
2016 01 28  0535   57415   20100    0    -4.0     7.3     1.2     8.4     8.3   118.5
2016 01 28  0536   57415   20160    0    -3.4     7.7     0.5     8.4     3.1   113.5
2016 01 28  0537   57415   20220    0    -2.9     7.7    -0.4     8.3    -3.0   110.5
2016 01 28  0538   57415   20280    0    -1.9     7.7    -2.0     8.1   -14.0   103.6
2016 01 28  0539   57415   20340    0    -1.4     7.4    -2.0     7.7   -15.0   100.5
2016 01 28  0540   57415   20400    0    -0.1     7.0    -3.3     7.8   -25.0    90.8
2016 01 28  0541   57415   20460    0    -0.5     6.5    -4.5     7.9   -34.5    94.1
2016 01 28  0542   57415   20520    0    -1.0     6.8    -4.3     8.1   -32.3    98.7
2016 01 28  0543   57415   20580    0    -0.6     7.0    -4.0     8.1   -29.8    94.9
2016 01 28  0544   57415   20640    0    -0.4     6.4    -4.8     8.0   -37.0    93.5
2016 01 28  0545   57415   20700    0     0.5     7.0    -4.1     8.1   -30.7    86.2
2016 01 28  0546   57415   20760    0     0.8     6.5    -4.8     8.1   -36.0    82.7
2016 01 28  0547   57415   20820    0     0.6     6.3    -4.6     7.8   -35.8    84.8
2016 01 28  0548   57415   20880    0     0.0     6.1    -4.2     7.4   -34.7    89.6
2016 01 28  0549   57415   20940    0    -0.4     6.2    -3.8     7.3   -31.6    93.6
2016 01 28  0550   57415   21000    0     0.2     4.8    -4.2     6.4   -41.0    87.6
2016 01 28  0551   57415   21060    0    -0.2     5.8    -3.1     6.6   -27.6    91.5
2016 01 28  0552   57415   21120    0    -1.8     6.2    -1.8     6.7   -15.2   105.9
2016 01 28  0553   57415   21180    0    -2.0     6.3    -1.1     6.7    -9.8   107.3
2016 01 28  0554   57415   21240    0    -2.5     6.3    -0.6     6.8    -5.2   111.2
2016 01 28  0555   57415   21300    0    -0.5     4.3    -3.1     5.4   -35.9    96.3
2016 01 28  0556   57415   21360    0     3.4     3.4    -4.8     6.8   -45.4    45.2
2016 01 28  0557   57415   21420    0     3.6     3.0    -4.8     6.7   -45.9    39.7
2016 01 28  0558   57415   21480    0     3.7     3.1    -4.9     6.9   -45.1    40.5
2016 01 28  0559   57415   21540    0     3.9     3.2    -4.7     6.9   -43.2    38.9
2016 01 28  0600   57415   21600    0     4.1     3.1    -4.7     7.0   -41.9    37.3
2016 01 28  0601   57415   21660    0     3.6     2.9    -5.2     7.0   -48.2    38.3
2016 01 28  0602   57415   21720    0     3.6     2.9    -5.3     7.0   -49.0    38.9
2016 01 28  0603   57415   21780    0     3.6     2.9    -5.2     7.0   -48.4    38.9
2016 01 28  0604   57415   21840    0     3.7     3.0    -5.3     7.1   -48.3    38.9
2016 01 28  0605   57415   21900    0     3.7     2.9    -5.2     7.0   -47.7    38.4
2016 01 28  0606   57415   21960    0     3.8     3.0    -5.2     7.1   -47.0    38.6
2016 01 28  0607   57415   22020    0     4.1     3.2    -5.2     7.4   -45.2    37.6
2016 01 28  0608   57415   22080    0     3.9     3.2    -5.0     7.1   -44.6    39.6
2016 01 28  0609   57415   22140    0     3.9     3.2    -4.9     7.1   -44.2    38.9
2016 01 28  0610   57415   22200    0     3.8     3.4    -5.0     7.1   -44.3    41.7
2016 01 28  0611   57415   22260    0     3.6     3.5    -4.9     7.0   -44.3    44.5
2016 01 28  0612   57415   22320    0     3.4     3.5    -5.1     7.1   -45.8    45.8
2016 01 28  0613   57415   22380    0     3.4     3.7    -4.9     7.1   -44.4    47.0
2016 01 28  0614   57415   22440    0     3.5     3.7    -4.9     7.0   -43.9    46.3
2016 01 28  0615   57415   22500    0     3.6     3.5    -5.0     7.1   -45.2    44.5
2016 01 28  0616   57415   22560    0     3.5     3.5    -5.1     7.1   -45.8    44.3
2016 01 28  0617   57415   22620    0     3.5     3.4    -5.2     7.1   -46.5    44.2
2016 01 28  0618   57415   22680    0     3.5     3.6    -5.0     7.1   -45.1    46.1
2016 01 28  0619   57415   22740    0     3.3     3.5    -5.1     7.0   -46.2    46.6
2016 01 28  0620   57415   22800    0     3.3     3.4    -5.0     6.9   -46.5    45.6
2016 01 28  0621   57415   22860    0     3.2     3.5    -5.1     6.9   -47.2    47.8
2016 01 28  0622   57415   22920    0     3.2     3.6    -5.0     6.9   -46.1    48.2
2016 01 28  0623   57415   22980    0     3.2     3.8    -4.8     7.0   -43.9    49.6
2016 01 28  0624   57415   23040    0     3.3     3.5    -4.9     6.9   -45.5    46.8
2016 01 28  0625   57415   23100    0     3.2     3.2    -5.3     6.9   -49.3    44.9
2016 01 28  0626   57415   23160    0     3.4     3.6    -5.0     7.0   -45.7    46.3
2016 01 28  0627   57415   23220    0     3.6     3.6    -5.0     7.1   -44.4    45.0
2016 01 28  0628   57415   23280    0     3.6     3.7    -4.8     7.1   -43.1    45.6
2016 01 28  0629   57415   23340    0     3.8     3.8    -4.6     7.1   -40.2    44.8
2016 01 28  0630   57415   23400    0     3.9     3.9    -4.6     7.2   -39.6    45.2
2016 01 28  0631   57415   23460    0     3.6     3.3    -5.3     7.2   -47.2    42.4
2016 01 28  0632   57415   23520    0     3.6     3.2    -5.5     7.3   -48.8    41.9
2016 01 28  0633   57415   23580    0     3.7     3.4    -5.5     7.5   -47.5    42.4
2016 01 28  0634   57415   23640    0     3.7     3.4    -5.4     7.4   -47.0    43.3
2016 01 28  0635   57415   23700    0     3.8     3.3    -5.2     7.3   -45.8    41.3
2016 01 28  0636   57415   23760    0     3.8     3.4    -5.3     7.4   -46.1    42.0
2016 01 28  0637   57415   23820    0     4.2     3.3    -5.4     7.6   -45.2    38.7
2016 01 28  0638   57415   23880    0     4.0     3.4    -5.4     7.5   -45.6    39.9
2016 01 28  0639   57415   23940    0     3.6     3.4    -5.4     7.4   -47.3    43.3
2016 01 28  0640   57415   24000    0     3.4     3.5    -5.4     7.3   -48.0    45.6
2016 01 28  0641   57415   24060    0     3.5     3.2    -5.5     7.3   -49.0    42.2
2016 01 28  0642   57415   24120    0     3.4     3.2    -5.6     7.3   -49.9    43.5
2016 01 28  0643   57415   24180    0     3.6     3.3    -5.4     7.3   -47.8    43.1
2016 01 28  0644   57415   24240    0     3.5     3.2    -5.7     7.5   -50.0    42.5
2016 01 28  0645   57415   24300    0     3.4     3.7    -5.2     7.2   -45.8    47.7
2016 01 28  0646   57415   24360    0     3.5     3.9    -4.9     7.2   -43.4    48.6
2016 01 28  0647   57415   24420    0     3.6     3.6    -5.3     7.3   -46.2    44.7
2016 01 28  0648   57415   24480    0     3.8     3.5    -5.3     7.4   -45.9    42.9
2016 01 28  0649   57415   24540    0     3.6     3.8    -5.1     7.3   -44.0    46.4
2016 01 28  0650   57415   24600    0     3.4     4.0    -5.1     7.3   -44.0    49.2
2016 01 28  0651   57415   24660    0     3.2     3.9    -5.2     7.3   -45.8    50.9
2016 01 28  0652   57415   24720    0     3.2     3.5    -5.5     7.3   -48.7    47.5
2016 01 28  0653   57415   24780    0     3.3     3.7    -5.5     7.4   -48.3    47.7
2016 01 28  0654   57415   24840    0     3.1     3.5    -5.9     7.6   -51.5    48.6
2016 01 28  0655   57415   24900    0     3.2     3.5    -5.9     7.6   -51.6    47.4
2016 01 28  0656   57415   24960    0     3.0     3.5    -6.1     7.6   -52.5    49.6
2016 01 28  0657   57415   25020    0     3.3     3.2    -5.9     7.5   -52.3    43.8
2016 01 28  0658   57415   25080    0     3.5     3.3    -5.7     7.5   -50.3    43.0
2016 01 28  0659   57415   25140    0     3.6     3.4    -5.6     7.5   -48.8    43.5
2016 01 28  0700   57415   25200    0     3.6     3.2    -5.5     7.4   -48.6    41.6
2016 01 28  0701   57415   25260    0     3.8     3.1    -5.4     7.3   -48.0    39.3
2016 01 28  0702   57415   25320    0     3.7     3.3    -5.5     7.4   -47.8    41.7
2016 01 28  0703   57415   25380    0     3.8     3.3    -5.7     7.6   -48.5    41.2
2016 01 28  0704   57415   25440    0     4.0     3.4    -5.8     7.8   -47.5    40.7
2016 01 28  0705   57415   25500    0     4.2     3.4    -5.7     7.9   -46.6    39.2
2016 01 28  0706   57415   25560    0     4.1     3.5    -5.5     7.7   -45.6    41.0
2016 01 28  0707   57415   25620    0     4.0     3.7    -5.3     7.6   -44.3    42.5
2016 01 28  0708   57415   25680    0     4.0     3.8    -5.1     7.6   -42.9    43.3
2016 01 28  0709   57415   25740    0     4.2     3.8    -4.9     7.5   -40.7    42.2
2016 01 28  0710   57415   25800    0     4.3     3.9    -4.9     7.6   -40.2    42.7
2016 01 28  0711   57415   25860    0     4.4     4.1    -4.5     7.5   -37.1    43.1
2016 01 28  0712   57415   25920    0     4.3     4.2    -4.4     7.5   -36.4    44.0
2016 01 28  0713   57415   25980    0     4.2     4.0    -4.8     7.5   -39.5    44.2
2016 01 28  0714   57415   26040    0     3.9     4.2    -5.0     7.6   -41.0    47.6
2016 01 28  0715   57415   26100    0     3.6     4.5    -4.9     7.6   -40.2    51.2
2016 01 28  0716   57415   26160    0     3.6     4.6    -4.8     7.6   -39.1    51.8
2016 01 28  0717   57415   26220    0     3.9     4.6    -4.6     7.6   -37.1    49.7
2016 01 28  0718   57415   26280    0     4.0     4.3    -4.9     7.6   -40.1    46.9
2016 01 28  0719   57415   26340    0     3.9     3.9    -4.8     7.4   -41.0    44.9
2016 01 28  0720   57415   26400    0     3.8     2.9    -5.7     7.4   -50.1    37.3
2016 01 28  0721   57415   26460    0     3.8     2.3    -5.6     7.2   -51.7    31.6
2016 01 28  0722   57415   26520    0     3.7     2.3    -5.6     7.1   -52.1    32.0
2016 01 28  0723   57415   26580    0     3.8     1.6    -5.6     7.0   -53.9    22.3
2016 01 28  0724   57415   26640    0     3.6     1.8    -5.6     6.9   -54.2    25.7
2016 01 28  0725   57415   26700    0     3.7     2.1    -5.6     7.0   -52.4    29.3
2016 01 28  0726   57415   26760    0     3.7     2.7    -5.7     7.4   -51.1    36.3
2016 01 28  0727   57415   26820    0     3.7     2.6    -5.7     7.3   -51.6    35.0
2016 01 28  0728   57415   26880    0     3.5     2.8    -5.7     7.3   -52.1    38.1
2016 01 28  0729   57415   26940    0     3.5     2.8    -5.7     7.3   -52.0    39.0
2016 01 28  0730   57415   27000    0     3.4     2.8    -5.7     7.2   -52.5    38.9
2016 01 28  0731   57415   27060    0     3.5     2.9    -5.7     7.3   -51.5    39.4
2016 01 28  0732   57415   27120    0     3.4     2.9    -5.8     7.3   -52.5    40.3
2016 01 28  0733   57415   27180    0     3.5     2.7    -5.8     7.3   -52.4    37.3
2016 01 28  0734   57415   27240    0     3.5     2.7    -5.7     7.2   -52.1    38.1
2016 01 28  0735   57415   27300    0     3.4     2.9    -5.7     7.2   -52.0    40.5
2016 01 28  0736   57415   27360    0     3.3     2.9    -5.7     7.2   -52.3    41.0
2016 01 28  0737   57415   27420    0     3.4     2.6    -5.7     7.1   -53.3    37.3
2016 01 28  0738   57415   27480    0     3.4     2.4    -5.5     6.9   -52.7    35.1
2016 01 28  0739   57415   27540    0     3.2     2.5    -5.6     7.0   -54.0    37.5
2016 01 28  0740   57415   27600    0     3.1     2.5    -5.9     7.1   -56.0    39.8
2016 01 28  0741   57415   27660    0     3.1     2.4    -5.9     7.1   -56.3    38.5
2016 01 28  0742   57415   27720    0     2.9     2.4    -5.9     7.0   -57.2    38.9
2016 01 28  0743   57415   27780    0     3.2     2.2    -5.8     7.0   -56.1    33.6
2016 01 28  0744   57415   27840    0     3.4     2.2    -5.8     7.1   -55.1    33.3
2016 01 28  0745   57415   27900    0     3.5     2.3    -5.9     7.2   -54.6    33.4
2016 01 28  0746   57415   27960    0     2.5     3.2    -6.1     7.4   -56.3    51.7
2016 01 28  0747   57415   28020    0     2.8     3.2    -6.2     7.5   -55.6    48.5
2016 01 28  0748   57415   28080    0     2.5     3.2    -6.1     7.3   -56.2    52.7
2016 01 28  0749   57415   28140    0     3.0     2.9    -6.2     7.4   -55.8    44.6
2016 01 28  0750   57415   28200    0     2.6     3.4    -6.2     7.5   -55.5    52.2
2016 01 28  0751   57415   28260    0     2.6     3.1    -6.2     7.4   -56.9    49.5
2016 01 28  0752   57415   28320    0     2.7     3.1    -6.1     7.3   -56.2    49.2
2016 01 28  0753   57415   28380    0     2.7     3.1    -6.1     7.4   -55.9    49.7
2016 01 28  0754   57415   28440    0     3.0     2.9    -6.1     7.4   -55.8    44.5
2016 01 28  0755   57415   28500    0     3.4     2.8    -6.1     7.6   -54.3    38.8
2016 01 28  0756   57415   28560    0     3.3     2.7    -6.1     7.4   -55.4    39.1
2016 01 28  0757   57415   28620    0     3.1     2.6    -5.9     7.1   -55.5    40.2
2016 01 28  0758   57415   28680    0     3.1     2.5    -5.6     6.9   -55.1    39.0
2016 01 28  0759   57415   28740    0     3.0     2.4    -5.6     6.8   -55.5    38.5
2016 01 28  0800   57415   28800    0     3.2     2.2    -5.5     6.8   -55.0    33.7
2016 01 28  0801   57415   28860    0     3.2     2.0    -5.7     6.8   -56.2    32.2
2016 01 28  0802   57415   28920    0     2.9     2.8    -6.1     7.3   -56.4    43.1
2016 01 28  0803   57415   28980    0     2.9     2.9    -5.9     7.2   -55.3    45.3
2016 01 28  0804   57415   29040    0     4.3     1.2    -5.8     7.3   -52.5    15.5
2016 01 28  0805   57415   29100    0     4.2     2.3    -6.1     7.7   -52.1    28.5
2016 01 28  0806   57415   29160    0     3.9     2.4    -6.4     7.9   -54.3    31.4
2016 01 28  0807   57415   29220    0     3.7     2.2    -6.6     7.9   -56.6    30.9
2016 01 28  0808   57415   29280    0     4.0     2.0    -6.5     7.8   -55.4    26.3
2016 01 28  0809   57415   29340    0     4.1     1.5    -6.2     7.6   -54.6    20.3
2016 01 28  0810   57415   29400    0     4.3     2.4    -6.3     8.0   -52.2    28.7
2016 01 28  0811   57415   29460    0     4.4     1.8    -6.2     7.8   -52.8    22.0
2016 01 28  0812   57415   29520    0     3.3     4.2    -6.4     8.3   -49.9    51.6
2016 01 28  0813   57415   29580    0     3.3     4.6    -6.7     8.7   -49.9    54.1
2016 01 28  0814   57415   29640    0     3.4     4.8    -6.7     8.9   -48.9    54.5
2016 01 28  0815   57415   29700    0     3.8     4.5    -6.6     8.9   -48.1    49.9
2016 01 28  0816   57415   29760    0     3.7     4.3    -6.7     8.8   -49.7    49.1
2016 01 28  0817   57415   29820    0     3.6     4.3    -6.8     8.8   -50.6    49.5
2016 01 28  0818   57415   29880    0     3.4     4.7    -6.5     8.7   -48.5    54.2
2016 01 28  0819   57415   29940    0     3.2     4.7    -6.5     8.7   -49.0    55.9
2016 01 28  0820   57415   30000    0     3.1     4.8    -6.5     8.6   -48.8    56.8
2016 01 28  0821   57415   30060    0     3.1     4.8    -6.4     8.6   -48.2    56.8
2016 01 28  0822   57415   30120    0     3.3     5.0    -6.0     8.5   -45.1    56.8
2016 01 28  0823   57415   30180    0     2.9     5.0    -6.5     8.7   -48.6    60.1
2016 01 28  0824   57415   30240    0     2.6     5.2    -6.6     8.8   -48.6    63.2
2016 01 28  0825   57415   30300    0     3.0     4.2    -7.0     8.7   -53.6    54.4
2016 01 28  0826   57415   30360    0     2.6     4.7    -6.9     8.8   -52.2    61.3
2016 01 28  0827   57415   30420    0     2.4     4.7    -7.0     8.8   -52.8    63.0
2016 01 28  0828   57415   30480    0     2.8     4.7    -6.8     8.7   -51.0    59.6
2016 01 28  0829   57415   30540    0     3.2     4.5    -6.6     8.6   -50.0    55.2
2016 01 28  0830   57415   30600    0     2.9     4.8    -6.5     8.6   -49.4    59.2
2016 01 28  0831   57415   30660    0     3.0     4.3    -6.8     8.6   -52.6    54.7
2016 01 28  0832   57415   30720    0     3.2     4.0    -7.0     8.6   -54.1    51.4
2016 01 28  0833   57415   30780    0     2.9     4.5    -6.7     8.6   -51.5    57.6
2016 01 28  0834   57415   30840    0     2.1     5.2    -5.8     8.1   -45.5    67.8
2016 01 28  0835   57415   30900    0     1.8     5.3    -5.9     8.1   -46.2    71.3
2016 01 28  0836   57415   30960    0     1.8     5.3    -5.4     7.8   -43.9    71.7
2016 01 28  0837   57415   31020    0     1.8     5.3    -5.1     7.5   -42.3    70.9
2016 01 28  0838   57415   31080    0     1.3     6.0    -4.4     7.5   -35.6    77.4
2016 01 28  0839   57415   31140    0     1.2     6.2    -4.2     7.5   -33.7    79.0
2016 01 28  0840   57415   31200    0     1.2     5.8    -4.6     7.5   -38.3    78.5
2016 01 28  0841   57415   31260    0     1.3     5.8    -4.6     7.5   -38.2    77.6
2016 01 28  0842   57415   31320    0     1.6     5.4    -5.0     7.5   -41.8    73.1
2016 01 28  0843   57415   31380    0     1.8     4.6    -5.6     7.5   -48.7    68.8
2016 01 28  0844   57415   31440    0     1.4     3.7    -6.3     7.4   -57.7    69.5
2016 01 28  0845   57415   31500    0     1.0     3.8    -6.5     7.6   -59.0    75.0
2016 01 28  0846   57415   31560    0     1.1     3.9    -6.5     7.6   -58.1    73.7
2016 01 28  0847   57415   31620    0     1.1     4.1    -6.3     7.6   -55.5    74.8
2016 01 28  0848   57415   31680    0     1.2     4.2    -6.2     7.6   -55.0    73.7
2016 01 28  0849   57415   31740    0     0.6     4.6    -6.1     7.7   -52.7    83.1
2016 01 28  0850   57415   31800    0     1.0     4.7    -6.0     7.7   -51.5    77.9
2016 01 28  0851   57415   31860    0     0.9     4.7    -6.0     7.7   -51.4    79.4
2016 01 28  0852   57415   31920    0     0.9     4.9    -5.9     7.7   -49.8    79.4
2016 01 28  0853   57415   31980    0     0.8     5.0    -5.7     7.6   -48.7    81.0
2016 01 28  0854   57415   32040    0     0.7     4.6    -5.9     7.6   -51.7    80.8
2016 01 28  0855   57415   32100    0     0.8     4.4    -6.0     7.5   -53.4    80.0
2016 01 28  0856   57415   32160    0     0.1     6.0    -4.5     7.5   -37.1    89.4
2016 01 28  0857   57415   32220    0    -0.1     5.9    -4.8     7.6   -39.1    91.0
2016 01 28  0858   57415   32280    0    -0.1     5.6    -5.4     7.8   -44.0    91.1
2016 01 28  0859   57415   32340    0     0.2     6.0    -5.1     7.8   -40.3    88.4
2016 01 28  0900   57415   32400    0     0.3     5.2    -5.5     7.6   -46.9    86.4
2016 01 28  0901   57415   32460    0     0.8     5.3    -4.8     7.2   -41.3    81.1
2016 01 28  0902   57415   32520    0     0.4     5.9    -4.5     7.4   -37.6    86.5
2016 01 28  0903   57415   32580    0    -0.4     5.8    -4.7     7.5   -38.9    94.4
2016 01 28  0904   57415   32640    0    -0.5     6.1    -4.3     7.5   -35.1    94.8
2016 01 28  0905   57415   32700    0     0.2     5.6    -4.9     7.5   -40.8    88.4
2016 01 28  0906   57415   32760    0     0.9     5.4    -5.0     7.4   -42.2    80.6
2016 01 28  0907   57415   32820    0     1.8     4.8    -5.5     7.6   -47.0    69.0
2016 01 28  0908   57415   32880    0     1.8     4.8    -5.6     7.5   -47.5    69.5
2016 01 28  0909   57415   32940    0     2.0     4.4    -5.5     7.3   -48.4    65.7
2016 01 28  0910   57415   33000    0     1.5     4.6    -5.6     7.4   -48.8    72.0
2016 01 28  0911   57415   33060    0     1.0     5.2    -5.2     7.5   -44.5    79.2
2016 01 28  0912   57415   33120    0     0.9     5.1    -5.3     7.4   -45.8    80.5
2016 01 28  0913   57415   33180    0     0.4     4.2    -6.3     7.6   -55.9    84.6
2016 01 28  0914   57415   33240    0    -0.2     4.2    -6.4     7.7   -57.2    93.0
2016 01 28  0915   57415   33300    0    -1.7     5.7    -4.6     7.5   -37.7   106.9
2016 01 28  0916   57415   33360    0    -1.8     5.9    -4.6     7.7   -37.0   107.2
2016 01 28  0917   57415   33420    0    -1.4     5.6    -4.9     7.6   -40.2   104.1
2016 01 28  0918   57415   33480    0    -0.4     5.7    -4.8     7.5   -40.0    93.8
2016 01 28  0919   57415   33540    0    -0.4     6.2    -4.3     7.6   -34.8    93.9
2016 01 28  0920   57415   33600    0     1.0     4.9    -5.4     7.4   -47.5    78.1
2016 01 28  0921   57415   33660    0     0.7     5.1    -5.2     7.3   -45.5    81.9
2016 01 28  0922   57415   33720    0     0.9     5.3    -5.1     7.4   -43.1    80.4
2016 01 28  0923   57415   33780    0     0.1     6.1    -4.1     7.4   -33.9    88.7
2016 01 28  0924   57415   33840    0    -0.9     6.6    -3.1     7.3   -25.4    97.5
2016 01 28  0925   57415   33900    0    -0.4     6.4    -3.7     7.4   -30.0    93.6
2016 01 28  0926   57415   33960    0    -0.5     6.2    -4.0     7.4   -32.9    94.4
2016 01 28  0927   57415   34020    0    -1.1     5.7    -4.7     7.5   -39.0   101.3
2016 01 28  0928   57415   34080    0    -1.0     5.6    -4.7     7.4   -39.6   100.5
2016 01 28  0929   57415   34140    0    -0.9     5.0    -5.5     7.5   -47.7    99.9
2016 01 28  0930   57415   34200    0    -0.5     5.1    -5.3     7.4   -45.6    95.4
2016 01 28  0931   57415   34260    0    -0.8     5.2    -5.1     7.3   -44.4    98.5
2016 01 28  0932   57415   34320    0    -0.6     5.1    -5.2     7.3   -45.7    96.9
2016 01 28  0933   57415   34380    0    -0.2     5.3    -5.0     7.3   -43.3    92.5
2016 01 28  0934   57415   34440    0    -0.0     5.3    -4.5     7.0   -40.5    90.4
2016 01 28  0935   57415   34500    0     0.7     6.4    -3.5     7.3   -28.7    83.9
2016 01 28  0936   57415   34560    0     0.4     6.1    -3.9     7.3   -32.6    86.0
2016 01 28  0937   57415   34620    0     0.4     5.8    -4.4     7.3   -37.0    86.5
2016 01 28  0938   57415   34680    0     0.1     5.7    -4.5     7.3   -38.0    89.3
2016 01 28  0939   57415   34740    0     0.4     5.9    -4.6     7.5   -37.9    86.5
2016 01 28  0940   57415   34800    0    -0.0     6.2    -4.2     7.5   -34.5    90.0
2016 01 28  0941   57415   34860    0     1.0     6.6    -3.0     7.3   -24.2    81.3
2016 01 28  0942   57415   34920    0     0.8     6.8    -2.4     7.2   -19.2    83.3
2016 01 28  0943   57415   34980    0     0.6     6.9    -2.6     7.4   -20.9    85.1
2016 01 28  0944   57415   35040    0     0.9     6.5    -3.1     7.3   -25.3    82.5
2016 01 28  0945   57415   35100    0     0.4     6.7    -2.9     7.3   -23.5    87.0
2016 01 28  0946   57415   35160    0     0.3     6.6    -2.9     7.3   -23.5    87.1
2016 01 28  0947   57415   35220    0    -0.1     7.0    -2.3     7.4   -17.8    90.9
2016 01 28  0948   57415   35280    0     0.2     6.9    -2.7     7.5   -21.4    88.3
2016 01 28  0949   57415   35340    0    -0.3     3.4    -0.6     3.5    -9.7    95.5
2016 01 28  0950   57415   35400    0    -1.6    -1.3     5.1     5.5    68.1   218.2
2016 01 28  0951   57415   35460    0    -1.5    -0.9     5.8     6.0    72.7   211.6
2016 01 28  0952   57415   35520    0    -1.1     0.9     5.6     5.8    76.4   141.3
2016 01 28  0953   57415   35580    0    -0.9     1.2     4.8     5.0    73.0   126.8
2016 01 28  0954   57415   35640    0    -3.5    -0.6     4.4     5.7    50.7   189.4
2016 01 28  0955   57415   35700    0    -5.5    -1.4     3.5     6.7    31.9   194.6
2016 01 28  0956   57415   35760    0    -5.5     0.1     4.0     6.8    36.0   178.8
2016 01 28  0957   57415   35820    0    -5.1     0.9     4.5     6.8    40.9   169.6
2016 01 28  0958   57415   35880    0    -4.2     2.1     4.6     6.6    44.8   153.2
2016 01 28  0959   57415   35940    9  -999.9  -999.9  -999.9  -999.9  -999.9  -999.9
