:Data_list: 20160101_ace_sis_5m.txt
:Created: 2016 Jan 02 0011 UT
# Prepared by the U.S. Dept. of Commerce, NOAA, Space Weather Prediction Center
# Please send comments and suggestions to SWPC.Webmaster@noaa.gov 
# 
# Units: proton flux p/cs2-sec-ster
# Status(S): 0 = nominal data, 1 to 8 = bad data record, 9 = no data
# Missing data values: -1.00e+05
# Source: ACE Satellite - Solar Isotope Spectrometer
#
# 5-minute averaged Real-time Integral Flux of High-energy Solar Protons
# 
#                 Modified Seconds
# UT Date   Time   Julian  of the      ---- Integral Proton Flux ----
# YR MO DA  HHMM     Day     Day       S    > 10 MeV    S    > 30 MeV
#--------------------------------------------------------------------
2016 01 01  0000    57388       0      0    1.37e+00    0    9.65e-01
2016 01 01  0005    57388     300      0    1.34e+00    0    9.40e-01
2016 01 01  0010    57388     600      0    1.40e+00    0    9.95e-01
2016 01 01  0015    57388     900      0    1.40e+00    0    9.87e-01
2016 01 01  0020    57388    1200      0    1.36e+00    0    9.51e-01
2016 01 01  0025    57388    1500      0    1.33e+00    0    9.44e-01
2016 01 01  0030    57388    1800      0    1.40e+00    0    9.83e-01
2016 01 01  0035    57388    2100      0    1.36e+00    0    9.55e-01
2016 01 01  0040    57388    2400      0    1.33e+00    0    9.34e-01
2016 01 01  0045    57388    2700      0    1.29e+00    0    9.12e-01
2016 01 01  0050    57388    3000      0    1.33e+00    0    9.44e-01
2016 01 01  0055    57388    3300      0    1.34e+00    0    9.45e-01
2016 01 01  0100    57388    3600      0    1.33e+00    0    9.35e-01
2016 01 01  0105    57388    3900      0    1.34e+00    0    9.35e-01
2016 01 01  0110    57388    4200      0    1.34e+00    0    9.51e-01
2016 01 01  0115    57388    4500      0    1.36e+00    0    9.51e-01
2016 01 01  0120    57388    4800      0    1.35e+00    0    9.55e-01
2016 01 01  0125    57388    5100      0    1.35e+00    0    9.62e-01
2016 01 01  0130    57388    5400      0    1.36e+00    0    9.52e-01
2016 01 01  0135    57388    5700      0    1.34e+00    0    9.32e-01
2016 01 01  0140    57388    6000      0    1.34e+00    0    9.39e-01
2016 01 01  0145    57388    6300      0    1.35e+00    0    9.54e-01
2016 01 01  0150    57388    6600      0    1.38e+00    0    9.66e-01
2016 01 01  0155    57388    6900      0    1.34e+00    0    9.35e-01
2016 01 01  0200    57388    7200      0    1.36e+00    0    9.62e-01
2016 01 01  0205    57388    7500      0    1.36e+00    0    9.49e-01
2016 01 01  0210    57388    7800      0    1.39e+00    0    9.82e-01
2016 01 01  0215    57388    8100      0    1.37e+00    0    9.64e-01
2016 01 01  0220    57388    8400      0    1.37e+00    0    9.71e-01
2016 01 01  0225    57388    8700      0    1.40e+00    0    9.92e-01
2016 01 01  0230    57388    9000      0    1.43e+00    0    9.98e-01
2016 01 01  0235    57388    9300      0    1.42e+00    0    1.00e+00
2016 01 01  0240    57388    9600      0    1.39e+00    0    9.69e-01
2016 01 01  0245    57388    9900      0    1.36e+00    0    9.58e-01
2016 01 01  0250    57388   10200      0    1.41e+00    0    9.97e-01
2016 01 01  0255    57388   10500      0    1.39e+00    0    9.83e-01
2016 01 01  0300    57388   10800      0    1.37e+00    0    9.68e-01
2016 01 01  0305    57388   11100      0    1.36e+00    0    9.56e-01
2016 01 01  0310    57388   11400      0    1.38e+00    0    9.87e-01
2016 01 01  0315    57388   11700      0    1.40e+00    0    9.74e-01
2016 01 01  0320    57388   12000      0    1.37e+00    0    9.57e-01
2016 01 01  0325    57388   12300      0    1.33e+00    0    9.26e-01
2016 01 01  0330    57388   12600      0    1.38e+00    0    9.84e-01
2016 01 01  0335    57388   12900      0    1.37e+00    0    9.61e-01
2016 01 01  0340    57388   13200      0    1.41e+00    0    1.00e+00
2016 01 01  0345    57388   13500      0    1.37e+00    0    9.69e-01
2016 01 01  0350    57388   13800      0    1.36e+00    0    9.60e-01
2016 01 01  0355    57388   14100      0    1.39e+00    0    9.88e-01
2016 01 01  0400    57388   14400      0    1.36e+00    0    9.58e-01
2016 01 01  0405    57388   14700      0    1.38e+00    0    9.76e-01
2016 01 01  0410    57388   15000      0    1.36e+00    0    9.61e-01
2016 01 01  0415    57388   15300      0    1.40e+00    0    9.84e-01
2016 01 01  0420    57388   15600      0    1.39e+00    0    9.82e-01
2016 01 01  0425    57388   15900      0    1.32e+00    0    9.28e-01
2016 01 01  0430    57388   16200      0    1.36e+00    0    9.62e-01
2016 01 01  0435    57388   16500      0    1.39e+00    0    9.74e-01
2016 01 01  0440    57388   16800      0    1.41e+00    0    9.92e-01
2016 01 01  0445    57388   17100      0    1.48e+00    0    1.05e+00
2016 01 01  0450    57388   17400      0    1.42e+00    0    9.96e-01
2016 01 01  0455    57388   17700      0    1.44e+00    0    1.01e+00
2016 01 01  0500    57388   18000      0    1.41e+00    0    9.94e-01
2016 01 01  0505    57388   18300      0    1.42e+00    0    9.92e-01
2016 01 01  0510    57388   18600      0    1.42e+00    0    9.97e-01
2016 01 01  0515    57388   18900      0    1.44e+00    0    1.00e+00
2016 01 01  0520    57388   19200      0    1.43e+00    0    1.01e+00
2016 01 01  0525    57388   19500      0    1.39e+00    0    9.83e-01
2016 01 01  0530    57388   19800      0    1.43e+00    0    1.00e+00
2016 01 01  0535    57388   20100      0    1.39e+00    0    9.81e-01
2016 01 01  0540    57388   20400      0    1.39e+00    0    9.81e-01
2016 01 01  0545    57388   20700      0    1.42e+00    0    9.97e-01
2016 01 01  0550    57388   21000      0    1.42e+00    0    9.94e-01
2016 01 01  0555    57388   21300      0    1.35e+00    0    9.50e-01
2016 01 01  0600    57388   21600      0    1.40e+00    0    9.77e-01
2016 01 01  0605    57388   21900      0    1.38e+00    0    9.70e-01
2016 01 01  0610    57388   22200      0    1.39e+00    0    9.78e-01
2016 01 01  0615    57388   22500      0    1.39e+00    0    9.74e-01
2016 01 01  0620    57388   22800      0    1.39e+00    0    9.69e-01
2016 01 01  0625    57388   23100      0    1.44e+00    0    1.00e+00
2016 01 01  0630    57388   23400      0    1.41e+00    0    9.89e-01
2016 01 01  0635    57388   23700      0    1.42e+00    0    1.01e+00
2016 01 01  0640    57388   24000      0    1.40e+00    0    9.81e-01
2016 01 01  0645    57388   24300      0    1.42e+00    0    1.00e+00
2016 01 01  0650    57388   24600      0    1.41e+00    0    9.85e-01
2016 01 01  0655    57388   24900      0    1.44e+00    0    1.02e+00
2016 01 01  0700    57388   25200      0    1.49e+00    0    1.05e+00
2016 01 01  0705    57388   25500      0    1.47e+00    0    1.04e+00
2016 01 01  0710    57388   25800      0    1.45e+00    0    1.03e+00
2016 01 01  0715    57388   26100      0    1.47e+00    0    1.04e+00
2016 01 01  0720    57388   26400      0    1.42e+00    0    1.00e+00
2016 01 01  0725    57388   26700      0    1.45e+00    0    1.02e+00
2016 01 01  0730    57388   27000      0    1.40e+00    0    9.71e-01
2016 01 01  0735    57388   27300      0    1.44e+00    0    1.01e+00
2016 01 01  0740    57388   27600      0    1.43e+00    0    9.92e-01
2016 01 01  0745    57388   27900      0    1.44e+00    0    1.03e+00
2016 01 01  0750    57388   28200      0    1.43e+00    0    9.99e-01
2016 01 01  0755    57388   28500      0    1.41e+00    0    9.93e-01
2016 01 01  0800    57388   28800      0    1.44e+00    0    1.01e+00
2016 01 01  0805    57388   29100      0    1.40e+00    0    9.81e-01
2016 01 01  0810    57388   29400      0    1.40e+00    0    9.70e-01
2016 01 01  0815    57388   29700      0    1.41e+00    0    9.88e-01
2016 01 01  0820    57388   30000      0    1.40e+00    0    9.85e-01
2016 01 01  0825    57388   30300      0    1.43e+00    0    1.00e+00
2016 01 01  0830    57388   30600      0    1.41e+00    0    9.99e-01
2016 01 01  0835    57388   30900      0    1.41e+00    0    9.83e-01
2016 01 01  0840    57388   31200      0    1.42e+00    0    9.96e-01
2016 01 01  0845    57388   31500      0    1.41e+00    0    9.97e-01
2016 01 01  0850    57388   31800      0    1.42e+00    0    9.96e-01
2016 01 01  0855    57388   32100      0    1.40e+00    0    9.79e-01
2016 01 01  0900    57388   32400      0    1.42e+00    0    9.95e-01
2016 01 01  0905    57388   32700      0    1.42e+00    0    1.00e+00
2016 01 01  0910    57388   33000      0    1.41e+00    0    9.80e-01
2016 01 01  0915    57388   33300      0    1.50e+00    0    1.05e+00
2016 01 01  0920    57388   33600      0    1.48e+00    0    1.05e+00
2016 01 01  0925    57388   33900      0    1.49e+00    0    1.05e+00
2016 01 01  0930    57388   34200      0    1.46e+00    0    1.03e+00
2016 01 01  0935    57388   34500      0    1.46e+00    0    1.02e+00
2016 01 01  0940    57388   34800      0    1.40e+00    0    9.88e-01
2016 01 01  0945    57388   35100      0    1.46e+00    0    1.03e+00
2016 01 01  0950    57388   35400      0    1.44e+00    0    1.01e+00
2016 01 01  0955    57388   35700      0    1.43e+00    0    1.01e+00
2016 01 01  1000    57388   36000      0    1.41e+00    0    9.91e-01
2016 01 01  1005    57388   36300      0    1.45e+00    0    1.02e+00
2016 01 01  1010    57388   36600      0    1.39e+00    0    9.86e-01
2016 01 01  1015    57388   36900      0    1.41e+00    0    9.89e-01
2016 01 01  1020    57388   37200      0    1.42e+00    0    9.99e-01
2016 01 01  1025    57388   37500      0    1.43e+00    0    1.01e+00
2016 01 01  1030    57388   37800      0    1.43e+00    0    1.01e+00
2016 01 01  1035    57388   38100      0    1.40e+00    0    9.84e-01
2016 01 01  1040    57388   38400      0    1.39e+00    0    9.83e-01
2016 01 01  1045    57388   38700      0    1.43e+00    0    1.01e+00
2016 01 01  1050    57388   39000      0    1.42e+00    0    9.94e-01
2016 01 01  1055    57388   39300      0    1.43e+00    0    1.01e+00
2016 01 01  1100    57388   39600      0    1.44e+00    0    1.01e+00
2016 01 01  1105    57388   39900      0    1.41e+00    0    9.84e-01
2016 01 01  1110    57388   40200      0    1.45e+00    0    1.02e+00
2016 01 01  1115    57388   40500      0    1.46e+00    0    1.03e+00
2016 01 01  1120    57388   40800      0    1.44e+00    0    1.01e+00
2016 01 01  1125    57388   41100      0    1.44e+00    0    1.02e+00
2016 01 01  1130    57388   41400      0    1.44e+00    0    1.02e+00
2016 01 01  1135    57388   41700      0    1.47e+00    0    1.04e+00
2016 01 01  1140    57388   42000      0    1.48e+00    0    1.04e+00
2016 01 01  1145    57388   42300      0    1.46e+00    0    1.03e+00
2016 01 01  1150    57388   42600      0    1.43e+00    0    9.99e-01
2016 01 01  1155    57388   42900      0    1.44e+00    0    1.01e+00
2016 01 01  1200    57388   43200      0    1.47e+00    0    1.03e+00
2016 01 01  1205    57388   43500      0    1.39e+00    0    9.67e-01
2016 01 01  1210    57388   43800      0    1.48e+00    0    1.05e+00
2016 01 01  1215    57388   44100      0    1.44e+00    0    1.00e+00
2016 01 01  1220    57388   44400      0    1.46e+00    0    1.02e+00
2016 01 01  1225    57388   44700      0    1.40e+00    0    9.91e-01
2016 01 01  1230    57388   45000      0    1.40e+00    0    9.89e-01
2016 01 01  1235    57388   45300      0    1.39e+00    0    9.87e-01
2016 01 01  1240    57388   45600      0    1.43e+00    0    9.85e-01
2016 01 01  1245    57388   45900      0    1.48e+00    0    1.06e+00
2016 01 01  1250    57388   46200      0    1.39e+00    0    9.68e-01
2016 01 01  1255    57388   46500      0    1.45e+00    0    1.02e+00
2016 01 01  1300    57388   46800      0    1.50e+00    0    1.05e+00
2016 01 01  1305    57388   47100      0    1.41e+00    0    1.01e+00
2016 01 01  1310    57388   47400      0    1.45e+00    0    1.02e+00
2016 01 01  1315    57388   47700      0    1.38e+00    0    9.59e-01
2016 01 01  1320    57388   48000      0    1.43e+00    0    1.00e+00
2016 01 01  1325    57388   48300      0    1.43e+00    0    9.77e-01
2016 01 01  1330    57388   48600      0    1.42e+00    0    1.01e+00
2016 01 01  1335    57388   48900      0    1.43e+00    0    1.00e+00
2016 01 01  1340    57388   49200      0    1.40e+00    0    9.80e-01
2016 01 01  1345    57388   49500      0    1.39e+00    0    9.66e-01
2016 01 01  1350    57388   49800      0    1.49e+00    0    1.05e+00
2016 01 01  1355    57388   50100      0    1.49e+00    0    1.05e+00
2016 01 01  1400    57388   50400      0    1.46e+00    0    1.05e+00
2016 01 01  1405    57388   50700      0    1.42e+00    0    9.93e-01
2016 01 01  1410    57388   51000      0    1.47e+00    0    1.03e+00
2016 01 01  1415    57388   51300      0    1.48e+00    0    1.03e+00
2016 01 01  1420    57388   51600      0    1.43e+00    0    9.96e-01
2016 01 01  1425    57388   51900      0    1.52e+00    0    1.05e+00
2016 01 01  1430    57388   52200      0    1.39e+00    0    9.81e-01
2016 01 01  1435    57388   52500      0    1.43e+00    0    1.01e+00
2016 01 01  1440    57388   52800      0    1.39e+00    0    9.79e-01
2016 01 01  1445    57388   53100      0    1.36e+00    0    9.26e-01
2016 01 01  1450    57388   53400      0    1.34e+00    0    9.30e-01
2016 01 01  1455    57388   53700      0    1.46e+00    0    1.03e+00
2016 01 01  1500    57388   54000      0    1.41e+00    0    9.91e-01
2016 01 01  1505    57388   54300      0    1.52e+00    0    1.07e+00
2016 01 01  1510    57388   54600      0    1.52e+00    0    1.08e+00
2016 01 01  1515    57388   54900      0    1.46e+00    0    1.01e+00
2016 01 01  1520    57388   55200      0    1.45e+00    0    1.01e+00
2016 01 01  1525    57388   55500      0    1.44e+00    0    1.02e+00
2016 01 01  1530    57388   55800      0    1.42e+00    0    1.01e+00
2016 01 01  1535    57388   56100      9   -1.00e+05    9   -1.00e+05
2016 01 01  1540    57388   56400      9   -1.00e+05    9   -1.00e+05
2016 01 01  1545    57388   56700      9   -1.00e+05    9   -1.00e+05
2016 01 01  1550    57388   57000      0    1.49e+00    0    1.04e+00
2016 01 01  1555    57388   57300      0    1.42e+00    0    1.00e+00
2016 01 01  1600    57388   57600      0    1.44e+00    0    1.02e+00
2016 01 01  1605    57388   57900      0    1.49e+00    0    1.05e+00
2016 01 01  1610    57388   58200      0    1.46e+00    0    1.03e+00
2016 01 01  1615    57388   58500      0    1.48e+00    0    1.05e+00
2016 01 01  1620    57388   58800      0    1.45e+00    0    1.03e+00
2016 01 01  1625    57388   59100      0    1.45e+00    0    1.03e+00
2016 01 01  1630    57388   59400      0    1.46e+00    0    1.03e+00
2016 01 01  1635    57388   59700      0    1.36e+00    0    9.51e-01
2016 01 01  1640    57388   60000      0    1.45e+00    0    1.02e+00
2016 01 01  1645    57388   60300      0    1.45e+00    0    1.02e+00
2016 01 01  1650    57388   60600      0    1.44e+00    0    1.03e+00
2016 01 01  1655    57388   60900      0    1.44e+00    0    1.02e+00
2016 01 01  1700    57388   61200      0    1.44e+00    0    1.01e+00
2016 01 01  1705    57388   61500      0    1.45e+00    0    1.03e+00
2016 01 01  1710    57388   61800      0    1.40e+00    0    9.88e-01
2016 01 01  1715    57388   62100      0    1.44e+00    0    1.01e+00
2016 01 01  1720    57388   62400      0    1.44e+00    0    1.01e+00
2016 01 01  1725    57388   62700      0    1.43e+00    0    1.01e+00
2016 01 01  1730    57388   63000      0    1.43e+00    0    1.01e+00
2016 01 01  1735    57388   63300      0    1.43e+00    0    1.01e+00
2016 01 01  1740    57388   63600      0    1.42e+00    0    9.93e-01
2016 01 01  1745    57388   63900      0    1.41e+00    0    1.01e+00
2016 01 01  1750    57388   64200      0    1.44e+00    0    1.02e+00
2016 01 01  1755    57388   64500      0    1.39e+00    0    9.82e-01
2016 01 01  1800    57388   64800      0    1.42e+00    0    9.92e-01
2016 01 01  1805    57388   65100      0    1.41e+00    0    9.85e-01
2016 01 01  1810    57388   65400      0    1.42e+00    0    1.01e+00
2016 01 01  1815    57388   65700      0    1.44e+00    0    1.02e+00
2016 01 01  1820    57388   66000      0    1.51e+00    0    1.06e+00
2016 01 01  1825    57388   66300      0    1.47e+00    0    1.03e+00
2016 01 01  1830    57388   66600      0    1.49e+00    0    1.05e+00
2016 01 01  1835    57388   66900      0    1.48e+00    0    1.04e+00
2016 01 01  1840    57388   67200      0    1.45e+00    0    1.02e+00
2016 01 01  1845    57388   67500      0    1.45e+00    0    1.02e+00
2016 01 01  1850    57388   67800      0    1.47e+00    0    1.03e+00
2016 01 01  1855    57388   68100      0    1.50e+00    0    1.05e+00
2016 01 01  1900    57388   68400      0    1.44e+00    0    1.02e+00
2016 01 01  1905    57388   68700      0    1.44e+00    0    1.02e+00
2016 01 01  1910    57388   69000      0    1.44e+00    0    1.01e+00
2016 01 01  1915    57388   69300      0    1.45e+00    0    1.02e+00
2016 01 01  1920    57388   69600      0    1.43e+00    0    9.97e-01
2016 01 01  1925    57388   69900      0    1.40e+00    0    9.89e-01
2016 01 01  1930    57388   70200      0    1.45e+00    0    1.02e+00
2016 01 01  1935    57388   70500      0    1.47e+00    0    1.03e+00
2016 01 01  1940    57388   70800      0    1.46e+00    0    1.02e+00
2016 01 01  1945    57388   71100      0    1.45e+00    0    1.01e+00
2016 01 01  1950    57388   71400      0    1.42e+00    0    9.93e-01
2016 01 01  1955    57388   71700      0    1.47e+00    0    1.04e+00
2016 01 01  2000    57388   72000      0    1.44e+00    0    1.01e+00
2016 01 01  2005    57388   72300      0    1.44e+00    0    1.01e+00
2016 01 01  2010    57388   72600      0    1.43e+00    0    1.01e+00
2016 01 01  2015    57388   72900      0    1.44e+00    0    1.01e+00
2016 01 01  2020    57388   73200      0    1.44e+00    0    1.02e+00
2016 01 01  2025    57388   73500      0    1.43e+00    0    1.01e+00
2016 01 01  2030    57388   73800      0    1.47e+00    0    1.04e+00
2016 01 01  2035    57388   74100      0    1.47e+00    0    1.03e+00
2016 01 01  2040    57388   74400      0    1.49e+00    0    1.05e+00
2016 01 01  2045    57388   74700      0    1.49e+00    0    1.05e+00
2016 01 01  2050    57388   75000      0    1.51e+00    0    1.05e+00
2016 01 01  2055    57388   75300      0    1.42e+00    0    9.94e-01
2016 01 01  2100    57388   75600      0    1.47e+00    0    1.04e+00
2016 01 01  2105    57388   75900      0    1.46e+00    0    1.03e+00
2016 01 01  2110    57388   76200      0    1.48e+00    0    1.04e+00
2016 01 01  2115    57388   76500      0    1.49e+00    0    1.04e+00
2016 01 01  2120    57388   76800      0    1.44e+00    0    1.00e+00
2016 01 01  2125    57388   77100      0    1.47e+00    0    1.04e+00
2016 01 01  2130    57388   77400      0    1.44e+00    0    1.00e+00
2016 01 01  2135    57388   77700      0    1.42e+00    0    1.00e+00
2016 01 01  2140    57388   78000      0    1.48e+00    0    1.04e+00
2016 01 01  2145    57388   78300      0    1.44e+00    0    1.02e+00
2016 01 01  2150    57388   78600      0    1.44e+00    0    1.01e+00
2016 01 01  2155    57388   78900      0    1.46e+00    0    1.03e+00
2016 01 01  2200    57388   79200      0    1.45e+00    0    1.02e+00
2016 01 01  2205    57388   79500      0    1.42e+00    0    9.98e-01
2016 01 01  2210    57388   79800      0    1.38e+00    0    9.65e-01
2016 01 01  2215    57388   80100      0    1.43e+00    0    1.01e+00
2016 01 01  2220    57388   80400      0    1.43e+00    0    1.00e+00
2016 01 01  2225    57388   80700      0    1.44e+00    0    1.02e+00
2016 01 01  2230    57388   81000      0    1.46e+00    0    1.03e+00
2016 01 01  2235    57388   81300      0    1.41e+00    0    9.84e-01
2016 01 01  2240    57388   81600      0    1.42e+00    0    9.97e-01
2016 01 01  2245    57388   81900      0    1.44e+00    0    1.02e+00
2016 01 01  2250    57388   82200      0    1.46e+00    0    1.02e+00
2016 01 01  2255    57388   82500      0    1.47e+00    0    1.04e+00
2016 01 01  2300    57388   82800      0    1.48e+00    0    1.04e+00
2016 01 01  2305    57388   83100      0    1.51e+00    0    1.05e+00
2016 01 01  2310    57388   83400      0    1.47e+00    0    1.04e+00
2016 01 01  2315    57388   83700      0    1.49e+00    0    1.05e+00
2016 01 01  2320    57388   84000      0    1.47e+00    0    1.04e+00
2016 01 01  2325    57388   84300      0    1.48e+00    0    1.04e+00
2016 01 01  2330    57388   84600      0    1.46e+00    0    1.01e+00
2016 01 01  2335    57388   84900      0    1.46e+00    0    1.02e+00
2016 01 01  2340    57388   85200      0    1.38e+00    0    9.85e-01
2016 01 01  2345    57388   85500      0    1.44e+00    0    1.02e+00
2016 01 01  2350    57388   85800      0    1.45e+00    0    1.03e+00
2016 01 01  2355    57388   86100      0    1.58e+00    0    1.13e+00
