:Data_list: 20160820_ace_mag_1m.txt
:Created: 2016 Aug 20 0901 UT
# Prepared by the U.S. Dept. of Commerce, NOAA, Space Weather Prediction Center
# Please send comments and suggestions to SWPC.Webmaster@noaa.gov 
# 
# Magnetometer values are in GSM coordinates.
# 
# Units: Bx, By, Bz, Bt in nT
# Units: Latitude  degrees +/-  90.0
# Units: Longitude degrees 0.0 - 360.0
# Status(S): 0 = nominal data, 1 to 8 = bad data record, 9 = no data
# Missing data values: -999.9
# Source: ACE Satellite - Magnetometer
#
#              1-minute averaged Real-time Interplanetary Magnetic Field Values 
# 
#                 Modified Seconds
# UT Date   Time  Julian   of the   ----------------  GSM Coordinates ---------------
# YR MO DA  HHMM    Day      Day    S     Bx      By      Bz      Bt     Lat.   Long.
#------------------------------------------------------------------------------------
2016 08 20  0000   57620       0    9  -999.9  -999.9  -999.9  -999.9  -999.9  -999.9
2016 08 20  0001   57620      60    9  -999.9  -999.9  -999.9  -999.9  -999.9  -999.9
2016 08 20  0002   57620     120    9  -999.9  -999.9  -999.9  -999.9  -999.9  -999.9
2016 08 20  0003   57620     180    9  -999.9  -999.9  -999.9  -999.9  -999.9  -999.9
2016 08 20  0004   57620     240    9  -999.9  -999.9  -999.9  -999.9  -999.9  -999.9
2016 08 20  0005   57620     300    9  -999.9  -999.9  -999.9  -999.9  -999.9  -999.9
2016 08 20  0006   57620     360    9  -999.9  -999.9  -999.9  -999.9  -999.9  -999.9
2016 08 20  0007   57620     420    9  -999.9  -999.9  -999.9  -999.9  -999.9  -999.9
2016 08 20  0008   57620     480    9  -999.9  -999.9  -999.9  -999.9  -999.9  -999.9
2016 08 20  0009   57620     540    9  -999.9  -999.9  -999.9  -999.9  -999.9  -999.9
2016 08 20  0010   57620     600    9  -999.9  -999.9  -999.9  -999.9  -999.9  -999.9
2016 08 20  0011   57620     660    9  -999.9  -999.9  -999.9  -999.9  -999.9  -999.9
2016 08 20  0012   57620     720    9  -999.9  -999.9  -999.9  -999.9  -999.9  -999.9
2016 08 20  0013   57620     780    9  -999.9  -999.9  -999.9  -999.9  -999.9  -999.9
2016 08 20  0014   57620     840    9  -999.9  -999.9  -999.9  -999.9  -999.9  -999.9
2016 08 20  0015   57620     900    9  -999.9  -999.9  -999.9  -999.9  -999.9  -999.9
2016 08 20  0016   57620     960    9  -999.9  -999.9  -999.9  -999.9  -999.9  -999.9
2016 08 20  0017   57620    1020    9  -999.9  -999.9  -999.9  -999.9  -999.9  -999.9
2016 08 20  0018   57620    1080    9  -999.9  -999.9  -999.9  -999.9  -999.9  -999.9
2016 08 20  0019   57620    1140    9  -999.9  -999.9  -999.9  -999.9  -999.9  -999.9
2016 08 20  0020   57620    1200    9  -999.9  -999.9  -999.9  -999.9  -999.9  -999.9
2016 08 20  0021   57620    1260    9  -999.9  -999.9  -999.9  -999.9  -999.9  -999.9
2016 08 20  0022   57620    1320    9  -999.9  -999.9  -999.9  -999.9  -999.9  -999.9
2016 08 20  0023   57620    1380    9  -999.9  -999.9  -999.9  -999.9  -999.9  -999.9
2016 08 20  0024   57620    1440    9  -999.9  -999.9  -999.9  -999.9  -999.9  -999.9
2016 08 20  0025   57620    1500    9  -999.9  -999.9  -999.9  -999.9  -999.9  -999.9
2016 08 20  0026   57620    1560    9  -999.9  -999.9  -999.9  -999.9  -999.9  -999.9
2016 08 20  0027   57620    1620    9  -999.9  -999.9  -999.9  -999.9  -999.9  -999.9
2016 08 20  0028   57620    1680    9  -999.9  -999.9  -999.9  -999.9  -999.9  -999.9
2016 08 20  0029   57620    1740    9  -999.9  -999.9  -999.9  -999.9  -999.9  -999.9
2016 08 20  0030   57620    1800    9  -999.9  -999.9  -999.9  -999.9  -999.9  -999.9
2016 08 20  0031   57620    1860    9  -999.9  -999.9  -999.9  -999.9  -999.9  -999.9
2016 08 20  0032   57620    1920    9  -999.9  -999.9  -999.9  -999.9  -999.9  -999.9
2016 08 20  0033   57620    1980    9  -999.9  -999.9  -999.9  -999.9  -999.9  -999.9
2016 08 20  0034   57620    2040    9  -999.9  -999.9  -999.9  -999.9  -999.9  -999.9
2016 08 20  0035   57620    2100    9  -999.9  -999.9  -999.9  -999.9  -999.9  -999.9
2016 08 20  0036   57620    2160    9  -999.9  -999.9  -999.9  -999.9  -999.9  -999.9
2016 08 20  0037   57620    2220    9  -999.9  -999.9  -999.9  -999.9  -999.9  -999.9
2016 08 20  0038   57620    2280    9  -999.9  -999.9  -999.9  -999.9  -999.9  -999.9
2016 08 20  0039   57620    2340    9  -999.9  -999.9  -999.9  -999.9  -999.9  -999.9
2016 08 20  0040   57620    2400    9  -999.9  -999.9  -999.9  -999.9  -999.9  -999.9
2016 08 20  0041   57620    2460    9  -999.9  -999.9  -999.9  -999.9  -999.9  -999.9
2016 08 20  0042   57620    2520    9  -999.9  -999.9  -999.9  -999.9  -999.9  -999.9
2016 08 20  0043   57620    2580    9  -999.9  -999.9  -999.9  -999.9  -999.9  -999.9
2016 08 20  0044   57620    2640    9  -999.9  -999.9  -999.9  -999.9  -999.9  -999.9
2016 08 20  0045   57620    2700    9  -999.9  -999.9  -999.9  -999.9  -999.9  -999.9
2016 08 20  0046   57620    2760    9  -999.9  -999.9  -999.9  -999.9  -999.9  -999.9
2016 08 20  0047   57620    2820    9  -999.9  -999.9  -999.9  -999.9  -999.9  -999.9
2016 08 20  0048   57620    2880    9  -999.9  -999.9  -999.9  -999.9  -999.9  -999.9
2016 08 20  0049   57620    2940    9  -999.9  -999.9  -999.9  -999.9  -999.9  -999.9
2016 08 20  0050   57620    3000    9  -999.9  -999.9  -999.9  -999.9  -999.9  -999.9
2016 08 20  0051   57620    3060    9  -999.9  -999.9  -999.9  -999.9  -999.9  -999.9
2016 08 20  0052   57620    3120    9  -999.9  -999.9  -999.9  -999.9  -999.9  -999.9
2016 08 20  0053   57620    3180    9  -999.9  -999.9  -999.9  -999.9  -999.9  -999.9
2016 08 20  0054   57620    3240    9  -999.9  -999.9  -999.9  -999.9  -999.9  -999.9
2016 08 20  0055   57620    3300    9  -999.9  -999.9  -999.9  -999.9  -999.9  -999.9
2016 08 20  0056   57620    3360    9  -999.9  -999.9  -999.9  -999.9  -999.9  -999.9
2016 08 20  0057   57620    3420    9  -999.9  -999.9  -999.9  -999.9  -999.9  -999.9
2016 08 20  0058   57620    3480    9  -999.9  -999.9  -999.9  -999.9  -999.9  -999.9
2016 08 20  0059   57620    3540    9  -999.9  -999.9  -999.9  -999.9  -999.9  -999.9
2016 08 20  0100   57620    3600    9  -999.9  -999.9  -999.9  -999.9  -999.9  -999.9
2016 08 20  0101   57620    3660    9  -999.9  -999.9  -999.9  -999.9  -999.9  -999.9
2016 08 20  0102   57620    3720    9  -999.9  -999.9  -999.9  -999.9  -999.9  -999.9
2016 08 20  0103   57620    3780    9  -999.9  -999.9  -999.9  -999.9  -999.9  -999.9
2016 08 20  0104   57620    3840    9  -999.9  -999.9  -999.9  -999.9  -999.9  -999.9
2016 08 20  0105   57620    3900    9  -999.9  -999.9  -999.9  -999.9  -999.9  -999.9
2016 08 20  0106   57620    3960    9  -999.9  -999.9  -999.9  -999.9  -999.9  -999.9
2016 08 20  0107   57620    4020    9  -999.9  -999.9  -999.9  -999.9  -999.9  -999.9
2016 08 20  0108   57620    4080    9  -999.9  -999.9  -999.9  -999.9  -999.9  -999.9
2016 08 20  0109   57620    4140    9  -999.9  -999.9  -999.9  -999.9  -999.9  -999.9
2016 08 20  0110   57620    4200    9  -999.9  -999.9  -999.9  -999.9  -999.9  -999.9
2016 08 20  0111   57620    4260    9  -999.9  -999.9  -999.9  -999.9  -999.9  -999.9
2016 08 20  0112   57620    4320    9  -999.9  -999.9  -999.9  -999.9  -999.9  -999.9
2016 08 20  0113   57620    4380    9  -999.9  -999.9  -999.9  -999.9  -999.9  -999.9
2016 08 20  0114   57620    4440    9  -999.9  -999.9  -999.9  -999.9  -999.9  -999.9
2016 08 20  0115   57620    4500    9  -999.9  -999.9  -999.9  -999.9  -999.9  -999.9
2016 08 20  0116   57620    4560    9  -999.9  -999.9  -999.9  -999.9  -999.9  -999.9
2016 08 20  0117   57620    4620    9  -999.9  -999.9  -999.9  -999.9  -999.9  -999.9
2016 08 20  0118   57620    4680    9  -999.9  -999.9  -999.9  -999.9  -999.9  -999.9
2016 08 20  0119   57620    4740    9  -999.9  -999.9  -999.9  -999.9  -999.9  -999.9
2016 08 20  0120   57620    4800    9  -999.9  -999.9  -999.9  -999.9  -999.9  -999.9
2016 08 20  0121   57620    4860    9  -999.9  -999.9  -999.9  -999.9  -999.9  -999.9
2016 08 20  0122   57620    4920    9  -999.9  -999.9  -999.9  -999.9  -999.9  -999.9
2016 08 20  0123   57620    4980    9  -999.9  -999.9  -999.9  -999.9  -999.9  -999.9
2016 08 20  0124   57620    5040    9  -999.9  -999.9  -999.9  -999.9  -999.9  -999.9
2016 08 20  0125   57620    5100    9  -999.9  -999.9  -999.9  -999.9  -999.9  -999.9
2016 08 20  0126   57620    5160    9  -999.9  -999.9  -999.9  -999.9  -999.9  -999.9
2016 08 20  0127   57620    5220    9  -999.9  -999.9  -999.9  -999.9  -999.9  -999.9
2016 08 20  0128   57620    5280    9  -999.9  -999.9  -999.9  -999.9  -999.9  -999.9
2016 08 20  0129   57620    5340    9  -999.9  -999.9  -999.9  -999.9  -999.9  -999.9
2016 08 20  0130   57620    5400    9  -999.9  -999.9  -999.9  -999.9  -999.9  -999.9
2016 08 20  0131   57620    5460    9  -999.9  -999.9  -999.9  -999.9  -999.9  -999.9
2016 08 20  0132   57620    5520    9  -999.9  -999.9  -999.9  -999.9  -999.9  -999.9
2016 08 20  0133   57620    5580    9  -999.9  -999.9  -999.9  -999.9  -999.9  -999.9
2016 08 20  0134   57620    5640    9  -999.9  -999.9  -999.9  -999.9  -999.9  -999.9
2016 08 20  0135   57620    5700    9  -999.9  -999.9  -999.9  -999.9  -999.9  -999.9
2016 08 20  0136   57620    5760    9  -999.9  -999.9  -999.9  -999.9  -999.9  -999.9
2016 08 20  0137   57620    5820    9  -999.9  -999.9  -999.9  -999.9  -999.9  -999.9
2016 08 20  0138   57620    5880    9  -999.9  -999.9  -999.9  -999.9  -999.9  -999.9
2016 08 20  0139   57620    5940    9  -999.9  -999.9  -999.9  -999.9  -999.9  -999.9
2016 08 20  0140   57620    6000    9  -999.9  -999.9  -999.9  -999.9  -999.9  -999.9
2016 08 20  0141   57620    6060    9  -999.9  -999.9  -999.9  -999.9  -999.9  -999.9
2016 08 20  0142   57620    6120    9  -999.9  -999.9  -999.9  -999.9  -999.9  -999.9
2016 08 20  0143   57620    6180    9  -999.9  -999.9  -999.9  -999.9  -999.9  -999.9
2016 08 20  0144   57620    6240    9  -999.9  -999.9  -999.9  -999.9  -999.9  -999.9
2016 08 20  0145   57620    6300    9  -999.9  -999.9  -999.9  -999.9  -999.9  -999.9
2016 08 20  0146   57620    6360    9  -999.9  -999.9  -999.9  -999.9  -999.9  -999.9
2016 08 20  0147   57620    6420    9  -999.9  -999.9  -999.9  -999.9  -999.9  -999.9
2016 08 20  0148   57620    6480    9  -999.9  -999.9  -999.9  -999.9  -999.9  -999.9
2016 08 20  0149   57620    6540    9  -999.9  -999.9  -999.9  -999.9  -999.9  -999.9
2016 08 20  0150   57620    6600    9  -999.9  -999.9  -999.9  -999.9  -999.9  -999.9
2016 08 20  0151   57620    6660    9  -999.9  -999.9  -999.9  -999.9  -999.9  -999.9
2016 08 20  0152   57620    6720    9  -999.9  -999.9  -999.9  -999.9  -999.9  -999.9
2016 08 20  0153   57620    6780    9  -999.9  -999.9  -999.9  -999.9  -999.9  -999.9
2016 08 20  0154   57620    6840    9  -999.9  -999.9  -999.9  -999.9  -999.9  -999.9
2016 08 20  0155   57620    6900    9  -999.9  -999.9  -999.9  -999.9  -999.9  -999.9
2016 08 20  0156   57620    6960    9  -999.9  -999.9  -999.9  -999.9  -999.9  -999.9
2016 08 20  0157   57620    7020    9  -999.9  -999.9  -999.9  -999.9  -999.9  -999.9
2016 08 20  0158   57620    7080    9  -999.9  -999.9  -999.9  -999.9  -999.9  -999.9
2016 08 20  0159   57620    7140    9  -999.9  -999.9  -999.9  -999.9  -999.9  -999.9
2016 08 20  0200   57620    7200    9  -999.9  -999.9  -999.9  -999.9  -999.9  -999.9
2016 08 20  0201   57620    7260    9  -999.9  -999.9  -999.9  -999.9  -999.9  -999.9
2016 08 20  0202   57620    7320    9  -999.9  -999.9  -999.9  -999.9  -999.9  -999.9
2016 08 20  0203   57620    7380    9  -999.9  -999.9  -999.9  -999.9  -999.9  -999.9
2016 08 20  0204   57620    7440    9  -999.9  -999.9  -999.9  -999.9  -999.9  -999.9
2016 08 20  0205   57620    7500    9  -999.9  -999.9  -999.9  -999.9  -999.9  -999.9
2016 08 20  0206   57620    7560    9  -999.9  -999.9  -999.9  -999.9  -999.9  -999.9
2016 08 20  0207   57620    7620    9  -999.9  -999.9  -999.9  -999.9  -999.9  -999.9
2016 08 20  0208   57620    7680    9  -999.9  -999.9  -999.9  -999.9  -999.9  -999.9
2016 08 20  0209   57620    7740    9  -999.9  -999.9  -999.9  -999.9  -999.9  -999.9
2016 08 20  0210   57620    7800    9  -999.9  -999.9  -999.9  -999.9  -999.9  -999.9
2016 08 20  0211   57620    7860    9  -999.9  -999.9  -999.9  -999.9  -999.9  -999.9
2016 08 20  0212   57620    7920    9  -999.9  -999.9  -999.9  -999.9  -999.9  -999.9
2016 08 20  0213   57620    7980    9  -999.9  -999.9  -999.9  -999.9  -999.9  -999.9
2016 08 20  0214   57620    8040    9  -999.9  -999.9  -999.9  -999.9  -999.9  -999.9
2016 08 20  0215   57620    8100    9  -999.9  -999.9  -999.9  -999.9  -999.9  -999.9
2016 08 20  0216   57620    8160    9  -999.9  -999.9  -999.9  -999.9  -999.9  -999.9
2016 08 20  0217   57620    8220    9  -999.9  -999.9  -999.9  -999.9  -999.9  -999.9
2016 08 20  0218   57620    8280    9  -999.9  -999.9  -999.9  -999.9  -999.9  -999.9
2016 08 20  0219   57620    8340    9  -999.9  -999.9  -999.9  -999.9  -999.9  -999.9
2016 08 20  0220   57620    8400    9  -999.9  -999.9  -999.9  -999.9  -999.9  -999.9
2016 08 20  0221   57620    8460    9  -999.9  -999.9  -999.9  -999.9  -999.9  -999.9
2016 08 20  0222   57620    8520    9  -999.9  -999.9  -999.9  -999.9  -999.9  -999.9
2016 08 20  0223   57620    8580    9  -999.9  -999.9  -999.9  -999.9  -999.9  -999.9
2016 08 20  0224   57620    8640    9  -999.9  -999.9  -999.9  -999.9  -999.9  -999.9
2016 08 20  0225   57620    8700    9  -999.9  -999.9  -999.9  -999.9  -999.9  -999.9
2016 08 20  0226   57620    8760    9  -999.9  -999.9  -999.9  -999.9  -999.9  -999.9
2016 08 20  0227   57620    8820    9  -999.9  -999.9  -999.9  -999.9  -999.9  -999.9
2016 08 20  0228   57620    8880    9  -999.9  -999.9  -999.9  -999.9  -999.9  -999.9
2016 08 20  0229   57620    8940    9  -999.9  -999.9  -999.9  -999.9  -999.9  -999.9
2016 08 20  0230   57620    9000    9  -999.9  -999.9  -999.9  -999.9  -999.9  -999.9
2016 08 20  0231   57620    9060    9  -999.9  -999.9  -999.9  -999.9  -999.9  -999.9
2016 08 20  0232   57620    9120    9  -999.9  -999.9  -999.9  -999.9  -999.9  -999.9
2016 08 20  0233   57620    9180    9  -999.9  -999.9  -999.9  -999.9  -999.9  -999.9
2016 08 20  0234   57620    9240    9  -999.9  -999.9  -999.9  -999.9  -999.9  -999.9
2016 08 20  0235   57620    9300    9  -999.9  -999.9  -999.9  -999.9  -999.9  -999.9
2016 08 20  0236   57620    9360    9  -999.9  -999.9  -999.9  -999.9  -999.9  -999.9
2016 08 20  0237   57620    9420    9  -999.9  -999.9  -999.9  -999.9  -999.9  -999.9
2016 08 20  0238   57620    9480    9  -999.9  -999.9  -999.9  -999.9  -999.9  -999.9
2016 08 20  0239   57620    9540    9  -999.9  -999.9  -999.9  -999.9  -999.9  -999.9
2016 08 20  0240   57620    9600    9  -999.9  -999.9  -999.9  -999.9  -999.9  -999.9
2016 08 20  0241   57620    9660    9  -999.9  -999.9  -999.9  -999.9  -999.9  -999.9
2016 08 20  0242   57620    9720    9  -999.9  -999.9  -999.9  -999.9  -999.9  -999.9
2016 08 20  0243   57620    9780    9  -999.9  -999.9  -999.9  -999.9  -999.9  -999.9
2016 08 20  0244   57620    9840    9  -999.9  -999.9  -999.9  -999.9  -999.9  -999.9
2016 08 20  0245   57620    9900    9  -999.9  -999.9  -999.9  -999.9  -999.9  -999.9
2016 08 20  0246   57620    9960    9  -999.9  -999.9  -999.9  -999.9  -999.9  -999.9
2016 08 20  0247   57620   10020    9  -999.9  -999.9  -999.9  -999.9  -999.9  -999.9
2016 08 20  0248   57620   10080    9  -999.9  -999.9  -999.9  -999.9  -999.9  -999.9
2016 08 20  0249   57620   10140    9  -999.9  -999.9  -999.9  -999.9  -999.9  -999.9
2016 08 20  0250   57620   10200    9  -999.9  -999.9  -999.9  -999.9  -999.9  -999.9
2016 08 20  0251   57620   10260    9  -999.9  -999.9  -999.9  -999.9  -999.9  -999.9
2016 08 20  0252   57620   10320    9  -999.9  -999.9  -999.9  -999.9  -999.9  -999.9
2016 08 20  0253   57620   10380    9  -999.9  -999.9  -999.9  -999.9  -999.9  -999.9
2016 08 20  0254   57620   10440    9  -999.9  -999.9  -999.9  -999.9  -999.9  -999.9
2016 08 20  0255   57620   10500    9  -999.9  -999.9  -999.9  -999.9  -999.9  -999.9
2016 08 20  0256   57620   10560    9  -999.9  -999.9  -999.9  -999.9  -999.9  -999.9
2016 08 20  0257   57620   10620    9  -999.9  -999.9  -999.9  -999.9  -999.9  -999.9
2016 08 20  0258   57620   10680    9  -999.9  -999.9  -999.9  -999.9  -999.9  -999.9
2016 08 20  0259   57620   10740    9  -999.9  -999.9  -999.9  -999.9  -999.9  -999.9
2016 08 20  0300   57620   10800    9  -999.9  -999.9  -999.9  -999.9  -999.9  -999.9
2016 08 20  0301   57620   10860    9  -999.9  -999.9  -999.9  -999.9  -999.9  -999.9
2016 08 20  0302   57620   10920    9  -999.9  -999.9  -999.9  -999.9  -999.9  -999.9
2016 08 20  0303   57620   10980    9  -999.9  -999.9  -999.9  -999.9  -999.9  -999.9
2016 08 20  0304   57620   11040    9  -999.9  -999.9  -999.9  -999.9  -999.9  -999.9
2016 08 20  0305   57620   11100    9  -999.9  -999.9  -999.9  -999.9  -999.9  -999.9
2016 08 20  0306   57620   11160    9  -999.9  -999.9  -999.9  -999.9  -999.9  -999.9
2016 08 20  0307   57620   11220    9  -999.9  -999.9  -999.9  -999.9  -999.9  -999.9
2016 08 20  0308   57620   11280    9  -999.9  -999.9  -999.9  -999.9  -999.9  -999.9
2016 08 20  0309   57620   11340    9  -999.9  -999.9  -999.9  -999.9  -999.9  -999.9
2016 08 20  0310   57620   11400    9  -999.9  -999.9  -999.9  -999.9  -999.9  -999.9
2016 08 20  0311   57620   11460    9  -999.9  -999.9  -999.9  -999.9  -999.9  -999.9
2016 08 20  0312   57620   11520    9  -999.9  -999.9  -999.9  -999.9  -999.9  -999.9
2016 08 20  0313   57620   11580    9  -999.9  -999.9  -999.9  -999.9  -999.9  -999.9
2016 08 20  0314   57620   11640    9  -999.9  -999.9  -999.9  -999.9  -999.9  -999.9
2016 08 20  0315   57620   11700    9  -999.9  -999.9  -999.9  -999.9  -999.9  -999.9
2016 08 20  0316   57620   11760    9  -999.9  -999.9  -999.9  -999.9  -999.9  -999.9
2016 08 20  0317   57620   11820    9  -999.9  -999.9  -999.9  -999.9  -999.9  -999.9
2016 08 20  0318   57620   11880    9  -999.9  -999.9  -999.9  -999.9  -999.9  -999.9
2016 08 20  0319   57620   11940    9  -999.9  -999.9  -999.9  -999.9  -999.9  -999.9
2016 08 20  0320   57620   12000    9  -999.9  -999.9  -999.9  -999.9  -999.9  -999.9
2016 08 20  0321   57620   12060    9  -999.9  -999.9  -999.9  -999.9  -999.9  -999.9
2016 08 20  0322   57620   12120    9  -999.9  -999.9  -999.9  -999.9  -999.9  -999.9
2016 08 20  0323   57620   12180    9  -999.9  -999.9  -999.9  -999.9  -999.9  -999.9
2016 08 20  0324   57620   12240    9  -999.9  -999.9  -999.9  -999.9  -999.9  -999.9
2016 08 20  0325   57620   12300    9  -999.9  -999.9  -999.9  -999.9  -999.9  -999.9
2016 08 20  0326   57620   12360    9  -999.9  -999.9  -999.9  -999.9  -999.9  -999.9
2016 08 20  0327   57620   12420    9  -999.9  -999.9  -999.9  -999.9  -999.9  -999.9
2016 08 20  0328   57620   12480    9  -999.9  -999.9  -999.9  -999.9  -999.9  -999.9
2016 08 20  0329   57620   12540    9  -999.9  -999.9  -999.9  -999.9  -999.9  -999.9
2016 08 20  0330   57620   12600    9  -999.9  -999.9  -999.9  -999.9  -999.9  -999.9
2016 08 20  0331   57620   12660    9  -999.9  -999.9  -999.9  -999.9  -999.9  -999.9
2016 08 20  0332   57620   12720    9  -999.9  -999.9  -999.9  -999.9  -999.9  -999.9
2016 08 20  0333   57620   12780    9  -999.9  -999.9  -999.9  -999.9  -999.9  -999.9
2016 08 20  0334   57620   12840    9  -999.9  -999.9  -999.9  -999.9  -999.9  -999.9
2016 08 20  0335   57620   12900    9  -999.9  -999.9  -999.9  -999.9  -999.9  -999.9
2016 08 20  0336   57620   12960    9  -999.9  -999.9  -999.9  -999.9  -999.9  -999.9
2016 08 20  0337   57620   13020    9  -999.9  -999.9  -999.9  -999.9  -999.9  -999.9
2016 08 20  0338   57620   13080    9  -999.9  -999.9  -999.9  -999.9  -999.9  -999.9
2016 08 20  0339   57620   13140    9  -999.9  -999.9  -999.9  -999.9  -999.9  -999.9
2016 08 20  0340   57620   13200    9  -999.9  -999.9  -999.9  -999.9  -999.9  -999.9
2016 08 20  0341   57620   13260    9  -999.9  -999.9  -999.9  -999.9  -999.9  -999.9
2016 08 20  0342   57620   13320    9  -999.9  -999.9  -999.9  -999.9  -999.9  -999.9
2016 08 20  0343   57620   13380    9  -999.9  -999.9  -999.9  -999.9  -999.9  -999.9
2016 08 20  0344   57620   13440    9  -999.9  -999.9  -999.9  -999.9  -999.9  -999.9
2016 08 20  0345   57620   13500    9  -999.9  -999.9  -999.9  -999.9  -999.9  -999.9
2016 08 20  0346   57620   13560    9  -999.9  -999.9  -999.9  -999.9  -999.9  -999.9
2016 08 20  0347   57620   13620    9  -999.9  -999.9  -999.9  -999.9  -999.9  -999.9
2016 08 20  0348   57620   13680    9  -999.9  -999.9  -999.9  -999.9  -999.9  -999.9
2016 08 20  0349   57620   13740    9  -999.9  -999.9  -999.9  -999.9  -999.9  -999.9
2016 08 20  0350   57620   13800    9  -999.9  -999.9  -999.9  -999.9  -999.9  -999.9
2016 08 20  0351   57620   13860    9  -999.9  -999.9  -999.9  -999.9  -999.9  -999.9
2016 08 20  0352   57620   13920    9  -999.9  -999.9  -999.9  -999.9  -999.9  -999.9
2016 08 20  0353   57620   13980    9  -999.9  -999.9  -999.9  -999.9  -999.9  -999.9
2016 08 20  0354   57620   14040    9  -999.9  -999.9  -999.9  -999.9  -999.9  -999.9
2016 08 20  0355   57620   14100    9  -999.9  -999.9  -999.9  -999.9  -999.9  -999.9
2016 08 20  0356   57620   14160    9  -999.9  -999.9  -999.9  -999.9  -999.9  -999.9
2016 08 20  0357   57620   14220    9  -999.9  -999.9  -999.9  -999.9  -999.9  -999.9
2016 08 20  0358   57620   14280    9  -999.9  -999.9  -999.9  -999.9  -999.9  -999.9
2016 08 20  0359   57620   14340    9  -999.9  -999.9  -999.9  -999.9  -999.9  -999.9
2016 08 20  0400   57620   14400    9  -999.9  -999.9  -999.9  -999.9  -999.9  -999.9
2016 08 20  0401   57620   14460    9  -999.9  -999.9  -999.9  -999.9  -999.9  -999.9
2016 08 20  0402   57620   14520    9  -999.9  -999.9  -999.9  -999.9  -999.9  -999.9
2016 08 20  0403   57620   14580    9  -999.9  -999.9  -999.9  -999.9  -999.9  -999.9
2016 08 20  0404   57620   14640    9  -999.9  -999.9  -999.9  -999.9  -999.9  -999.9
2016 08 20  0405   57620   14700    9  -999.9  -999.9  -999.9  -999.9  -999.9  -999.9
2016 08 20  0406   57620   14760    9  -999.9  -999.9  -999.9  -999.9  -999.9  -999.9
2016 08 20  0407   57620   14820    9  -999.9  -999.9  -999.9  -999.9  -999.9  -999.9
2016 08 20  0408   57620   14880    9  -999.9  -999.9  -999.9  -999.9  -999.9  -999.9
2016 08 20  0409   57620   14940    9  -999.9  -999.9  -999.9  -999.9  -999.9  -999.9
2016 08 20  0410   57620   15000    9  -999.9  -999.9  -999.9  -999.9  -999.9  -999.9
2016 08 20  0411   57620   15060    0    -6.0    -0.1     0.3     6.1     3.2   180.9
2016 08 20  0412   57620   15120    0    -6.0    -0.2     0.5     6.0     5.1   181.6
2016 08 20  0413   57620   15180    0    -5.8    -0.6     1.1     5.9    10.4   186.3
2016 08 20  0414   57620   15240    0    -5.8    -0.7     1.1     5.9    10.4   186.8
2016 08 20  0415   57620   15300    0    -5.8    -0.9     1.1     5.9    11.1   188.6
2016 08 20  0416   57620   15360    0    -5.5    -1.4     1.2     5.8    11.9   194.0
2016 08 20  0417   57620   15420    0    -5.4    -2.1     0.9     5.8     9.0   201.5
2016 08 20  0418   57620   15480    0    -5.2    -2.5     0.9     5.8     9.2   206.0
2016 08 20  0419   57620   15540    0    -5.0    -2.8     1.1     5.8    10.9   209.6
2016 08 20  0420   57620   15600    0    -4.6    -3.3     1.2     5.8    11.8   215.4
2016 08 20  0421   57620   15660    0    -3.9    -3.4     2.4     5.8    24.6   221.2
2016 08 20  0422   57620   15720    0    -3.5    -4.7     1.1     6.0    10.3   233.5
2016 08 20  0423   57620   15780    0    -4.9    -2.2    -1.6     5.6   -17.2   204.5
2016 08 20  0424   57620   15840    0    -5.5    -1.3    -2.0     6.0   -19.6   193.8
2016 08 20  0425   57620   15900    0    -5.7    -1.8    -0.9     6.0    -8.5   198.0
2016 08 20  0426   57620   15960    0    -5.4    -2.1    -0.6     5.8    -5.7   201.5
2016 08 20  0427   57620   16020    0    -5.6    -1.7     0.2     5.9     1.7   196.7
2016 08 20  0428   57620   16080    0    -5.8    -1.6     0.1     6.0     1.2   195.8
2016 08 20  0429   57620   16140    0    -5.8    -1.8     0.3     6.1     3.3   197.2
2016 08 20  0430   57620   16200    0    -5.7    -2.0     0.8     6.1     7.6   199.5
2016 08 20  0431   57620   16260    0    -5.7    -2.3     0.6     6.1     5.4   202.1
2016 08 20  0432   57620   16320    0    -5.0    -3.1     1.1     6.0    10.8   211.3
2016 08 20  0433   57620   16380    0    -3.7    -4.5     0.9     5.9     9.2   230.7
2016 08 20  0434   57620   16440    0    -2.4    -5.3     0.6     5.8     6.2   245.4
2016 08 20  0435   57620   16500    0    -1.6    -5.7    -0.7     6.0    -6.5   253.9
2016 08 20  0436   57620   16560    0    -2.2    -5.9    -0.5     6.3    -4.9   249.4
2016 08 20  0437   57620   16620    0    -1.6    -6.2    -0.1     6.4    -0.9   255.4
2016 08 20  0438   57620   16680    0    -1.4    -6.2     0.5     6.4     4.1   257.2
2016 08 20  0439   57620   16740    0    -1.4    -6.3     0.7     6.4     6.4   257.4
2016 08 20  0440   57620   16800    0    -1.4    -6.2     0.7     6.4     6.6   257.0
2016 08 20  0441   57620   16860    0    -1.7    -6.2     0.2     6.4     1.9   254.6
2016 08 20  0442   57620   16920    0    -1.5    -6.3    -0.3     6.5    -3.1   256.8
2016 08 20  0443   57620   16980    0    -1.7    -6.2    -0.3     6.4    -3.0   255.0
2016 08 20  0444   57620   17040    0    -1.8    -6.3    -0.0     6.5    -0.4   253.9
2016 08 20  0445   57620   17100    0    -2.2    -6.1     0.3     6.5     2.4   250.3
2016 08 20  0446   57620   17160    0    -2.1    -6.2     0.1     6.5     1.1   251.4
2016 08 20  0447   57620   17220    0    -1.7    -6.2     0.7     6.5     6.0   254.8
2016 08 20  0448   57620   17280    0    -1.8    -6.2     0.7     6.5     5.9   253.9
2016 08 20  0449   57620   17340    0    -1.7    -6.4     0.6     6.6     5.3   255.5
2016 08 20  0450   57620   17400    0    -1.8    -6.3     0.5     6.5     4.7   254.3
2016 08 20  0451   57620   17460    0    -1.3    -6.4     1.0     6.7     8.9   258.3
2016 08 20  0452   57620   17520    0    -1.6    -6.4     0.7     6.6     6.2   256.1
2016 08 20  0453   57620   17580    0    -2.2    -6.1    -0.1     6.5    -1.3   250.4
2016 08 20  0454   57620   17640    0    -2.4    -6.2     0.3     6.6     2.6   249.2
2016 08 20  0455   57620   17700    0    -2.1    -6.2     0.7     6.6     5.8   251.7
2016 08 20  0456   57620   17760    0    -2.1    -6.4     0.6     6.8     4.8   252.2
2016 08 20  0457   57620   17820    0    -2.2    -6.5     0.6     6.9     5.1   251.5
2016 08 20  0458   57620   17880    0    -1.9    -6.6     0.4     6.9     3.0   254.3
2016 08 20  0459   57620   17940    0    -1.6    -6.6     1.0     6.9     8.3   256.3
2016 08 20  0500   57620   18000    0    -1.7    -6.5     1.5     6.9    12.6   255.4
2016 08 20  0501   57620   18060    0    -1.5    -6.3     2.1     6.8    18.2   256.6
2016 08 20  0502   57620   18120    0    -1.7    -6.3     1.8     6.8    15.6   254.8
2016 08 20  0503   57620   18180    0    -2.4    -6.3     1.1     6.8     9.1   249.3
2016 08 20  0504   57620   18240    0    -2.3    -6.3     1.0     6.8     8.5   249.8
2016 08 20  0505   57620   18300    0    -1.9    -6.1     1.8     6.6    15.6   252.5
2016 08 20  0506   57620   18360    0    -2.2    -6.3     1.4     6.8    12.2   250.4
2016 08 20  0507   57620   18420    0    -2.4    -6.1     1.7     6.8    14.8   248.8
2016 08 20  0508   57620   18480    0    -2.2    -6.0     2.1     6.7    18.2   250.1
2016 08 20  0509   57620   18540    0    -3.0    -5.7     1.3     6.5    11.6   242.0
2016 08 20  0510   57620   18600    0    -3.4    -5.5     1.1     6.5    10.2   238.3
2016 08 20  0511   57620   18660    0    -3.3    -5.4     1.5     6.5    13.1   238.4
2016 08 20  0512   57620   18720    0    -3.6    -5.3     1.4     6.5    12.8   236.0
2016 08 20  0513   57620   18780    0    -3.4    -5.6     1.5     6.7    13.3   238.6
2016 08 20  0514   57620   18840    0    -3.4    -5.4     1.6     6.5    13.8   237.8
2016 08 20  0515   57620   18900    0    -3.6    -5.3     1.1     6.5    10.2   235.9
2016 08 20  0516   57620   18960    0    -3.9    -5.5     0.6     6.7     4.8   234.5
2016 08 20  0517   57620   19020    0    -3.2    -5.4     1.4     6.5    12.6   239.7
2016 08 20  0518   57620   19080    0    -2.8    -5.8     1.1     6.5     9.9   244.4
2016 08 20  0519   57620   19140    0    -3.1    -5.6     1.4     6.6    12.4   240.6
2016 08 20  0520   57620   19200    0    -3.2    -5.6     1.4     6.6    12.3   240.5
2016 08 20  0521   57620   19260    0    -3.6    -5.2     1.6     6.5    13.8   234.9
2016 08 20  0522   57620   19320    0    -4.0    -5.4     1.5     6.9    12.9   233.9
2016 08 20  0523   57620   19380    0    -4.0    -5.5     0.1     6.8     1.0   234.3
2016 08 20  0524   57620   19440    0    -4.1    -5.5     0.9     6.9     7.2   233.4
2016 08 20  0525   57620   19500    0    -3.9    -5.6     1.3     6.9    10.6   235.3
2016 08 20  0526   57620   19560    0    -3.5    -5.6     1.6     6.8    13.9   238.2
2016 08 20  0527   57620   19620    0    -4.2    -3.5    -0.8     5.6    -8.5   219.6
2016 08 20  0528   57620   19680    0    -5.8    -0.9    -2.9     6.6   -26.3   189.0
2016 08 20  0529   57620   19740    0    -5.3    -2.3    -2.7     6.4   -24.6   203.8
2016 08 20  0530   57620   19800    0    -5.5    -3.2    -1.1     6.4    -9.5   210.3
2016 08 20  0531   57620   19860    0    -5.5    -3.4    -0.8     6.5    -7.1   211.5
2016 08 20  0532   57620   19920    0    -5.8    -2.9    -0.9     6.5    -8.3   206.5
2016 08 20  0533   57620   19980    0    -6.1    -2.1     0.2     6.5     1.7   199.3
2016 08 20  0534   57620   20040    0    -6.0    -2.4    -0.1     6.5    -0.9   201.8
2016 08 20  0535   57620   20100    0    -6.4    -1.3    -0.5     6.6    -4.3   191.7
2016 08 20  0536   57620   20160    0    -6.4    -1.0    -0.2     6.5    -1.9   188.5
2016 08 20  0537   57620   20220    0    -6.4     0.0    -0.0     6.4    -0.4   179.9
2016 08 20  0538   57620   20280    0    -5.1    -3.9    -1.1     6.5    -9.4   217.4
2016 08 20  0539   57620   20340    0    -5.3    -3.6    -0.0     6.5    -0.3   214.2
2016 08 20  0540   57620   20400    0    -5.4    -3.5     0.3     6.5     2.6   212.4
2016 08 20  0541   57620   20460    0    -5.7    -3.2    -0.3     6.5    -2.9   209.2
2016 08 20  0542   57620   20520    0    -5.6    -3.2    -0.2     6.5    -1.9   209.9
2016 08 20  0543   57620   20580    0    -5.4    -3.7     0.1     6.5     1.0   214.2
2016 08 20  0544   57620   20640    0    -5.0    -4.2     0.1     6.5     1.0   219.6
2016 08 20  0545   57620   20700    0    -4.8    -4.4     1.0     6.6     8.8   222.8
2016 08 20  0546   57620   20760    0    -4.1    -4.6     1.9     6.5    16.8   228.7
2016 08 20  0547   57620   20820    0    -3.1    -5.1     2.5     6.5    23.0   238.2
2016 08 20  0548   57620   20880    0    -3.2    -5.2     2.3     6.5    20.9   238.4
2016 08 20  0549   57620   20940    0    -3.5    -5.4     1.0     6.5     8.6   237.5
2016 08 20  0550   57620   21000    0    -3.5    -5.6     0.1     6.6     0.8   238.0
2016 08 20  0551   57620   21060    0    -4.1    -5.1    -0.3     6.5    -3.0   231.6
2016 08 20  0552   57620   21120    0    -4.5    -4.6    -0.7     6.5    -6.4   226.0
2016 08 20  0553   57620   21180    0    -4.4    -4.7    -0.7     6.5    -6.6   226.8
2016 08 20  0554   57620   21240    0    -3.7    -5.3    -1.0     6.5    -8.9   235.1
2016 08 20  0555   57620   21300    0    -3.3    -5.5    -0.6     6.4    -5.1   238.7
2016 08 20  0556   57620   21360    0    -2.6    -6.1    -0.7     6.7    -6.1   246.5
2016 08 20  0557   57620   21420    0    -1.9    -6.5     0.0     6.8     0.4   253.3
2016 08 20  0558   57620   21480    0    -1.8    -6.5     0.5     6.7     4.4   254.7
2016 08 20  0559   57620   21540    0    -1.3    -6.6     0.8     6.8     6.8   258.7
2016 08 20  0600   57620   21600    0    -3.6    -5.3    -0.5     6.4    -4.6   236.0
2016 08 20  0601   57620   21660    0    -4.3    -5.1    -1.1     6.7    -9.2   230.1
2016 08 20  0602   57620   21720    0    -5.2    -4.3    -1.4     6.8   -11.6   219.4
2016 08 20  0603   57620   21780    0    -5.7    -3.1    -1.5     6.6   -12.7   208.2
2016 08 20  0604   57620   21840    0    -5.7    -3.4    -1.3     6.8   -11.3   211.1
2016 08 20  0605   57620   21900    0    -5.7    -3.6    -1.0     6.8    -8.1   212.0
2016 08 20  0606   57620   21960    0    -5.7    -3.8    -0.9     7.0    -7.7   213.6
2016 08 20  0607   57620   22020    0    -5.8    -3.4    -1.0     6.8    -8.3   210.4
2016 08 20  0608   57620   22080    0    -5.7    -3.9    -0.5     6.9    -4.0   214.4
2016 08 20  0609   57620   22140    0    -6.2    -3.2    -0.0     7.0    -0.1   207.1
2016 08 20  0610   57620   22200    0    -6.3    -3.0     0.6     7.0     5.3   205.8
2016 08 20  0611   57620   22260    0    -4.6    -5.1    -0.8     6.9    -7.0   227.8
2016 08 20  0612   57620   22320    0    -4.2    -5.6    -0.5     7.0    -3.7   233.1
2016 08 20  0613   57620   22380    0    -4.6    -5.2    -0.5     7.0    -3.8   228.3
2016 08 20  0614   57620   22440    0    -5.8    -3.4     2.0     7.0    16.4   210.5
2016 08 20  0615   57620   22500    0    -5.4    -3.9     2.2     7.0    18.2   216.1
2016 08 20  0616   57620   22560    0    -5.4    -4.1     2.0     7.1    16.7   217.5
2016 08 20  0617   57620   22620    0    -5.3    -4.3     1.8     7.1    15.0   219.2
2016 08 20  0618   57620   22680    0    -5.3    -4.3     1.9     7.1    15.8   218.9
2016 08 20  0619   57620   22740    0    -5.4    -3.9     2.1     7.1    17.6   215.9
2016 08 20  0620   57620   22800    0    -5.4    -3.9     2.2     7.0    18.6   215.4
2016 08 20  0621   57620   22860    0    -5.2    -4.1     2.4     7.0    19.9   218.7
2016 08 20  0622   57620   22920    0    -5.3    -3.9     2.3     6.9    19.2   216.4
2016 08 20  0623   57620   22980    0    -5.3    -3.7     2.5     6.9    20.9   215.2
2016 08 20  0624   57620   23040    0    -5.4    -3.5     2.4     6.9    20.2   213.0
2016 08 20  0625   57620   23100    0    -5.4    -3.8     2.1     6.9    17.8   214.8
2016 08 20  0626   57620   23160    0    -5.6    -3.5     2.0     6.9    17.0   211.6
2016 08 20  0627   57620   23220    0    -5.6    -3.1     2.0     6.7    17.2   208.8
2016 08 20  0628   57620   23280    0    -4.6    -4.2     1.3     6.4    11.4   222.7
2016 08 20  0629   57620   23340    0    -4.2    -5.2     0.5     6.7     4.2   230.6
2016 08 20  0630   57620   23400    0    -4.5    -4.9     0.6     6.7     5.1   227.4
2016 08 20  0631   57620   23460    0    -4.8    -4.5     0.8     6.6     7.4   222.8
2016 08 20  0632   57620   23520    0    -5.1    -4.1     0.9     6.6     7.6   219.0
2016 08 20  0633   57620   23580    0    -5.1    -4.0     1.1     6.6     9.7   218.1
2016 08 20  0634   57620   23640    0    -5.2    -3.9     1.2     6.6    10.6   216.9
2016 08 20  0635   57620   23700    0    -5.9    -3.2     1.1     6.8     9.6   208.8
2016 08 20  0636   57620   23760    0    -4.1    -5.2     2.2     7.0    18.6   232.3
2016 08 20  0637   57620   23820    0    -4.0    -5.3     2.3     7.0    19.0   232.5
2016 08 20  0638   57620   23880    0    -4.2    -5.3     2.2     7.1    17.8   231.8
2016 08 20  0639   57620   23940    0    -3.9    -5.1     2.6     6.9    22.3   232.9
2016 08 20  0640   57620   24000    0    -4.2    -5.3     1.6     7.0    13.6   231.3
2016 08 20  0641   57620   24060    0    -4.3    -5.2     1.6     7.0    13.4   230.7
2016 08 20  0642   57620   24120    0    -4.2    -5.2     1.2     6.8    10.4   230.8
2016 08 20  0643   57620   24180    0    -4.3    -5.2     1.6     6.9    13.1   230.5
2016 08 20  0644   57620   24240    0    -4.3    -5.0     1.5     6.7    13.1   229.4
2016 08 20  0645   57620   24300    0    -4.5    -4.6     2.1     6.8    18.2   225.1
2016 08 20  0646   57620   24360    0    -4.6    -4.4     2.5     6.8    21.5   223.7
2016 08 20  0647   57620   24420    0    -4.5    -4.7     1.3     6.7    11.4   226.2
2016 08 20  0648   57620   24480    0    -4.5    -4.8     1.3     6.7    11.3   227.4
2016 08 20  0649   57620   24540    0    -4.4    -4.7     1.7     6.7    14.3   226.8
2016 08 20  0650   57620   24600    0    -4.7    -4.5     1.9     6.7    16.0   223.8
2016 08 20  0651   57620   24660    0    -4.7    -4.5     1.6     6.7    14.1   223.3
2016 08 20  0652   57620   24720    0    -4.7    -4.5     1.3     6.6    11.7   223.5
2016 08 20  0653   57620   24780    0    -4.8    -4.4     1.4     6.7    12.4   222.2
2016 08 20  0654   57620   24840    0    -4.4    -4.6     1.9     6.6    16.4   225.9
2016 08 20  0655   57620   24900    0    -3.5    -4.8     3.1     6.7    27.2   233.7
2016 08 20  0656   57620   24960    0    -3.5    -4.8     3.0     6.7    27.0   233.8
2016 08 20  0657   57620   25020    0    -3.6    -4.8     2.8     6.7    24.9   233.2
2016 08 20  0658   57620   25080    0    -3.3    -4.8     3.3     6.7    29.1   235.4
2016 08 20  0659   57620   25140    0    -2.6    -5.1     3.5     6.7    31.1   242.7
2016 08 20  0700   57620   25200    0    -3.8    -4.7     2.7     6.6    23.9   231.0
2016 08 20  0701   57620   25260    0    -3.8    -4.7     2.9     6.7    25.4   231.3
2016 08 20  0702   57620   25320    0    -4.6    -4.3     2.4     6.7    20.8   223.4
2016 08 20  0703   57620   25380    0    -4.9    -3.7     2.5     6.7    22.5   216.4
2016 08 20  0704   57620   25440    0    -5.0    -3.5     2.9     6.7    25.2   215.2
2016 08 20  0705   57620   25500    0    -4.8    -3.5     3.0     6.6    26.5   216.2
2016 08 20  0706   57620   25560    0    -4.6    -3.7     3.1     6.7    28.0   219.0
2016 08 20  0707   57620   25620    0    -4.4    -4.1     2.8     6.6    25.1   223.0
2016 08 20  0708   57620   25680    0    -4.4    -4.5     2.3     6.6    20.1   225.7
2016 08 20  0709   57620   25740    0    -4.5    -4.0     3.1     6.7    27.5   221.6
2016 08 20  0710   57620   25800    0    -4.8    -3.6     3.0     6.7    26.5   216.9
2016 08 20  0711   57620   25860    0    -4.8    -3.8     2.8     6.7    24.4   218.4
2016 08 20  0712   57620   25920    0    -5.0    -2.8     3.5     6.7    31.3   209.8
2016 08 20  0713   57620   25980    0    -5.0    -2.9     3.4     6.7    30.6   209.9
2016 08 20  0714   57620   26040    0    -3.8    -4.2     3.5     6.7    31.7   227.8
2016 08 20  0715   57620   26100    0    -4.4    -3.6     3.6     6.7    32.9   219.3
2016 08 20  0716   57620   26160    0    -4.0    -4.0     3.6     6.7    32.7   225.4
2016 08 20  0717   57620   26220    0    -4.3    -3.8     3.4     6.7    30.6   220.9
2016 08 20  0718   57620   26280    0    -4.3    -3.6     3.6     6.7    32.6   219.9
2016 08 20  0719   57620   26340    0    -4.0    -3.2     4.3     6.7    40.2   219.2
2016 08 20  0720   57620   26400    0    -4.3    -3.1     4.0     6.7    36.9   215.4
2016 08 20  0721   57620   26460    0    -4.7    -3.1     3.5     6.6    31.3   213.3
2016 08 20  0722   57620   26520    0    -5.0    -3.5     2.7     6.7    23.9   215.6
2016 08 20  0723   57620   26580    0    -5.0    -3.2     2.9     6.6    26.3   212.1
2016 08 20  0724   57620   26640    0    -5.2    -2.7     3.1     6.6    28.1   207.1
2016 08 20  0725   57620   26700    0    -5.2    -2.5     3.2     6.6    28.4   205.9
2016 08 20  0726   57620   26760    0    -4.6    -4.0     2.6     6.6    22.9   220.8
2016 08 20  0727   57620   26820    0    -4.6    -3.9     2.8     6.7    24.8   220.4
2016 08 20  0728   57620   26880    0    -4.5    -3.8     3.0     6.6    26.6   219.8
2016 08 20  0729   57620   26940    0    -4.7    -3.6     2.9     6.6    26.4   217.0
2016 08 20  0730   57620   27000    0    -4.8    -3.6     2.9     6.7    25.7   216.3
2016 08 20  0731   57620   27060    0    -4.7    -3.2     3.5     6.6    31.6   214.1
2016 08 20  0732   57620   27120    0    -4.8    -3.3     3.2     6.6    28.7   214.6
2016 08 20  0733   57620   27180    0    -5.0    -3.4     2.5     6.6    22.8   214.3
2016 08 20  0734   57620   27240    0    -5.0    -3.2     2.9     6.6    26.3   213.0
2016 08 20  0735   57620   27300    0    -5.3    -3.6     1.4     6.6    12.6   214.5
2016 08 20  0736   57620   27360    0    -5.5    -3.5     1.4     6.6    11.8   212.8
2016 08 20  0737   57620   27420    0    -5.4    -3.3     1.9     6.6    16.4   211.6
2016 08 20  0738   57620   27480    0    -5.3    -2.9     2.6     6.6    23.4   208.3
2016 08 20  0739   57620   27540    0    -5.3    -2.3     3.1     6.5    28.3   204.0
2016 08 20  0740   57620   27600    0    -5.4    -2.2     3.0     6.5    27.7   202.1
2016 08 20  0741   57620   27660    0    -5.4    -2.0     3.1     6.6    28.0   199.9
2016 08 20  0742   57620   27720    0    -5.6    -2.0     2.8     6.6    25.4   200.2
2016 08 20  0743   57620   27780    0    -5.5    -1.7     3.2     6.6    29.0   197.3
2016 08 20  0744   57620   27840    0    -5.5    -1.4     3.1     6.5    28.3   193.8
2016 08 20  0745   57620   27900    0    -5.6    -1.5     2.9     6.5    26.8   195.4
2016 08 20  0746   57620   27960    0    -5.5    -1.6     2.9     6.4    26.7   196.1
2016 08 20  0747   57620   28020    0    -5.5    -1.5     3.0     6.4    28.2   195.0
2016 08 20  0748   57620   28080    0    -5.6    -1.3     2.8     6.4    25.9   193.0
2016 08 20  0749   57620   28140    0    -5.7    -1.1     2.9     6.4    26.4   190.8
2016 08 20  0750   57620   28200    0    -5.6    -1.0     3.0     6.4    27.5   190.4
2016 08 20  0751   57620   28260    0    -5.6    -1.0     3.0     6.4    28.2   189.7
2016 08 20  0752   57620   28320    0    -5.7    -1.5     2.4     6.4    22.1   195.1
2016 08 20  0753   57620   28380    0    -5.9    -2.5     1.2     6.5    10.8   203.4
2016 08 20  0754   57620   28440    0    -5.6    -3.3     0.3     6.5     3.0   210.5
2016 08 20  0755   57620   28500    0    -5.7    -2.9     0.4     6.4     3.1   206.9
2016 08 20  0756   57620   28560    0    -5.9    -2.6     0.5     6.5     4.3   203.2
2016 08 20  0757   57620   28620    0    -6.0    -2.1     0.7     6.5     6.6   199.5
2016 08 20  0758   57620   28680    0    -6.0    -1.3     2.0     6.5    17.8   191.8
2016 08 20  0759   57620   28740    0    -5.9    -0.8     2.5     6.5    22.9   187.6
2016 08 20  0800   57620   28800    0    -5.9    -0.9     2.5     6.5    22.4   188.2
2016 08 20  0801   57620   28860    0    -6.0    -0.9     2.4     6.5    21.5   188.4
2016 08 20  0802   57620   28920    0    -6.0    -0.8     2.3     6.5    20.9   187.2
2016 08 20  0803   57620   28980    0    -6.1    -0.8     2.1     6.5    19.4   188.0
2016 08 20  0804   57620   29040    0    -6.1    -1.0     1.8     6.4    16.3   189.4
2016 08 20  0805   57620   29100    0    -6.2    -1.0     1.3     6.4    11.6   188.8
2016 08 20  0806   57620   29160    0    -6.2    -0.9     1.3     6.4    11.7   188.6
2016 08 20  0807   57620   29220    0    -6.2    -0.9     1.2     6.4    10.9   188.7
2016 08 20  0808   57620   29280    0    -6.2    -1.0     1.2     6.3    10.6   189.3
2016 08 20  0809   57620   29340    0    -6.2    -1.1     1.0     6.4     9.1   190.2
2016 08 20  0810   57620   29400    0    -6.1    -1.1     1.2     6.3    11.2   190.6
2016 08 20  0811   57620   29460    0    -6.1    -1.0     1.0     6.3     8.9   189.4
2016 08 20  0812   57620   29520    0    -6.1    -1.0     0.8     6.2     7.6   189.1
2016 08 20  0813   57620   29580    0    -6.2    -0.9     0.9     6.3     8.5   188.0
2016 08 20  0814   57620   29640    0    -6.2    -0.9     0.6     6.3     5.7   188.3
2016 08 20  0815   57620   29700    0    -6.2    -0.9     0.3     6.3     2.6   187.9
2016 08 20  0816   57620   29760    0    -6.2    -0.8     0.2     6.3     1.8   186.9
2016 08 20  0817   57620   29820    0    -6.3    -0.8     0.2     6.3     2.0   187.6
2016 08 20  0818   57620   29880    0    -6.3    -0.8     0.1     6.3     1.1   187.0
2016 08 20  0819   57620   29940    0    -6.4    -0.8    -0.0     6.4    -0.2   187.0
2016 08 20  0820   57620   30000    0    -6.3    -0.6     0.0     6.3     0.3   185.1
2016 08 20  0821   57620   30060    0    -6.3    -0.7    -0.1     6.3    -1.3   186.6
2016 08 20  0822   57620   30120    0    -6.2    -0.7    -0.1     6.3    -0.9   186.3
2016 08 20  0823   57620   30180    0    -6.2    -0.9    -0.2     6.3    -2.2   187.9
2016 08 20  0824   57620   30240    0    -6.2    -1.0    -0.2     6.3    -2.2   188.9
2016 08 20  0825   57620   30300    0    -6.2    -1.0    -0.3     6.3    -3.1   189.0
2016 08 20  0826   57620   30360    0    -6.2    -0.8    -0.2     6.2    -2.3   187.7
2016 08 20  0827   57620   30420    0    -6.2    -0.9    -0.3     6.2    -3.1   188.4
2016 08 20  0828   57620   30480    0    -5.9    -1.2    -1.3     6.1   -12.2   191.1
2016 08 20  0829   57620   30540    0    -6.1    -0.9    -0.6     6.2    -6.0   188.8
2016 08 20  0830   57620   30600    0    -6.1    -0.9    -1.0     6.2    -9.6   188.9
2016 08 20  0831   57620   30660    0    -6.1    -0.7    -1.0     6.2    -9.1   186.9
2016 08 20  0832   57620   30720    0    -6.1    -0.6    -0.8     6.2    -7.5   186.0
2016 08 20  0833   57620   30780    0    -6.0    -0.5    -1.8     6.3   -16.9   184.5
2016 08 20  0834   57620   30840    0    -6.0    -0.1    -1.8     6.3   -17.0   181.4
2016 08 20  0835   57620   30900    0    -6.0    -0.3    -1.6     6.2   -15.0   182.6
2016 08 20  0836   57620   30960    0    -5.9    -0.7    -1.2     6.1   -11.6   186.7
2016 08 20  0837   57620   31020    0    -5.8    -0.6    -1.2     6.0   -12.0   185.7
2016 08 20  0838   57620   31080    0    -5.9    -0.3    -1.1     6.0   -10.2   183.0
2016 08 20  0839   57620   31140    0    -6.0    -0.3    -0.9     6.1    -8.5   182.4
2016 08 20  0840   57620   31200    0    -6.0    -0.3    -1.0     6.1    -9.1   183.1
2016 08 20  0841   57620   31260    0    -6.0    -0.4    -1.0     6.1    -9.2   183.9
2016 08 20  0842   57620   31320    0    -6.0    -0.7    -0.4     6.1    -4.0   186.7
2016 08 20  0843   57620   31380    0    -6.1    -1.0    -0.1     6.2    -0.9   189.2
2016 08 20  0844   57620   31440    0    -6.1     0.2    -1.4     6.3   -13.2   178.6
2016 08 20  0845   57620   31500    0    -6.1     0.5    -1.7     6.4   -15.2   175.2
2016 08 20  0846   57620   31560    0    -6.1     0.3    -1.9     6.4   -17.2   177.2
2016 08 20  0847   57620   31620    0    -6.1     0.3    -2.0     6.4   -18.1   177.4
2016 08 20  0848   57620   31680    0    -6.1     0.3    -1.9     6.4   -17.6   177.3
2016 08 20  0849   57620   31740    0    -6.1     0.3    -1.9     6.4   -17.0   177.0
2016 08 20  0850   57620   31800    0    -6.1     0.3    -1.6     6.4   -14.7   176.9
2016 08 20  0851   57620   31860    0    -6.0     0.3    -2.1     6.4   -19.7   176.9
2016 08 20  0852   57620   31920    0    -5.9     0.4    -2.3     6.3   -20.9   176.2
2016 08 20  0853   57620   31980    0    -5.8     0.5    -2.5     6.3   -23.2   174.9
2016 08 20  0854   57620   32040    0    -5.7     0.5    -2.6     6.3   -24.8   175.0
2016 08 20  0855   57620   32100    0    -5.8     0.2    -2.6     6.3   -24.1   178.1
2016 08 20  0856   57620   32160    0    -5.8     0.2    -2.4     6.3   -22.6   178.0
2016 08 20  0857   57620   32220    0    -5.9     0.4    -2.3     6.4   -20.9   175.7
2016 08 20  0858   57620   32280    0    -6.1     0.1    -1.9     6.4   -17.3   179.4
2016 08 20  0859   57620   32340    0    -6.2    -0.1    -1.3     6.3   -11.7   180.6
