:Data_list: 20160908_ace_swepam_1m.txt
:Created: 2016 Sep 08 0901 UT
# Prepared by the U.S. Dept. of Commerce, NOAA, Space Weather Prediction Center
# Please send comments and suggestions to SWPC.Webmaster@noaa.gov 
# 
# Units: Proton density p/cc
# Units: Bulk speed km/s
# Units: Ion tempeture degrees K
# Status(S): 0 = nominal data, 1 to 8 = bad data record, 9 = no data
# Missing data values: Density and Speed = -9999.9, Temp. = -1.00e+05
# Source: ACE Satellite - Solar Wind Electron Proton Alpha Monitor
#
#   1-minute averaged Real-time Bulk Parameters of the Solar Wind Plasma
# 
#                Modified Seconds   -------------  Solar Wind  -----------
# UT Date   Time  Julian  of the          Proton      Bulk         Ion
# YR MO DA  HHMM    Day     Day     S    Density     Speed     Temperature
#-------------------------------------------------------------------------
2016 09 08  0000   57639       0    9    -9999.9    -9999.9    -1.00e+05
2016 09 08  0001   57639      60    9    -9999.9    -9999.9    -1.00e+05
2016 09 08  0002   57639     120    9    -9999.9    -9999.9    -1.00e+05
2016 09 08  0003   57639     180    9    -9999.9    -9999.9    -1.00e+05
2016 09 08  0004   57639     240    9    -9999.9    -9999.9    -1.00e+05
2016 09 08  0005   57639     300    9    -9999.9    -9999.9    -1.00e+05
2016 09 08  0006   57639     360    9    -9999.9    -9999.9    -1.00e+05
2016 09 08  0007   57639     420    9    -9999.9    -9999.9    -1.00e+05
2016 09 08  0008   57639     480    9    -9999.9    -9999.9    -1.00e+05
2016 09 08  0009   57639     540    9    -9999.9    -9999.9    -1.00e+05
2016 09 08  0010   57639     600    9    -9999.9    -9999.9    -1.00e+05
2016 09 08  0011   57639     660    9    -9999.9    -9999.9    -1.00e+05
2016 09 08  0012   57639     720    9    -9999.9    -9999.9    -1.00e+05
2016 09 08  0013   57639     780    9    -9999.9    -9999.9    -1.00e+05
2016 09 08  0014   57639     840    9    -9999.9    -9999.9    -1.00e+05
2016 09 08  0015   57639     900    9    -9999.9    -9999.9    -1.00e+05
2016 09 08  0016   57639     960    9    -9999.9    -9999.9    -1.00e+05
2016 09 08  0017   57639    1020    9    -9999.9    -9999.9    -1.00e+05
2016 09 08  0018   57639    1080    9    -9999.9    -9999.9    -1.00e+05
2016 09 08  0019   57639    1140    9    -9999.9    -9999.9    -1.00e+05
2016 09 08  0020   57639    1200    9    -9999.9    -9999.9    -1.00e+05
2016 09 08  0021   57639    1260    9    -9999.9    -9999.9    -1.00e+05
2016 09 08  0022   57639    1320    9    -9999.9    -9999.9    -1.00e+05
2016 09 08  0023   57639    1380    9    -9999.9    -9999.9    -1.00e+05
2016 09 08  0024   57639    1440    9    -9999.9    -9999.9    -1.00e+05
2016 09 08  0025   57639    1500    9    -9999.9    -9999.9    -1.00e+05
2016 09 08  0026   57639    1560    9    -9999.9    -9999.9    -1.00e+05
2016 09 08  0027   57639    1620    9    -9999.9    -9999.9    -1.00e+05
2016 09 08  0028   57639    1680    9    -9999.9    -9999.9    -1.00e+05
2016 09 08  0029   57639    1740    9    -9999.9    -9999.9    -1.00e+05
2016 09 08  0030   57639    1800    9    -9999.9    -9999.9    -1.00e+05
2016 09 08  0031   57639    1860    9    -9999.9    -9999.9    -1.00e+05
2016 09 08  0032   57639    1920    9    -9999.9    -9999.9    -1.00e+05
2016 09 08  0033   57639    1980    9    -9999.9    -9999.9    -1.00e+05
2016 09 08  0034   57639    2040    9    -9999.9    -9999.9    -1.00e+05
2016 09 08  0035   57639    2100    9    -9999.9    -9999.9    -1.00e+05
2016 09 08  0036   57639    2160    9    -9999.9    -9999.9    -1.00e+05
2016 09 08  0037   57639    2220    9    -9999.9    -9999.9    -1.00e+05
2016 09 08  0038   57639    2280    9    -9999.9    -9999.9    -1.00e+05
2016 09 08  0039   57639    2340    9    -9999.9    -9999.9    -1.00e+05
2016 09 08  0040   57639    2400    9    -9999.9    -9999.9    -1.00e+05
2016 09 08  0041   57639    2460    9    -9999.9    -9999.9    -1.00e+05
2016 09 08  0042   57639    2520    9    -9999.9    -9999.9    -1.00e+05
2016 09 08  0043   57639    2580    9    -9999.9    -9999.9    -1.00e+05
2016 09 08  0044   57639    2640    9    -9999.9    -9999.9    -1.00e+05
2016 09 08  0045   57639    2700    9    -9999.9    -9999.9    -1.00e+05
2016 09 08  0046   57639    2760    9    -9999.9    -9999.9    -1.00e+05
2016 09 08  0047   57639    2820    9    -9999.9    -9999.9    -1.00e+05
2016 09 08  0048   57639    2880    9    -9999.9    -9999.9    -1.00e+05
2016 09 08  0049   57639    2940    9    -9999.9    -9999.9    -1.00e+05
2016 09 08  0050   57639    3000    9    -9999.9    -9999.9    -1.00e+05
2016 09 08  0051   57639    3060    9    -9999.9    -9999.9    -1.00e+05
2016 09 08  0052   57639    3120    9    -9999.9    -9999.9    -1.00e+05
2016 09 08  0053   57639    3180    9    -9999.9    -9999.9    -1.00e+05
2016 09 08  0054   57639    3240    9    -9999.9    -9999.9    -1.00e+05
2016 09 08  0055   57639    3300    9    -9999.9    -9999.9    -1.00e+05
2016 09 08  0056   57639    3360    9    -9999.9    -9999.9    -1.00e+05
2016 09 08  0057   57639    3420    9    -9999.9    -9999.9    -1.00e+05
2016 09 08  0058   57639    3480    9    -9999.9    -9999.9    -1.00e+05
2016 09 08  0059   57639    3540    9    -9999.9    -9999.9    -1.00e+05
2016 09 08  0100   57639    3600    9    -9999.9    -9999.9    -1.00e+05
2016 09 08  0101   57639    3660    9    -9999.9    -9999.9    -1.00e+05
2016 09 08  0102   57639    3720    9    -9999.9    -9999.9    -1.00e+05
2016 09 08  0103   57639    3780    9    -9999.9    -9999.9    -1.00e+05
2016 09 08  0104   57639    3840    9    -9999.9    -9999.9    -1.00e+05
2016 09 08  0105   57639    3900    9    -9999.9    -9999.9    -1.00e+05
2016 09 08  0106   57639    3960    9    -9999.9    -9999.9    -1.00e+05
2016 09 08  0107   57639    4020    9    -9999.9    -9999.9    -1.00e+05
2016 09 08  0108   57639    4080    9    -9999.9    -9999.9    -1.00e+05
2016 09 08  0109   57639    4140    9    -9999.9    -9999.9    -1.00e+05
2016 09 08  0110   57639    4200    9    -9999.9    -9999.9    -1.00e+05
2016 09 08  0111   57639    4260    9    -9999.9    -9999.9    -1.00e+05
2016 09 08  0112   57639    4320    9    -9999.9    -9999.9    -1.00e+05
2016 09 08  0113   57639    4380    9    -9999.9    -9999.9    -1.00e+05
2016 09 08  0114   57639    4440    9    -9999.9    -9999.9    -1.00e+05
2016 09 08  0115   57639    4500    9    -9999.9    -9999.9    -1.00e+05
2016 09 08  0116   57639    4560    9    -9999.9    -9999.9    -1.00e+05
2016 09 08  0117   57639    4620    9    -9999.9    -9999.9    -1.00e+05
2016 09 08  0118   57639    4680    9    -9999.9    -9999.9    -1.00e+05
2016 09 08  0119   57639    4740    9    -9999.9    -9999.9    -1.00e+05
2016 09 08  0120   57639    4800    9    -9999.9    -9999.9    -1.00e+05
2016 09 08  0121   57639    4860    9    -9999.9    -9999.9    -1.00e+05
2016 09 08  0122   57639    4920    9    -9999.9    -9999.9    -1.00e+05
2016 09 08  0123   57639    4980    9    -9999.9    -9999.9    -1.00e+05
2016 09 08  0124   57639    5040    9    -9999.9    -9999.9    -1.00e+05
2016 09 08  0125   57639    5100    9    -9999.9    -9999.9    -1.00e+05
2016 09 08  0126   57639    5160    9    -9999.9    -9999.9    -1.00e+05
2016 09 08  0127   57639    5220    9    -9999.9    -9999.9    -1.00e+05
2016 09 08  0128   57639    5280    9    -9999.9    -9999.9    -1.00e+05
2016 09 08  0129   57639    5340    9    -9999.9    -9999.9    -1.00e+05
2016 09 08  0130   57639    5400    9    -9999.9    -9999.9    -1.00e+05
2016 09 08  0131   57639    5460    9    -9999.9    -9999.9    -1.00e+05
2016 09 08  0132   57639    5520    9    -9999.9    -9999.9    -1.00e+05
2016 09 08  0133   57639    5580    9    -9999.9    -9999.9    -1.00e+05
2016 09 08  0134   57639    5640    9    -9999.9    -9999.9    -1.00e+05
2016 09 08  0135   57639    5700    9    -9999.9    -9999.9    -1.00e+05
2016 09 08  0136   57639    5760    9    -9999.9    -9999.9    -1.00e+05
2016 09 08  0137   57639    5820    9    -9999.9    -9999.9    -1.00e+05
2016 09 08  0138   57639    5880    9    -9999.9    -9999.9    -1.00e+05
2016 09 08  0139   57639    5940    9    -9999.9    -9999.9    -1.00e+05
2016 09 08  0140   57639    6000    9    -9999.9    -9999.9    -1.00e+05
2016 09 08  0141   57639    6060    9    -9999.9    -9999.9    -1.00e+05
2016 09 08  0142   57639    6120    9    -9999.9    -9999.9    -1.00e+05
2016 09 08  0143   57639    6180    9    -9999.9    -9999.9    -1.00e+05
2016 09 08  0144   57639    6240    9    -9999.9    -9999.9    -1.00e+05
2016 09 08  0145   57639    6300    9    -9999.9    -9999.9    -1.00e+05
2016 09 08  0146   57639    6360    9    -9999.9    -9999.9    -1.00e+05
2016 09 08  0147   57639    6420    9    -9999.9    -9999.9    -1.00e+05
2016 09 08  0148   57639    6480    9    -9999.9    -9999.9    -1.00e+05
2016 09 08  0149   57639    6540    9    -9999.9    -9999.9    -1.00e+05
2016 09 08  0150   57639    6600    9    -9999.9    -9999.9    -1.00e+05
2016 09 08  0151   57639    6660    9    -9999.9    -9999.9    -1.00e+05
2016 09 08  0152   57639    6720    9    -9999.9    -9999.9    -1.00e+05
2016 09 08  0153   57639    6780    9    -9999.9    -9999.9    -1.00e+05
2016 09 08  0154   57639    6840    9    -9999.9    -9999.9    -1.00e+05
2016 09 08  0155   57639    6900    9    -9999.9    -9999.9    -1.00e+05
2016 09 08  0156   57639    6960    9    -9999.9    -9999.9    -1.00e+05
2016 09 08  0157   57639    7020    9    -9999.9    -9999.9    -1.00e+05
2016 09 08  0158   57639    7080    9    -9999.9    -9999.9    -1.00e+05
2016 09 08  0159   57639    7140    9    -9999.9    -9999.9    -1.00e+05
2016 09 08  0200   57639    7200    9    -9999.9    -9999.9    -1.00e+05
2016 09 08  0201   57639    7260    9    -9999.9    -9999.9    -1.00e+05
2016 09 08  0202   57639    7320    9    -9999.9    -9999.9    -1.00e+05
2016 09 08  0203   57639    7380    9    -9999.9    -9999.9    -1.00e+05
2016 09 08  0204   57639    7440    9    -9999.9    -9999.9    -1.00e+05
2016 09 08  0205   57639    7500    9    -9999.9    -9999.9    -1.00e+05
2016 09 08  0206   57639    7560    9    -9999.9    -9999.9    -1.00e+05
2016 09 08  0207   57639    7620    9    -9999.9    -9999.9    -1.00e+05
2016 09 08  0208   57639    7680    9    -9999.9    -9999.9    -1.00e+05
2016 09 08  0209   57639    7740    9    -9999.9    -9999.9    -1.00e+05
2016 09 08  0210   57639    7800    9    -9999.9    -9999.9    -1.00e+05
2016 09 08  0211   57639    7860    9    -9999.9    -9999.9    -1.00e+05
2016 09 08  0212   57639    7920    9    -9999.9    -9999.9    -1.00e+05
2016 09 08  0213   57639    7980    9    -9999.9    -9999.9    -1.00e+05
2016 09 08  0214   57639    8040    9    -9999.9    -9999.9    -1.00e+05
2016 09 08  0215   57639    8100    9    -9999.9    -9999.9    -1.00e+05
2016 09 08  0216   57639    8160    9    -9999.9    -9999.9    -1.00e+05
2016 09 08  0217   57639    8220    9    -9999.9    -9999.9    -1.00e+05
2016 09 08  0218   57639    8280    9    -9999.9    -9999.9    -1.00e+05
2016 09 08  0219   57639    8340    9    -9999.9    -9999.9    -1.00e+05
2016 09 08  0220   57639    8400    9    -9999.9    -9999.9    -1.00e+05
2016 09 08  0221   57639    8460    9    -9999.9    -9999.9    -1.00e+05
2016 09 08  0222   57639    8520    9    -9999.9    -9999.9    -1.00e+05
2016 09 08  0223   57639    8580    9    -9999.9    -9999.9    -1.00e+05
2016 09 08  0224   57639    8640    9    -9999.9    -9999.9    -1.00e+05
2016 09 08  0225   57639    8700    9    -9999.9    -9999.9    -1.00e+05
2016 09 08  0226   57639    8760    9    -9999.9    -9999.9    -1.00e+05
2016 09 08  0227   57639    8820    9    -9999.9    -9999.9    -1.00e+05
2016 09 08  0228   57639    8880    9    -9999.9    -9999.9    -1.00e+05
2016 09 08  0229   57639    8940    9    -9999.9    -9999.9    -1.00e+05
2016 09 08  0230   57639    9000    9    -9999.9    -9999.9    -1.00e+05
2016 09 08  0231   57639    9060    9    -9999.9    -9999.9    -1.00e+05
2016 09 08  0232   57639    9120    9    -9999.9    -9999.9    -1.00e+05
2016 09 08  0233   57639    9180    9    -9999.9    -9999.9    -1.00e+05
2016 09 08  0234   57639    9240    9    -9999.9    -9999.9    -1.00e+05
2016 09 08  0235   57639    9300    9    -9999.9    -9999.9    -1.00e+05
2016 09 08  0236   57639    9360    9    -9999.9    -9999.9    -1.00e+05
2016 09 08  0237   57639    9420    9    -9999.9    -9999.9    -1.00e+05
2016 09 08  0238   57639    9480    9    -9999.9    -9999.9    -1.00e+05
2016 09 08  0239   57639    9540    9    -9999.9    -9999.9    -1.00e+05
2016 09 08  0240   57639    9600    9    -9999.9    -9999.9    -1.00e+05
2016 09 08  0241   57639    9660    9    -9999.9    -9999.9    -1.00e+05
2016 09 08  0242   57639    9720    9    -9999.9    -9999.9    -1.00e+05
2016 09 08  0243   57639    9780    9    -9999.9    -9999.9    -1.00e+05
2016 09 08  0244   57639    9840    9    -9999.9    -9999.9    -1.00e+05
2016 09 08  0245   57639    9900    9    -9999.9    -9999.9    -1.00e+05
2016 09 08  0246   57639    9960    9    -9999.9    -9999.9    -1.00e+05
2016 09 08  0247   57639   10020    9    -9999.9    -9999.9    -1.00e+05
2016 09 08  0248   57639   10080    9    -9999.9    -9999.9    -1.00e+05
2016 09 08  0249   57639   10140    9    -9999.9    -9999.9    -1.00e+05
2016 09 08  0250   57639   10200    9    -9999.9    -9999.9    -1.00e+05
2016 09 08  0251   57639   10260    9    -9999.9    -9999.9    -1.00e+05
2016 09 08  0252   57639   10320    9    -9999.9    -9999.9    -1.00e+05
2016 09 08  0253   57639   10380    9    -9999.9    -9999.9    -1.00e+05
2016 09 08  0254   57639   10440    9    -9999.9    -9999.9    -1.00e+05
2016 09 08  0255   57639   10500    9    -9999.9    -9999.9    -1.00e+05
2016 09 08  0256   57639   10560    9    -9999.9    -9999.9    -1.00e+05
2016 09 08  0257   57639   10620    9    -9999.9    -9999.9    -1.00e+05
2016 09 08  0258   57639   10680    9    -9999.9    -9999.9    -1.00e+05
2016 09 08  0259   57639   10740    9    -9999.9    -9999.9    -1.00e+05
2016 09 08  0300   57639   10800    9    -9999.9    -9999.9    -1.00e+05
2016 09 08  0301   57639   10860    9    -9999.9    -9999.9    -1.00e+05
2016 09 08  0302   57639   10920    9    -9999.9    -9999.9    -1.00e+05
2016 09 08  0303   57639   10980    9    -9999.9    -9999.9    -1.00e+05
2016 09 08  0304   57639   11040    9    -9999.9    -9999.9    -1.00e+05
2016 09 08  0305   57639   11100    9    -9999.9    -9999.9    -1.00e+05
2016 09 08  0306   57639   11160    9    -9999.9    -9999.9    -1.00e+05
2016 09 08  0307   57639   11220    9    -9999.9    -9999.9    -1.00e+05
2016 09 08  0308   57639   11280    9    -9999.9    -9999.9    -1.00e+05
2016 09 08  0309   57639   11340    9    -9999.9    -9999.9    -1.00e+05
2016 09 08  0310   57639   11400    9    -9999.9    -9999.9    -1.00e+05
2016 09 08  0311   57639   11460    9    -9999.9    -9999.9    -1.00e+05
2016 09 08  0312   57639   11520    9    -9999.9    -9999.9    -1.00e+05
2016 09 08  0313   57639   11580    9    -9999.9    -9999.9    -1.00e+05
2016 09 08  0314   57639   11640    9    -9999.9    -9999.9    -1.00e+05
2016 09 08  0315   57639   11700    9    -9999.9    -9999.9    -1.00e+05
2016 09 08  0316   57639   11760    9    -9999.9    -9999.9    -1.00e+05
2016 09 08  0317   57639   11820    9    -9999.9    -9999.9    -1.00e+05
2016 09 08  0318   57639   11880    9    -9999.9    -9999.9    -1.00e+05
2016 09 08  0319   57639   11940    9    -9999.9    -9999.9    -1.00e+05
2016 09 08  0320   57639   12000    9    -9999.9    -9999.9    -1.00e+05
2016 09 08  0321   57639   12060    9    -9999.9    -9999.9    -1.00e+05
2016 09 08  0322   57639   12120    9    -9999.9    -9999.9    -1.00e+05
2016 09 08  0323   57639   12180    9    -9999.9    -9999.9    -1.00e+05
2016 09 08  0324   57639   12240    9    -9999.9    -9999.9    -1.00e+05
2016 09 08  0325   57639   12300    9    -9999.9    -9999.9    -1.00e+05
2016 09 08  0326   57639   12360    9    -9999.9    -9999.9    -1.00e+05
2016 09 08  0327   57639   12420    9    -9999.9    -9999.9    -1.00e+05
2016 09 08  0328   57639   12480    9    -9999.9    -9999.9    -1.00e+05
2016 09 08  0329   57639   12540    9    -9999.9    -9999.9    -1.00e+05
2016 09 08  0330   57639   12600    9    -9999.9    -9999.9    -1.00e+05
2016 09 08  0331   57639   12660    9    -9999.9    -9999.9    -1.00e+05
2016 09 08  0332   57639   12720    9    -9999.9    -9999.9    -1.00e+05
2016 09 08  0333   57639   12780    9    -9999.9    -9999.9    -1.00e+05
2016 09 08  0334   57639   12840    9    -9999.9    -9999.9    -1.00e+05
2016 09 08  0335   57639   12900    9    -9999.9    -9999.9    -1.00e+05
2016 09 08  0336   57639   12960    9    -9999.9    -9999.9    -1.00e+05
2016 09 08  0337   57639   13020    9    -9999.9    -9999.9    -1.00e+05
2016 09 08  0338   57639   13080    9    -9999.9    -9999.9    -1.00e+05
2016 09 08  0339   57639   13140    9    -9999.9    -9999.9    -1.00e+05
2016 09 08  0340   57639   13200    9    -9999.9    -9999.9    -1.00e+05
2016 09 08  0341   57639   13260    9    -9999.9    -9999.9    -1.00e+05
2016 09 08  0342   57639   13320    9    -9999.9    -9999.9    -1.00e+05
2016 09 08  0343   57639   13380    9    -9999.9    -9999.9    -1.00e+05
2016 09 08  0344   57639   13440    9    -9999.9    -9999.9    -1.00e+05
2016 09 08  0345   57639   13500    9    -9999.9    -9999.9    -1.00e+05
2016 09 08  0346   57639   13560    9    -9999.9    -9999.9    -1.00e+05
2016 09 08  0347   57639   13620    9    -9999.9    -9999.9    -1.00e+05
2016 09 08  0348   57639   13680    9    -9999.9    -9999.9    -1.00e+05
2016 09 08  0349   57639   13740    9    -9999.9    -9999.9    -1.00e+05
2016 09 08  0350   57639   13800    9    -9999.9    -9999.9    -1.00e+05
2016 09 08  0351   57639   13860    9    -9999.9    -9999.9    -1.00e+05
2016 09 08  0352   57639   13920    9    -9999.9    -9999.9    -1.00e+05
2016 09 08  0353   57639   13980    9    -9999.9    -9999.9    -1.00e+05
2016 09 08  0354   57639   14040    9    -9999.9    -9999.9    -1.00e+05
2016 09 08  0355   57639   14100    9    -9999.9    -9999.9    -1.00e+05
2016 09 08  0356   57639   14160    9    -9999.9    -9999.9    -1.00e+05
2016 09 08  0357   57639   14220    9    -9999.9    -9999.9    -1.00e+05
2016 09 08  0358   57639   14280    9    -9999.9    -9999.9    -1.00e+05
2016 09 08  0359   57639   14340    9    -9999.9    -9999.9    -1.00e+05
2016 09 08  0400   57639   14400    9    -9999.9    -9999.9    -1.00e+05
2016 09 08  0401   57639   14460    9    -9999.9    -9999.9    -1.00e+05
2016 09 08  0402   57639   14520    9    -9999.9    -9999.9    -1.00e+05
2016 09 08  0403   57639   14580    9    -9999.9    -9999.9    -1.00e+05
2016 09 08  0404   57639   14640    9    -9999.9    -9999.9    -1.00e+05
2016 09 08  0405   57639   14700    9    -9999.9    -9999.9    -1.00e+05
2016 09 08  0406   57639   14760    9    -9999.9    -9999.9    -1.00e+05
2016 09 08  0407   57639   14820    9    -9999.9    -9999.9    -1.00e+05
2016 09 08  0408   57639   14880    9    -9999.9    -9999.9    -1.00e+05
2016 09 08  0409   57639   14940    9    -9999.9    -9999.9    -1.00e+05
2016 09 08  0410   57639   15000    9    -9999.9    -9999.9    -1.00e+05
2016 09 08  0411   57639   15060    9    -9999.9    -9999.9    -1.00e+05
2016 09 08  0412   57639   15120    9    -9999.9    -9999.9    -1.00e+05
2016 09 08  0413   57639   15180    9    -9999.9    -9999.9    -1.00e+05
2016 09 08  0414   57639   15240    9    -9999.9    -9999.9    -1.00e+05
2016 09 08  0415   57639   15300    9    -9999.9    -9999.9    -1.00e+05
2016 09 08  0416   57639   15360    9    -9999.9    -9999.9    -1.00e+05
2016 09 08  0417   57639   15420    9    -9999.9    -9999.9    -1.00e+05
2016 09 08  0418   57639   15480    9    -9999.9    -9999.9    -1.00e+05
2016 09 08  0419   57639   15540    9    -9999.9    -9999.9    -1.00e+05
2016 09 08  0420   57639   15600    9    -9999.9    -9999.9    -1.00e+05
2016 09 08  0421   57639   15660    9    -9999.9    -9999.9    -1.00e+05
2016 09 08  0422   57639   15720    9    -9999.9    -9999.9    -1.00e+05
2016 09 08  0423   57639   15780    9    -9999.9    -9999.9    -1.00e+05
2016 09 08  0424   57639   15840    9    -9999.9    -9999.9    -1.00e+05
2016 09 08  0425   57639   15900    9    -9999.9    -9999.9    -1.00e+05
2016 09 08  0426   57639   15960    9    -9999.9    -9999.9    -1.00e+05
2016 09 08  0427   57639   16020    9    -9999.9    -9999.9    -1.00e+05
2016 09 08  0428   57639   16080    9    -9999.9    -9999.9    -1.00e+05
2016 09 08  0429   57639   16140    9    -9999.9    -9999.9    -1.00e+05
2016 09 08  0430   57639   16200    9    -9999.9    -9999.9    -1.00e+05
2016 09 08  0431   57639   16260    9    -9999.9    -9999.9    -1.00e+05
2016 09 08  0432   57639   16320    9    -9999.9    -9999.9    -1.00e+05
2016 09 08  0433   57639   16380    9    -9999.9    -9999.9    -1.00e+05
2016 09 08  0434   57639   16440    9    -9999.9    -9999.9    -1.00e+05
2016 09 08  0435   57639   16500    9    -9999.9    -9999.9    -1.00e+05
2016 09 08  0436   57639   16560    9    -9999.9    -9999.9    -1.00e+05
2016 09 08  0437   57639   16620    9    -9999.9    -9999.9    -1.00e+05
2016 09 08  0438   57639   16680    9    -9999.9    -9999.9    -1.00e+05
2016 09 08  0439   57639   16740    9    -9999.9    -9999.9    -1.00e+05
2016 09 08  0440   57639   16800    9    -9999.9    -9999.9    -1.00e+05
2016 09 08  0441   57639   16860    9    -9999.9    -9999.9    -1.00e+05
2016 09 08  0442   57639   16920    9    -9999.9    -9999.9    -1.00e+05
2016 09 08  0443   57639   16980    9    -9999.9    -9999.9    -1.00e+05
2016 09 08  0444   57639   17040    9    -9999.9    -9999.9    -1.00e+05
2016 09 08  0445   57639   17100    9    -9999.9    -9999.9    -1.00e+05
2016 09 08  0446   57639   17160    9    -9999.9    -9999.9    -1.00e+05
2016 09 08  0447   57639   17220    9    -9999.9    -9999.9    -1.00e+05
2016 09 08  0448   57639   17280    9    -9999.9    -9999.9    -1.00e+05
2016 09 08  0449   57639   17340    9    -9999.9    -9999.9    -1.00e+05
2016 09 08  0450   57639   17400    9    -9999.9    -9999.9    -1.00e+05
2016 09 08  0451   57639   17460    9    -9999.9    -9999.9    -1.00e+05
2016 09 08  0452   57639   17520    9    -9999.9    -9999.9    -1.00e+05
2016 09 08  0453   57639   17580    9    -9999.9    -9999.9    -1.00e+05
2016 09 08  0454   57639   17640    9    -9999.9    -9999.9    -1.00e+05
2016 09 08  0455   57639   17700    9    -9999.9    -9999.9    -1.00e+05
2016 09 08  0456   57639   17760    9    -9999.9    -9999.9    -1.00e+05
2016 09 08  0457   57639   17820    9    -9999.9    -9999.9    -1.00e+05
2016 09 08  0458   57639   17880    9    -9999.9    -9999.9    -1.00e+05
2016 09 08  0459   57639   17940    9    -9999.9    -9999.9    -1.00e+05
2016 09 08  0500   57639   18000    9    -9999.9    -9999.9    -1.00e+05
2016 09 08  0501   57639   18060    9    -9999.9    -9999.9    -1.00e+05
2016 09 08  0502   57639   18120    9    -9999.9    -9999.9    -1.00e+05
2016 09 08  0503   57639   18180    9    -9999.9    -9999.9    -1.00e+05
2016 09 08  0504   57639   18240    9    -9999.9    -9999.9    -1.00e+05
2016 09 08  0505   57639   18300    9    -9999.9    -9999.9    -1.00e+05
2016 09 08  0506   57639   18360    9    -9999.9    -9999.9    -1.00e+05
2016 09 08  0507   57639   18420    9    -9999.9    -9999.9    -1.00e+05
2016 09 08  0508   57639   18480    9    -9999.9    -9999.9    -1.00e+05
2016 09 08  0509   57639   18540    9    -9999.9    -9999.9    -1.00e+05
2016 09 08  0510   57639   18600    9    -9999.9    -9999.9    -1.00e+05
2016 09 08  0511   57639   18660    9    -9999.9    -9999.9    -1.00e+05
2016 09 08  0512   57639   18720    9    -9999.9    -9999.9    -1.00e+05
2016 09 08  0513   57639   18780    9    -9999.9    -9999.9    -1.00e+05
2016 09 08  0514   57639   18840    9    -9999.9    -9999.9    -1.00e+05
2016 09 08  0515   57639   18900    9    -9999.9    -9999.9    -1.00e+05
2016 09 08  0516   57639   18960    9    -9999.9    -9999.9    -1.00e+05
2016 09 08  0517   57639   19020    9    -9999.9    -9999.9    -1.00e+05
2016 09 08  0518   57639   19080    9    -9999.9    -9999.9    -1.00e+05
2016 09 08  0519   57639   19140    9    -9999.9    -9999.9    -1.00e+05
2016 09 08  0520   57639   19200    9    -9999.9    -9999.9    -1.00e+05
2016 09 08  0521   57639   19260    9    -9999.9    -9999.9    -1.00e+05
2016 09 08  0522   57639   19320    9    -9999.9    -9999.9    -1.00e+05
2016 09 08  0523   57639   19380    9    -9999.9    -9999.9    -1.00e+05
2016 09 08  0524   57639   19440    9    -9999.9    -9999.9    -1.00e+05
2016 09 08  0525   57639   19500    9    -9999.9    -9999.9    -1.00e+05
2016 09 08  0526   57639   19560    9    -9999.9    -9999.9    -1.00e+05
2016 09 08  0527   57639   19620    9    -9999.9    -9999.9    -1.00e+05
2016 09 08  0528   57639   19680    9    -9999.9    -9999.9    -1.00e+05
2016 09 08  0529   57639   19740    9    -9999.9    -9999.9    -1.00e+05
2016 09 08  0530   57639   19800    9    -9999.9    -9999.9    -1.00e+05
2016 09 08  0531   57639   19860    9    -9999.9    -9999.9    -1.00e+05
2016 09 08  0532   57639   19920    9    -9999.9    -9999.9    -1.00e+05
2016 09 08  0533   57639   19980    9    -9999.9    -9999.9    -1.00e+05
2016 09 08  0534   57639   20040    0        2.8    -9999.9    -1.00e+05
2016 09 08  0535   57639   20100    0        2.8      472.5     1.15e+05
2016 09 08  0536   57639   20160    1        2.9      460.2     1.03e+05
2016 09 08  0537   57639   20220    0        3.0      461.7     1.24e+05
2016 09 08  0538   57639   20280    0        3.1      457.1     1.16e+05
2016 09 08  0539   57639   20340    0        2.8      461.0     1.28e+05
2016 09 08  0540   57639   20400    0        2.8      462.4     1.21e+05
2016 09 08  0541   57639   20460    0        2.0      461.7     1.20e+05
2016 09 08  0542   57639   20520    0        1.5      461.2     1.23e+05
2016 09 08  0543   57639   20580    1        2.4      460.4     1.28e+05
2016 09 08  0544   57639   20640    1        2.3      460.8     1.33e+05
2016 09 08  0545   57639   20700    1        2.4      460.5     1.31e+05
2016 09 08  0546   57639   20760    0        2.9      458.6     1.13e+05
2016 09 08  0547   57639   20820    0        2.8      457.8     1.06e+05
2016 09 08  0548   57639   20880    1        2.8      457.5     1.13e+05
2016 09 08  0549   57639   20940    0        2.4      452.8     1.14e+05
2016 09 08  0550   57639   21000    1        2.8      458.8     1.04e+05
2016 09 08  0551   57639   21060    1        2.4      456.4     1.23e+05
2016 09 08  0552   57639   21120    0        2.6      456.7     1.40e+05
2016 09 08  0553   57639   21180    1        2.6      454.0     1.29e+05
2016 09 08  0554   57639   21240    0        2.7      455.1     1.23e+05
2016 09 08  0555   57639   21300    0        2.6      458.9     1.56e+05
2016 09 08  0556   57639   21360    1        2.6      457.0     1.56e+05
2016 09 08  0557   57639   21420    1        2.3      460.7     1.61e+05
2016 09 08  0558   57639   21480    1        2.2      461.0     1.48e+05
2016 09 08  0559   57639   21540    1        2.0      461.6     1.48e+05
2016 09 08  0600   57639   21600    0        2.0      460.3     1.57e+05
2016 09 08  0601   57639   21660    0        1.9      460.5     1.50e+05
2016 09 08  0602   57639   21720    0        1.4      470.8     1.44e+05
2016 09 08  0603   57639   21780    0        1.2      473.2     1.29e+05
2016 09 08  0604   57639   21840    0        1.2      474.3     1.15e+05
2016 09 08  0605   57639   21900    0        1.1      478.0     1.00e+05
2016 09 08  0606   57639   21960    1        1.7      457.4     1.68e+05
2016 09 08  0607   57639   22020    1        1.8      455.1     1.70e+05
2016 09 08  0608   57639   22080    0        2.0      457.0     1.43e+05
2016 09 08  0609   57639   22140    0        1.2      470.8     9.01e+04
2016 09 08  0610   57639   22200    0        1.1      470.6     7.59e+04
2016 09 08  0611   57639   22260    0        1.2      470.7     8.23e+04
2016 09 08  0612   57639   22320    0        1.1      472.5     8.20e+04
2016 09 08  0613   57639   22380    0        1.0      475.1     7.12e+04
2016 09 08  0614   57639   22440    3    -9999.9    -9999.9    -1.00e+05
2016 09 08  0615   57639   22500    3    -9999.9    -9999.9    -1.00e+05
2016 09 08  0616   57639   22560    0        1.0      466.7     6.78e+04
2016 09 08  0617   57639   22620    0        1.0      469.4     7.43e+04
2016 09 08  0618   57639   22680    0        1.1      474.3     8.41e+04
2016 09 08  0619   57639   22740    0        1.1      474.7     8.11e+04
2016 09 08  0620   57639   22800    0        1.1      474.0     8.24e+04
2016 09 08  0621   57639   22860    0        1.0      474.0     7.94e+04
2016 09 08  0622   57639   22920    0        1.0      473.3     7.65e+04
2016 09 08  0623   57639   22980    0        1.2      472.5     7.57e+04
2016 09 08  0624   57639   23040    0        1.2      475.3     1.09e+05
2016 09 08  0625   57639   23100    0        1.1      472.0     8.52e+04
2016 09 08  0626   57639   23160    0        1.2      468.8     7.32e+04
2016 09 08  0627   57639   23220    0        1.2      469.7     7.96e+04
2016 09 08  0628   57639   23280    0        1.3      471.0     8.09e+04
2016 09 08  0629   57639   23340    0        1.2      471.2     6.89e+04
2016 09 08  0630   57639   23400    0        1.3      469.3     7.31e+04
2016 09 08  0631   57639   23460    0        1.4      468.1     8.01e+04
2016 09 08  0632   57639   23520    0        1.3      467.9     7.84e+04
2016 09 08  0633   57639   23580    0        1.2      467.7     7.74e+04
2016 09 08  0634   57639   23640    0        1.2      469.1     7.64e+04
2016 09 08  0635   57639   23700    0        1.4      470.7     7.65e+04
2016 09 08  0636   57639   23760    0        1.5      469.9     7.58e+04
2016 09 08  0637   57639   23820    0        1.5      470.7     7.91e+04
2016 09 08  0638   57639   23880    0        1.4      469.9     8.08e+04
2016 09 08  0639   57639   23940    0        1.2      468.5     7.55e+04
2016 09 08  0640   57639   24000    0        1.2      470.5     7.80e+04
2016 09 08  0641   57639   24060    0        1.3      469.0     8.48e+04
2016 09 08  0642   57639   24120    0        1.4      469.0     9.03e+04
2016 09 08  0643   57639   24180    0        1.5      467.0     9.73e+04
2016 09 08  0644   57639   24240    0        1.5      468.7     1.00e+05
2016 09 08  0645   57639   24300    0        2.1      464.6     9.49e+04
2016 09 08  0646   57639   24360    0        1.7      465.9     8.79e+04
2016 09 08  0647   57639   24420    0        1.3      468.7     8.91e+04
2016 09 08  0648   57639   24480    0        1.4      468.3     9.31e+04
2016 09 08  0649   57639   24540    0        3.2      495.3     1.41e+05
2016 09 08  0650   57639   24600    0        3.1      494.2     1.46e+05
2016 09 08  0651   57639   24660    0        2.9      491.7     1.58e+05
2016 09 08  0652   57639   24720    1        2.6      491.5     1.62e+05
2016 09 08  0653   57639   24780    0        2.8      491.0     1.56e+05
2016 09 08  0654   57639   24840    0        2.4      481.1     1.37e+05
2016 09 08  0655   57639   24900    0        2.4      482.6     1.52e+05
2016 09 08  0656   57639   24960    0        1.7      477.4     1.54e+05
2016 09 08  0657   57639   25020    0        1.8      477.1     1.54e+05
2016 09 08  0658   57639   25080    0        1.7      471.0     1.35e+05
2016 09 08  0659   57639   25140    0        2.0      477.8     1.26e+05
2016 09 08  0700   57639   25200    0        1.7      471.9     1.01e+05
2016 09 08  0701   57639   25260    0        1.6      471.2     9.47e+04
2016 09 08  0702   57639   25320    0        2.6      469.2     1.01e+05
2016 09 08  0703   57639   25380    0        3.0      471.7     1.03e+05
2016 09 08  0704   57639   25440    0        2.7      476.6     1.03e+05
2016 09 08  0705   57639   25500    0        2.6      474.2     1.02e+05
2016 09 08  0706   57639   25560    0        2.0      472.4     1.02e+05
2016 09 08  0707   57639   25620    0        2.1      476.1     1.03e+05
2016 09 08  0708   57639   25680    0        3.0      477.3     1.05e+05
2016 09 08  0709   57639   25740    0        2.8      480.7     1.07e+05
2016 09 08  0710   57639   25800    0        3.2      478.8     1.11e+05
2016 09 08  0711   57639   25860    0        2.1      473.6     8.67e+04
2016 09 08  0712   57639   25920    0        2.7      480.4     1.10e+05
2016 09 08  0713   57639   25980    0        2.7      471.7     9.98e+04
2016 09 08  0714   57639   26040    0        1.7      473.9     1.21e+05
2016 09 08  0715   57639   26100    0        1.5      469.0     9.66e+04
2016 09 08  0716   57639   26160    0        1.5      466.8     9.30e+04
2016 09 08  0717   57639   26220    0        1.6      465.8     8.71e+04
2016 09 08  0718   57639   26280    0        2.6      460.9     8.56e+04
2016 09 08  0719   57639   26340    0        2.6      458.4     1.16e+05
2016 09 08  0720   57639   26400    0        1.7      462.0     1.17e+05
2016 09 08  0721   57639   26460    0        1.7      465.6     8.32e+04
2016 09 08  0722   57639   26520    0        2.5      445.6     1.26e+05
2016 09 08  0723   57639   26580    0        2.3      447.9     1.23e+05
2016 09 08  0724   57639   26640    0        1.7      455.3     1.13e+05
2016 09 08  0725   57639   26700    0        1.8      453.8     1.10e+05
2016 09 08  0726   57639   26760    0        1.9      452.1     1.16e+05
2016 09 08  0727   57639   26820    0        2.1      448.5     1.17e+05
2016 09 08  0728   57639   26880    0        2.4      446.2     1.20e+05
2016 09 08  0729   57639   26940    0        2.9      443.6     9.84e+04
2016 09 08  0730   57639   27000    1        3.1      444.2     1.16e+05
2016 09 08  0731   57639   27060    0        2.3      449.3     1.30e+05
2016 09 08  0732   57639   27120    0        2.9      459.2     1.01e+05
2016 09 08  0733   57639   27180    0        3.1      468.0     7.90e+04
2016 09 08  0734   57639   27240    0        3.1      465.6     6.67e+04
2016 09 08  0735   57639   27300    0        3.3      456.7     7.33e+04
2016 09 08  0736   57639   27360    0        3.2      452.2     9.18e+04
2016 09 08  0737   57639   27420    0        3.1      452.8     9.69e+04
2016 09 08  0738   57639   27480    0        2.9      454.2     9.48e+04
2016 09 08  0739   57639   27540    0        1.5      455.5     9.98e+04
2016 09 08  0740   57639   27600    0        1.4      453.9     1.07e+05
2016 09 08  0741   57639   27660    0        1.6      447.8     1.41e+05
2016 09 08  0742   57639   27720    0        1.4      452.5     1.14e+05
2016 09 08  0743   57639   27780    0        1.7      448.5     1.34e+05
2016 09 08  0744   57639   27840    1        1.9      441.0     1.35e+05
2016 09 08  0745   57639   27900    1        1.8      444.6     1.41e+05
2016 09 08  0746   57639   27960    0        1.9      440.6     1.44e+05
2016 09 08  0747   57639   28020    0        1.9      443.7     1.41e+05
2016 09 08  0748   57639   28080    0        1.7      445.5     1.31e+05
2016 09 08  0749   57639   28140    0        1.5      448.3     1.16e+05
2016 09 08  0750   57639   28200    0        1.6      449.0     1.16e+05
2016 09 08  0751   57639   28260    0        1.5      448.8     1.27e+05
2016 09 08  0752   57639   28320    0        1.4      450.5     1.14e+05
2016 09 08  0753   57639   28380    0        1.6      453.0     8.39e+04
2016 09 08  0754   57639   28440    0        1.9      454.2     7.47e+04
2016 09 08  0755   57639   28500    0        2.7      454.0     8.49e+04
2016 09 08  0756   57639   28560    0        2.7      454.5     8.79e+04
2016 09 08  0757   57639   28620    0        2.6      457.2     1.03e+05
2016 09 08  0758   57639   28680    0        1.8      460.9     1.00e+05
2016 09 08  0759   57639   28740    0        1.5      464.0     8.95e+04
2016 09 08  0800   57639   28800    0        1.4      464.1     8.92e+04
2016 09 08  0801   57639   28860    0        1.3      461.1     7.42e+04
2016 09 08  0802   57639   28920    0        1.5      462.3     1.18e+05
2016 09 08  0803   57639   28980    0        1.7      456.4     1.09e+05
2016 09 08  0804   57639   29040    0        1.5      456.6     9.32e+04
2016 09 08  0805   57639   29100    0        1.6      458.6     9.92e+04
2016 09 08  0806   57639   29160    0        1.7      455.1     1.15e+05
2016 09 08  0807   57639   29220    0        1.6      454.3     1.19e+05
2016 09 08  0808   57639   29280    0        1.6      456.6     1.05e+05
2016 09 08  0809   57639   29340    0        1.6      453.0     1.12e+05
2016 09 08  0810   57639   29400    1        1.5      449.3     1.40e+05
2016 09 08  0811   57639   29460    0        1.4      455.2     1.23e+05
2016 09 08  0812   57639   29520    0        1.8      455.4     1.04e+05
2016 09 08  0813   57639   29580    0        1.8      454.4     9.31e+04
2016 09 08  0814   57639   29640    0        1.9      453.6     1.08e+05
2016 09 08  0815   57639   29700    0        2.1      455.9     1.02e+05
2016 09 08  0816   57639   29760    0        2.0      452.0     8.80e+04
2016 09 08  0817   57639   29820    1        2.0      449.5     8.46e+04
2016 09 08  0818   57639   29880    0        1.8      449.0     8.68e+04
2016 09 08  0819   57639   29940    0        1.4      453.7     9.67e+04
2016 09 08  0820   57639   30000    0        1.2      458.1     1.01e+05
2016 09 08  0821   57639   30060    0        1.3      459.4     1.17e+05
2016 09 08  0822   57639   30120    0        1.4      457.1     1.28e+05
2016 09 08  0823   57639   30180    0        1.3      457.0     1.08e+05
2016 09 08  0824   57639   30240    0        1.2      459.0     8.53e+04
2016 09 08  0825   57639   30300    0        1.5      457.5     8.41e+04
2016 09 08  0826   57639   30360    0        2.1      455.0     8.20e+04
2016 09 08  0827   57639   30420    0        2.2      457.9     7.86e+04
2016 09 08  0828   57639   30480    0        1.1      467.6     7.68e+04
2016 09 08  0829   57639   30540    0        1.1      467.4     7.47e+04
2016 09 08  0830   57639   30600    0        1.1      465.2     5.51e+04
2016 09 08  0831   57639   30660    0        0.9      465.5     4.86e+04
2016 09 08  0832   57639   30720    0        1.0      460.9     6.57e+04
2016 09 08  0833   57639   30780    0        1.0      464.0     6.05e+04
2016 09 08  0834   57639   30840    0        0.9      463.1     5.74e+04
2016 09 08  0835   57639   30900    0        1.2      464.9     6.26e+04
2016 09 08  0836   57639   30960    0        1.1      466.7     8.35e+04
2016 09 08  0837   57639   31020    1        1.6      455.0     1.29e+05
2016 09 08  0838   57639   31080    0        1.4      455.2     1.38e+05
2016 09 08  0839   57639   31140    0        1.1      458.5     1.31e+05
2016 09 08  0840   57639   31200    0        1.2      456.2     1.29e+05
2016 09 08  0841   57639   31260    0        1.2      456.4     1.20e+05
2016 09 08  0842   57639   31320    0        1.2      456.9     1.09e+05
2016 09 08  0843   57639   31380    0        1.3      456.4     1.01e+05
2016 09 08  0844   57639   31440    0        1.3      453.4     1.04e+05
2016 09 08  0845   57639   31500    0        1.3      451.5     1.08e+05
2016 09 08  0846   57639   31560    0        1.4      452.6     1.09e+05
2016 09 08  0847   57639   31620    0        1.4      455.0     1.04e+05
2016 09 08  0848   57639   31680    0        1.3      455.6     9.39e+04
2016 09 08  0849   57639   31740    0        1.3      455.2     9.03e+04
2016 09 08  0850   57639   31800    0        1.3      455.0     1.02e+05
2016 09 08  0851   57639   31860    0        1.3      455.7     9.71e+04
2016 09 08  0852   57639   31920    0        1.3      454.0     9.83e+04
2016 09 08  0853   57639   31980    0        1.2      453.9     9.59e+04
2016 09 08  0854   57639   32040    0        1.2      454.1     9.27e+04
2016 09 08  0855   57639   32100    0        1.2      454.1     9.39e+04
2016 09 08  0856   57639   32160    0        1.2      455.5     8.23e+04
2016 09 08  0857   57639   32220    0        1.1      458.2     6.50e+04
2016 09 08  0858   57639   32280    0        1.2      458.3     7.11e+04
2016 09 08  0859   57639   32340    9    -9999.9    -9999.9    -1.00e+05
