:Data_list: 20161024_ace_sis_5m.txt
:Created: 2016 Oct 25 0011 UT
# Prepared by the U.S. Dept. of Commerce, NOAA, Space Weather Prediction Center
# Please send comments and suggestions to SWPC.Webmaster@noaa.gov 
# 
# Units: proton flux p/cs2-sec-ster
# Status(S): 0 = nominal data, 1 to 8 = bad data record, 9 = no data
# Missing data values: -1.00e+05
# Source: ACE Satellite - Solar Isotope Spectrometer
#
# 5-minute averaged Real-time Integral Flux of High-energy Solar Protons
# 
#                 Modified Seconds
# UT Date   Time   Julian  of the      ---- Integral Proton Flux ----
# YR MO DA  HHMM     Day     Day       S    > 10 MeV    S    > 30 MeV
#--------------------------------------------------------------------
2016 10 24  0000    57685       0      9   -1.00e+05    9   -1.00e+05
2016 10 24  0005    57685     300      9   -1.00e+05    9   -1.00e+05
2016 10 24  0010    57685     600      9   -1.00e+05    9   -1.00e+05
2016 10 24  0015    57685     900      9   -1.00e+05    9   -1.00e+05
2016 10 24  0020    57685    1200      9   -1.00e+05    9   -1.00e+05
2016 10 24  0025    57685    1500      9   -1.00e+05    9   -1.00e+05
2016 10 24  0030    57685    1800      9   -1.00e+05    9   -1.00e+05
2016 10 24  0035    57685    2100      9   -1.00e+05    9   -1.00e+05
2016 10 24  0040    57685    2400      9   -1.00e+05    9   -1.00e+05
2016 10 24  0045    57685    2700      9   -1.00e+05    9   -1.00e+05
2016 10 24  0050    57685    3000      9   -1.00e+05    9   -1.00e+05
2016 10 24  0055    57685    3300      9   -1.00e+05    9   -1.00e+05
2016 10 24  0100    57685    3600      9   -1.00e+05    9   -1.00e+05
2016 10 24  0105    57685    3900      9   -1.00e+05    9   -1.00e+05
2016 10 24  0110    57685    4200      9   -1.00e+05    9   -1.00e+05
2016 10 24  0115    57685    4500      9   -1.00e+05    9   -1.00e+05
2016 10 24  0120    57685    4800      9   -1.00e+05    9   -1.00e+05
2016 10 24  0125    57685    5100      9   -1.00e+05    9   -1.00e+05
2016 10 24  0130    57685    5400      9   -1.00e+05    9   -1.00e+05
2016 10 24  0135    57685    5700      9   -1.00e+05    9   -1.00e+05
2016 10 24  0140    57685    6000      9   -1.00e+05    9   -1.00e+05
2016 10 24  0145    57685    6300      9   -1.00e+05    9   -1.00e+05
2016 10 24  0150    57685    6600      9   -1.00e+05    9   -1.00e+05
2016 10 24  0155    57685    6900      9   -1.00e+05    9   -1.00e+05
2016 10 24  0200    57685    7200      9   -1.00e+05    9   -1.00e+05
2016 10 24  0205    57685    7500      9   -1.00e+05    9   -1.00e+05
2016 10 24  0210    57685    7800      9   -1.00e+05    9   -1.00e+05
2016 10 24  0215    57685    8100      9   -1.00e+05    9   -1.00e+05
2016 10 24  0220    57685    8400      9   -1.00e+05    9   -1.00e+05
2016 10 24  0225    57685    8700      9   -1.00e+05    9   -1.00e+05
2016 10 24  0230    57685    9000      9   -1.00e+05    9   -1.00e+05
2016 10 24  0235    57685    9300      9   -1.00e+05    9   -1.00e+05
2016 10 24  0240    57685    9600      9   -1.00e+05    9   -1.00e+05
2016 10 24  0245    57685    9900      9   -1.00e+05    9   -1.00e+05
2016 10 24  0250    57685   10200      9   -1.00e+05    9   -1.00e+05
2016 10 24  0255    57685   10500      9   -1.00e+05    9   -1.00e+05
2016 10 24  0300    57685   10800      9   -1.00e+05    9   -1.00e+05
2016 10 24  0305    57685   11100      9   -1.00e+05    9   -1.00e+05
2016 10 24  0310    57685   11400      9   -1.00e+05    9   -1.00e+05
2016 10 24  0315    57685   11700      9   -1.00e+05    9   -1.00e+05
2016 10 24  0320    57685   12000      9   -1.00e+05    9   -1.00e+05
2016 10 24  0325    57685   12300      9   -1.00e+05    9   -1.00e+05
2016 10 24  0330    57685   12600      9   -1.00e+05    9   -1.00e+05
2016 10 24  0335    57685   12900      9   -1.00e+05    9   -1.00e+05
2016 10 24  0340    57685   13200      9   -1.00e+05    9   -1.00e+05
2016 10 24  0345    57685   13500      9   -1.00e+05    9   -1.00e+05
2016 10 24  0350    57685   13800      9   -1.00e+05    9   -1.00e+05
2016 10 24  0355    57685   14100      9   -1.00e+05    9   -1.00e+05
2016 10 24  0400    57685   14400      9   -1.00e+05    9   -1.00e+05
2016 10 24  0405    57685   14700      9   -1.00e+05    9   -1.00e+05
2016 10 24  0410    57685   15000      9   -1.00e+05    9   -1.00e+05
2016 10 24  0415    57685   15300      9   -1.00e+05    9   -1.00e+05
2016 10 24  0420    57685   15600      9   -1.00e+05    9   -1.00e+05
2016 10 24  0425    57685   15900      9   -1.00e+05    9   -1.00e+05
2016 10 24  0430    57685   16200      9   -1.00e+05    9   -1.00e+05
2016 10 24  0435    57685   16500      9   -1.00e+05    9   -1.00e+05
2016 10 24  0440    57685   16800      9   -1.00e+05    9   -1.00e+05
2016 10 24  0445    57685   17100      9   -1.00e+05    9   -1.00e+05
2016 10 24  0450    57685   17400      9   -1.00e+05    9   -1.00e+05
2016 10 24  0455    57685   17700      9   -1.00e+05    9   -1.00e+05
2016 10 24  0500    57685   18000      9   -1.00e+05    9   -1.00e+05
2016 10 24  0505    57685   18300      9   -1.00e+05    9   -1.00e+05
2016 10 24  0510    57685   18600      9   -1.00e+05    9   -1.00e+05
2016 10 24  0515    57685   18900      9   -1.00e+05    9   -1.00e+05
2016 10 24  0520    57685   19200      9   -1.00e+05    9   -1.00e+05
2016 10 24  0525    57685   19500      9   -1.00e+05    9   -1.00e+05
2016 10 24  0530    57685   19800      9   -1.00e+05    9   -1.00e+05
2016 10 24  0535    57685   20100      9   -1.00e+05    9   -1.00e+05
2016 10 24  0540    57685   20400      9   -1.00e+05    9   -1.00e+05
2016 10 24  0545    57685   20700      9   -1.00e+05    9   -1.00e+05
2016 10 24  0550    57685   21000      9   -1.00e+05    9   -1.00e+05
2016 10 24  0555    57685   21300      9   -1.00e+05    9   -1.00e+05
2016 10 24  0600    57685   21600      9   -1.00e+05    9   -1.00e+05
2016 10 24  0605    57685   21900      9   -1.00e+05    9   -1.00e+05
2016 10 24  0610    57685   22200      9   -1.00e+05    9   -1.00e+05
2016 10 24  0615    57685   22500      9   -1.00e+05    9   -1.00e+05
2016 10 24  0620    57685   22800      9   -1.00e+05    9   -1.00e+05
2016 10 24  0625    57685   23100      9   -1.00e+05    9   -1.00e+05
2016 10 24  0630    57685   23400      9   -1.00e+05    9   -1.00e+05
2016 10 24  0635    57685   23700      9   -1.00e+05    9   -1.00e+05
2016 10 24  0640    57685   24000      9   -1.00e+05    9   -1.00e+05
2016 10 24  0645    57685   24300      9   -1.00e+05    9   -1.00e+05
2016 10 24  0650    57685   24600      9   -1.00e+05    9   -1.00e+05
2016 10 24  0655    57685   24900      9   -1.00e+05    9   -1.00e+05
2016 10 24  0700    57685   25200      9   -1.00e+05    9   -1.00e+05
2016 10 24  0705    57685   25500      0    1.78e+00    0    1.26e+00
2016 10 24  0710    57685   25800      0    1.85e+00    0    1.30e+00
2016 10 24  0715    57685   26100      0    1.85e+00    0    1.29e+00
2016 10 24  0720    57685   26400      0    1.87e+00    0    1.31e+00
2016 10 24  0725    57685   26700      0    1.82e+00    0    1.27e+00
2016 10 24  0730    57685   27000      0    1.88e+00    0    1.32e+00
2016 10 24  0735    57685   27300      0    1.86e+00    0    1.31e+00
2016 10 24  0740    57685   27600      0    1.86e+00    0    1.32e+00
2016 10 24  0745    57685   27900      0    1.73e+00    0    1.21e+00
2016 10 24  0750    57685   28200      0    1.90e+00    0    1.33e+00
2016 10 24  0755    57685   28500      0    1.88e+00    0    1.31e+00
2016 10 24  0800    57685   28800      0    1.90e+00    0    1.34e+00
2016 10 24  0805    57685   29100      0    1.89e+00    0    1.34e+00
2016 10 24  0810    57685   29400      0    1.84e+00    0    1.28e+00
2016 10 24  0815    57685   29700      0    1.84e+00    0    1.28e+00
2016 10 24  0820    57685   30000      0    1.85e+00    0    1.30e+00
2016 10 24  0825    57685   30300      0    1.86e+00    0    1.31e+00
2016 10 24  0830    57685   30600      0    1.88e+00    0    1.32e+00
2016 10 24  0835    57685   30900      0    1.86e+00    0    1.31e+00
2016 10 24  0840    57685   31200      0    1.85e+00    0    1.29e+00
2016 10 24  0845    57685   31500      0    1.86e+00    0    1.32e+00
2016 10 24  0850    57685   31800      0    1.86e+00    0    1.31e+00
2016 10 24  0855    57685   32100      0    1.87e+00    0    1.30e+00
2016 10 24  0900    57685   32400      0    1.85e+00    0    1.30e+00
2016 10 24  0905    57685   32700      0    1.83e+00    0    1.28e+00
2016 10 24  0910    57685   33000      0    1.84e+00    0    1.29e+00
2016 10 24  0915    57685   33300      0    1.84e+00    0    1.28e+00
2016 10 24  0920    57685   33600      0    1.85e+00    0    1.30e+00
2016 10 24  0925    57685   33900      0    1.82e+00    0    1.29e+00
2016 10 24  0930    57685   34200      0    1.85e+00    0    1.29e+00
2016 10 24  0935    57685   34500      0    1.90e+00    0    1.35e+00
2016 10 24  0940    57685   34800      0    1.85e+00    0    1.31e+00
2016 10 24  0945    57685   35100      0    1.84e+00    0    1.29e+00
2016 10 24  0950    57685   35400      0    1.84e+00    0    1.28e+00
2016 10 24  0955    57685   35700      0    1.86e+00    0    1.31e+00
2016 10 24  1000    57685   36000      0    1.87e+00    0    1.31e+00
2016 10 24  1005    57685   36300      0    1.85e+00    0    1.31e+00
2016 10 24  1010    57685   36600      0    1.85e+00    0    1.29e+00
2016 10 24  1015    57685   36900      0    1.84e+00    0    1.29e+00
2016 10 24  1020    57685   37200      0    1.89e+00    0    1.33e+00
2016 10 24  1025    57685   37500      0    1.88e+00    0    1.32e+00
2016 10 24  1030    57685   37800      0    1.85e+00    0    1.30e+00
2016 10 24  1035    57685   38100      0    1.88e+00    0    1.34e+00
2016 10 24  1040    57685   38400      0    1.85e+00    0    1.29e+00
2016 10 24  1045    57685   38700      0    1.84e+00    0    1.29e+00
2016 10 24  1050    57685   39000      0    1.86e+00    0    1.30e+00
2016 10 24  1055    57685   39300      0    1.88e+00    0    1.33e+00
2016 10 24  1100    57685   39600      0    1.85e+00    0    1.30e+00
2016 10 24  1105    57685   39900      0    1.86e+00    0    1.31e+00
2016 10 24  1110    57685   40200      0    1.83e+00    0    1.29e+00
2016 10 24  1115    57685   40500      0    1.86e+00    0    1.30e+00
2016 10 24  1120    57685   40800      0    1.86e+00    0    1.30e+00
2016 10 24  1125    57685   41100      0    1.86e+00    0    1.31e+00
2016 10 24  1130    57685   41400      0    1.89e+00    0    1.32e+00
2016 10 24  1135    57685   41700      0    1.83e+00    0    1.28e+00
2016 10 24  1140    57685   42000      0    1.85e+00    0    1.31e+00
2016 10 24  1145    57685   42300      0    1.84e+00    0    1.29e+00
2016 10 24  1150    57685   42600      0    1.86e+00    0    1.31e+00
2016 10 24  1155    57685   42900      0    1.86e+00    0    1.31e+00
2016 10 24  1200    57685   43200      0    1.83e+00    0    1.28e+00
2016 10 24  1205    57685   43500      0    1.84e+00    0    1.29e+00
2016 10 24  1210    57685   43800      0    1.81e+00    0    1.28e+00
2016 10 24  1215    57685   44100      0    1.85e+00    0    1.31e+00
2016 10 24  1220    57685   44400      0    1.87e+00    0    1.30e+00
2016 10 24  1225    57685   44700      0    1.88e+00    0    1.32e+00
2016 10 24  1230    57685   45000      0    1.86e+00    0    1.30e+00
2016 10 24  1235    57685   45300      0    1.86e+00    0    1.31e+00
2016 10 24  1240    57685   45600      0    1.83e+00    0    1.29e+00
2016 10 24  1245    57685   45900      0    1.84e+00    0    1.29e+00
2016 10 24  1250    57685   46200      0    1.87e+00    0    1.32e+00
2016 10 24  1255    57685   46500      0    1.83e+00    0    1.28e+00
2016 10 24  1300    57685   46800      0    1.85e+00    0    1.30e+00
2016 10 24  1305    57685   47100      0    1.83e+00    0    1.27e+00
2016 10 24  1310    57685   47400      0    1.83e+00    0    1.29e+00
2016 10 24  1315    57685   47700      0    1.82e+00    0    1.28e+00
2016 10 24  1320    57685   48000      0    1.85e+00    0    1.32e+00
2016 10 24  1325    57685   48300      0    1.84e+00    0    1.29e+00
2016 10 24  1330    57685   48600      0    1.85e+00    0    1.29e+00
2016 10 24  1335    57685   48900      0    1.83e+00    0    1.29e+00
2016 10 24  1340    57685   49200      0    1.86e+00    0    1.31e+00
2016 10 24  1345    57685   49500      0    1.90e+00    0    1.33e+00
2016 10 24  1350    57685   49800      0    1.90e+00    0    1.34e+00
2016 10 24  1355    57685   50100      0    1.90e+00    0    1.34e+00
2016 10 24  1400    57685   50400      0    1.86e+00    0    1.31e+00
2016 10 24  1405    57685   50700      0    1.85e+00    0    1.30e+00
2016 10 24  1410    57685   51000      0    1.92e+00    0    1.36e+00
2016 10 24  1415    57685   51300      0    1.85e+00    0    1.30e+00
2016 10 24  1420    57685   51600      0    1.85e+00    0    1.29e+00
2016 10 24  1425    57685   51900      0    1.77e+00    0    1.25e+00
2016 10 24  1430    57685   52200      0    1.83e+00    0    1.29e+00
2016 10 24  1435    57685   52500      0    1.89e+00    0    1.33e+00
2016 10 24  1440    57685   52800      0    1.87e+00    0    1.31e+00
2016 10 24  1445    57685   53100      0    1.87e+00    0    1.32e+00
2016 10 24  1450    57685   53400      0    1.84e+00    0    1.29e+00
2016 10 24  1455    57685   53700      0    1.83e+00    0    1.28e+00
2016 10 24  1500    57685   54000      0    1.87e+00    0    1.31e+00
2016 10 24  1505    57685   54300      0    1.83e+00    0    1.28e+00
2016 10 24  1510    57685   54600      0    1.85e+00    0    1.31e+00
2016 10 24  1515    57685   54900      0    1.85e+00    0    1.29e+00
2016 10 24  1520    57685   55200      0    1.87e+00    0    1.32e+00
2016 10 24  1525    57685   55500      0    1.85e+00    0    1.30e+00
2016 10 24  1530    57685   55800      0    1.83e+00    0    1.29e+00
2016 10 24  1535    57685   56100      0    1.83e+00    0    1.28e+00
2016 10 24  1540    57685   56400      0    1.88e+00    0    1.30e+00
2016 10 24  1545    57685   56700      0    1.85e+00    0    1.29e+00
2016 10 24  1550    57685   57000      0    1.87e+00    0    1.32e+00
2016 10 24  1555    57685   57300      0    1.87e+00    0    1.31e+00
2016 10 24  1600    57685   57600      0    1.85e+00    0    1.30e+00
2016 10 24  1605    57685   57900      0    1.88e+00    0    1.32e+00
2016 10 24  1610    57685   58200      0    1.85e+00    0    1.30e+00
2016 10 24  1615    57685   58500      0    1.84e+00    0    1.30e+00
2016 10 24  1620    57685   58800      0    1.83e+00    0    1.28e+00
2016 10 24  1625    57685   59100      0    1.85e+00    0    1.30e+00
2016 10 24  1630    57685   59400      0    1.87e+00    0    1.33e+00
2016 10 24  1635    57685   59700      0    1.83e+00    0    1.29e+00
2016 10 24  1640    57685   60000      0    1.81e+00    0    1.27e+00
2016 10 24  1645    57685   60300      0    1.86e+00    0    1.31e+00
2016 10 24  1650    57685   60600      0    1.87e+00    0    1.31e+00
2016 10 24  1655    57685   60900      0    1.83e+00    0    1.29e+00
2016 10 24  1700    57685   61200      0    1.86e+00    0    1.31e+00
2016 10 24  1705    57685   61500      0    1.84e+00    0    1.29e+00
2016 10 24  1710    57685   61800      0    1.87e+00    0    1.32e+00
2016 10 24  1715    57685   62100      0    1.84e+00    0    1.29e+00
2016 10 24  1720    57685   62400      0    1.86e+00    0    1.31e+00
2016 10 24  1725    57685   62700      0    1.86e+00    0    1.31e+00
2016 10 24  1730    57685   63000      0    1.81e+00    0    1.27e+00
2016 10 24  1735    57685   63300      0    1.85e+00    0    1.30e+00
2016 10 24  1740    57685   63600      0    1.82e+00    0    1.27e+00
2016 10 24  1745    57685   63900      0    1.83e+00    0    1.28e+00
2016 10 24  1750    57685   64200      0    1.86e+00    0    1.30e+00
2016 10 24  1755    57685   64500      0    1.86e+00    0    1.30e+00
2016 10 24  1800    57685   64800      0    1.86e+00    0    1.31e+00
2016 10 24  1805    57685   65100      0    1.85e+00    0    1.30e+00
2016 10 24  1810    57685   65400      0    1.85e+00    0    1.30e+00
2016 10 24  1815    57685   65700      0    1.86e+00    0    1.31e+00
2016 10 24  1820    57685   66000      0    1.82e+00    0    1.28e+00
2016 10 24  1825    57685   66300      0    1.86e+00    0    1.30e+00
2016 10 24  1830    57685   66600      0    1.81e+00    0    1.28e+00
2016 10 24  1835    57685   66900      0    1.88e+00    0    1.33e+00
2016 10 24  1840    57685   67200      0    1.86e+00    0    1.30e+00
2016 10 24  1845    57685   67500      0    1.82e+00    0    1.26e+00
2016 10 24  1850    57685   67800      0    1.85e+00    0    1.30e+00
2016 10 24  1855    57685   68100      0    1.81e+00    0    1.26e+00
2016 10 24  1900    57685   68400      0    1.84e+00    0    1.30e+00
2016 10 24  1905    57685   68700      0    1.85e+00    0    1.30e+00
2016 10 24  1910    57685   69000      0    1.86e+00    0    1.31e+00
2016 10 24  1915    57685   69300      0    1.83e+00    0    1.27e+00
2016 10 24  1920    57685   69600      0    1.87e+00    0    1.32e+00
2016 10 24  1925    57685   69900      0    1.87e+00    0    1.30e+00
2016 10 24  1930    57685   70200      0    1.85e+00    0    1.30e+00
2016 10 24  1935    57685   70500      0    1.88e+00    0    1.32e+00
2016 10 24  1940    57685   70800      0    1.84e+00    0    1.29e+00
2016 10 24  1945    57685   71100      0    1.85e+00    0    1.29e+00
2016 10 24  1950    57685   71400      0    1.87e+00    0    1.33e+00
2016 10 24  1955    57685   71700      0    1.87e+00    0    1.30e+00
2016 10 24  2000    57685   72000      0    1.88e+00    0    1.32e+00
2016 10 24  2005    57685   72300      0    1.88e+00    0    1.32e+00
2016 10 24  2010    57685   72600      0    1.87e+00    0    1.31e+00
2016 10 24  2015    57685   72900      0    1.86e+00    0    1.31e+00
2016 10 24  2020    57685   73200      0    1.89e+00    0    1.32e+00
2016 10 24  2025    57685   73500      0    1.87e+00    0    1.31e+00
2016 10 24  2030    57685   73800      0    1.89e+00    0    1.32e+00
2016 10 24  2035    57685   74100      0    1.85e+00    0    1.31e+00
2016 10 24  2040    57685   74400      0    1.79e+00    0    1.24e+00
2016 10 24  2045    57685   74700      0    1.83e+00    0    1.27e+00
2016 10 24  2050    57685   75000      0    1.86e+00    0    1.32e+00
2016 10 24  2055    57685   75300      0    1.92e+00    0    1.37e+00
2016 10 24  2100    57685   75600      0    1.84e+00    0    1.28e+00
2016 10 24  2105    57685   75900      0    1.91e+00    0    1.35e+00
2016 10 24  2110    57685   76200      0    1.88e+00    0    1.31e+00
2016 10 24  2115    57685   76500      0    1.78e+00    0    1.25e+00
2016 10 24  2120    57685   76800      0    1.87e+00    0    1.31e+00
2016 10 24  2125    57685   77100      0    1.81e+00    0    1.26e+00
2016 10 24  2130    57685   77400      0    1.85e+00    0    1.29e+00
2016 10 24  2135    57685   77700      0    1.98e+00    0    1.41e+00
2016 10 24  2140    57685   78000      0    1.93e+00    0    1.35e+00
2016 10 24  2145    57685   78300      0    1.92e+00    0    1.36e+00
2016 10 24  2150    57685   78600      0    1.90e+00    0    1.32e+00
2016 10 24  2155    57685   78900      0    1.86e+00    0    1.31e+00
2016 10 24  2200    57685   79200      0    1.93e+00    0    1.36e+00
2016 10 24  2205    57685   79500      0    1.80e+00    0    1.24e+00
2016 10 24  2210    57685   79800      0    1.84e+00    0    1.30e+00
2016 10 24  2215    57685   80100      0    1.81e+00    0    1.25e+00
2016 10 24  2220    57685   80400      0    1.79e+00    0    1.25e+00
2016 10 24  2225    57685   80700      0    1.81e+00    0    1.25e+00
2016 10 24  2230    57685   81000      0    1.81e+00    0    1.26e+00
2016 10 24  2235    57685   81300      0    1.83e+00    0    1.28e+00
2016 10 24  2240    57685   81600      0    1.90e+00    0    1.38e+00
2016 10 24  2245    57685   81900      0    1.91e+00    0    1.37e+00
2016 10 24  2250    57685   82200      0    1.85e+00    0    1.30e+00
2016 10 24  2255    57685   82500      0    1.82e+00    0    1.28e+00
2016 10 24  2300    57685   82800      0    1.80e+00    0    1.26e+00
2016 10 24  2305    57685   83100      0    1.75e+00    0    1.22e+00
2016 10 24  2310    57685   83400      0    1.87e+00    0    1.33e+00
2016 10 24  2315    57685   83700      0    1.86e+00    0    1.29e+00
2016 10 24  2320    57685   84000      0    1.82e+00    0    1.27e+00
2016 10 24  2325    57685   84300      0    1.91e+00    0    1.34e+00
2016 10 24  2330    57685   84600      0    1.90e+00    0    1.33e+00
2016 10 24  2335    57685   84900      0    1.92e+00    0    1.36e+00
2016 10 24  2340    57685   85200      0    1.89e+00    0    1.35e+00
2016 10 24  2345    57685   85500      0    1.91e+00    0    1.34e+00
2016 10 24  2350    57685   85800      0    1.86e+00    0    1.30e+00
2016 10 24  2355    57685   86100      0    1.87e+00    0    1.30e+00
