:Data_list: 20160902_ace_sis_5m.txt
:Created: 2016 Sep 02 0901 UT
# Prepared by the U.S. Dept. of Commerce, NOAA, Space Weather Prediction Center
# Please send comments and suggestions to SWPC.Webmaster@noaa.gov 
# 
# Units: proton flux p/cs2-sec-ster
# Status(S): 0 = nominal data, 1 to 8 = bad data record, 9 = no data
# Missing data values: -1.00e+05
# Source: ACE Satellite - Solar Isotope Spectrometer
#
# 5-minute averaged Real-time Integral Flux of High-energy Solar Protons
# 
#                 Modified Seconds
# UT Date   Time   Julian  of the      ---- Integral Proton Flux ----
# YR MO DA  HHMM     Day     Day       S    > 10 MeV    S    > 30 MeV
#--------------------------------------------------------------------
2016 09 02  0000    57633       0      9   -1.00e+05    9   -1.00e+05
2016 09 02  0005    57633     300      9   -1.00e+05    9   -1.00e+05
2016 09 02  0010    57633     600      9   -1.00e+05    9   -1.00e+05
2016 09 02  0015    57633     900      9   -1.00e+05    9   -1.00e+05
2016 09 02  0020    57633    1200      9   -1.00e+05    9   -1.00e+05
2016 09 02  0025    57633    1500      9   -1.00e+05    9   -1.00e+05
2016 09 02  0030    57633    1800      9   -1.00e+05    9   -1.00e+05
2016 09 02  0035    57633    2100      9   -1.00e+05    9   -1.00e+05
2016 09 02  0040    57633    2400      9   -1.00e+05    9   -1.00e+05
2016 09 02  0045    57633    2700      9   -1.00e+05    9   -1.00e+05
2016 09 02  0050    57633    3000      9   -1.00e+05    9   -1.00e+05
2016 09 02  0055    57633    3300      9   -1.00e+05    9   -1.00e+05
2016 09 02  0100    57633    3600      9   -1.00e+05    9   -1.00e+05
2016 09 02  0105    57633    3900      9   -1.00e+05    9   -1.00e+05
2016 09 02  0110    57633    4200      9   -1.00e+05    9   -1.00e+05
2016 09 02  0115    57633    4500      9   -1.00e+05    9   -1.00e+05
2016 09 02  0120    57633    4800      9   -1.00e+05    9   -1.00e+05
2016 09 02  0125    57633    5100      9   -1.00e+05    9   -1.00e+05
2016 09 02  0130    57633    5400      9   -1.00e+05    9   -1.00e+05
2016 09 02  0135    57633    5700      9   -1.00e+05    9   -1.00e+05
2016 09 02  0140    57633    6000      9   -1.00e+05    9   -1.00e+05
2016 09 02  0145    57633    6300      9   -1.00e+05    9   -1.00e+05
2016 09 02  0150    57633    6600      9   -1.00e+05    9   -1.00e+05
2016 09 02  0155    57633    6900      9   -1.00e+05    9   -1.00e+05
2016 09 02  0200    57633    7200      9   -1.00e+05    9   -1.00e+05
2016 09 02  0205    57633    7500      9   -1.00e+05    9   -1.00e+05
2016 09 02  0210    57633    7800      9   -1.00e+05    9   -1.00e+05
2016 09 02  0215    57633    8100      9   -1.00e+05    9   -1.00e+05
2016 09 02  0220    57633    8400      9   -1.00e+05    9   -1.00e+05
2016 09 02  0225    57633    8700      9   -1.00e+05    9   -1.00e+05
2016 09 02  0230    57633    9000      9   -1.00e+05    9   -1.00e+05
2016 09 02  0235    57633    9300      9   -1.00e+05    9   -1.00e+05
2016 09 02  0240    57633    9600      9   -1.00e+05    9   -1.00e+05
2016 09 02  0245    57633    9900      9   -1.00e+05    9   -1.00e+05
2016 09 02  0250    57633   10200      9   -1.00e+05    9   -1.00e+05
2016 09 02  0255    57633   10500      9   -1.00e+05    9   -1.00e+05
2016 09 02  0300    57633   10800      9   -1.00e+05    9   -1.00e+05
2016 09 02  0305    57633   11100      9   -1.00e+05    9   -1.00e+05
2016 09 02  0310    57633   11400      9   -1.00e+05    9   -1.00e+05
2016 09 02  0315    57633   11700      9   -1.00e+05    9   -1.00e+05
2016 09 02  0320    57633   12000      9   -1.00e+05    9   -1.00e+05
2016 09 02  0325    57633   12300      9   -1.00e+05    9   -1.00e+05
2016 09 02  0330    57633   12600      9   -1.00e+05    9   -1.00e+05
2016 09 02  0335    57633   12900      9   -1.00e+05    9   -1.00e+05
2016 09 02  0340    57633   13200      9   -1.00e+05    9   -1.00e+05
2016 09 02  0345    57633   13500      9   -1.00e+05    9   -1.00e+05
2016 09 02  0350    57633   13800      9   -1.00e+05    9   -1.00e+05
2016 09 02  0355    57633   14100      9   -1.00e+05    9   -1.00e+05
2016 09 02  0400    57633   14400      9   -1.00e+05    9   -1.00e+05
2016 09 02  0405    57633   14700      9   -1.00e+05    9   -1.00e+05
2016 09 02  0410    57633   15000      9   -1.00e+05    9   -1.00e+05
2016 09 02  0415    57633   15300      9   -1.00e+05    9   -1.00e+05
2016 09 02  0420    57633   15600      9   -1.00e+05    9   -1.00e+05
2016 09 02  0425    57633   15900      9   -1.00e+05    9   -1.00e+05
2016 09 02  0430    57633   16200      9   -1.00e+05    9   -1.00e+05
2016 09 02  0435    57633   16500      9   -1.00e+05    9   -1.00e+05
2016 09 02  0440    57633   16800      9   -1.00e+05    9   -1.00e+05
2016 09 02  0445    57633   17100      9   -1.00e+05    9   -1.00e+05
2016 09 02  0450    57633   17400      9   -1.00e+05    9   -1.00e+05
2016 09 02  0455    57633   17700      9   -1.00e+05    9   -1.00e+05
2016 09 02  0500    57633   18000      9   -1.00e+05    9   -1.00e+05
2016 09 02  0505    57633   18300      9   -1.00e+05    9   -1.00e+05
2016 09 02  0510    57633   18600      9   -1.00e+05    9   -1.00e+05
2016 09 02  0515    57633   18900      9   -1.00e+05    9   -1.00e+05
2016 09 02  0520    57633   19200      9   -1.00e+05    9   -1.00e+05
2016 09 02  0525    57633   19500      9   -1.00e+05    9   -1.00e+05
2016 09 02  0530    57633   19800      9   -1.00e+05    9   -1.00e+05
2016 09 02  0535    57633   20100      9   -1.00e+05    9   -1.00e+05
2016 09 02  0540    57633   20400      0    1.66e+00    0    1.17e+00
2016 09 02  0545    57633   20700      0    1.66e+00    0    1.15e+00
2016 09 02  0550    57633   21000      0    1.64e+00    0    1.15e+00
2016 09 02  0555    57633   21300      0    1.68e+00    0    1.19e+00
2016 09 02  0600    57633   21600      0    1.64e+00    0    1.16e+00
2016 09 02  0605    57633   21900      0    1.64e+00    0    1.15e+00
2016 09 02  0610    57633   22200      0    1.65e+00    0    1.15e+00
2016 09 02  0615    57633   22500      0    1.66e+00    0    1.17e+00
2016 09 02  0620    57633   22800      0    1.65e+00    0    1.16e+00
2016 09 02  0625    57633   23100      0    1.68e+00    0    1.18e+00
2016 09 02  0630    57633   23400      0    1.68e+00    0    1.17e+00
2016 09 02  0635    57633   23700      0    1.77e+00    0    1.27e+00
2016 09 02  0640    57633   24000      0    1.65e+00    0    1.16e+00
2016 09 02  0645    57633   24300      0    1.67e+00    0    1.17e+00
2016 09 02  0650    57633   24600      0    1.65e+00    0    1.15e+00
2016 09 02  0655    57633   24900      0    1.64e+00    0    1.15e+00
2016 09 02  0700    57633   25200      0    1.69e+00    0    1.17e+00
2016 09 02  0705    57633   25500      0    1.66e+00    0    1.16e+00
2016 09 02  0710    57633   25800      0    1.66e+00    0    1.16e+00
2016 09 02  0715    57633   26100      0    1.63e+00    0    1.15e+00
2016 09 02  0720    57633   26400      0    1.64e+00    0    1.14e+00
2016 09 02  0725    57633   26700      0    1.64e+00    0    1.15e+00
2016 09 02  0730    57633   27000      0    1.67e+00    0    1.17e+00
2016 09 02  0735    57633   27300      0    1.65e+00    0    1.15e+00
2016 09 02  0740    57633   27600      0    1.63e+00    0    1.14e+00
2016 09 02  0745    57633   27900      0    1.62e+00    0    1.13e+00
2016 09 02  0750    57633   28200      0    1.64e+00    0    1.15e+00
2016 09 02  0755    57633   28500      0    1.63e+00    0    1.14e+00
2016 09 02  0800    57633   28800      0    1.65e+00    0    1.16e+00
2016 09 02  0805    57633   29100      0    1.66e+00    0    1.16e+00
2016 09 02  0810    57633   29400      0    1.69e+00    0    1.19e+00
2016 09 02  0815    57633   29700      0    1.64e+00    0    1.15e+00
2016 09 02  0820    57633   30000      0    1.64e+00    0    1.15e+00
2016 09 02  0825    57633   30300      0    1.63e+00    0    1.14e+00
2016 09 02  0830    57633   30600      0    1.64e+00    0    1.16e+00
2016 09 02  0835    57633   30900      0    1.64e+00    0    1.15e+00
2016 09 02  0840    57633   31200      0    1.65e+00    0    1.14e+00
2016 09 02  0845    57633   31500      0    1.69e+00    0    1.18e+00
2016 09 02  0850    57633   31800      0    1.69e+00    0    1.19e+00
2016 09 02  0855    57633   32100      9   -1.00e+05    9   -1.00e+05
