:Data_list: 20170522_ace_mag_1m.txt
:Created: 2017 May 22 0901 UT
# Prepared by the U.S. Dept. of Commerce, NOAA, Space Weather Prediction Center
# Please send comments and suggestions to SWPC.Webmaster@noaa.gov 
# 
# Magnetometer values are in GSM coordinates.
# 
# Units: Bx, By, Bz, Bt in nT
# Units: Latitude  degrees +/-  90.0
# Units: Longitude degrees 0.0 - 360.0
# Status(S): 0 = nominal data, 1 to 8 = bad data record, 9 = no data
# Missing data values: -999.9
# Source: ACE Satellite - Magnetometer
#
#              1-minute averaged Real-time Interplanetary Magnetic Field Values 
# 
#                 Modified Seconds
# UT Date   Time  Julian   of the   ----------------  GSM Coordinates ---------------
# YR MO DA  HHMM    Day      Day    S     Bx      By      Bz      Bt     Lat.   Long.
#------------------------------------------------------------------------------------
2017 05 22  0000   57895       0    9  -999.9  -999.9  -999.9  -999.9  -999.9  -999.9
2017 05 22  0001   57895      60    9  -999.9  -999.9  -999.9  -999.9  -999.9  -999.9
2017 05 22  0002   57895     120    9  -999.9  -999.9  -999.9  -999.9  -999.9  -999.9
2017 05 22  0003   57895     180    9  -999.9  -999.9  -999.9  -999.9  -999.9  -999.9
2017 05 22  0004   57895     240    9  -999.9  -999.9  -999.9  -999.9  -999.9  -999.9
2017 05 22  0005   57895     300    9  -999.9  -999.9  -999.9  -999.9  -999.9  -999.9
2017 05 22  0006   57895     360    9  -999.9  -999.9  -999.9  -999.9  -999.9  -999.9
2017 05 22  0007   57895     420    9  -999.9  -999.9  -999.9  -999.9  -999.9  -999.9
2017 05 22  0008   57895     480    9  -999.9  -999.9  -999.9  -999.9  -999.9  -999.9
2017 05 22  0009   57895     540    9  -999.9  -999.9  -999.9  -999.9  -999.9  -999.9
2017 05 22  0010   57895     600    9  -999.9  -999.9  -999.9  -999.9  -999.9  -999.9
2017 05 22  0011   57895     660    9  -999.9  -999.9  -999.9  -999.9  -999.9  -999.9
2017 05 22  0012   57895     720    9  -999.9  -999.9  -999.9  -999.9  -999.9  -999.9
2017 05 22  0013   57895     780    9  -999.9  -999.9  -999.9  -999.9  -999.9  -999.9
2017 05 22  0014   57895     840    9  -999.9  -999.9  -999.9  -999.9  -999.9  -999.9
2017 05 22  0015   57895     900    9  -999.9  -999.9  -999.9  -999.9  -999.9  -999.9
2017 05 22  0016   57895     960    9  -999.9  -999.9  -999.9  -999.9  -999.9  -999.9
2017 05 22  0017   57895    1020    9  -999.9  -999.9  -999.9  -999.9  -999.9  -999.9
2017 05 22  0018   57895    1080    9  -999.9  -999.9  -999.9  -999.9  -999.9  -999.9
2017 05 22  0019   57895    1140    9  -999.9  -999.9  -999.9  -999.9  -999.9  -999.9
2017 05 22  0020   57895    1200    9  -999.9  -999.9  -999.9  -999.9  -999.9  -999.9
2017 05 22  0021   57895    1260    9  -999.9  -999.9  -999.9  -999.9  -999.9  -999.9
2017 05 22  0022   57895    1320    9  -999.9  -999.9  -999.9  -999.9  -999.9  -999.9
2017 05 22  0023   57895    1380    9  -999.9  -999.9  -999.9  -999.9  -999.9  -999.9
2017 05 22  0024   57895    1440    9  -999.9  -999.9  -999.9  -999.9  -999.9  -999.9
2017 05 22  0025   57895    1500    9  -999.9  -999.9  -999.9  -999.9  -999.9  -999.9
2017 05 22  0026   57895    1560    9  -999.9  -999.9  -999.9  -999.9  -999.9  -999.9
2017 05 22  0027   57895    1620    9  -999.9  -999.9  -999.9  -999.9  -999.9  -999.9
2017 05 22  0028   57895    1680    9  -999.9  -999.9  -999.9  -999.9  -999.9  -999.9
2017 05 22  0029   57895    1740    9  -999.9  -999.9  -999.9  -999.9  -999.9  -999.9
2017 05 22  0030   57895    1800    9  -999.9  -999.9  -999.9  -999.9  -999.9  -999.9
2017 05 22  0031   57895    1860    9  -999.9  -999.9  -999.9  -999.9  -999.9  -999.9
2017 05 22  0032   57895    1920    9  -999.9  -999.9  -999.9  -999.9  -999.9  -999.9
2017 05 22  0033   57895    1980    9  -999.9  -999.9  -999.9  -999.9  -999.9  -999.9
2017 05 22  0034   57895    2040    9  -999.9  -999.9  -999.9  -999.9  -999.9  -999.9
2017 05 22  0035   57895    2100    9  -999.9  -999.9  -999.9  -999.9  -999.9  -999.9
2017 05 22  0036   57895    2160    9  -999.9  -999.9  -999.9  -999.9  -999.9  -999.9
2017 05 22  0037   57895    2220    9  -999.9  -999.9  -999.9  -999.9  -999.9  -999.9
2017 05 22  0038   57895    2280    9  -999.9  -999.9  -999.9  -999.9  -999.9  -999.9
2017 05 22  0039   57895    2340    9  -999.9  -999.9  -999.9  -999.9  -999.9  -999.9
2017 05 22  0040   57895    2400    9  -999.9  -999.9  -999.9  -999.9  -999.9  -999.9
2017 05 22  0041   57895    2460    9  -999.9  -999.9  -999.9  -999.9  -999.9  -999.9
2017 05 22  0042   57895    2520    9  -999.9  -999.9  -999.9  -999.9  -999.9  -999.9
2017 05 22  0043   57895    2580    9  -999.9  -999.9  -999.9  -999.9  -999.9  -999.9
2017 05 22  0044   57895    2640    9  -999.9  -999.9  -999.9  -999.9  -999.9  -999.9
2017 05 22  0045   57895    2700    9  -999.9  -999.9  -999.9  -999.9  -999.9  -999.9
2017 05 22  0046   57895    2760    9  -999.9  -999.9  -999.9  -999.9  -999.9  -999.9
2017 05 22  0047   57895    2820    9  -999.9  -999.9  -999.9  -999.9  -999.9  -999.9
2017 05 22  0048   57895    2880    9  -999.9  -999.9  -999.9  -999.9  -999.9  -999.9
2017 05 22  0049   57895    2940    9  -999.9  -999.9  -999.9  -999.9  -999.9  -999.9
2017 05 22  0050   57895    3000    9  -999.9  -999.9  -999.9  -999.9  -999.9  -999.9
2017 05 22  0051   57895    3060    9  -999.9  -999.9  -999.9  -999.9  -999.9  -999.9
2017 05 22  0052   57895    3120    9  -999.9  -999.9  -999.9  -999.9  -999.9  -999.9
2017 05 22  0053   57895    3180    9  -999.9  -999.9  -999.9  -999.9  -999.9  -999.9
2017 05 22  0054   57895    3240    9  -999.9  -999.9  -999.9  -999.9  -999.9  -999.9
2017 05 22  0055   57895    3300    9  -999.9  -999.9  -999.9  -999.9  -999.9  -999.9
2017 05 22  0056   57895    3360    9  -999.9  -999.9  -999.9  -999.9  -999.9  -999.9
2017 05 22  0057   57895    3420    9  -999.9  -999.9  -999.9  -999.9  -999.9  -999.9
2017 05 22  0058   57895    3480    9  -999.9  -999.9  -999.9  -999.9  -999.9  -999.9
2017 05 22  0059   57895    3540    9  -999.9  -999.9  -999.9  -999.9  -999.9  -999.9
2017 05 22  0100   57895    3600    9  -999.9  -999.9  -999.9  -999.9  -999.9  -999.9
2017 05 22  0101   57895    3660    9  -999.9  -999.9  -999.9  -999.9  -999.9  -999.9
2017 05 22  0102   57895    3720    9  -999.9  -999.9  -999.9  -999.9  -999.9  -999.9
2017 05 22  0103   57895    3780    9  -999.9  -999.9  -999.9  -999.9  -999.9  -999.9
2017 05 22  0104   57895    3840    9  -999.9  -999.9  -999.9  -999.9  -999.9  -999.9
2017 05 22  0105   57895    3900    9  -999.9  -999.9  -999.9  -999.9  -999.9  -999.9
2017 05 22  0106   57895    3960    9  -999.9  -999.9  -999.9  -999.9  -999.9  -999.9
2017 05 22  0107   57895    4020    9  -999.9  -999.9  -999.9  -999.9  -999.9  -999.9
2017 05 22  0108   57895    4080    9  -999.9  -999.9  -999.9  -999.9  -999.9  -999.9
2017 05 22  0109   57895    4140    9  -999.9  -999.9  -999.9  -999.9  -999.9  -999.9
2017 05 22  0110   57895    4200    9  -999.9  -999.9  -999.9  -999.9  -999.9  -999.9
2017 05 22  0111   57895    4260    9  -999.9  -999.9  -999.9  -999.9  -999.9  -999.9
2017 05 22  0112   57895    4320    9  -999.9  -999.9  -999.9  -999.9  -999.9  -999.9
2017 05 22  0113   57895    4380    9  -999.9  -999.9  -999.9  -999.9  -999.9  -999.9
2017 05 22  0114   57895    4440    9  -999.9  -999.9  -999.9  -999.9  -999.9  -999.9
2017 05 22  0115   57895    4500    9  -999.9  -999.9  -999.9  -999.9  -999.9  -999.9
2017 05 22  0116   57895    4560    9  -999.9  -999.9  -999.9  -999.9  -999.9  -999.9
2017 05 22  0117   57895    4620    9  -999.9  -999.9  -999.9  -999.9  -999.9  -999.9
2017 05 22  0118   57895    4680    9  -999.9  -999.9  -999.9  -999.9  -999.9  -999.9
2017 05 22  0119   57895    4740    9  -999.9  -999.9  -999.9  -999.9  -999.9  -999.9
2017 05 22  0120   57895    4800    9  -999.9  -999.9  -999.9  -999.9  -999.9  -999.9
2017 05 22  0121   57895    4860    9  -999.9  -999.9  -999.9  -999.9  -999.9  -999.9
2017 05 22  0122   57895    4920    9  -999.9  -999.9  -999.9  -999.9  -999.9  -999.9
2017 05 22  0123   57895    4980    9  -999.9  -999.9  -999.9  -999.9  -999.9  -999.9
2017 05 22  0124   57895    5040    9  -999.9  -999.9  -999.9  -999.9  -999.9  -999.9
2017 05 22  0125   57895    5100    9  -999.9  -999.9  -999.9  -999.9  -999.9  -999.9
2017 05 22  0126   57895    5160    9  -999.9  -999.9  -999.9  -999.9  -999.9  -999.9
2017 05 22  0127   57895    5220    9  -999.9  -999.9  -999.9  -999.9  -999.9  -999.9
2017 05 22  0128   57895    5280    9  -999.9  -999.9  -999.9  -999.9  -999.9  -999.9
2017 05 22  0129   57895    5340    9  -999.9  -999.9  -999.9  -999.9  -999.9  -999.9
2017 05 22  0130   57895    5400    9  -999.9  -999.9  -999.9  -999.9  -999.9  -999.9
2017 05 22  0131   57895    5460    9  -999.9  -999.9  -999.9  -999.9  -999.9  -999.9
2017 05 22  0132   57895    5520    9  -999.9  -999.9  -999.9  -999.9  -999.9  -999.9
2017 05 22  0133   57895    5580    9  -999.9  -999.9  -999.9  -999.9  -999.9  -999.9
2017 05 22  0134   57895    5640    9  -999.9  -999.9  -999.9  -999.9  -999.9  -999.9
2017 05 22  0135   57895    5700    9  -999.9  -999.9  -999.9  -999.9  -999.9  -999.9
2017 05 22  0136   57895    5760    9  -999.9  -999.9  -999.9  -999.9  -999.9  -999.9
2017 05 22  0137   57895    5820    9  -999.9  -999.9  -999.9  -999.9  -999.9  -999.9
2017 05 22  0138   57895    5880    9  -999.9  -999.9  -999.9  -999.9  -999.9  -999.9
2017 05 22  0139   57895    5940    9  -999.9  -999.9  -999.9  -999.9  -999.9  -999.9
2017 05 22  0140   57895    6000    9  -999.9  -999.9  -999.9  -999.9  -999.9  -999.9
2017 05 22  0141   57895    6060    9  -999.9  -999.9  -999.9  -999.9  -999.9  -999.9
2017 05 22  0142   57895    6120    9  -999.9  -999.9  -999.9  -999.9  -999.9  -999.9
2017 05 22  0143   57895    6180    9  -999.9  -999.9  -999.9  -999.9  -999.9  -999.9
2017 05 22  0144   57895    6240    9  -999.9  -999.9  -999.9  -999.9  -999.9  -999.9
2017 05 22  0145   57895    6300    9  -999.9  -999.9  -999.9  -999.9  -999.9  -999.9
2017 05 22  0146   57895    6360    9  -999.9  -999.9  -999.9  -999.9  -999.9  -999.9
2017 05 22  0147   57895    6420    9  -999.9  -999.9  -999.9  -999.9  -999.9  -999.9
2017 05 22  0148   57895    6480    9  -999.9  -999.9  -999.9  -999.9  -999.9  -999.9
2017 05 22  0149   57895    6540    9  -999.9  -999.9  -999.9  -999.9  -999.9  -999.9
2017 05 22  0150   57895    6600    9  -999.9  -999.9  -999.9  -999.9  -999.9  -999.9
2017 05 22  0151   57895    6660    9  -999.9  -999.9  -999.9  -999.9  -999.9  -999.9
2017 05 22  0152   57895    6720    9  -999.9  -999.9  -999.9  -999.9  -999.9  -999.9
2017 05 22  0153   57895    6780    9  -999.9  -999.9  -999.9  -999.9  -999.9  -999.9
2017 05 22  0154   57895    6840    9  -999.9  -999.9  -999.9  -999.9  -999.9  -999.9
2017 05 22  0155   57895    6900    9  -999.9  -999.9  -999.9  -999.9  -999.9  -999.9
2017 05 22  0156   57895    6960    9  -999.9  -999.9  -999.9  -999.9  -999.9  -999.9
2017 05 22  0157   57895    7020    9  -999.9  -999.9  -999.9  -999.9  -999.9  -999.9
2017 05 22  0158   57895    7080    9  -999.9  -999.9  -999.9  -999.9  -999.9  -999.9
2017 05 22  0159   57895    7140    9  -999.9  -999.9  -999.9  -999.9  -999.9  -999.9
2017 05 22  0200   57895    7200    9  -999.9  -999.9  -999.9  -999.9  -999.9  -999.9
2017 05 22  0201   57895    7260    9  -999.9  -999.9  -999.9  -999.9  -999.9  -999.9
2017 05 22  0202   57895    7320    9  -999.9  -999.9  -999.9  -999.9  -999.9  -999.9
2017 05 22  0203   57895    7380    9  -999.9  -999.9  -999.9  -999.9  -999.9  -999.9
2017 05 22  0204   57895    7440    9  -999.9  -999.9  -999.9  -999.9  -999.9  -999.9
2017 05 22  0205   57895    7500    9  -999.9  -999.9  -999.9  -999.9  -999.9  -999.9
2017 05 22  0206   57895    7560    9  -999.9  -999.9  -999.9  -999.9  -999.9  -999.9
2017 05 22  0207   57895    7620    9  -999.9  -999.9  -999.9  -999.9  -999.9  -999.9
2017 05 22  0208   57895    7680    9  -999.9  -999.9  -999.9  -999.9  -999.9  -999.9
2017 05 22  0209   57895    7740    9  -999.9  -999.9  -999.9  -999.9  -999.9  -999.9
2017 05 22  0210   57895    7800    9  -999.9  -999.9  -999.9  -999.9  -999.9  -999.9
2017 05 22  0211   57895    7860    9  -999.9  -999.9  -999.9  -999.9  -999.9  -999.9
2017 05 22  0212   57895    7920    9  -999.9  -999.9  -999.9  -999.9  -999.9  -999.9
2017 05 22  0213   57895    7980    9  -999.9  -999.9  -999.9  -999.9  -999.9  -999.9
2017 05 22  0214   57895    8040    9  -999.9  -999.9  -999.9  -999.9  -999.9  -999.9
2017 05 22  0215   57895    8100    9  -999.9  -999.9  -999.9  -999.9  -999.9  -999.9
2017 05 22  0216   57895    8160    9  -999.9  -999.9  -999.9  -999.9  -999.9  -999.9
2017 05 22  0217   57895    8220    9  -999.9  -999.9  -999.9  -999.9  -999.9  -999.9
2017 05 22  0218   57895    8280    9  -999.9  -999.9  -999.9  -999.9  -999.9  -999.9
2017 05 22  0219   57895    8340    9  -999.9  -999.9  -999.9  -999.9  -999.9  -999.9
2017 05 22  0220   57895    8400    9  -999.9  -999.9  -999.9  -999.9  -999.9  -999.9
2017 05 22  0221   57895    8460    9  -999.9  -999.9  -999.9  -999.9  -999.9  -999.9
2017 05 22  0222   57895    8520    9  -999.9  -999.9  -999.9  -999.9  -999.9  -999.9
2017 05 22  0223   57895    8580    9  -999.9  -999.9  -999.9  -999.9  -999.9  -999.9
2017 05 22  0224   57895    8640    9  -999.9  -999.9  -999.9  -999.9  -999.9  -999.9
2017 05 22  0225   57895    8700    9  -999.9  -999.9  -999.9  -999.9  -999.9  -999.9
2017 05 22  0226   57895    8760    9  -999.9  -999.9  -999.9  -999.9  -999.9  -999.9
2017 05 22  0227   57895    8820    9  -999.9  -999.9  -999.9  -999.9  -999.9  -999.9
2017 05 22  0228   57895    8880    9  -999.9  -999.9  -999.9  -999.9  -999.9  -999.9
2017 05 22  0229   57895    8940    9  -999.9  -999.9  -999.9  -999.9  -999.9  -999.9
2017 05 22  0230   57895    9000    9  -999.9  -999.9  -999.9  -999.9  -999.9  -999.9
2017 05 22  0231   57895    9060    9  -999.9  -999.9  -999.9  -999.9  -999.9  -999.9
2017 05 22  0232   57895    9120    9  -999.9  -999.9  -999.9  -999.9  -999.9  -999.9
2017 05 22  0233   57895    9180    9  -999.9  -999.9  -999.9  -999.9  -999.9  -999.9
2017 05 22  0234   57895    9240    9  -999.9  -999.9  -999.9  -999.9  -999.9  -999.9
2017 05 22  0235   57895    9300    9  -999.9  -999.9  -999.9  -999.9  -999.9  -999.9
2017 05 22  0236   57895    9360    9  -999.9  -999.9  -999.9  -999.9  -999.9  -999.9
2017 05 22  0237   57895    9420    9  -999.9  -999.9  -999.9  -999.9  -999.9  -999.9
2017 05 22  0238   57895    9480    9  -999.9  -999.9  -999.9  -999.9  -999.9  -999.9
2017 05 22  0239   57895    9540    9  -999.9  -999.9  -999.9  -999.9  -999.9  -999.9
2017 05 22  0240   57895    9600    0     4.0    -3.7    -1.8     5.7   -18.0   317.6
2017 05 22  0241   57895    9660    0     4.0    -3.7    -1.9     5.7   -18.9   317.5
2017 05 22  0242   57895    9720    0     4.3    -3.5    -1.5     5.7   -15.4   321.1
2017 05 22  0243   57895    9780    0     4.3    -3.5    -1.4     5.7   -14.5   320.8
2017 05 22  0244   57895    9840    0     4.2    -3.6    -1.5     5.8   -14.9   319.4
2017 05 22  0245   57895    9900    0     4.1    -3.8    -1.4     5.8   -14.3   317.7
2017 05 22  0246   57895    9960    0     4.1    -3.7    -1.7     5.8   -17.2   317.6
2017 05 22  0247   57895   10020    0     3.7    -3.9    -2.0     5.8   -20.7   313.4
2017 05 22  0248   57895   10080    0     3.8    -4.1    -1.6     5.8   -16.5   312.9
2017 05 22  0249   57895   10140    0     4.0    -3.9    -1.4     5.7   -14.2   315.9
2017 05 22  0250   57895   10200    0     3.6    -4.0    -2.1     5.8   -21.5   312.2
2017 05 22  0251   57895   10260    0     3.8    -3.9    -1.5     5.7   -15.3   314.4
2017 05 22  0252   57895   10320    0     3.9    -4.0    -1.2     5.7   -11.9   314.0
2017 05 22  0253   57895   10380    0     3.8    -4.1    -0.9     5.7    -8.6   313.2
2017 05 22  0254   57895   10440    0     3.8    -3.8    -2.3     5.8   -23.8   314.8
2017 05 22  0255   57895   10500    0     3.6    -3.5    -2.9     5.8   -30.1   315.9
2017 05 22  0256   57895   10560    0     3.5    -3.7    -2.9     5.8   -29.5   313.4
2017 05 22  0257   57895   10620    0     3.5    -3.9    -2.6     5.8   -26.8   311.7
2017 05 22  0258   57895   10680    0     3.5    -3.9    -2.6     5.8   -26.0   311.7
2017 05 22  0259   57895   10740    0     3.6    -3.5    -3.1     5.9   -31.4   315.4
2017 05 22  0300   57895   10800    0     3.3    -3.2    -3.6     5.9   -37.9   316.0
2017 05 22  0301   57895   10860    0     3.5    -3.7    -2.8     5.8   -29.2   313.3
2017 05 22  0302   57895   10920    0     3.3    -3.7    -3.0     5.8   -30.8   311.6
2017 05 22  0303   57895   10980    0     2.5    -3.8    -3.6     5.8   -38.4   303.5
2017 05 22  0304   57895   11040    0     3.3    -4.0    -2.4     5.8   -25.1   309.8
2017 05 22  0305   57895   11100    0     3.5    -4.0    -2.4     5.8   -24.5   311.0
2017 05 22  0306   57895   11160    0     3.5    -4.2    -2.2     5.8   -21.6   310.0
2017 05 22  0307   57895   11220    0     3.5    -4.0    -2.2     5.8   -22.1   311.3
2017 05 22  0308   57895   11280    0     3.2    -4.5    -1.6     5.8   -16.2   305.6
2017 05 22  0309   57895   11340    0     3.3    -4.1    -2.4     5.8   -24.2   309.0
2017 05 22  0310   57895   11400    0     3.7    -3.9    -1.9     5.7   -19.1   313.7
2017 05 22  0311   57895   11460    0     4.1    -3.7    -1.7     5.8   -17.2   317.9
2017 05 22  0312   57895   11520    0     3.7    -3.8    -2.1     5.7   -21.1   314.1
2017 05 22  0313   57895   11580    0     3.1    -4.3    -2.2     5.8   -22.8   306.1
2017 05 22  0314   57895   11640    0     4.1    -3.4    -2.3     5.8   -23.2   320.1
2017 05 22  0315   57895   11700    0     3.9    -3.5    -2.2     5.7   -22.6   318.2
2017 05 22  0316   57895   11760    0     4.0    -3.5    -2.1     5.7   -21.4   318.8
2017 05 22  0317   57895   11820    0     4.1    -3.5    -1.9     5.7   -19.8   319.4
2017 05 22  0318   57895   11880    0     4.0    -3.7    -2.0     5.8   -19.9   316.8
2017 05 22  0319   57895   11940    0     4.0    -3.7    -1.9     5.8   -19.3   317.8
2017 05 22  0320   57895   12000    0     4.3    -3.5    -1.8     5.8   -18.4   321.2
2017 05 22  0321   57895   12060    0     4.3    -3.4    -1.8     5.8   -18.2   321.8
2017 05 22  0322   57895   12120    0     4.3    -3.4    -1.8     5.8   -17.8   321.9
2017 05 22  0323   57895   12180    0     3.9    -3.8    -1.8     5.7   -18.6   315.4
2017 05 22  0324   57895   12240    0     4.0    -3.7    -1.7     5.7   -17.4   317.3
2017 05 22  0325   57895   12300    0     2.9    -4.5    -1.9     5.7   -19.6   302.5
2017 05 22  0326   57895   12360    0     2.1    -5.0    -2.2     5.8   -21.8   293.3
2017 05 22  0327   57895   12420    0     3.2    -4.4    -2.2     5.9   -22.1   305.7
2017 05 22  0328   57895   12480    0     3.3    -4.4    -2.0     5.9   -20.1   306.8
2017 05 22  0329   57895   12540    0     3.2    -4.7    -1.6     5.9   -16.1   304.2
2017 05 22  0330   57895   12600    0     3.8    -4.2    -1.4     5.8   -14.2   312.4
2017 05 22  0331   57895   12660    0     3.4    -4.5    -1.4     5.8   -14.2   306.9
2017 05 22  0332   57895   12720    0     2.4    -5.1    -1.8     5.9   -18.1   295.4
2017 05 22  0333   57895   12780    0     3.1    -4.6    -1.9     5.9   -18.5   303.5
2017 05 22  0334   57895   12840    0     3.4    -4.5    -1.7     5.9   -16.5   307.2
2017 05 22  0335   57895   12900    0     3.3    -4.6    -1.7     5.9   -16.7   306.2
2017 05 22  0336   57895   12960    0     3.2    -4.8    -1.4     5.9   -13.7   303.8
2017 05 22  0337   57895   13020    0     3.0    -4.9    -1.4     5.9   -13.4   301.6
2017 05 22  0338   57895   13080    0     3.1    -4.8    -1.3     5.9   -13.0   303.3
2017 05 22  0339   57895   13140    0     3.2    -4.8    -1.3     5.9   -12.9   303.7
2017 05 22  0340   57895   13200    0     3.3    -4.6    -1.5     5.9   -14.5   305.9
2017 05 22  0341   57895   13260    0     3.5    -4.6    -1.2     5.9   -11.8   307.6
2017 05 22  0342   57895   13320    0     3.6    -4.5    -1.4     5.9   -13.7   308.6
2017 05 22  0343   57895   13380    0     4.0    -3.5    -1.3     5.5   -13.5   319.1
2017 05 22  0344   57895   13440    0     5.5     0.5    -1.4     5.7   -14.6     5.5
2017 05 22  0345   57895   13500    0     5.4    -0.5    -1.7     5.7   -17.0   355.0
2017 05 22  0346   57895   13560    0     5.4    -0.6    -1.5     5.6   -16.1   354.0
2017 05 22  0347   57895   13620    0     5.3    -0.8    -1.6     5.6   -17.1   351.8
2017 05 22  0348   57895   13680    0     5.2    -1.1    -1.8     5.6   -18.4   347.7
2017 05 22  0349   57895   13740    0     5.3    -1.0    -1.5     5.6   -15.6   349.6
2017 05 22  0350   57895   13800    0     5.4    -0.3    -1.4     5.6   -14.3   356.6
2017 05 22  0351   57895   13860    0     5.4     0.4    -1.5     5.6   -15.6     4.3
2017 05 22  0352   57895   13920    0     5.5    -0.1    -1.4     5.7   -13.8   359.1
2017 05 22  0353   57895   13980    0     5.4    -0.3    -1.4     5.6   -14.3   357.3
2017 05 22  0354   57895   14040    0     5.4    -0.4    -1.2     5.5   -13.0   355.8
2017 05 22  0355   57895   14100    0     5.5    -0.8    -1.0     5.6   -10.2   351.9
2017 05 22  0356   57895   14160    0     5.4    -0.4    -1.1     5.6   -11.0   355.9
2017 05 22  0357   57895   14220    0     5.4    -0.2    -0.9     5.5    -9.9   358.1
2017 05 22  0358   57895   14280    0     5.5    -0.1    -0.9     5.6    -9.0   359.0
2017 05 22  0359   57895   14340    0     5.5     0.1    -0.8     5.6    -8.5     0.7
2017 05 22  0400   57895   14400    0     5.5     0.1    -0.6     5.5    -6.2     1.5
2017 05 22  0401   57895   14460    0     5.4     0.7    -1.6     5.7   -16.4     7.5
2017 05 22  0402   57895   14520    0     5.3     1.4    -1.7     5.7   -17.1    15.3
2017 05 22  0403   57895   14580    0     5.4     0.8    -1.1     5.6   -11.3     8.2
2017 05 22  0404   57895   14640    0     5.5     1.0    -1.3     5.7   -12.7    10.5
2017 05 22  0405   57895   14700    0     5.5     0.8    -1.1     5.7   -11.4     7.8
2017 05 22  0406   57895   14760    0     5.4     1.2    -0.4     5.5    -4.1    12.7
2017 05 22  0407   57895   14820    0     5.4     0.9    -1.0     5.6   -10.4     9.4
2017 05 22  0408   57895   14880    0     5.4     1.4    -1.0     5.6   -10.3    14.8
2017 05 22  0409   57895   14940    0     5.4     1.4    -1.0     5.7   -10.0    14.6
2017 05 22  0410   57895   15000    0     5.4     1.7    -0.9     5.8    -9.1    17.8
2017 05 22  0411   57895   15060    9  -999.9  -999.9  -999.9  -999.9  -999.9  -999.9
2017 05 22  0412   57895   15120    0     5.4     1.6    -0.7     5.7    -6.9    16.7
2017 05 22  0413   57895   15180    0     5.4     1.6    -0.7     5.7    -7.0    16.2
2017 05 22  0414   57895   15240    0     5.3     1.6    -0.7     5.6    -7.0    16.4
2017 05 22  0415   57895   15300    0     5.4     1.7    -0.7     5.7    -6.7    17.2
2017 05 22  0416   57895   15360    0     5.4     1.7    -0.5     5.7    -4.9    17.8
2017 05 22  0417   57895   15420    0     5.5     1.6    -0.5     5.7    -5.0    16.6
2017 05 22  0418   57895   15480    0     5.4     1.5    -0.5     5.7    -5.3    15.1
2017 05 22  0419   57895   15540    0     5.6     1.5    -0.4     5.8    -4.4    15.2
2017 05 22  0420   57895   15600    0     5.7     1.5    -0.4     5.9    -3.7    14.9
2017 05 22  0421   57895   15660    0     5.5     1.7    -0.3     5.8    -3.1    17.0
2017 05 22  0422   57895   15720    0     5.6     1.8    -0.2     5.9    -1.5    17.6
2017 05 22  0423   57895   15780    0     5.4     1.9    -0.3     5.7    -2.6    19.4
2017 05 22  0424   57895   15840    0     5.3     2.1    -0.2     5.7    -1.6    21.1
2017 05 22  0425   57895   15900    0     5.2     2.2    -0.1     5.7    -0.7    23.0
2017 05 22  0426   57895   15960    0     5.0     2.5    -0.3     5.6    -3.0    26.9
2017 05 22  0427   57895   16020    0     5.1     2.6    -0.5     5.8    -5.0    27.2
2017 05 22  0428   57895   16080    0     4.9     2.8    -0.5     5.7    -4.8    29.7
2017 05 22  0429   57895   16140    0     4.8     2.8    -0.3     5.6    -2.8    30.6
2017 05 22  0430   57895   16200    0     4.9     2.9    -0.2     5.7    -2.3    30.3
2017 05 22  0431   57895   16260    0     5.1     2.9    -0.2     5.8    -2.3    29.3
2017 05 22  0432   57895   16320    0     5.1     3.0    -0.5     5.9    -5.2    30.8
2017 05 22  0433   57895   16380    0     4.9     3.1    -0.6     5.9    -6.1    32.4
2017 05 22  0434   57895   16440    0     5.2     3.0    -0.4     6.0    -3.9    30.1
2017 05 22  0435   57895   16500    0     5.3     2.9    -0.2     6.0    -2.3    28.9
2017 05 22  0436   57895   16560    0     5.3     2.9    -0.3     6.1    -3.1    28.6
2017 05 22  0437   57895   16620    0     5.0     3.0    -0.6     5.9    -5.4    31.1
2017 05 22  0438   57895   16680    0     4.8     3.2    -0.6     5.8    -5.6    33.6
2017 05 22  0439   57895   16740    0     4.6     3.5    -0.7     5.8    -6.4    37.2
2017 05 22  0440   57895   16800    0     4.8     3.3    -0.6     5.9    -5.5    34.9
2017 05 22  0441   57895   16860    0     4.8     3.3    -0.6     5.8    -6.1    34.6
2017 05 22  0442   57895   16920    0     5.2     2.9    -0.3     6.0    -3.2    29.4
2017 05 22  0443   57895   16980    0     5.1     3.1    -0.4     6.0    -4.0    31.4
2017 05 22  0444   57895   17040    0     5.2     3.0    -0.2     6.0    -1.9    29.8
2017 05 22  0445   57895   17100    0     5.2     3.0    -0.3     6.0    -3.3    30.5
2017 05 22  0446   57895   17160    0     5.3     3.0    -0.2     6.1    -1.8    29.1
2017 05 22  0447   57895   17220    0     5.2     3.3    -0.4     6.1    -4.2    32.5
2017 05 22  0448   57895   17280    0     4.1     4.5    -1.6     6.3   -14.4    47.2
2017 05 22  0449   57895   17340    0     3.5     4.4    -1.3     5.7   -12.7    51.3
2017 05 22  0450   57895   17400    0     4.1     4.6    -1.3     6.3   -11.6    48.9
2017 05 22  0451   57895   17460    0     4.2     4.8    -0.9     6.4    -8.1    48.9
2017 05 22  0452   57895   17520    0     4.0     4.9    -0.4     6.4    -3.6    50.5
2017 05 22  0453   57895   17580    0     4.2     4.9    -0.0     6.4    -0.3    49.3
2017 05 22  0454   57895   17640    0     4.1     5.0     1.0     6.6     9.2    50.8
2017 05 22  0455   57895   17700    0     4.4     4.3     1.0     6.3     9.4    44.2
2017 05 22  0456   57895   17760    0     4.6     4.0     1.0     6.2     9.3    40.9
2017 05 22  0457   57895   17820    0     5.0     3.5     0.7     6.2     7.0    34.9
2017 05 22  0458   57895   17880    0     5.3     3.2     0.6     6.2     5.7    30.9
2017 05 22  0459   57895   17940    0     5.4     2.9     0.5     6.2     5.0    27.7
2017 05 22  0500   57895   18000    0     5.3     3.2     0.6     6.2     5.7    31.2
2017 05 22  0501   57895   18060    0     5.5     3.1     0.9     6.3     7.9    29.2
2017 05 22  0502   57895   18120    0     5.7     3.0     0.1     6.4     1.2    27.5
2017 05 22  0503   57895   18180    0     5.7     2.3     1.1     6.2    10.0    22.2
2017 05 22  0504   57895   18240    0     5.5     2.0     1.6     6.0    15.0    19.7
2017 05 22  0505   57895   18300    0     5.3     2.2     2.1     6.1    19.7    22.3
2017 05 22  0506   57895   18360    0     5.6     2.0     0.8     6.0     7.8    19.6
2017 05 22  0507   57895   18420    0     5.4     2.3     0.7     5.9     7.0    22.8
2017 05 22  0508   57895   18480    0     5.4     2.5     0.6     6.0     6.1    24.3
2017 05 22  0509   57895   18540    0     5.8     2.6     0.6     6.4     5.7    24.4
2017 05 22  0510   57895   18600    0     5.7     2.3     0.2     6.2     1.4    21.6
2017 05 22  0511   57895   18660    0     6.0     2.3     0.3     6.4     2.4    21.2
2017 05 22  0512   57895   18720    0     6.0     2.4     0.3     6.4     2.6    21.8
2017 05 22  0513   57895   18780    0     6.1     2.2     0.4     6.5     3.5    20.0
2017 05 22  0514   57895   18840    0     6.2     2.1     0.5     6.5     4.2    18.8
2017 05 22  0515   57895   18900    0     6.2     2.2     0.4     6.6     3.4    19.8
2017 05 22  0516   57895   18960    0     6.2     2.1     0.3     6.5     2.7    18.4
2017 05 22  0517   57895   19020    0     6.3     1.9     0.6     6.6     4.9    16.6
2017 05 22  0518   57895   19080    0     6.2     1.7     0.7     6.5     6.2    14.9
2017 05 22  0519   57895   19140    0     6.0     0.6     1.5     6.2    13.6     6.1
2017 05 22  0520   57895   19200    0     6.3     1.5     0.6     6.5     5.0    13.7
2017 05 22  0521   57895   19260    0     6.2     1.0     0.9     6.4     7.7     8.8
2017 05 22  0522   57895   19320    0     5.9     0.4     1.2     6.1    11.8     4.0
2017 05 22  0523   57895   19380    0     6.1     0.4     1.4     6.2    12.7     3.4
2017 05 22  0524   57895   19440    0     6.1     0.4     1.8     6.4    16.3     4.0
2017 05 22  0525   57895   19500    0     6.1     0.8     1.4     6.3    13.0     7.4
2017 05 22  0526   57895   19560    0     5.8     1.6     0.8     6.1     7.4    15.3
2017 05 22  0527   57895   19620    0     4.9     3.9     0.1     6.2     1.2    38.2
2017 05 22  0528   57895   19680    0     5.1     3.7    -0.1     6.3    -0.5    35.7
2017 05 22  0529   57895   19740    0     5.3     3.6    -0.1     6.4    -1.2    34.6
2017 05 22  0530   57895   19800    0     5.4     3.6    -0.1     6.5    -0.7    34.3
2017 05 22  0531   57895   19860    0     5.5     3.4     0.0     6.4     0.1    31.6
2017 05 22  0532   57895   19920    0     5.7     3.1     0.1     6.5     0.5    28.8
2017 05 22  0533   57895   19980    0     5.7     3.2    -0.1     6.6    -0.9    29.0
2017 05 22  0534   57895   20040    0     5.9     2.8    -0.4     6.5    -3.4    25.2
2017 05 22  0535   57895   20100    0     6.1     2.6    -0.2     6.6    -1.5    23.2
2017 05 22  0536   57895   20160    0     6.1     2.5    -0.0     6.6    -0.2    22.4
2017 05 22  0537   57895   20220    0     6.2     2.3     0.2     6.6     1.5    20.2
2017 05 22  0538   57895   20280    0     6.2     2.2     0.3     6.6     2.3    19.4
2017 05 22  0539   57895   20340    0     5.0     2.1    -0.1     5.5    -1.3    22.6
2017 05 22  0540   57895   20400    0     6.1     2.3     0.0     6.6     0.0    21.0
2017 05 22  0541   57895   20460    0     6.2     2.2     0.0     6.5     0.2    19.5
2017 05 22  0542   57895   20520    0     6.1     2.4     0.3     6.6     2.4    21.2
2017 05 22  0543   57895   20580    0     6.1     2.1     0.1     6.4     0.8    19.1
2017 05 22  0544   57895   20640    0     6.2     2.0     0.1     6.5     1.2    18.2
2017 05 22  0545   57895   20700    0     6.3     2.0     0.1     6.6     0.5    17.7
2017 05 22  0546   57895   20760    0     6.3     1.9     0.1     6.6     0.9    17.0
2017 05 22  0547   57895   20820    0     6.2     1.9     0.2     6.5     2.1    16.8
2017 05 22  0548   57895   20880    0     6.2     1.8     0.2     6.5     1.9    15.9
2017 05 22  0549   57895   20940    0     6.3     1.7     0.1     6.5     1.1    14.8
2017 05 22  0550   57895   21000    0     6.4     1.7     0.0     6.6     0.4    14.7
2017 05 22  0551   57895   21060    0     6.3     1.8     0.2     6.6     1.5    15.5
2017 05 22  0552   57895   21120    0     6.3     1.4     0.3     6.5     2.7    12.7
2017 05 22  0553   57895   21180    0     6.3     1.5     0.4     6.5     3.8    13.7
2017 05 22  0554   57895   21240    0     6.2     1.5     0.4     6.4     3.4    13.3
2017 05 22  0555   57895   21300    0     6.1     1.8    -0.2     6.3    -1.6    16.2
2017 05 22  0556   57895   21360    0     6.2     1.5    -0.1     6.4    -0.5    13.8
2017 05 22  0557   57895   21420    0     6.1     1.5    -0.1     6.3    -0.5    13.5
2017 05 22  0558   57895   21480    0     6.1     1.5    -0.1     6.3    -0.6    14.0
2017 05 22  0559   57895   21540    0     6.4     1.1    -1.2     6.6   -10.1     9.8
2017 05 22  0600   57895   21600    0     6.4     0.9    -1.0     6.6    -8.8     7.7
2017 05 22  0601   57895   21660    0     6.5     0.4    -1.0     6.6    -8.5     3.7
2017 05 22  0602   57895   21720    0     6.3     0.8    -1.1     6.5   -10.2     6.9
2017 05 22  0603   57895   21780    0     6.4     0.7    -1.0     6.5    -8.9     6.2
2017 05 22  0604   57895   21840    0     6.4     0.6    -0.8     6.5    -7.2     4.9
2017 05 22  0605   57895   21900    0     6.3     0.3    -0.9     6.4    -8.1     2.6
2017 05 22  0606   57895   21960    0     6.3     0.6    -1.1     6.5   -10.1     5.3
2017 05 22  0607   57895   22020    0     6.3     0.5    -1.6     6.5   -13.8     4.8
2017 05 22  0608   57895   22080    0     6.3     0.4    -1.7     6.5   -15.1     3.6
2017 05 22  0609   57895   22140    0     6.3     0.2    -1.6     6.5   -14.0     1.8
2017 05 22  0610   57895   22200    0     6.3     0.2    -1.3     6.4   -11.7     1.9
2017 05 22  0611   57895   22260    0     6.2     0.1    -1.8     6.4   -16.4     1.0
2017 05 22  0612   57895   22320    0     6.2    -0.1    -1.7     6.4   -15.4   359.2
2017 05 22  0613   57895   22380    0     6.0    -0.6    -1.8     6.3   -16.6   354.2
2017 05 22  0614   57895   22440    0     6.1    -0.3    -2.0     6.4   -18.0   357.5
2017 05 22  0615   57895   22500    0     6.2    -0.2    -2.0     6.5   -17.7   358.0
2017 05 22  0616   57895   22560    0     6.2    -0.5    -2.1     6.6   -18.4   355.0
2017 05 22  0617   57895   22620    0     6.2    -0.7    -2.0     6.5   -18.2   353.8
2017 05 22  0618   57895   22680    0     6.1    -0.2    -2.0     6.4   -17.9   358.2
2017 05 22  0619   57895   22740    0     6.0    -0.0    -2.0     6.3   -19.0   359.6
2017 05 22  0620   57895   22800    0     5.8    -0.8    -2.1     6.3   -19.7   352.6
2017 05 22  0621   57895   22860    0     5.9    -0.8    -2.1     6.3   -19.7   352.3
2017 05 22  0622   57895   22920    0     5.8    -0.8    -2.2     6.2   -20.4   352.6
2017 05 22  0623   57895   22980    0     5.7    -1.0    -2.1     6.2   -19.7   350.2
2017 05 22  0624   57895   23040    0     5.5    -1.1    -2.1     6.0   -20.8   349.1
2017 05 22  0625   57895   23100    0     5.5    -1.2    -2.3     6.1   -22.6   347.2
2017 05 22  0626   57895   23160    0     5.3    -1.6    -2.3     6.0   -22.4   342.9
2017 05 22  0627   57895   23220    0     5.3    -2.0    -2.2     6.1   -21.5   339.4
2017 05 22  0628   57895   23280    0     5.3    -2.1    -2.1     6.1   -20.6   338.0
2017 05 22  0629   57895   23340    0     5.1    -2.2    -2.3     6.0   -22.1   336.8
2017 05 22  0630   57895   23400    0     5.1    -2.2    -2.3     6.0   -22.3   336.3
2017 05 22  0631   57895   23460    0     5.0    -2.4    -2.3     6.0   -22.6   334.1
2017 05 22  0632   57895   23520    0     5.1    -2.5    -2.2     6.2   -21.2   333.7
2017 05 22  0633   57895   23580    0     4.7    -2.4    -2.5     5.9   -25.7   333.6
2017 05 22  0634   57895   23640    0     4.3    -2.7    -2.8     5.8   -28.6   327.9
2017 05 22  0635   57895   23700    0     4.2    -3.0    -2.8     5.9   -28.3   324.1
2017 05 22  0636   57895   23760    0     4.3    -3.1    -2.8     5.9   -27.8   324.1
2017 05 22  0637   57895   23820    0     4.0    -3.4    -2.9     6.0   -28.9   320.0
2017 05 22  0638   57895   23880    0     3.9    -3.4    -3.0     6.0   -30.2   319.4
2017 05 22  0639   57895   23940    0     4.0    -3.2    -3.0     6.0   -30.8   321.0
2017 05 22  0640   57895   24000    0     3.9    -3.2    -3.4     6.1   -34.1   320.3
2017 05 22  0641   57895   24060    0     3.8    -3.2    -3.6     6.2   -35.7   320.2
2017 05 22  0642   57895   24120    0     3.7    -3.2    -3.6     6.1   -36.3   319.1
2017 05 22  0643   57895   24180    0     3.6    -3.0    -1.0     4.8   -11.7   319.7
2017 05 22  0644   57895   24240    0     3.0    -2.8     4.2     5.9    45.5   316.9
2017 05 22  0645   57895   24300    0     3.3    -3.1     3.8     6.0    40.1   317.0
2017 05 22  0646   57895   24360    0     3.3    -2.9     4.5     6.2    45.5   318.6
2017 05 22  0647   57895   24420    0     3.4    -2.6     4.5     6.3    46.4   322.8
2017 05 22  0648   57895   24480    0     3.6    -2.7     4.2     6.2    43.1   323.4
2017 05 22  0649   57895   24540    0     3.7    -3.5     3.5     6.2    35.0   317.0
2017 05 22  0650   57895   24600    0     4.1    -3.7     3.0     6.2    28.6   318.2
2017 05 22  0651   57895   24660    0     3.9    -3.7     3.3     6.3    31.8   316.6
2017 05 22  0652   57895   24720    0     3.9    -4.2     2.7     6.4    25.5   313.5
2017 05 22  0653   57895   24780    0     4.6    -4.0     2.0     6.4    18.1   318.7
2017 05 22  0654   57895   24840    0     4.7    -4.2     1.6     6.5    14.2   317.8
2017 05 22  0655   57895   24900    0     4.6    -4.4    -0.1     6.4    -1.3   316.1
2017 05 22  0656   57895   24960    0     4.0    -4.6    -0.4     6.0    -3.4   311.1
2017 05 22  0657   57895   25020    0     3.4    -5.2     1.0     6.3     8.9   303.4
2017 05 22  0658   57895   25080    0     3.0    -5.5     0.1     6.3     0.7   299.1
2017 05 22  0659   57895   25140    0     2.8    -5.6    -1.2     6.4   -10.3   296.7
2017 05 22  0700   57895   25200    0     2.2    -5.8    -1.4     6.3   -12.7   290.9
2017 05 22  0701   57895   25260    0     2.1    -5.6    -1.9     6.3   -18.0   290.3
2017 05 22  0702   57895   25320    0     2.4    -5.6    -1.3     6.2   -11.7   293.3
2017 05 22  0703   57895   25380    0     3.1    -5.3    -0.5     6.2    -4.8   300.1
2017 05 22  0704   57895   25440    0     4.4    -3.8     0.3     5.8     2.7   319.0
2017 05 22  0705   57895   25500    0     4.4    -3.8     1.9     6.1    17.9   318.8
2017 05 22  0706   57895   25560    0     4.5    -4.0     1.4     6.2    13.3   318.1
2017 05 22  0707   57895   25620    0     4.3    -4.0     1.8     6.1    17.4   317.5
2017 05 22  0708   57895   25680    0     4.2    -4.0     1.8     6.1    16.9   316.9
2017 05 22  0709   57895   25740    0     4.5    -3.8     1.6     6.1    14.7   320.3
2017 05 22  0710   57895   25800    0     4.4    -4.3     0.6     6.1     5.5   315.8
2017 05 22  0711   57895   25860    0     4.5    -4.1     0.5     6.1     4.6   317.7
2017 05 22  0712   57895   25920    0     4.9    -3.6     0.5     6.1     4.3   323.9
2017 05 22  0713   57895   25980    0     5.1    -3.3     0.3     6.1     2.6   327.2
2017 05 22  0714   57895   26040    0     5.3    -3.3     0.1     6.2     0.6   328.3
2017 05 22  0715   57895   26100    0     5.2    -3.3    -0.3     6.2    -3.0   327.3
2017 05 22  0716   57895   26160    0     5.2    -3.2    -0.6     6.2    -5.3   328.3
2017 05 22  0717   57895   26220    0     4.9    -3.7    -0.6     6.2    -5.3   322.7
2017 05 22  0718   57895   26280    0     4.7    -4.1    -0.4     6.3    -3.4   319.3
2017 05 22  0719   57895   26340    0     5.0    -3.6    -1.1     6.3    -9.8   324.0
2017 05 22  0720   57895   26400    0     5.1    -2.9    -2.2     6.3   -20.4   330.0
2017 05 22  0721   57895   26460    0     5.2    -2.9    -2.5     6.4   -22.9   331.1
2017 05 22  0722   57895   26520    0     5.2    -2.3    -2.8     6.3   -26.7   335.9
2017 05 22  0723   57895   26580    0     5.2    -2.5    -2.9     6.4   -26.8   334.2
2017 05 22  0724   57895   26640    0     5.1    -2.6    -2.8     6.4   -26.5   333.0
2017 05 22  0725   57895   26700    0     4.7    -2.6    -3.4     6.4   -32.6   331.2
2017 05 22  0726   57895   26760    0     4.5    -2.5    -4.0     6.5   -37.9   331.4
2017 05 22  0727   57895   26820    0     4.3    -2.7    -4.0     6.5   -37.8   327.6
2017 05 22  0728   57895   26880    0     4.7    -2.9    -3.2     6.4   -30.0   328.3
2017 05 22  0729   57895   26940    0     2.4    -1.8    -5.7     6.4   -62.3   322.0
2017 05 22  0730   57895   27000    0     1.1    -0.9    -6.4     6.6   -77.2   321.6
2017 05 22  0731   57895   27060    0     3.3    -2.9    -4.6     6.4   -45.8   318.4
2017 05 22  0732   57895   27120    0     4.0    -3.2    -3.9     6.4   -37.3   321.6
2017 05 22  0733   57895   27180    0     3.8    -1.8    -5.1     6.6   -49.9   334.4
2017 05 22  0734   57895   27240    0     3.6    -2.3    -5.0     6.6   -49.7   327.2
2017 05 22  0735   57895   27300    0     3.6    -2.3    -5.0     6.6   -49.5   327.2
2017 05 22  0736   57895   27360    0     3.8    -3.0    -4.6     6.7   -43.2   321.6
2017 05 22  0737   57895   27420    0     3.8    -2.7    -4.6     6.6   -44.8   324.9
2017 05 22  0738   57895   27480    0     4.3    -2.2    -4.4     6.5   -42.7   332.9
2017 05 22  0739   57895   27540    0     4.1    -1.7    -4.9     6.6   -47.3   337.6
2017 05 22  0740   57895   27600    0     4.2    -2.8    -3.6     6.2   -35.1   326.4
2017 05 22  0741   57895   27660    0     3.7    -4.1    -2.7     6.2   -25.9   312.4
2017 05 22  0742   57895   27720    0     4.8    -2.8    -2.9     6.3   -27.4   329.9
2017 05 22  0743   57895   27780    0     5.3    -2.7    -3.0     6.7   -27.3   332.8
2017 05 22  0744   57895   27840    0     5.4    -2.6    -3.0     6.7   -26.4   334.4
2017 05 22  0745   57895   27900    0     5.4    -2.7    -2.8     6.7   -25.0   333.6
2017 05 22  0746   57895   27960    0     5.2    -2.4    -2.7     6.3   -25.2   335.4
2017 05 22  0747   57895   28020    0     5.5    -1.2    -2.2     6.1   -21.7   347.9
2017 05 22  0748   57895   28080    0     5.6    -2.0    -2.2     6.4   -20.6   340.5
2017 05 22  0749   57895   28140    0     5.3    -1.7    -2.0     5.9   -19.4   342.1
2017 05 22  0750   57895   28200    0     4.8    -2.2    -1.7     5.6   -18.2   335.6
2017 05 22  0751   57895   28260    0     4.8    -2.3    -1.7     5.6   -17.8   334.7
2017 05 22  0752   57895   28320    0     4.6    -2.5    -1.9     5.6   -19.9   331.9
2017 05 22  0753   57895   28380    0     4.5    -3.2    -1.7     5.7   -16.8   324.8
2017 05 22  0754   57895   28440    0     4.4    -2.8    -2.0     5.6   -21.5   327.2
2017 05 22  0755   57895   28500    0     4.3    -2.7    -2.3     5.6   -24.2   328.4
2017 05 22  0756   57895   28560    0     3.7    -2.9    -3.0     5.6   -32.6   321.8
2017 05 22  0757   57895   28620    0     3.3    -3.5    -2.9     5.7   -30.9   313.5
2017 05 22  0758   57895   28680    0     5.0    -1.2    -2.3     5.6   -24.3   346.5
2017 05 22  0759   57895   28740    0     4.7    -1.7    -2.3     5.5   -25.2   339.7
2017 05 22  0800   57895   28800    0     4.2    -2.6    -2.6     5.6   -27.5   328.2
2017 05 22  0801   57895   28860    0     3.8    -2.4    -2.9     5.4   -32.9   327.6
2017 05 22  0802   57895   28920    0     3.6    -2.2    -3.4     5.4   -38.7   328.6
2017 05 22  0803   57895   28980    0     3.9    -1.0    -3.7     5.5   -42.2   345.1
2017 05 22  0804   57895   29040    0     4.4    -0.3    -3.7     5.8   -40.6   356.0
2017 05 22  0805   57895   29100    0     4.0    -3.3    -2.0     5.5   -21.0   320.1
2017 05 22  0806   57895   29160    0     3.8    -3.5    -1.3     5.3   -14.0   317.7
2017 05 22  0807   57895   29220    0     4.0    -3.7    -1.6     5.6   -16.3   317.1
2017 05 22  0808   57895   29280    0     3.7    -4.6    -1.2     6.0   -11.2   308.9
2017 05 22  0809   57895   29340    0     4.5    -4.0    -0.1     6.1    -0.8   318.1
2017 05 22  0810   57895   29400    0     5.0    -3.4    -0.1     6.0    -0.7   325.9
2017 05 22  0811   57895   29460    0     4.2    -4.3    -0.1     6.0    -1.3   313.8
2017 05 22  0812   57895   29520    0     3.7    -4.5    -1.0     5.9    -9.6   309.0
2017 05 22  0813   57895   29580    0     3.8    -4.9    -0.2     6.2    -1.5   307.4
2017 05 22  0814   57895   29640    0     4.1    -4.4     0.4     6.0     3.6   312.9
2017 05 22  0815   57895   29700    0     3.3    -4.8     0.2     5.9     1.5   304.5
2017 05 22  0816   57895   29760    0     3.8    -4.5    -1.0     6.0    -9.2   310.5
2017 05 22  0817   57895   29820    0     3.8    -4.4    -0.7     5.9    -6.5   311.0
2017 05 22  0818   57895   29880    0     4.4    -3.7    -0.6     5.8    -5.7   319.8
2017 05 22  0819   57895   29940    0     3.5    -4.8    -0.6     5.9    -5.9   306.1
2017 05 22  0820   57895   30000    0     4.0    -3.7     0.4     5.5     4.0   317.1
2017 05 22  0821   57895   30060    0     5.5    -1.3     1.3     5.8    13.0   347.0
2017 05 22  0822   57895   30120    0     5.1    -2.7     1.0     5.8    10.1   332.4
2017 05 22  0823   57895   30180    0     4.2    -3.9     1.0     5.8    10.2   316.8
2017 05 22  0824   57895   30240    0     4.2    -4.2     1.3     6.1    12.7   315.5
2017 05 22  0825   57895   30300    0     4.0    -4.6     0.9     6.1     8.3   310.9
2017 05 22  0826   57895   30360    0     3.2    -5.0     0.0     5.9     0.2   302.5
2017 05 22  0827   57895   30420    0     3.8    -4.6     0.8     6.0     8.0   309.1
2017 05 22  0828   57895   30480    0     3.8    -4.7     0.3     6.1     3.2   309.4
2017 05 22  0829   57895   30540    0     4.3    -4.2     1.0     6.1     9.1   315.4
2017 05 22  0830   57895   30600    0     3.5    -4.8     0.7     6.0     6.7   306.1
2017 05 22  0831   57895   30660    0     3.4    -4.7     1.0     5.9    10.0   305.6
2017 05 22  0832   57895   30720    0     3.0    -4.7     1.3     5.7    12.8   302.8
2017 05 22  0833   57895   30780    0     2.9    -4.7     1.4     5.7    14.6   302.1
2017 05 22  0834   57895   30840    0     4.0    -3.6     1.3     5.5    14.0   318.4
2017 05 22  0835   57895   30900    0     4.7    -2.4     2.4     5.8    24.6   333.0
2017 05 22  0836   57895   30960    0     4.6    -2.6     2.1     5.7    21.5   330.1
2017 05 22  0837   57895   31020    0     4.3    -3.1     1.8     5.6    19.0   324.5
2017 05 22  0838   57895   31080    0     3.6    -4.5     0.5     5.8     5.4   309.0
2017 05 22  0839   57895   31140    0     3.0    -4.8    -0.6     5.7    -5.8   302.1
2017 05 22  0840   57895   31200    0     3.6    -4.3     0.5     5.6     5.4   310.4
2017 05 22  0841   57895   31260    0     3.4    -4.2     1.3     5.6    13.2   309.0
2017 05 22  0842   57895   31320    0     3.9    -4.0     1.6     5.8    16.3   314.5
2017 05 22  0843   57895   31380    0     3.6    -4.4     0.4     5.7     4.0   309.5
2017 05 22  0844   57895   31440    0     4.1    -3.8    -0.1     5.6    -0.8   316.7
2017 05 22  0845   57895   31500    0     3.7    -4.1    -0.4     5.6    -4.0   312.1
2017 05 22  0846   57895   31560    0     3.8    -4.1    -1.0     5.7    -9.6   312.7
2017 05 22  0847   57895   31620    0     3.0    -4.7    -1.3     5.8   -13.4   302.2
2017 05 22  0848   57895   31680    0     3.4    -4.7    -0.6     5.8    -6.1   305.8
2017 05 22  0849   57895   31740    0     3.4    -4.6    -0.5     5.8    -5.5   306.0
2017 05 22  0850   57895   31800    0     3.1    -4.8    -0.3     5.7    -3.0   303.2
2017 05 22  0851   57895   31860    0     1.3    -5.0     1.4     5.4    15.5   284.4
2017 05 22  0852   57895   31920    0     1.6    -4.9     1.5     5.4    15.8   287.7
2017 05 22  0853   57895   31980    0     0.9    -5.4     0.8     5.5     8.7   279.6
2017 05 22  0854   57895   32040    0     1.2    -5.5     0.1     5.6     0.8   281.9
2017 05 22  0855   57895   32100    0     1.2    -5.1    -2.6     5.9   -26.4   283.6
2017 05 22  0856   57895   32160    0     0.8    -4.9    -3.1     5.8   -32.0   279.8
2017 05 22  0857   57895   32220    0     0.1    -5.6    -0.8     5.6    -8.5   271.3
2017 05 22  0858   57895   32280    0    -0.2    -5.0    -2.4     5.6   -26.0   267.3
2017 05 22  0859   57895   32340    0     0.1    -4.7    -3.1     5.6   -33.7   271.2
