:Data_list: 20170912_ace_mag_1m.txt
:Created: 2017 Sep 12 0901 UT
# Prepared by the U.S. Dept. of Commerce, NOAA, Space Weather Prediction Center
# Please send comments and suggestions to SWPC.Webmaster@noaa.gov 
# 
# Magnetometer values are in GSM coordinates.
# 
# Units: Bx, By, Bz, Bt in nT
# Units: Latitude  degrees +/-  90.0
# Units: Longitude degrees 0.0 - 360.0
# Status(S): 0 = nominal data, 1 to 8 = bad data record, 9 = no data
# Missing data values: -999.9
# Source: ACE Satellite - Magnetometer
#
#              1-minute averaged Real-time Interplanetary Magnetic Field Values 
# 
#                 Modified Seconds
# UT Date   Time  Julian   of the   ----------------  GSM Coordinates ---------------
# YR MO DA  HHMM    Day      Day    S     Bx      By      Bz      Bt     Lat.   Long.
#------------------------------------------------------------------------------------
2017 09 12  0000   58008       0    9  -999.9  -999.9  -999.9  -999.9  -999.9  -999.9
2017 09 12  0001   58008      60    9  -999.9  -999.9  -999.9  -999.9  -999.9  -999.9
2017 09 12  0002   58008     120    9  -999.9  -999.9  -999.9  -999.9  -999.9  -999.9
2017 09 12  0003   58008     180    9  -999.9  -999.9  -999.9  -999.9  -999.9  -999.9
2017 09 12  0004   58008     240    9  -999.9  -999.9  -999.9  -999.9  -999.9  -999.9
2017 09 12  0005   58008     300    9  -999.9  -999.9  -999.9  -999.9  -999.9  -999.9
2017 09 12  0006   58008     360    9  -999.9  -999.9  -999.9  -999.9  -999.9  -999.9
2017 09 12  0007   58008     420    9  -999.9  -999.9  -999.9  -999.9  -999.9  -999.9
2017 09 12  0008   58008     480    9  -999.9  -999.9  -999.9  -999.9  -999.9  -999.9
2017 09 12  0009   58008     540    9  -999.9  -999.9  -999.9  -999.9  -999.9  -999.9
2017 09 12  0010   58008     600    9  -999.9  -999.9  -999.9  -999.9  -999.9  -999.9
2017 09 12  0011   58008     660    9  -999.9  -999.9  -999.9  -999.9  -999.9  -999.9
2017 09 12  0012   58008     720    9  -999.9  -999.9  -999.9  -999.9  -999.9  -999.9
2017 09 12  0013   58008     780    9  -999.9  -999.9  -999.9  -999.9  -999.9  -999.9
2017 09 12  0014   58008     840    9  -999.9  -999.9  -999.9  -999.9  -999.9  -999.9
2017 09 12  0015   58008     900    9  -999.9  -999.9  -999.9  -999.9  -999.9  -999.9
2017 09 12  0016   58008     960    9  -999.9  -999.9  -999.9  -999.9  -999.9  -999.9
2017 09 12  0017   58008    1020    9  -999.9  -999.9  -999.9  -999.9  -999.9  -999.9
2017 09 12  0018   58008    1080    9  -999.9  -999.9  -999.9  -999.9  -999.9  -999.9
2017 09 12  0019   58008    1140    9  -999.9  -999.9  -999.9  -999.9  -999.9  -999.9
2017 09 12  0020   58008    1200    9  -999.9  -999.9  -999.9  -999.9  -999.9  -999.9
2017 09 12  0021   58008    1260    9  -999.9  -999.9  -999.9  -999.9  -999.9  -999.9
2017 09 12  0022   58008    1320    9  -999.9  -999.9  -999.9  -999.9  -999.9  -999.9
2017 09 12  0023   58008    1380    9  -999.9  -999.9  -999.9  -999.9  -999.9  -999.9
2017 09 12  0024   58008    1440    9  -999.9  -999.9  -999.9  -999.9  -999.9  -999.9
2017 09 12  0025   58008    1500    9  -999.9  -999.9  -999.9  -999.9  -999.9  -999.9
2017 09 12  0026   58008    1560    9  -999.9  -999.9  -999.9  -999.9  -999.9  -999.9
2017 09 12  0027   58008    1620    9  -999.9  -999.9  -999.9  -999.9  -999.9  -999.9
2017 09 12  0028   58008    1680    9  -999.9  -999.9  -999.9  -999.9  -999.9  -999.9
2017 09 12  0029   58008    1740    9  -999.9  -999.9  -999.9  -999.9  -999.9  -999.9
2017 09 12  0030   58008    1800    9  -999.9  -999.9  -999.9  -999.9  -999.9  -999.9
2017 09 12  0031   58008    1860    9  -999.9  -999.9  -999.9  -999.9  -999.9  -999.9
2017 09 12  0032   58008    1920    9  -999.9  -999.9  -999.9  -999.9  -999.9  -999.9
2017 09 12  0033   58008    1980    9  -999.9  -999.9  -999.9  -999.9  -999.9  -999.9
2017 09 12  0034   58008    2040    9  -999.9  -999.9  -999.9  -999.9  -999.9  -999.9
2017 09 12  0035   58008    2100    9  -999.9  -999.9  -999.9  -999.9  -999.9  -999.9
2017 09 12  0036   58008    2160    9  -999.9  -999.9  -999.9  -999.9  -999.9  -999.9
2017 09 12  0037   58008    2220    9  -999.9  -999.9  -999.9  -999.9  -999.9  -999.9
2017 09 12  0038   58008    2280    9  -999.9  -999.9  -999.9  -999.9  -999.9  -999.9
2017 09 12  0039   58008    2340    9  -999.9  -999.9  -999.9  -999.9  -999.9  -999.9
2017 09 12  0040   58008    2400    9  -999.9  -999.9  -999.9  -999.9  -999.9  -999.9
2017 09 12  0041   58008    2460    9  -999.9  -999.9  -999.9  -999.9  -999.9  -999.9
2017 09 12  0042   58008    2520    9  -999.9  -999.9  -999.9  -999.9  -999.9  -999.9
2017 09 12  0043   58008    2580    9  -999.9  -999.9  -999.9  -999.9  -999.9  -999.9
2017 09 12  0044   58008    2640    9  -999.9  -999.9  -999.9  -999.9  -999.9  -999.9
2017 09 12  0045   58008    2700    9  -999.9  -999.9  -999.9  -999.9  -999.9  -999.9
2017 09 12  0046   58008    2760    9  -999.9  -999.9  -999.9  -999.9  -999.9  -999.9
2017 09 12  0047   58008    2820    9  -999.9  -999.9  -999.9  -999.9  -999.9  -999.9
2017 09 12  0048   58008    2880    9  -999.9  -999.9  -999.9  -999.9  -999.9  -999.9
2017 09 12  0049   58008    2940    9  -999.9  -999.9  -999.9  -999.9  -999.9  -999.9
2017 09 12  0050   58008    3000    9  -999.9  -999.9  -999.9  -999.9  -999.9  -999.9
2017 09 12  0051   58008    3060    9  -999.9  -999.9  -999.9  -999.9  -999.9  -999.9
2017 09 12  0052   58008    3120    9  -999.9  -999.9  -999.9  -999.9  -999.9  -999.9
2017 09 12  0053   58008    3180    9  -999.9  -999.9  -999.9  -999.9  -999.9  -999.9
2017 09 12  0054   58008    3240    9  -999.9  -999.9  -999.9  -999.9  -999.9  -999.9
2017 09 12  0055   58008    3300    9  -999.9  -999.9  -999.9  -999.9  -999.9  -999.9
2017 09 12  0056   58008    3360    9  -999.9  -999.9  -999.9  -999.9  -999.9  -999.9
2017 09 12  0057   58008    3420    9  -999.9  -999.9  -999.9  -999.9  -999.9  -999.9
2017 09 12  0058   58008    3480    9  -999.9  -999.9  -999.9  -999.9  -999.9  -999.9
2017 09 12  0059   58008    3540    9  -999.9  -999.9  -999.9  -999.9  -999.9  -999.9
2017 09 12  0100   58008    3600    9  -999.9  -999.9  -999.9  -999.9  -999.9  -999.9
2017 09 12  0101   58008    3660    9  -999.9  -999.9  -999.9  -999.9  -999.9  -999.9
2017 09 12  0102   58008    3720    9  -999.9  -999.9  -999.9  -999.9  -999.9  -999.9
2017 09 12  0103   58008    3780    9  -999.9  -999.9  -999.9  -999.9  -999.9  -999.9
2017 09 12  0104   58008    3840    9  -999.9  -999.9  -999.9  -999.9  -999.9  -999.9
2017 09 12  0105   58008    3900    9  -999.9  -999.9  -999.9  -999.9  -999.9  -999.9
2017 09 12  0106   58008    3960    9  -999.9  -999.9  -999.9  -999.9  -999.9  -999.9
2017 09 12  0107   58008    4020    9  -999.9  -999.9  -999.9  -999.9  -999.9  -999.9
2017 09 12  0108   58008    4080    9  -999.9  -999.9  -999.9  -999.9  -999.9  -999.9
2017 09 12  0109   58008    4140    9  -999.9  -999.9  -999.9  -999.9  -999.9  -999.9
2017 09 12  0110   58008    4200    9  -999.9  -999.9  -999.9  -999.9  -999.9  -999.9
2017 09 12  0111   58008    4260    9  -999.9  -999.9  -999.9  -999.9  -999.9  -999.9
2017 09 12  0112   58008    4320    9  -999.9  -999.9  -999.9  -999.9  -999.9  -999.9
2017 09 12  0113   58008    4380    9  -999.9  -999.9  -999.9  -999.9  -999.9  -999.9
2017 09 12  0114   58008    4440    9  -999.9  -999.9  -999.9  -999.9  -999.9  -999.9
2017 09 12  0115   58008    4500    9  -999.9  -999.9  -999.9  -999.9  -999.9  -999.9
2017 09 12  0116   58008    4560    9  -999.9  -999.9  -999.9  -999.9  -999.9  -999.9
2017 09 12  0117   58008    4620    9  -999.9  -999.9  -999.9  -999.9  -999.9  -999.9
2017 09 12  0118   58008    4680    9  -999.9  -999.9  -999.9  -999.9  -999.9  -999.9
2017 09 12  0119   58008    4740    9  -999.9  -999.9  -999.9  -999.9  -999.9  -999.9
2017 09 12  0120   58008    4800    9  -999.9  -999.9  -999.9  -999.9  -999.9  -999.9
2017 09 12  0121   58008    4860    9  -999.9  -999.9  -999.9  -999.9  -999.9  -999.9
2017 09 12  0122   58008    4920    9  -999.9  -999.9  -999.9  -999.9  -999.9  -999.9
2017 09 12  0123   58008    4980    9  -999.9  -999.9  -999.9  -999.9  -999.9  -999.9
2017 09 12  0124   58008    5040    9  -999.9  -999.9  -999.9  -999.9  -999.9  -999.9
2017 09 12  0125   58008    5100    9  -999.9  -999.9  -999.9  -999.9  -999.9  -999.9
2017 09 12  0126   58008    5160    9  -999.9  -999.9  -999.9  -999.9  -999.9  -999.9
2017 09 12  0127   58008    5220    9  -999.9  -999.9  -999.9  -999.9  -999.9  -999.9
2017 09 12  0128   58008    5280    9  -999.9  -999.9  -999.9  -999.9  -999.9  -999.9
2017 09 12  0129   58008    5340    9  -999.9  -999.9  -999.9  -999.9  -999.9  -999.9
2017 09 12  0130   58008    5400    9  -999.9  -999.9  -999.9  -999.9  -999.9  -999.9
2017 09 12  0131   58008    5460    9  -999.9  -999.9  -999.9  -999.9  -999.9  -999.9
2017 09 12  0132   58008    5520    9  -999.9  -999.9  -999.9  -999.9  -999.9  -999.9
2017 09 12  0133   58008    5580    9  -999.9  -999.9  -999.9  -999.9  -999.9  -999.9
2017 09 12  0134   58008    5640    9  -999.9  -999.9  -999.9  -999.9  -999.9  -999.9
2017 09 12  0135   58008    5700    9  -999.9  -999.9  -999.9  -999.9  -999.9  -999.9
2017 09 12  0136   58008    5760    9  -999.9  -999.9  -999.9  -999.9  -999.9  -999.9
2017 09 12  0137   58008    5820    9  -999.9  -999.9  -999.9  -999.9  -999.9  -999.9
2017 09 12  0138   58008    5880    9  -999.9  -999.9  -999.9  -999.9  -999.9  -999.9
2017 09 12  0139   58008    5940    9  -999.9  -999.9  -999.9  -999.9  -999.9  -999.9
2017 09 12  0140   58008    6000    9  -999.9  -999.9  -999.9  -999.9  -999.9  -999.9
2017 09 12  0141   58008    6060    9  -999.9  -999.9  -999.9  -999.9  -999.9  -999.9
2017 09 12  0142   58008    6120    9  -999.9  -999.9  -999.9  -999.9  -999.9  -999.9
2017 09 12  0143   58008    6180    9  -999.9  -999.9  -999.9  -999.9  -999.9  -999.9
2017 09 12  0144   58008    6240    9  -999.9  -999.9  -999.9  -999.9  -999.9  -999.9
2017 09 12  0145   58008    6300    9  -999.9  -999.9  -999.9  -999.9  -999.9  -999.9
2017 09 12  0146   58008    6360    9  -999.9  -999.9  -999.9  -999.9  -999.9  -999.9
2017 09 12  0147   58008    6420    9  -999.9  -999.9  -999.9  -999.9  -999.9  -999.9
2017 09 12  0148   58008    6480    9  -999.9  -999.9  -999.9  -999.9  -999.9  -999.9
2017 09 12  0149   58008    6540    9  -999.9  -999.9  -999.9  -999.9  -999.9  -999.9
2017 09 12  0150   58008    6600    9  -999.9  -999.9  -999.9  -999.9  -999.9  -999.9
2017 09 12  0151   58008    6660    9  -999.9  -999.9  -999.9  -999.9  -999.9  -999.9
2017 09 12  0152   58008    6720    9  -999.9  -999.9  -999.9  -999.9  -999.9  -999.9
2017 09 12  0153   58008    6780    9  -999.9  -999.9  -999.9  -999.9  -999.9  -999.9
2017 09 12  0154   58008    6840    9  -999.9  -999.9  -999.9  -999.9  -999.9  -999.9
2017 09 12  0155   58008    6900    9  -999.9  -999.9  -999.9  -999.9  -999.9  -999.9
2017 09 12  0156   58008    6960    9  -999.9  -999.9  -999.9  -999.9  -999.9  -999.9
2017 09 12  0157   58008    7020    9  -999.9  -999.9  -999.9  -999.9  -999.9  -999.9
2017 09 12  0158   58008    7080    9  -999.9  -999.9  -999.9  -999.9  -999.9  -999.9
2017 09 12  0159   58008    7140    9  -999.9  -999.9  -999.9  -999.9  -999.9  -999.9
2017 09 12  0200   58008    7200    9  -999.9  -999.9  -999.9  -999.9  -999.9  -999.9
2017 09 12  0201   58008    7260    9  -999.9  -999.9  -999.9  -999.9  -999.9  -999.9
2017 09 12  0202   58008    7320    9  -999.9  -999.9  -999.9  -999.9  -999.9  -999.9
2017 09 12  0203   58008    7380    9  -999.9  -999.9  -999.9  -999.9  -999.9  -999.9
2017 09 12  0204   58008    7440    9  -999.9  -999.9  -999.9  -999.9  -999.9  -999.9
2017 09 12  0205   58008    7500    9  -999.9  -999.9  -999.9  -999.9  -999.9  -999.9
2017 09 12  0206   58008    7560    9  -999.9  -999.9  -999.9  -999.9  -999.9  -999.9
2017 09 12  0207   58008    7620    9  -999.9  -999.9  -999.9  -999.9  -999.9  -999.9
2017 09 12  0208   58008    7680    9  -999.9  -999.9  -999.9  -999.9  -999.9  -999.9
2017 09 12  0209   58008    7740    9  -999.9  -999.9  -999.9  -999.9  -999.9  -999.9
2017 09 12  0210   58008    7800    9  -999.9  -999.9  -999.9  -999.9  -999.9  -999.9
2017 09 12  0211   58008    7860    9  -999.9  -999.9  -999.9  -999.9  -999.9  -999.9
2017 09 12  0212   58008    7920    9  -999.9  -999.9  -999.9  -999.9  -999.9  -999.9
2017 09 12  0213   58008    7980    9  -999.9  -999.9  -999.9  -999.9  -999.9  -999.9
2017 09 12  0214   58008    8040    9  -999.9  -999.9  -999.9  -999.9  -999.9  -999.9
2017 09 12  0215   58008    8100    9  -999.9  -999.9  -999.9  -999.9  -999.9  -999.9
2017 09 12  0216   58008    8160    9  -999.9  -999.9  -999.9  -999.9  -999.9  -999.9
2017 09 12  0217   58008    8220    9  -999.9  -999.9  -999.9  -999.9  -999.9  -999.9
2017 09 12  0218   58008    8280    9  -999.9  -999.9  -999.9  -999.9  -999.9  -999.9
2017 09 12  0219   58008    8340    9  -999.9  -999.9  -999.9  -999.9  -999.9  -999.9
2017 09 12  0220   58008    8400    9  -999.9  -999.9  -999.9  -999.9  -999.9  -999.9
2017 09 12  0221   58008    8460    9  -999.9  -999.9  -999.9  -999.9  -999.9  -999.9
2017 09 12  0222   58008    8520    9  -999.9  -999.9  -999.9  -999.9  -999.9  -999.9
2017 09 12  0223   58008    8580    9  -999.9  -999.9  -999.9  -999.9  -999.9  -999.9
2017 09 12  0224   58008    8640    9  -999.9  -999.9  -999.9  -999.9  -999.9  -999.9
2017 09 12  0225   58008    8700    9  -999.9  -999.9  -999.9  -999.9  -999.9  -999.9
2017 09 12  0226   58008    8760    9  -999.9  -999.9  -999.9  -999.9  -999.9  -999.9
2017 09 12  0227   58008    8820    9  -999.9  -999.9  -999.9  -999.9  -999.9  -999.9
2017 09 12  0228   58008    8880    9  -999.9  -999.9  -999.9  -999.9  -999.9  -999.9
2017 09 12  0229   58008    8940    9  -999.9  -999.9  -999.9  -999.9  -999.9  -999.9
2017 09 12  0230   58008    9000    9  -999.9  -999.9  -999.9  -999.9  -999.9  -999.9
2017 09 12  0231   58008    9060    9  -999.9  -999.9  -999.9  -999.9  -999.9  -999.9
2017 09 12  0232   58008    9120    9  -999.9  -999.9  -999.9  -999.9  -999.9  -999.9
2017 09 12  0233   58008    9180    9  -999.9  -999.9  -999.9  -999.9  -999.9  -999.9
2017 09 12  0234   58008    9240    9  -999.9  -999.9  -999.9  -999.9  -999.9  -999.9
2017 09 12  0235   58008    9300    9  -999.9  -999.9  -999.9  -999.9  -999.9  -999.9
2017 09 12  0236   58008    9360    9  -999.9  -999.9  -999.9  -999.9  -999.9  -999.9
2017 09 12  0237   58008    9420    9  -999.9  -999.9  -999.9  -999.9  -999.9  -999.9
2017 09 12  0238   58008    9480    9  -999.9  -999.9  -999.9  -999.9  -999.9  -999.9
2017 09 12  0239   58008    9540    9  -999.9  -999.9  -999.9  -999.9  -999.9  -999.9
2017 09 12  0240   58008    9600    9  -999.9  -999.9  -999.9  -999.9  -999.9  -999.9
2017 09 12  0241   58008    9660    9  -999.9  -999.9  -999.9  -999.9  -999.9  -999.9
2017 09 12  0242   58008    9720    9  -999.9  -999.9  -999.9  -999.9  -999.9  -999.9
2017 09 12  0243   58008    9780    9  -999.9  -999.9  -999.9  -999.9  -999.9  -999.9
2017 09 12  0244   58008    9840    9  -999.9  -999.9  -999.9  -999.9  -999.9  -999.9
2017 09 12  0245   58008    9900    9  -999.9  -999.9  -999.9  -999.9  -999.9  -999.9
2017 09 12  0246   58008    9960    9  -999.9  -999.9  -999.9  -999.9  -999.9  -999.9
2017 09 12  0247   58008   10020    9  -999.9  -999.9  -999.9  -999.9  -999.9  -999.9
2017 09 12  0248   58008   10080    9  -999.9  -999.9  -999.9  -999.9  -999.9  -999.9
2017 09 12  0249   58008   10140    9  -999.9  -999.9  -999.9  -999.9  -999.9  -999.9
2017 09 12  0250   58008   10200    9  -999.9  -999.9  -999.9  -999.9  -999.9  -999.9
2017 09 12  0251   58008   10260    9  -999.9  -999.9  -999.9  -999.9  -999.9  -999.9
2017 09 12  0252   58008   10320    9  -999.9  -999.9  -999.9  -999.9  -999.9  -999.9
2017 09 12  0253   58008   10380    9  -999.9  -999.9  -999.9  -999.9  -999.9  -999.9
2017 09 12  0254   58008   10440    9  -999.9  -999.9  -999.9  -999.9  -999.9  -999.9
2017 09 12  0255   58008   10500    9  -999.9  -999.9  -999.9  -999.9  -999.9  -999.9
2017 09 12  0256   58008   10560    9  -999.9  -999.9  -999.9  -999.9  -999.9  -999.9
2017 09 12  0257   58008   10620    9  -999.9  -999.9  -999.9  -999.9  -999.9  -999.9
2017 09 12  0258   58008   10680    9  -999.9  -999.9  -999.9  -999.9  -999.9  -999.9
2017 09 12  0259   58008   10740    9  -999.9  -999.9  -999.9  -999.9  -999.9  -999.9
2017 09 12  0300   58008   10800    9  -999.9  -999.9  -999.9  -999.9  -999.9  -999.9
2017 09 12  0301   58008   10860    9  -999.9  -999.9  -999.9  -999.9  -999.9  -999.9
2017 09 12  0302   58008   10920    9  -999.9  -999.9  -999.9  -999.9  -999.9  -999.9
2017 09 12  0303   58008   10980    9  -999.9  -999.9  -999.9  -999.9  -999.9  -999.9
2017 09 12  0304   58008   11040    9  -999.9  -999.9  -999.9  -999.9  -999.9  -999.9
2017 09 12  0305   58008   11100    9  -999.9  -999.9  -999.9  -999.9  -999.9  -999.9
2017 09 12  0306   58008   11160    9  -999.9  -999.9  -999.9  -999.9  -999.9  -999.9
2017 09 12  0307   58008   11220    9  -999.9  -999.9  -999.9  -999.9  -999.9  -999.9
2017 09 12  0308   58008   11280    9  -999.9  -999.9  -999.9  -999.9  -999.9  -999.9
2017 09 12  0309   58008   11340    9  -999.9  -999.9  -999.9  -999.9  -999.9  -999.9
2017 09 12  0310   58008   11400    9  -999.9  -999.9  -999.9  -999.9  -999.9  -999.9
2017 09 12  0311   58008   11460    9  -999.9  -999.9  -999.9  -999.9  -999.9  -999.9
2017 09 12  0312   58008   11520    9  -999.9  -999.9  -999.9  -999.9  -999.9  -999.9
2017 09 12  0313   58008   11580    9  -999.9  -999.9  -999.9  -999.9  -999.9  -999.9
2017 09 12  0314   58008   11640    9  -999.9  -999.9  -999.9  -999.9  -999.9  -999.9
2017 09 12  0315   58008   11700    9  -999.9  -999.9  -999.9  -999.9  -999.9  -999.9
2017 09 12  0316   58008   11760    9  -999.9  -999.9  -999.9  -999.9  -999.9  -999.9
2017 09 12  0317   58008   11820    9  -999.9  -999.9  -999.9  -999.9  -999.9  -999.9
2017 09 12  0318   58008   11880    9  -999.9  -999.9  -999.9  -999.9  -999.9  -999.9
2017 09 12  0319   58008   11940    9  -999.9  -999.9  -999.9  -999.9  -999.9  -999.9
2017 09 12  0320   58008   12000    9  -999.9  -999.9  -999.9  -999.9  -999.9  -999.9
2017 09 12  0321   58008   12060    9  -999.9  -999.9  -999.9  -999.9  -999.9  -999.9
2017 09 12  0322   58008   12120    9  -999.9  -999.9  -999.9  -999.9  -999.9  -999.9
2017 09 12  0323   58008   12180    9  -999.9  -999.9  -999.9  -999.9  -999.9  -999.9
2017 09 12  0324   58008   12240    9  -999.9  -999.9  -999.9  -999.9  -999.9  -999.9
2017 09 12  0325   58008   12300    9  -999.9  -999.9  -999.9  -999.9  -999.9  -999.9
2017 09 12  0326   58008   12360    9  -999.9  -999.9  -999.9  -999.9  -999.9  -999.9
2017 09 12  0327   58008   12420    9  -999.9  -999.9  -999.9  -999.9  -999.9  -999.9
2017 09 12  0328   58008   12480    9  -999.9  -999.9  -999.9  -999.9  -999.9  -999.9
2017 09 12  0329   58008   12540    9  -999.9  -999.9  -999.9  -999.9  -999.9  -999.9
2017 09 12  0330   58008   12600    9  -999.9  -999.9  -999.9  -999.9  -999.9  -999.9
2017 09 12  0331   58008   12660    9  -999.9  -999.9  -999.9  -999.9  -999.9  -999.9
2017 09 12  0332   58008   12720    9  -999.9  -999.9  -999.9  -999.9  -999.9  -999.9
2017 09 12  0333   58008   12780    9  -999.9  -999.9  -999.9  -999.9  -999.9  -999.9
2017 09 12  0334   58008   12840    9  -999.9  -999.9  -999.9  -999.9  -999.9  -999.9
2017 09 12  0335   58008   12900    9  -999.9  -999.9  -999.9  -999.9  -999.9  -999.9
2017 09 12  0336   58008   12960    9  -999.9  -999.9  -999.9  -999.9  -999.9  -999.9
2017 09 12  0337   58008   13020    9  -999.9  -999.9  -999.9  -999.9  -999.9  -999.9
2017 09 12  0338   58008   13080    9  -999.9  -999.9  -999.9  -999.9  -999.9  -999.9
2017 09 12  0339   58008   13140    9  -999.9  -999.9  -999.9  -999.9  -999.9  -999.9
2017 09 12  0340   58008   13200    9  -999.9  -999.9  -999.9  -999.9  -999.9  -999.9
2017 09 12  0341   58008   13260    9  -999.9  -999.9  -999.9  -999.9  -999.9  -999.9
2017 09 12  0342   58008   13320    9  -999.9  -999.9  -999.9  -999.9  -999.9  -999.9
2017 09 12  0343   58008   13380    9  -999.9  -999.9  -999.9  -999.9  -999.9  -999.9
2017 09 12  0344   58008   13440    9  -999.9  -999.9  -999.9  -999.9  -999.9  -999.9
2017 09 12  0345   58008   13500    9  -999.9  -999.9  -999.9  -999.9  -999.9  -999.9
2017 09 12  0346   58008   13560    9  -999.9  -999.9  -999.9  -999.9  -999.9  -999.9
2017 09 12  0347   58008   13620    9  -999.9  -999.9  -999.9  -999.9  -999.9  -999.9
2017 09 12  0348   58008   13680    9  -999.9  -999.9  -999.9  -999.9  -999.9  -999.9
2017 09 12  0349   58008   13740    9  -999.9  -999.9  -999.9  -999.9  -999.9  -999.9
2017 09 12  0350   58008   13800    9  -999.9  -999.9  -999.9  -999.9  -999.9  -999.9
2017 09 12  0351   58008   13860    9  -999.9  -999.9  -999.9  -999.9  -999.9  -999.9
2017 09 12  0352   58008   13920    9  -999.9  -999.9  -999.9  -999.9  -999.9  -999.9
2017 09 12  0353   58008   13980    9  -999.9  -999.9  -999.9  -999.9  -999.9  -999.9
2017 09 12  0354   58008   14040    9  -999.9  -999.9  -999.9  -999.9  -999.9  -999.9
2017 09 12  0355   58008   14100    9  -999.9  -999.9  -999.9  -999.9  -999.9  -999.9
2017 09 12  0356   58008   14160    9  -999.9  -999.9  -999.9  -999.9  -999.9  -999.9
2017 09 12  0357   58008   14220    9  -999.9  -999.9  -999.9  -999.9  -999.9  -999.9
2017 09 12  0358   58008   14280    9  -999.9  -999.9  -999.9  -999.9  -999.9  -999.9
2017 09 12  0359   58008   14340    9  -999.9  -999.9  -999.9  -999.9  -999.9  -999.9
2017 09 12  0400   58008   14400    9  -999.9  -999.9  -999.9  -999.9  -999.9  -999.9
2017 09 12  0401   58008   14460    9  -999.9  -999.9  -999.9  -999.9  -999.9  -999.9
2017 09 12  0402   58008   14520    9  -999.9  -999.9  -999.9  -999.9  -999.9  -999.9
2017 09 12  0403   58008   14580    9  -999.9  -999.9  -999.9  -999.9  -999.9  -999.9
2017 09 12  0404   58008   14640    9  -999.9  -999.9  -999.9  -999.9  -999.9  -999.9
2017 09 12  0405   58008   14700    9  -999.9  -999.9  -999.9  -999.9  -999.9  -999.9
2017 09 12  0406   58008   14760    9  -999.9  -999.9  -999.9  -999.9  -999.9  -999.9
2017 09 12  0407   58008   14820    9  -999.9  -999.9  -999.9  -999.9  -999.9  -999.9
2017 09 12  0408   58008   14880    9  -999.9  -999.9  -999.9  -999.9  -999.9  -999.9
2017 09 12  0409   58008   14940    9  -999.9  -999.9  -999.9  -999.9  -999.9  -999.9
2017 09 12  0410   58008   15000    9  -999.9  -999.9  -999.9  -999.9  -999.9  -999.9
2017 09 12  0411   58008   15060    9  -999.9  -999.9  -999.9  -999.9  -999.9  -999.9
2017 09 12  0412   58008   15120    9  -999.9  -999.9  -999.9  -999.9  -999.9  -999.9
2017 09 12  0413   58008   15180    9  -999.9  -999.9  -999.9  -999.9  -999.9  -999.9
2017 09 12  0414   58008   15240    9  -999.9  -999.9  -999.9  -999.9  -999.9  -999.9
2017 09 12  0415   58008   15300    9  -999.9  -999.9  -999.9  -999.9  -999.9  -999.9
2017 09 12  0416   58008   15360    9  -999.9  -999.9  -999.9  -999.9  -999.9  -999.9
2017 09 12  0417   58008   15420    9  -999.9  -999.9  -999.9  -999.9  -999.9  -999.9
2017 09 12  0418   58008   15480    9  -999.9  -999.9  -999.9  -999.9  -999.9  -999.9
2017 09 12  0419   58008   15540    9  -999.9  -999.9  -999.9  -999.9  -999.9  -999.9
2017 09 12  0420   58008   15600    9  -999.9  -999.9  -999.9  -999.9  -999.9  -999.9
2017 09 12  0421   58008   15660    9  -999.9  -999.9  -999.9  -999.9  -999.9  -999.9
2017 09 12  0422   58008   15720    9  -999.9  -999.9  -999.9  -999.9  -999.9  -999.9
2017 09 12  0423   58008   15780    9  -999.9  -999.9  -999.9  -999.9  -999.9  -999.9
2017 09 12  0424   58008   15840    9  -999.9  -999.9  -999.9  -999.9  -999.9  -999.9
2017 09 12  0425   58008   15900    9  -999.9  -999.9  -999.9  -999.9  -999.9  -999.9
2017 09 12  0426   58008   15960    9  -999.9  -999.9  -999.9  -999.9  -999.9  -999.9
2017 09 12  0427   58008   16020    9  -999.9  -999.9  -999.9  -999.9  -999.9  -999.9
2017 09 12  0428   58008   16080    9  -999.9  -999.9  -999.9  -999.9  -999.9  -999.9
2017 09 12  0429   58008   16140    9  -999.9  -999.9  -999.9  -999.9  -999.9  -999.9
2017 09 12  0430   58008   16200    9  -999.9  -999.9  -999.9  -999.9  -999.9  -999.9
2017 09 12  0431   58008   16260    9  -999.9  -999.9  -999.9  -999.9  -999.9  -999.9
2017 09 12  0432   58008   16320    9  -999.9  -999.9  -999.9  -999.9  -999.9  -999.9
2017 09 12  0433   58008   16380    9  -999.9  -999.9  -999.9  -999.9  -999.9  -999.9
2017 09 12  0434   58008   16440    9  -999.9  -999.9  -999.9  -999.9  -999.9  -999.9
2017 09 12  0435   58008   16500    9  -999.9  -999.9  -999.9  -999.9  -999.9  -999.9
2017 09 12  0436   58008   16560    9  -999.9  -999.9  -999.9  -999.9  -999.9  -999.9
2017 09 12  0437   58008   16620    9  -999.9  -999.9  -999.9  -999.9  -999.9  -999.9
2017 09 12  0438   58008   16680    9  -999.9  -999.9  -999.9  -999.9  -999.9  -999.9
2017 09 12  0439   58008   16740    9  -999.9  -999.9  -999.9  -999.9  -999.9  -999.9
2017 09 12  0440   58008   16800    9  -999.9  -999.9  -999.9  -999.9  -999.9  -999.9
2017 09 12  0441   58008   16860    9  -999.9  -999.9  -999.9  -999.9  -999.9  -999.9
2017 09 12  0442   58008   16920    9  -999.9  -999.9  -999.9  -999.9  -999.9  -999.9
2017 09 12  0443   58008   16980    9  -999.9  -999.9  -999.9  -999.9  -999.9  -999.9
2017 09 12  0444   58008   17040    9  -999.9  -999.9  -999.9  -999.9  -999.9  -999.9
2017 09 12  0445   58008   17100    9  -999.9  -999.9  -999.9  -999.9  -999.9  -999.9
2017 09 12  0446   58008   17160    9  -999.9  -999.9  -999.9  -999.9  -999.9  -999.9
2017 09 12  0447   58008   17220    9  -999.9  -999.9  -999.9  -999.9  -999.9  -999.9
2017 09 12  0448   58008   17280    9  -999.9  -999.9  -999.9  -999.9  -999.9  -999.9
2017 09 12  0449   58008   17340    9  -999.9  -999.9  -999.9  -999.9  -999.9  -999.9
2017 09 12  0450   58008   17400    9  -999.9  -999.9  -999.9  -999.9  -999.9  -999.9
2017 09 12  0451   58008   17460    9  -999.9  -999.9  -999.9  -999.9  -999.9  -999.9
2017 09 12  0452   58008   17520    9  -999.9  -999.9  -999.9  -999.9  -999.9  -999.9
2017 09 12  0453   58008   17580    9  -999.9  -999.9  -999.9  -999.9  -999.9  -999.9
2017 09 12  0454   58008   17640    9  -999.9  -999.9  -999.9  -999.9  -999.9  -999.9
2017 09 12  0455   58008   17700    9  -999.9  -999.9  -999.9  -999.9  -999.9  -999.9
2017 09 12  0456   58008   17760    9  -999.9  -999.9  -999.9  -999.9  -999.9  -999.9
2017 09 12  0457   58008   17820    9  -999.9  -999.9  -999.9  -999.9  -999.9  -999.9
2017 09 12  0458   58008   17880    9  -999.9  -999.9  -999.9  -999.9  -999.9  -999.9
2017 09 12  0459   58008   17940    9  -999.9  -999.9  -999.9  -999.9  -999.9  -999.9
2017 09 12  0500   58008   18000    9  -999.9  -999.9  -999.9  -999.9  -999.9  -999.9
2017 09 12  0501   58008   18060    9  -999.9  -999.9  -999.9  -999.9  -999.9  -999.9
2017 09 12  0502   58008   18120    9  -999.9  -999.9  -999.9  -999.9  -999.9  -999.9
2017 09 12  0503   58008   18180    9  -999.9  -999.9  -999.9  -999.9  -999.9  -999.9
2017 09 12  0504   58008   18240    9  -999.9  -999.9  -999.9  -999.9  -999.9  -999.9
2017 09 12  0505   58008   18300    9  -999.9  -999.9  -999.9  -999.9  -999.9  -999.9
2017 09 12  0506   58008   18360    9  -999.9  -999.9  -999.9  -999.9  -999.9  -999.9
2017 09 12  0507   58008   18420    9  -999.9  -999.9  -999.9  -999.9  -999.9  -999.9
2017 09 12  0508   58008   18480    9  -999.9  -999.9  -999.9  -999.9  -999.9  -999.9
2017 09 12  0509   58008   18540    9  -999.9  -999.9  -999.9  -999.9  -999.9  -999.9
2017 09 12  0510   58008   18600    9  -999.9  -999.9  -999.9  -999.9  -999.9  -999.9
2017 09 12  0511   58008   18660    9  -999.9  -999.9  -999.9  -999.9  -999.9  -999.9
2017 09 12  0512   58008   18720    9  -999.9  -999.9  -999.9  -999.9  -999.9  -999.9
2017 09 12  0513   58008   18780    9  -999.9  -999.9  -999.9  -999.9  -999.9  -999.9
2017 09 12  0514   58008   18840    9  -999.9  -999.9  -999.9  -999.9  -999.9  -999.9
2017 09 12  0515   58008   18900    9  -999.9  -999.9  -999.9  -999.9  -999.9  -999.9
2017 09 12  0516   58008   18960    9  -999.9  -999.9  -999.9  -999.9  -999.9  -999.9
2017 09 12  0517   58008   19020    9  -999.9  -999.9  -999.9  -999.9  -999.9  -999.9
2017 09 12  0518   58008   19080    9  -999.9  -999.9  -999.9  -999.9  -999.9  -999.9
2017 09 12  0519   58008   19140    9  -999.9  -999.9  -999.9  -999.9  -999.9  -999.9
2017 09 12  0520   58008   19200    9  -999.9  -999.9  -999.9  -999.9  -999.9  -999.9
2017 09 12  0521   58008   19260    9  -999.9  -999.9  -999.9  -999.9  -999.9  -999.9
2017 09 12  0522   58008   19320    9  -999.9  -999.9  -999.9  -999.9  -999.9  -999.9
2017 09 12  0523   58008   19380    9  -999.9  -999.9  -999.9  -999.9  -999.9  -999.9
2017 09 12  0524   58008   19440    9  -999.9  -999.9  -999.9  -999.9  -999.9  -999.9
2017 09 12  0525   58008   19500    9  -999.9  -999.9  -999.9  -999.9  -999.9  -999.9
2017 09 12  0526   58008   19560    9  -999.9  -999.9  -999.9  -999.9  -999.9  -999.9
2017 09 12  0527   58008   19620    9  -999.9  -999.9  -999.9  -999.9  -999.9  -999.9
2017 09 12  0528   58008   19680    9  -999.9  -999.9  -999.9  -999.9  -999.9  -999.9
2017 09 12  0529   58008   19740    9  -999.9  -999.9  -999.9  -999.9  -999.9  -999.9
2017 09 12  0530   58008   19800    9  -999.9  -999.9  -999.9  -999.9  -999.9  -999.9
2017 09 12  0531   58008   19860    9  -999.9  -999.9  -999.9  -999.9  -999.9  -999.9
2017 09 12  0532   58008   19920    9  -999.9  -999.9  -999.9  -999.9  -999.9  -999.9
2017 09 12  0533   58008   19980    9  -999.9  -999.9  -999.9  -999.9  -999.9  -999.9
2017 09 12  0534   58008   20040    9  -999.9  -999.9  -999.9  -999.9  -999.9  -999.9
2017 09 12  0535   58008   20100    9  -999.9  -999.9  -999.9  -999.9  -999.9  -999.9
2017 09 12  0536   58008   20160    9  -999.9  -999.9  -999.9  -999.9  -999.9  -999.9
2017 09 12  0537   58008   20220    9  -999.9  -999.9  -999.9  -999.9  -999.9  -999.9
2017 09 12  0538   58008   20280    9  -999.9  -999.9  -999.9  -999.9  -999.9  -999.9
2017 09 12  0539   58008   20340    9  -999.9  -999.9  -999.9  -999.9  -999.9  -999.9
2017 09 12  0540   58008   20400    9  -999.9  -999.9  -999.9  -999.9  -999.9  -999.9
2017 09 12  0541   58008   20460    9  -999.9  -999.9  -999.9  -999.9  -999.9  -999.9
2017 09 12  0542   58008   20520    9  -999.9  -999.9  -999.9  -999.9  -999.9  -999.9
2017 09 12  0543   58008   20580    9  -999.9  -999.9  -999.9  -999.9  -999.9  -999.9
2017 09 12  0544   58008   20640    9  -999.9  -999.9  -999.9  -999.9  -999.9  -999.9
2017 09 12  0545   58008   20700    9  -999.9  -999.9  -999.9  -999.9  -999.9  -999.9
2017 09 12  0546   58008   20760    9  -999.9  -999.9  -999.9  -999.9  -999.9  -999.9
2017 09 12  0547   58008   20820    9  -999.9  -999.9  -999.9  -999.9  -999.9  -999.9
2017 09 12  0548   58008   20880    9  -999.9  -999.9  -999.9  -999.9  -999.9  -999.9
2017 09 12  0549   58008   20940    9  -999.9  -999.9  -999.9  -999.9  -999.9  -999.9
2017 09 12  0550   58008   21000    9  -999.9  -999.9  -999.9  -999.9  -999.9  -999.9
2017 09 12  0551   58008   21060    9  -999.9  -999.9  -999.9  -999.9  -999.9  -999.9
2017 09 12  0552   58008   21120    9  -999.9  -999.9  -999.9  -999.9  -999.9  -999.9
2017 09 12  0553   58008   21180    9  -999.9  -999.9  -999.9  -999.9  -999.9  -999.9
2017 09 12  0554   58008   21240    9  -999.9  -999.9  -999.9  -999.9  -999.9  -999.9
2017 09 12  0555   58008   21300    9  -999.9  -999.9  -999.9  -999.9  -999.9  -999.9
2017 09 12  0556   58008   21360    9  -999.9  -999.9  -999.9  -999.9  -999.9  -999.9
2017 09 12  0557   58008   21420    9  -999.9  -999.9  -999.9  -999.9  -999.9  -999.9
2017 09 12  0558   58008   21480    9  -999.9  -999.9  -999.9  -999.9  -999.9  -999.9
2017 09 12  0559   58008   21540    9  -999.9  -999.9  -999.9  -999.9  -999.9  -999.9
2017 09 12  0600   58008   21600    9  -999.9  -999.9  -999.9  -999.9  -999.9  -999.9
2017 09 12  0601   58008   21660    9  -999.9  -999.9  -999.9  -999.9  -999.9  -999.9
2017 09 12  0602   58008   21720    9  -999.9  -999.9  -999.9  -999.9  -999.9  -999.9
2017 09 12  0603   58008   21780    9  -999.9  -999.9  -999.9  -999.9  -999.9  -999.9
2017 09 12  0604   58008   21840    9  -999.9  -999.9  -999.9  -999.9  -999.9  -999.9
2017 09 12  0605   58008   21900    9  -999.9  -999.9  -999.9  -999.9  -999.9  -999.9
2017 09 12  0606   58008   21960    9  -999.9  -999.9  -999.9  -999.9  -999.9  -999.9
2017 09 12  0607   58008   22020    9  -999.9  -999.9  -999.9  -999.9  -999.9  -999.9
2017 09 12  0608   58008   22080    9  -999.9  -999.9  -999.9  -999.9  -999.9  -999.9
2017 09 12  0609   58008   22140    9  -999.9  -999.9  -999.9  -999.9  -999.9  -999.9
2017 09 12  0610   58008   22200    0    -2.8     0.5    -2.0     3.4   -34.6   170.7
2017 09 12  0611   58008   22260    0    -3.1     0.3    -1.9     3.6   -31.4   174.9
2017 09 12  0612   58008   22320    0    -2.8     0.6    -2.2     3.6   -37.1   168.3
2017 09 12  0613   58008   22380    0    -2.5     0.4    -2.4     3.6   -43.6   170.3
2017 09 12  0614   58008   22440    0    -2.7     0.5    -2.6     3.8   -43.7   169.9
2017 09 12  0615   58008   22500    0    -3.0     0.8    -2.9     4.2   -42.8   164.3
2017 09 12  0616   58008   22560    0    -2.6     0.6    -2.7     3.8   -45.5   166.0
2017 09 12  0617   58008   22620    0    -2.5     0.5    -2.5     3.6   -44.1   169.6
2017 09 12  0618   58008   22680    0    -2.4     0.2    -2.5     3.5   -45.9   175.2
2017 09 12  0619   58008   22740    0    -2.5     0.1    -2.4     3.5   -43.8   178.1
2017 09 12  0620   58008   22800    0    -3.0    -0.0    -2.6     4.0   -40.6   180.9
2017 09 12  0621   58008   22860    0    -3.2    -0.4    -2.6     4.1   -39.0   186.4
2017 09 12  0622   58008   22920    9  -999.9  -999.9  -999.9  -999.9  -999.9  -999.9
2017 09 12  0623   58008   22980    0    -2.0    -0.0    -2.9     3.5   -55.8   180.2
2017 09 12  0624   58008   23040    0    -2.5    -0.2    -2.5     3.5   -44.6   185.4
2017 09 12  0625   58008   23100    0    -2.2    -1.1    -3.1     4.0   -50.9   207.0
2017 09 12  0626   58008   23160    0    -2.3    -0.5    -2.9     3.8   -50.5   192.3
2017 09 12  0627   58008   23220    0    -2.7     0.3    -2.2     3.5   -39.0   174.4
2017 09 12  0628   58008   23280    0    -2.2     0.1    -2.1     3.1   -42.9   176.9
2017 09 12  0629   58008   23340    0    -1.9    -0.2    -2.2     2.9   -48.6   184.7
2017 09 12  0630   58008   23400    9  -999.9  -999.9  -999.9  -999.9  -999.9  -999.9
2017 09 12  0631   58008   23460    0    -1.6    -0.2    -2.0     2.5   -50.7   187.2
2017 09 12  0632   58008   23520    0    -1.0    -0.5    -1.8     2.1   -57.6   208.4
2017 09 12  0633   58008   23580    0    -0.5    -0.6    -2.0     2.1   -68.0   228.2
2017 09 12  0634   58008   23640    0    -1.1    -0.6    -1.9     2.3   -57.2   210.4
2017 09 12  0635   58008   23700    0    -0.1     0.2    -1.8     1.8   -84.0   117.3
2017 09 12  0636   58008   23760    0    -0.6    -0.3    -0.5     0.9   -37.3   207.2
2017 09 12  0637   58008   23820    0    -0.7     0.9    -0.0     1.1    -1.8   127.1
2017 09 12  0638   58008   23880    0    -0.9     1.1    -0.3     1.4   -10.6   128.2
2017 09 12  0639   58008   23940    0    -0.7     0.9    -0.8     1.3   -35.9   128.1
2017 09 12  0640   58008   24000    0    -0.7     1.4    -0.9     1.8   -28.8   117.8
2017 09 12  0641   58008   24060    0    -0.3     0.9    -0.9     1.3   -44.5   111.4
2017 09 12  0642   58008   24120    0     0.1     0.4    -0.9     1.0   -63.8    79.3
2017 09 12  0643   58008   24180    0     0.2    -0.4    -0.9     1.0   -61.6   295.0
2017 09 12  0644   58008   24240    0     0.3    -0.8    -0.6     1.0   -38.3   288.1
2017 09 12  0645   58008   24300    0    -0.1    -0.5     0.0     0.5     0.2   256.1
2017 09 12  0646   58008   24360    0     0.1    -1.0    -0.4     1.1   -23.9   277.3
2017 09 12  0647   58008   24420    0     0.2    -1.1    -0.0     1.2    -1.3   282.3
2017 09 12  0648   58008   24480    0     0.2    -0.8    -0.1     0.8    -5.5   285.1
2017 09 12  0649   58008   24540    0     0.5    -1.3     0.2     1.4     9.9   292.0
2017 09 12  0650   58008   24600    0     0.5    -0.9     0.2     1.1    10.1   296.3
2017 09 12  0651   58008   24660    0     0.8    -1.0     0.2     1.3     8.4   310.2
2017 09 12  0652   58008   24720    0     1.1    -1.9     0.8     2.3    19.2   300.2
2017 09 12  0653   58008   24780    0     1.3    -1.9     0.6     2.4    15.3   304.3
2017 09 12  0654   58008   24840    0     1.4    -1.7     0.6     2.3    15.7   309.4
2017 09 12  0655   58008   24900    0     1.6    -1.3     0.7     2.2    17.4   319.8
2017 09 12  0656   58008   24960    0     1.0    -1.3     0.5     1.7    18.2   309.2
2017 09 12  0657   58008   25020    0     1.6    -1.3     0.8     2.2    21.3   319.8
2017 09 12  0658   58008   25080    0     1.0    -0.9     0.4     1.4    17.8   316.3
2017 09 12  0659   58008   25140    0     1.2    -1.8     0.8     2.3    20.8   303.2
2017 09 12  0700   58008   25200    0     0.7    -2.1     0.3     2.2     7.7   289.7
2017 09 12  0701   58008   25260    0    -0.1    -2.5    -0.5     2.6   -12.2   267.2
2017 09 12  0702   58008   25320    0    -0.7    -3.1    -1.4     3.5   -23.3   256.7
2017 09 12  0703   58008   25380    0    -0.8    -3.7    -1.7     4.2   -23.7   257.3
2017 09 12  0704   58008   25440    0    -0.9    -3.8    -1.8     4.3   -24.6   256.5
2017 09 12  0705   58008   25500    0    -1.1    -3.9    -1.6     4.3   -22.3   254.7
2017 09 12  0706   58008   25560    0    -0.8    -3.9    -1.7     4.3   -22.8   258.5
2017 09 12  0707   58008   25620    0    -0.9    -3.8    -1.7     4.3   -23.3   256.6
2017 09 12  0708   58008   25680    0    -0.1    -3.9    -1.5     4.2   -21.2   267.8
2017 09 12  0709   58008   25740    0     0.3    -4.0    -1.4     4.2   -19.3   274.7
2017 09 12  0710   58008   25800    0    -0.0    -3.9    -1.4     4.2   -20.1   269.5
2017 09 12  0711   58008   25860    0    -1.0    -3.7    -1.6     4.2   -22.1   255.2
2017 09 12  0712   58008   25920    0    -2.5    -3.2    -2.4     4.7   -31.4   232.1
2017 09 12  0713   58008   25980    0    -3.7    -2.4    -2.6     5.1   -30.9   212.6
2017 09 12  0714   58008   26040    0    -3.9    -2.1    -2.7     5.2   -31.2   207.9
2017 09 12  0715   58008   26100    0    -4.2    -2.0    -2.9     5.5   -32.0   206.0
2017 09 12  0716   58008   26160    0    -4.0    -1.6    -2.8     5.2   -32.6   202.2
2017 09 12  0717   58008   26220    0    -4.1    -1.6    -2.7     5.2   -31.5   201.6
2017 09 12  0718   58008   26280    0    -4.0    -1.9    -2.7     5.2   -31.7   205.2
2017 09 12  0719   58008   26340    0    -4.3    -1.8    -3.0     5.5   -32.3   202.1
2017 09 12  0720   58008   26400    0    -4.8    -0.5    -3.0     5.7   -32.5   185.7
2017 09 12  0721   58008   26460    0    -4.5    -1.2    -3.1     5.6   -33.7   195.1
2017 09 12  0722   58008   26520    0    -4.5    -2.0    -3.3     5.9   -33.8   203.7
2017 09 12  0723   58008   26580    0    -4.4    -2.2    -3.2     5.9   -32.7   206.0
2017 09 12  0724   58008   26640    0    -4.6    -2.3    -3.2     6.1   -32.0   206.1
2017 09 12  0725   58008   26700    0    -4.2    -3.3    -2.0     5.7   -20.2   218.6
2017 09 12  0726   58008   26760    0    -4.3    -2.7    -3.5     6.2   -34.8   211.7
2017 09 12  0727   58008   26820    0    -3.8    -2.9    -3.9     6.1   -38.9   217.2
2017 09 12  0728   58008   26880    0    -3.9    -2.8    -3.8     6.1   -38.6   215.5
2017 09 12  0729   58008   26940    0    -3.9    -2.8    -3.7     6.0   -37.7   215.2
2017 09 12  0730   58008   27000    0    -4.4    -1.8    -3.5     5.9   -36.7   201.7
2017 09 12  0731   58008   27060    0    -4.7    -1.0    -3.5     6.0   -36.2   192.1
2017 09 12  0732   58008   27120    0    -4.9    -0.3    -3.4     5.9   -34.5   183.2
2017 09 12  0733   58008   27180    0    -4.7     1.8    -2.7     5.7   -28.6   158.4
2017 09 12  0734   58008   27240    0    -4.8     0.4    -3.3     5.8   -34.3   174.9
2017 09 12  0735   58008   27300    0    -4.6    -1.2    -3.0     5.6   -32.0   194.9
2017 09 12  0736   58008   27360    0    -4.4    -1.4    -3.1     5.5   -34.2   197.5
2017 09 12  0737   58008   27420    0    -4.5    -1.3    -2.9     5.5   -31.6   196.3
2017 09 12  0738   58008   27480    0    -4.4    -1.4    -3.1     5.5   -33.8   197.5
2017 09 12  0739   58008   27540    0    -4.3    -0.8    -2.8     5.2   -32.8   190.0
2017 09 12  0740   58008   27600    0    -4.3    -0.9    -2.8     5.2   -31.8   191.9
2017 09 12  0741   58008   27660    0    -4.4    -1.4    -2.9     5.4   -31.8   197.1
2017 09 12  0742   58008   27720    0    -4.2    -1.8    -2.6     5.3   -29.4   203.6
2017 09 12  0743   58008   27780    0    -3.8    -2.1    -3.0     5.2   -35.0   208.7
2017 09 12  0744   58008   27840    0    -1.0    -3.9    -2.2     4.6   -28.3   255.4
2017 09 12  0745   58008   27900    0     1.0    -4.6    -1.6     4.9   -18.5   282.8
2017 09 12  0746   58008   27960    0     1.7    -4.7    -0.6     5.0    -6.3   290.4
2017 09 12  0747   58008   28020    0     1.7    -4.8    -1.0     5.1   -11.3   289.4
2017 09 12  0748   58008   28080    0     2.3    -4.5    -0.5     5.1    -5.5   297.4
2017 09 12  0749   58008   28140    0     1.4    -4.9    -1.5     5.3   -16.6   286.0
2017 09 12  0750   58008   28200    0     0.7    -5.2    -1.1     5.4   -12.1   278.0
2017 09 12  0751   58008   28260    0     0.9    -4.9    -0.3     5.0    -3.8   280.4
2017 09 12  0752   58008   28320    0     2.2    -4.4    -1.3     5.1   -15.3   296.3
2017 09 12  0753   58008   28380    0     2.7    -4.1    -0.7     5.0    -8.5   302.9
2017 09 12  0754   58008   28440    0     2.9    -4.1    -0.2     5.0    -2.3   305.3
2017 09 12  0755   58008   28500    0     1.0    -4.2    -1.9     4.7   -23.8   282.9
2017 09 12  0756   58008   28560    0     0.5    -4.1    -2.3     4.7   -29.1   276.5
2017 09 12  0757   58008   28620    0    -0.3    -3.8    -2.9     4.8   -37.2   265.5
2017 09 12  0758   58008   28680    0    -0.2    -4.1    -2.3     4.7   -29.3   267.7
2017 09 12  0759   58008   28740    0     0.1    -4.1    -2.4     4.8   -30.1   271.2
2017 09 12  0800   58008   28800    0     0.8    -3.9    -2.2     4.5   -28.8   281.3
2017 09 12  0801   58008   28860    0     0.6    -4.1    -2.2     4.7   -28.4   278.2
2017 09 12  0802   58008   28920    0     0.3    -4.4    -2.0     4.8   -24.8   273.6
2017 09 12  0803   58008   28980    0     0.6    -4.6    -1.6     4.9   -18.7   277.5
2017 09 12  0804   58008   29040    0     0.4    -4.8    -1.4     5.0   -15.7   274.2
2017 09 12  0805   58008   29100    0     0.5    -4.8    -1.3     5.0   -15.0   276.3
2017 09 12  0806   58008   29160    0     0.4    -4.8    -1.1     5.0   -13.1   274.3
2017 09 12  0807   58008   29220    0    -0.2    -4.4    -2.5     5.0   -29.2   266.8
2017 09 12  0808   58008   29280    0     0.5    -4.8    -0.3     4.8    -3.7   276.2
2017 09 12  0809   58008   29340    0    -0.5    -4.8    -1.0     4.9   -11.1   263.8
2017 09 12  0810   58008   29400    0     0.2    -4.2    -1.2     4.4   -15.9   273.3
2017 09 12  0811   58008   29460    0     0.7    -4.9    -0.2     4.9    -1.8   278.1
2017 09 12  0812   58008   29520    0     1.0    -4.8    -0.2     4.9    -1.8   281.4
2017 09 12  0813   58008   29580    0     1.7    -4.7     0.3     5.0     3.2   289.8
2017 09 12  0814   58008   29640    0     2.3    -4.1     1.3     4.8    15.1   299.4
2017 09 12  0815   58008   29700    0     2.6    -3.9     1.1     4.9    13.4   303.7
2017 09 12  0816   58008   29760    0     2.6    -3.7     1.0     4.6    13.0   304.4
2017 09 12  0817   58008   29820    0     2.5    -3.6     1.7     4.7    21.7   305.6
2017 09 12  0818   58008   29880    0     0.9    -4.2    -0.6     4.3    -7.8   281.7
2017 09 12  0819   58008   29940    0     1.6    -5.3    -0.6     5.5    -5.9   286.7
2017 09 12  0820   58008   30000    0     0.4    -5.0    -2.1     5.4   -22.8   274.7
2017 09 12  0821   58008   30060    0    -1.2    -2.8    -3.6     4.8   -50.1   246.5
2017 09 12  0822   58008   30120    0    -0.5    -3.3    -3.4     4.8   -45.6   262.1
2017 09 12  0823   58008   30180    0     2.1    -3.6    -1.3     4.3   -17.0   300.0
2017 09 12  0824   58008   30240    0     0.7    -4.0    -1.9     4.5   -25.5   280.3
2017 09 12  0825   58008   30300    0    -1.3    -3.3    -3.3     4.8   -42.9   247.7
2017 09 12  0826   58008   30360    0    -0.1    -4.1    -2.7     4.9   -33.5   268.5
2017 09 12  0827   58008   30420    0    -1.2    -3.4    -3.8     5.2   -46.4   250.8
2017 09 12  0828   58008   30480    0    -1.4    -3.1    -4.4     5.5   -52.2   245.6
2017 09 12  0829   58008   30540    0    -1.6    -3.1    -4.5     5.7   -51.7   242.4
2017 09 12  0830   58008   30600    0    -1.5    -3.4    -4.4     5.8   -49.9   246.8
2017 09 12  0831   58008   30660    0    -1.5    -3.4    -4.4     5.8   -49.7   246.3
2017 09 12  0832   58008   30720    0    -1.1    -3.1    -4.6     5.7   -54.1   250.1
2017 09 12  0833   58008   30780    0    -0.9    -4.5    -2.4     5.2   -27.6   259.0
2017 09 12  0834   58008   30840    0    -1.3    -4.4    -2.7     5.3   -30.1   253.8
2017 09 12  0835   58008   30900    0    -0.4    -5.1    -1.3     5.2   -14.3   265.4
2017 09 12  0836   58008   30960    0    -0.7    -5.0    -1.6     5.3   -17.0   261.7
2017 09 12  0837   58008   31020    0    -1.4    -5.1    -2.2     5.7   -22.7   254.8
2017 09 12  0838   58008   31080    0    -1.4    -5.1    -1.5     5.5   -15.6   255.0
2017 09 12  0839   58008   31140    0    -1.2    -4.8    -2.9     5.7   -30.1   255.6
2017 09 12  0840   58008   31200    0    -0.9    -4.6    -3.5     5.9   -36.7   258.6
2017 09 12  0841   58008   31260    0    -0.9    -4.6    -3.7     6.0   -38.7   258.5
2017 09 12  0842   58008   31320    0    -1.1    -4.3    -4.0     6.0   -42.0   256.1
2017 09 12  0843   58008   31380    0    -1.1    -4.1    -4.3     6.0   -45.2   255.3
2017 09 12  0844   58008   31440    0    -1.1    -4.2    -3.9     5.9   -42.0   255.4
2017 09 12  0845   58008   31500    0    -0.9    -2.3    -4.7     5.3   -62.1   247.6
2017 09 12  0846   58008   31560    0    -1.0    -2.5    -4.8     5.5   -60.1   247.8
2017 09 12  0847   58008   31620    0    -1.1    -2.7    -4.2     5.2   -55.1   247.9
2017 09 12  0848   58008   31680    0    -1.2    -3.2    -4.1     5.4   -50.2   248.9
2017 09 12  0849   58008   31740    0    -1.1    -3.0    -4.2     5.3   -52.4   249.3
2017 09 12  0850   58008   31800    0    -1.3    -3.5    -4.0     5.5   -47.0   249.9
2017 09 12  0851   58008   31860    0    -1.6    -3.7    -3.9     5.7   -43.8   246.5
2017 09 12  0852   58008   31920    0    -1.4    -3.9    -3.8     5.6   -42.9   249.8
2017 09 12  0853   58008   31980    0    -1.7    -4.0    -3.5     5.6   -39.2   246.3
2017 09 12  0854   58008   32040    0    -1.7    -4.3    -3.1     5.6   -34.0   249.0
2017 09 12  0855   58008   32100    0    -1.6    -4.5    -3.0     5.6   -32.0   250.4
2017 09 12  0856   58008   32160    0    -1.6    -4.8    -2.8     5.7   -29.0   251.8
2017 09 12  0857   58008   32220    0    -1.7    -4.1    -3.1     5.5   -35.1   248.3
2017 09 12  0858   58008   32280    0    -2.4    -2.9    -4.0     5.5   -47.0   230.5
2017 09 12  0859   58008   32340    0    -2.4    -2.0    -4.3     5.3   -53.4   219.7
