:Data_list: 20170822_ace_swepam_1m.txt
:Created: 2017 Aug 22 0901 UT
# Prepared by the U.S. Dept. of Commerce, NOAA, Space Weather Prediction Center
# Please send comments and suggestions to SWPC.Webmaster@noaa.gov 
# 
# Units: Proton density p/cc
# Units: Bulk speed km/s
# Units: Ion tempeture degrees K
# Status(S): 0 = nominal data, 1 to 8 = bad data record, 9 = no data
# Missing data values: Density and Speed = -9999.9, Temp. = -1.00e+05
# Source: ACE Satellite - Solar Wind Electron Proton Alpha Monitor
#
#   1-minute averaged Real-time Bulk Parameters of the Solar Wind Plasma
# 
#                Modified Seconds   -------------  Solar Wind  -----------
# UT Date   Time  Julian  of the          Proton      Bulk         Ion
# YR MO DA  HHMM    Day     Day     S    Density     Speed     Temperature
#-------------------------------------------------------------------------
2017 08 22  0000   57987       0    9    -9999.9    -9999.9    -1.00e+05
2017 08 22  0001   57987      60    9    -9999.9    -9999.9    -1.00e+05
2017 08 22  0002   57987     120    9    -9999.9    -9999.9    -1.00e+05
2017 08 22  0003   57987     180    9    -9999.9    -9999.9    -1.00e+05
2017 08 22  0004   57987     240    9    -9999.9    -9999.9    -1.00e+05
2017 08 22  0005   57987     300    9    -9999.9    -9999.9    -1.00e+05
2017 08 22  0006   57987     360    9    -9999.9    -9999.9    -1.00e+05
2017 08 22  0007   57987     420    9    -9999.9    -9999.9    -1.00e+05
2017 08 22  0008   57987     480    9    -9999.9    -9999.9    -1.00e+05
2017 08 22  0009   57987     540    9    -9999.9    -9999.9    -1.00e+05
2017 08 22  0010   57987     600    9    -9999.9    -9999.9    -1.00e+05
2017 08 22  0011   57987     660    9    -9999.9    -9999.9    -1.00e+05
2017 08 22  0012   57987     720    9    -9999.9    -9999.9    -1.00e+05
2017 08 22  0013   57987     780    9    -9999.9    -9999.9    -1.00e+05
2017 08 22  0014   57987     840    9    -9999.9    -9999.9    -1.00e+05
2017 08 22  0015   57987     900    9    -9999.9    -9999.9    -1.00e+05
2017 08 22  0016   57987     960    9    -9999.9    -9999.9    -1.00e+05
2017 08 22  0017   57987    1020    9    -9999.9    -9999.9    -1.00e+05
2017 08 22  0018   57987    1080    9    -9999.9    -9999.9    -1.00e+05
2017 08 22  0019   57987    1140    9    -9999.9    -9999.9    -1.00e+05
2017 08 22  0020   57987    1200    9    -9999.9    -9999.9    -1.00e+05
2017 08 22  0021   57987    1260    9    -9999.9    -9999.9    -1.00e+05
2017 08 22  0022   57987    1320    9    -9999.9    -9999.9    -1.00e+05
2017 08 22  0023   57987    1380    9    -9999.9    -9999.9    -1.00e+05
2017 08 22  0024   57987    1440    9    -9999.9    -9999.9    -1.00e+05
2017 08 22  0025   57987    1500    9    -9999.9    -9999.9    -1.00e+05
2017 08 22  0026   57987    1560    9    -9999.9    -9999.9    -1.00e+05
2017 08 22  0027   57987    1620    9    -9999.9    -9999.9    -1.00e+05
2017 08 22  0028   57987    1680    9    -9999.9    -9999.9    -1.00e+05
2017 08 22  0029   57987    1740    9    -9999.9    -9999.9    -1.00e+05
2017 08 22  0030   57987    1800    9    -9999.9    -9999.9    -1.00e+05
2017 08 22  0031   57987    1860    9    -9999.9    -9999.9    -1.00e+05
2017 08 22  0032   57987    1920    9    -9999.9    -9999.9    -1.00e+05
2017 08 22  0033   57987    1980    9    -9999.9    -9999.9    -1.00e+05
2017 08 22  0034   57987    2040    9    -9999.9    -9999.9    -1.00e+05
2017 08 22  0035   57987    2100    9    -9999.9    -9999.9    -1.00e+05
2017 08 22  0036   57987    2160    9    -9999.9    -9999.9    -1.00e+05
2017 08 22  0037   57987    2220    9    -9999.9    -9999.9    -1.00e+05
2017 08 22  0038   57987    2280    9    -9999.9    -9999.9    -1.00e+05
2017 08 22  0039   57987    2340    9    -9999.9    -9999.9    -1.00e+05
2017 08 22  0040   57987    2400    9    -9999.9    -9999.9    -1.00e+05
2017 08 22  0041   57987    2460    9    -9999.9    -9999.9    -1.00e+05
2017 08 22  0042   57987    2520    9    -9999.9    -9999.9    -1.00e+05
2017 08 22  0043   57987    2580    9    -9999.9    -9999.9    -1.00e+05
2017 08 22  0044   57987    2640    9    -9999.9    -9999.9    -1.00e+05
2017 08 22  0045   57987    2700    9    -9999.9    -9999.9    -1.00e+05
2017 08 22  0046   57987    2760    9    -9999.9    -9999.9    -1.00e+05
2017 08 22  0047   57987    2820    9    -9999.9    -9999.9    -1.00e+05
2017 08 22  0048   57987    2880    9    -9999.9    -9999.9    -1.00e+05
2017 08 22  0049   57987    2940    9    -9999.9    -9999.9    -1.00e+05
2017 08 22  0050   57987    3000    9    -9999.9    -9999.9    -1.00e+05
2017 08 22  0051   57987    3060    9    -9999.9    -9999.9    -1.00e+05
2017 08 22  0052   57987    3120    9    -9999.9    -9999.9    -1.00e+05
2017 08 22  0053   57987    3180    9    -9999.9    -9999.9    -1.00e+05
2017 08 22  0054   57987    3240    9    -9999.9    -9999.9    -1.00e+05
2017 08 22  0055   57987    3300    9    -9999.9    -9999.9    -1.00e+05
2017 08 22  0056   57987    3360    9    -9999.9    -9999.9    -1.00e+05
2017 08 22  0057   57987    3420    9    -9999.9    -9999.9    -1.00e+05
2017 08 22  0058   57987    3480    9    -9999.9    -9999.9    -1.00e+05
2017 08 22  0059   57987    3540    9    -9999.9    -9999.9    -1.00e+05
2017 08 22  0100   57987    3600    9    -9999.9    -9999.9    -1.00e+05
2017 08 22  0101   57987    3660    9    -9999.9    -9999.9    -1.00e+05
2017 08 22  0102   57987    3720    9    -9999.9    -9999.9    -1.00e+05
2017 08 22  0103   57987    3780    9    -9999.9    -9999.9    -1.00e+05
2017 08 22  0104   57987    3840    9    -9999.9    -9999.9    -1.00e+05
2017 08 22  0105   57987    3900    9    -9999.9    -9999.9    -1.00e+05
2017 08 22  0106   57987    3960    9    -9999.9    -9999.9    -1.00e+05
2017 08 22  0107   57987    4020    9    -9999.9    -9999.9    -1.00e+05
2017 08 22  0108   57987    4080    9    -9999.9    -9999.9    -1.00e+05
2017 08 22  0109   57987    4140    9    -9999.9    -9999.9    -1.00e+05
2017 08 22  0110   57987    4200    9    -9999.9    -9999.9    -1.00e+05
2017 08 22  0111   57987    4260    9    -9999.9    -9999.9    -1.00e+05
2017 08 22  0112   57987    4320    9    -9999.9    -9999.9    -1.00e+05
2017 08 22  0113   57987    4380    9    -9999.9    -9999.9    -1.00e+05
2017 08 22  0114   57987    4440    9    -9999.9    -9999.9    -1.00e+05
2017 08 22  0115   57987    4500    9    -9999.9    -9999.9    -1.00e+05
2017 08 22  0116   57987    4560    9    -9999.9    -9999.9    -1.00e+05
2017 08 22  0117   57987    4620    9    -9999.9    -9999.9    -1.00e+05
2017 08 22  0118   57987    4680    9    -9999.9    -9999.9    -1.00e+05
2017 08 22  0119   57987    4740    9    -9999.9    -9999.9    -1.00e+05
2017 08 22  0120   57987    4800    9    -9999.9    -9999.9    -1.00e+05
2017 08 22  0121   57987    4860    9    -9999.9    -9999.9    -1.00e+05
2017 08 22  0122   57987    4920    9    -9999.9    -9999.9    -1.00e+05
2017 08 22  0123   57987    4980    9    -9999.9    -9999.9    -1.00e+05
2017 08 22  0124   57987    5040    9    -9999.9    -9999.9    -1.00e+05
2017 08 22  0125   57987    5100    9    -9999.9    -9999.9    -1.00e+05
2017 08 22  0126   57987    5160    9    -9999.9    -9999.9    -1.00e+05
2017 08 22  0127   57987    5220    9    -9999.9    -9999.9    -1.00e+05
2017 08 22  0128   57987    5280    9    -9999.9    -9999.9    -1.00e+05
2017 08 22  0129   57987    5340    9    -9999.9    -9999.9    -1.00e+05
2017 08 22  0130   57987    5400    9    -9999.9    -9999.9    -1.00e+05
2017 08 22  0131   57987    5460    9    -9999.9    -9999.9    -1.00e+05
2017 08 22  0132   57987    5520    9    -9999.9    -9999.9    -1.00e+05
2017 08 22  0133   57987    5580    9    -9999.9    -9999.9    -1.00e+05
2017 08 22  0134   57987    5640    9    -9999.9    -9999.9    -1.00e+05
2017 08 22  0135   57987    5700    9    -9999.9    -9999.9    -1.00e+05
2017 08 22  0136   57987    5760    9    -9999.9    -9999.9    -1.00e+05
2017 08 22  0137   57987    5820    9    -9999.9    -9999.9    -1.00e+05
2017 08 22  0138   57987    5880    9    -9999.9    -9999.9    -1.00e+05
2017 08 22  0139   57987    5940    9    -9999.9    -9999.9    -1.00e+05
2017 08 22  0140   57987    6000    9    -9999.9    -9999.9    -1.00e+05
2017 08 22  0141   57987    6060    9    -9999.9    -9999.9    -1.00e+05
2017 08 22  0142   57987    6120    9    -9999.9    -9999.9    -1.00e+05
2017 08 22  0143   57987    6180    9    -9999.9    -9999.9    -1.00e+05
2017 08 22  0144   57987    6240    9    -9999.9    -9999.9    -1.00e+05
2017 08 22  0145   57987    6300    9    -9999.9    -9999.9    -1.00e+05
2017 08 22  0146   57987    6360    9    -9999.9    -9999.9    -1.00e+05
2017 08 22  0147   57987    6420    9    -9999.9    -9999.9    -1.00e+05
2017 08 22  0148   57987    6480    9    -9999.9    -9999.9    -1.00e+05
2017 08 22  0149   57987    6540    9    -9999.9    -9999.9    -1.00e+05
2017 08 22  0150   57987    6600    9    -9999.9    -9999.9    -1.00e+05
2017 08 22  0151   57987    6660    9    -9999.9    -9999.9    -1.00e+05
2017 08 22  0152   57987    6720    9    -9999.9    -9999.9    -1.00e+05
2017 08 22  0153   57987    6780    9    -9999.9    -9999.9    -1.00e+05
2017 08 22  0154   57987    6840    9    -9999.9    -9999.9    -1.00e+05
2017 08 22  0155   57987    6900    9    -9999.9    -9999.9    -1.00e+05
2017 08 22  0156   57987    6960    9    -9999.9    -9999.9    -1.00e+05
2017 08 22  0157   57987    7020    9    -9999.9    -9999.9    -1.00e+05
2017 08 22  0158   57987    7080    9    -9999.9    -9999.9    -1.00e+05
2017 08 22  0159   57987    7140    9    -9999.9    -9999.9    -1.00e+05
2017 08 22  0200   57987    7200    9    -9999.9    -9999.9    -1.00e+05
2017 08 22  0201   57987    7260    9    -9999.9    -9999.9    -1.00e+05
2017 08 22  0202   57987    7320    9    -9999.9    -9999.9    -1.00e+05
2017 08 22  0203   57987    7380    9    -9999.9    -9999.9    -1.00e+05
2017 08 22  0204   57987    7440    9    -9999.9    -9999.9    -1.00e+05
2017 08 22  0205   57987    7500    9    -9999.9    -9999.9    -1.00e+05
2017 08 22  0206   57987    7560    9    -9999.9    -9999.9    -1.00e+05
2017 08 22  0207   57987    7620    9    -9999.9    -9999.9    -1.00e+05
2017 08 22  0208   57987    7680    9    -9999.9    -9999.9    -1.00e+05
2017 08 22  0209   57987    7740    9    -9999.9    -9999.9    -1.00e+05
2017 08 22  0210   57987    7800    9    -9999.9    -9999.9    -1.00e+05
2017 08 22  0211   57987    7860    9    -9999.9    -9999.9    -1.00e+05
2017 08 22  0212   57987    7920    9    -9999.9    -9999.9    -1.00e+05
2017 08 22  0213   57987    7980    9    -9999.9    -9999.9    -1.00e+05
2017 08 22  0214   57987    8040    9    -9999.9    -9999.9    -1.00e+05
2017 08 22  0215   57987    8100    9    -9999.9    -9999.9    -1.00e+05
2017 08 22  0216   57987    8160    9    -9999.9    -9999.9    -1.00e+05
2017 08 22  0217   57987    8220    9    -9999.9    -9999.9    -1.00e+05
2017 08 22  0218   57987    8280    9    -9999.9    -9999.9    -1.00e+05
2017 08 22  0219   57987    8340    9    -9999.9    -9999.9    -1.00e+05
2017 08 22  0220   57987    8400    9    -9999.9    -9999.9    -1.00e+05
2017 08 22  0221   57987    8460    9    -9999.9    -9999.9    -1.00e+05
2017 08 22  0222   57987    8520    9    -9999.9    -9999.9    -1.00e+05
2017 08 22  0223   57987    8580    9    -9999.9    -9999.9    -1.00e+05
2017 08 22  0224   57987    8640    9    -9999.9    -9999.9    -1.00e+05
2017 08 22  0225   57987    8700    9    -9999.9    -9999.9    -1.00e+05
2017 08 22  0226   57987    8760    9    -9999.9    -9999.9    -1.00e+05
2017 08 22  0227   57987    8820    9    -9999.9    -9999.9    -1.00e+05
2017 08 22  0228   57987    8880    9    -9999.9    -9999.9    -1.00e+05
2017 08 22  0229   57987    8940    9    -9999.9    -9999.9    -1.00e+05
2017 08 22  0230   57987    9000    9    -9999.9    -9999.9    -1.00e+05
2017 08 22  0231   57987    9060    9    -9999.9    -9999.9    -1.00e+05
2017 08 22  0232   57987    9120    9    -9999.9    -9999.9    -1.00e+05
2017 08 22  0233   57987    9180    9    -9999.9    -9999.9    -1.00e+05
2017 08 22  0234   57987    9240    9    -9999.9    -9999.9    -1.00e+05
2017 08 22  0235   57987    9300    9    -9999.9    -9999.9    -1.00e+05
2017 08 22  0236   57987    9360    9    -9999.9    -9999.9    -1.00e+05
2017 08 22  0237   57987    9420    9    -9999.9    -9999.9    -1.00e+05
2017 08 22  0238   57987    9480    9    -9999.9    -9999.9    -1.00e+05
2017 08 22  0239   57987    9540    9    -9999.9    -9999.9    -1.00e+05
2017 08 22  0240   57987    9600    9    -9999.9    -9999.9    -1.00e+05
2017 08 22  0241   57987    9660    9    -9999.9    -9999.9    -1.00e+05
2017 08 22  0242   57987    9720    9    -9999.9    -9999.9    -1.00e+05
2017 08 22  0243   57987    9780    9    -9999.9    -9999.9    -1.00e+05
2017 08 22  0244   57987    9840    9    -9999.9    -9999.9    -1.00e+05
2017 08 22  0245   57987    9900    9    -9999.9    -9999.9    -1.00e+05
2017 08 22  0246   57987    9960    9    -9999.9    -9999.9    -1.00e+05
2017 08 22  0247   57987   10020    9    -9999.9    -9999.9    -1.00e+05
2017 08 22  0248   57987   10080    9    -9999.9    -9999.9    -1.00e+05
2017 08 22  0249   57987   10140    9    -9999.9    -9999.9    -1.00e+05
2017 08 22  0250   57987   10200    9    -9999.9    -9999.9    -1.00e+05
2017 08 22  0251   57987   10260    9    -9999.9    -9999.9    -1.00e+05
2017 08 22  0252   57987   10320    9    -9999.9    -9999.9    -1.00e+05
2017 08 22  0253   57987   10380    9    -9999.9    -9999.9    -1.00e+05
2017 08 22  0254   57987   10440    9    -9999.9    -9999.9    -1.00e+05
2017 08 22  0255   57987   10500    9    -9999.9    -9999.9    -1.00e+05
2017 08 22  0256   57987   10560    9    -9999.9    -9999.9    -1.00e+05
2017 08 22  0257   57987   10620    9    -9999.9    -9999.9    -1.00e+05
2017 08 22  0258   57987   10680    9    -9999.9    -9999.9    -1.00e+05
2017 08 22  0259   57987   10740    9    -9999.9    -9999.9    -1.00e+05
2017 08 22  0300   57987   10800    9    -9999.9    -9999.9    -1.00e+05
2017 08 22  0301   57987   10860    9    -9999.9    -9999.9    -1.00e+05
2017 08 22  0302   57987   10920    9    -9999.9    -9999.9    -1.00e+05
2017 08 22  0303   57987   10980    9    -9999.9    -9999.9    -1.00e+05
2017 08 22  0304   57987   11040    9    -9999.9    -9999.9    -1.00e+05
2017 08 22  0305   57987   11100    9    -9999.9    -9999.9    -1.00e+05
2017 08 22  0306   57987   11160    9    -9999.9    -9999.9    -1.00e+05
2017 08 22  0307   57987   11220    9    -9999.9    -9999.9    -1.00e+05
2017 08 22  0308   57987   11280    9    -9999.9    -9999.9    -1.00e+05
2017 08 22  0309   57987   11340    9    -9999.9    -9999.9    -1.00e+05
2017 08 22  0310   57987   11400    9    -9999.9    -9999.9    -1.00e+05
2017 08 22  0311   57987   11460    9    -9999.9    -9999.9    -1.00e+05
2017 08 22  0312   57987   11520    9    -9999.9    -9999.9    -1.00e+05
2017 08 22  0313   57987   11580    9    -9999.9    -9999.9    -1.00e+05
2017 08 22  0314   57987   11640    9    -9999.9    -9999.9    -1.00e+05
2017 08 22  0315   57987   11700    9    -9999.9    -9999.9    -1.00e+05
2017 08 22  0316   57987   11760    9    -9999.9    -9999.9    -1.00e+05
2017 08 22  0317   57987   11820    9    -9999.9    -9999.9    -1.00e+05
2017 08 22  0318   57987   11880    9    -9999.9    -9999.9    -1.00e+05
2017 08 22  0319   57987   11940    9    -9999.9    -9999.9    -1.00e+05
2017 08 22  0320   57987   12000    9    -9999.9    -9999.9    -1.00e+05
2017 08 22  0321   57987   12060    9    -9999.9    -9999.9    -1.00e+05
2017 08 22  0322   57987   12120    9    -9999.9    -9999.9    -1.00e+05
2017 08 22  0323   57987   12180    9    -9999.9    -9999.9    -1.00e+05
2017 08 22  0324   57987   12240    9    -9999.9    -9999.9    -1.00e+05
2017 08 22  0325   57987   12300    9    -9999.9    -9999.9    -1.00e+05
2017 08 22  0326   57987   12360    9    -9999.9    -9999.9    -1.00e+05
2017 08 22  0327   57987   12420    9    -9999.9    -9999.9    -1.00e+05
2017 08 22  0328   57987   12480    9    -9999.9    -9999.9    -1.00e+05
2017 08 22  0329   57987   12540    9    -9999.9    -9999.9    -1.00e+05
2017 08 22  0330   57987   12600    9    -9999.9    -9999.9    -1.00e+05
2017 08 22  0331   57987   12660    9    -9999.9    -9999.9    -1.00e+05
2017 08 22  0332   57987   12720    9    -9999.9    -9999.9    -1.00e+05
2017 08 22  0333   57987   12780    9    -9999.9    -9999.9    -1.00e+05
2017 08 22  0334   57987   12840    9    -9999.9    -9999.9    -1.00e+05
2017 08 22  0335   57987   12900    9    -9999.9    -9999.9    -1.00e+05
2017 08 22  0336   57987   12960    9    -9999.9    -9999.9    -1.00e+05
2017 08 22  0337   57987   13020    9    -9999.9    -9999.9    -1.00e+05
2017 08 22  0338   57987   13080    9    -9999.9    -9999.9    -1.00e+05
2017 08 22  0339   57987   13140    9    -9999.9    -9999.9    -1.00e+05
2017 08 22  0340   57987   13200    9    -9999.9    -9999.9    -1.00e+05
2017 08 22  0341   57987   13260    9    -9999.9    -9999.9    -1.00e+05
2017 08 22  0342   57987   13320    9    -9999.9    -9999.9    -1.00e+05
2017 08 22  0343   57987   13380    9    -9999.9    -9999.9    -1.00e+05
2017 08 22  0344   57987   13440    9    -9999.9    -9999.9    -1.00e+05
2017 08 22  0345   57987   13500    9    -9999.9    -9999.9    -1.00e+05
2017 08 22  0346   57987   13560    9    -9999.9    -9999.9    -1.00e+05
2017 08 22  0347   57987   13620    9    -9999.9    -9999.9    -1.00e+05
2017 08 22  0348   57987   13680    9    -9999.9    -9999.9    -1.00e+05
2017 08 22  0349   57987   13740    9    -9999.9    -9999.9    -1.00e+05
2017 08 22  0350   57987   13800    9    -9999.9    -9999.9    -1.00e+05
2017 08 22  0351   57987   13860    9    -9999.9    -9999.9    -1.00e+05
2017 08 22  0352   57987   13920    9    -9999.9    -9999.9    -1.00e+05
2017 08 22  0353   57987   13980    9    -9999.9    -9999.9    -1.00e+05
2017 08 22  0354   57987   14040    9    -9999.9    -9999.9    -1.00e+05
2017 08 22  0355   57987   14100    9    -9999.9    -9999.9    -1.00e+05
2017 08 22  0356   57987   14160    9    -9999.9    -9999.9    -1.00e+05
2017 08 22  0357   57987   14220    9    -9999.9    -9999.9    -1.00e+05
2017 08 22  0358   57987   14280    9    -9999.9    -9999.9    -1.00e+05
2017 08 22  0359   57987   14340    9    -9999.9    -9999.9    -1.00e+05
2017 08 22  0400   57987   14400    9    -9999.9    -9999.9    -1.00e+05
2017 08 22  0401   57987   14460    9    -9999.9    -9999.9    -1.00e+05
2017 08 22  0402   57987   14520    9    -9999.9    -9999.9    -1.00e+05
2017 08 22  0403   57987   14580    9    -9999.9    -9999.9    -1.00e+05
2017 08 22  0404   57987   14640    9    -9999.9    -9999.9    -1.00e+05
2017 08 22  0405   57987   14700    9    -9999.9    -9999.9    -1.00e+05
2017 08 22  0406   57987   14760    9    -9999.9    -9999.9    -1.00e+05
2017 08 22  0407   57987   14820    9    -9999.9    -9999.9    -1.00e+05
2017 08 22  0408   57987   14880    9    -9999.9    -9999.9    -1.00e+05
2017 08 22  0409   57987   14940    9    -9999.9    -9999.9    -1.00e+05
2017 08 22  0410   57987   15000    9    -9999.9    -9999.9    -1.00e+05
2017 08 22  0411   57987   15060    9    -9999.9    -9999.9    -1.00e+05
2017 08 22  0412   57987   15120    9    -9999.9    -9999.9    -1.00e+05
2017 08 22  0413   57987   15180    9    -9999.9    -9999.9    -1.00e+05
2017 08 22  0414   57987   15240    9    -9999.9    -9999.9    -1.00e+05
2017 08 22  0415   57987   15300    9    -9999.9    -9999.9    -1.00e+05
2017 08 22  0416   57987   15360    9    -9999.9    -9999.9    -1.00e+05
2017 08 22  0417   57987   15420    9    -9999.9    -9999.9    -1.00e+05
2017 08 22  0418   57987   15480    9    -9999.9    -9999.9    -1.00e+05
2017 08 22  0419   57987   15540    9    -9999.9    -9999.9    -1.00e+05
2017 08 22  0420   57987   15600    9    -9999.9    -9999.9    -1.00e+05
2017 08 22  0421   57987   15660    9    -9999.9    -9999.9    -1.00e+05
2017 08 22  0422   57987   15720    9    -9999.9    -9999.9    -1.00e+05
2017 08 22  0423   57987   15780    9    -9999.9    -9999.9    -1.00e+05
2017 08 22  0424   57987   15840    9    -9999.9    -9999.9    -1.00e+05
2017 08 22  0425   57987   15900    9    -9999.9    -9999.9    -1.00e+05
2017 08 22  0426   57987   15960    9    -9999.9    -9999.9    -1.00e+05
2017 08 22  0427   57987   16020    9    -9999.9    -9999.9    -1.00e+05
2017 08 22  0428   57987   16080    9    -9999.9    -9999.9    -1.00e+05
2017 08 22  0429   57987   16140    9    -9999.9    -9999.9    -1.00e+05
2017 08 22  0430   57987   16200    9    -9999.9    -9999.9    -1.00e+05
2017 08 22  0431   57987   16260    9    -9999.9    -9999.9    -1.00e+05
2017 08 22  0432   57987   16320    9    -9999.9    -9999.9    -1.00e+05
2017 08 22  0433   57987   16380    9    -9999.9    -9999.9    -1.00e+05
2017 08 22  0434   57987   16440    9    -9999.9    -9999.9    -1.00e+05
2017 08 22  0435   57987   16500    9    -9999.9    -9999.9    -1.00e+05
2017 08 22  0436   57987   16560    9    -9999.9    -9999.9    -1.00e+05
2017 08 22  0437   57987   16620    9    -9999.9    -9999.9    -1.00e+05
2017 08 22  0438   57987   16680    9    -9999.9    -9999.9    -1.00e+05
2017 08 22  0439   57987   16740    9    -9999.9    -9999.9    -1.00e+05
2017 08 22  0440   57987   16800    9    -9999.9    -9999.9    -1.00e+05
2017 08 22  0441   57987   16860    9    -9999.9    -9999.9    -1.00e+05
2017 08 22  0442   57987   16920    9    -9999.9    -9999.9    -1.00e+05
2017 08 22  0443   57987   16980    9    -9999.9    -9999.9    -1.00e+05
2017 08 22  0444   57987   17040    9    -9999.9    -9999.9    -1.00e+05
2017 08 22  0445   57987   17100    9    -9999.9    -9999.9    -1.00e+05
2017 08 22  0446   57987   17160    9    -9999.9    -9999.9    -1.00e+05
2017 08 22  0447   57987   17220    9    -9999.9    -9999.9    -1.00e+05
2017 08 22  0448   57987   17280    9    -9999.9    -9999.9    -1.00e+05
2017 08 22  0449   57987   17340    9    -9999.9    -9999.9    -1.00e+05
2017 08 22  0450   57987   17400    9    -9999.9    -9999.9    -1.00e+05
2017 08 22  0451   57987   17460    9    -9999.9    -9999.9    -1.00e+05
2017 08 22  0452   57987   17520    9    -9999.9    -9999.9    -1.00e+05
2017 08 22  0453   57987   17580    9    -9999.9    -9999.9    -1.00e+05
2017 08 22  0454   57987   17640    9    -9999.9    -9999.9    -1.00e+05
2017 08 22  0455   57987   17700    9    -9999.9    -9999.9    -1.00e+05
2017 08 22  0456   57987   17760    9    -9999.9    -9999.9    -1.00e+05
2017 08 22  0457   57987   17820    9    -9999.9    -9999.9    -1.00e+05
2017 08 22  0458   57987   17880    9    -9999.9    -9999.9    -1.00e+05
2017 08 22  0459   57987   17940    9    -9999.9    -9999.9    -1.00e+05
2017 08 22  0500   57987   18000    9    -9999.9    -9999.9    -1.00e+05
2017 08 22  0501   57987   18060    9    -9999.9    -9999.9    -1.00e+05
2017 08 22  0502   57987   18120    9    -9999.9    -9999.9    -1.00e+05
2017 08 22  0503   57987   18180    9    -9999.9    -9999.9    -1.00e+05
2017 08 22  0504   57987   18240    9    -9999.9    -9999.9    -1.00e+05
2017 08 22  0505   57987   18300    9    -9999.9    -9999.9    -1.00e+05
2017 08 22  0506   57987   18360    9    -9999.9    -9999.9    -1.00e+05
2017 08 22  0507   57987   18420    9    -9999.9    -9999.9    -1.00e+05
2017 08 22  0508   57987   18480    9    -9999.9    -9999.9    -1.00e+05
2017 08 22  0509   57987   18540    9    -9999.9    -9999.9    -1.00e+05
2017 08 22  0510   57987   18600    9    -9999.9    -9999.9    -1.00e+05
2017 08 22  0511   57987   18660    9    -9999.9    -9999.9    -1.00e+05
2017 08 22  0512   57987   18720    9    -9999.9    -9999.9    -1.00e+05
2017 08 22  0513   57987   18780    0        5.9      573.1     4.78e+04
2017 08 22  0514   57987   18840    0        5.7      572.9     4.89e+04
2017 08 22  0515   57987   18900    0        4.7      572.4     5.30e+04
2017 08 22  0516   57987   18960    0        3.8      575.7     5.35e+04
2017 08 22  0517   57987   19020    0        3.2      578.5     6.67e+04
2017 08 22  0518   57987   19080    0        2.6      581.8     7.34e+04
2017 08 22  0519   57987   19140    0        1.8      582.2     9.69e+04
2017 08 22  0520   57987   19200    0        1.7      584.1     9.13e+04
2017 08 22  0521   57987   19260    0        1.6      581.9     8.24e+04
2017 08 22  0522   57987   19320    0        1.9      580.9     9.33e+04
2017 08 22  0523   57987   19380    0        2.6      579.4     9.26e+04
2017 08 22  0524   57987   19440    0        2.8      579.0     7.96e+04
2017 08 22  0525   57987   19500    0        2.6      579.3     7.51e+04
2017 08 22  0526   57987   19560    0        2.4      578.4     7.81e+04
2017 08 22  0527   57987   19620    0        2.5      576.3     7.75e+04
2017 08 22  0528   57987   19680    0        2.9      574.6     7.55e+04
2017 08 22  0529   57987   19740    0        3.1      573.8     7.66e+04
2017 08 22  0530   57987   19800    0        3.1      573.8     7.92e+04
2017 08 22  0531   57987   19860    0        2.8      574.6     8.77e+04
2017 08 22  0532   57987   19920    0        3.5      574.7     8.18e+04
2017 08 22  0533   57987   19980    0        3.6      577.8     8.04e+04
2017 08 22  0534   57987   20040    0        4.0      572.6     7.15e+04
2017 08 22  0535   57987   20100    0        4.6      569.6     7.57e+04
2017 08 22  0536   57987   20160    0        4.6      569.4     7.60e+04
2017 08 22  0537   57987   20220    0        3.8      605.7     3.27e+04
2017 08 22  0538   57987   20280    0        4.4      603.9     3.57e+04
2017 08 22  0539   57987   20340    0        4.3      603.1     3.60e+04
2017 08 22  0540   57987   20400    0        4.3      603.5     3.47e+04
2017 08 22  0541   57987   20460    0        4.7      603.6     3.94e+04
2017 08 22  0542   57987   20520    0        5.0      604.0     4.21e+04
2017 08 22  0543   57987   20580    0        4.8      603.7     3.83e+04
2017 08 22  0544   57987   20640    0        4.6      602.6     3.52e+04
2017 08 22  0545   57987   20700    0        4.9      602.5     3.41e+04
2017 08 22  0546   57987   20760    0        4.8      601.5     3.51e+04
2017 08 22  0547   57987   20820    0        4.9      601.0     3.71e+04
2017 08 22  0548   57987   20880    0        5.0      596.7     3.75e+04
2017 08 22  0549   57987   20940    0        5.1      599.9     3.75e+04
2017 08 22  0550   57987   21000    0        5.0      596.7     3.56e+04
2017 08 22  0551   57987   21060    0        5.4      599.1     3.56e+04
2017 08 22  0552   57987   21120    0        5.6      595.4     3.20e+04
2017 08 22  0553   57987   21180    0        5.3      594.0     3.59e+04
2017 08 22  0554   57987   21240    0        5.3      593.4     3.44e+04
2017 08 22  0555   57987   21300    0        5.3      593.4     3.66e+04
2017 08 22  0556   57987   21360    0        5.2      592.1     3.87e+04
2017 08 22  0557   57987   21420    0        4.4      596.8     4.12e+04
2017 08 22  0558   57987   21480    0        4.5      598.5     4.11e+04
2017 08 22  0559   57987   21540    0        5.3      594.5     3.89e+04
2017 08 22  0600   57987   21600    0        5.6      593.9     3.62e+04
2017 08 22  0601   57987   21660    0        5.9      594.4     3.00e+04
2017 08 22  0602   57987   21720    0        6.0      595.3     2.90e+04
2017 08 22  0603   57987   21780    0        5.0      594.2     3.19e+04
2017 08 22  0604   57987   21840    0        4.1      608.9     3.47e+04
2017 08 22  0605   57987   21900    0        4.0      607.3     3.55e+04
2017 08 22  0606   57987   21960    0        4.0      609.9     3.17e+04
2017 08 22  0607   57987   22020    0        3.9      606.7     3.31e+04
2017 08 22  0608   57987   22080    0        1.8      608.2     3.19e+04
2017 08 22  0609   57987   22140    0        1.5      608.4     3.17e+04
2017 08 22  0610   57987   22200    0        2.4      617.1     1.85e+04
2017 08 22  0611   57987   22260    0        2.1      616.0     2.30e+04
2017 08 22  0612   57987   22320    0        2.1      616.3     2.19e+04
2017 08 22  0613   57987   22380    0        2.1      616.0     2.26e+04
2017 08 22  0614   57987   22440    0        2.0      615.8     2.36e+04
2017 08 22  0615   57987   22500    0        1.9      616.2     2.45e+04
2017 08 22  0616   57987   22560    0        1.8      615.9     2.62e+04
2017 08 22  0617   57987   22620    0        2.0      615.9     2.41e+04
2017 08 22  0618   57987   22680    0        2.0      615.2     2.77e+04
2017 08 22  0619   57987   22740    0        2.1      616.0     2.32e+04
2017 08 22  0620   57987   22800    0        2.0      615.9     2.77e+04
2017 08 22  0621   57987   22860    0        2.2      617.0     2.27e+04
2017 08 22  0622   57987   22920    0        1.9      614.5     2.64e+04
2017 08 22  0623   57987   22980    0        2.3      617.2     2.29e+04
2017 08 22  0624   57987   23040    0        2.1      622.4     3.21e+04
2017 08 22  0625   57987   23100    0        2.0      621.0     2.97e+04
2017 08 22  0626   57987   23160    0        2.0      621.8     3.06e+04
2017 08 22  0627   57987   23220    0        2.5      623.7     2.91e+04
2017 08 22  0628   57987   23280    0        2.7      626.3     3.24e+04
2017 08 22  0629   57987   23340    0        2.3      628.2     3.36e+04
2017 08 22  0630   57987   23400    0        2.0      628.8     3.29e+04
2017 08 22  0631   57987   23460    0        2.0      625.7     3.04e+04
2017 08 22  0632   57987   23520    0        2.0      623.1     2.84e+04
2017 08 22  0633   57987   23580    0        2.0      625.5     3.34e+04
2017 08 22  0634   57987   23640    0        2.3      622.1     3.10e+04
2017 08 22  0635   57987   23700    0        2.4      624.6     3.34e+04
2017 08 22  0636   57987   23760    0        2.5      620.4     3.01e+04
2017 08 22  0637   57987   23820    0        2.5      619.7     3.84e+04
2017 08 22  0638   57987   23880    0        2.9      620.1     3.35e+04
2017 08 22  0639   57987   23940    0        2.9      622.5     3.59e+04
2017 08 22  0640   57987   24000    0        2.7      613.4     4.67e+04
2017 08 22  0641   57987   24060    0        2.7      602.5     4.63e+04
2017 08 22  0642   57987   24120    0        2.7      600.1     4.58e+04
2017 08 22  0643   57987   24180    0        4.3      595.7     3.76e+04
2017 08 22  0644   57987   24240    0        3.7      598.3     3.79e+04
2017 08 22  0645   57987   24300    0        3.5      598.5     3.76e+04
2017 08 22  0646   57987   24360    0        4.4      600.3     3.91e+04
2017 08 22  0647   57987   24420    0        4.6      600.2     3.85e+04
2017 08 22  0648   57987   24480    0        3.8      595.9     3.55e+04
2017 08 22  0649   57987   24540    0        3.9      598.1     4.02e+04
2017 08 22  0650   57987   24600    0        3.7      597.9     4.70e+04
2017 08 22  0651   57987   24660    0        3.2      600.2     5.23e+04
2017 08 22  0652   57987   24720    0        3.2      594.5     4.85e+04
2017 08 22  0653   57987   24780    0        2.7      598.1     7.26e+04
2017 08 22  0654   57987   24840    0        2.6      604.6     8.67e+04
2017 08 22  0655   57987   24900    0        2.8      603.7     8.74e+04
2017 08 22  0656   57987   24960    0        2.5      612.1     9.99e+04
2017 08 22  0657   57987   25020    0        1.8      624.3     7.99e+04
2017 08 22  0658   57987   25080    0        1.6      626.2     7.42e+04
2017 08 22  0659   57987   25140    0        1.6      624.3     7.10e+04
2017 08 22  0700   57987   25200    0        1.6      620.4     8.29e+04
2017 08 22  0701   57987   25260    0        1.8      614.6     9.07e+04
2017 08 22  0702   57987   25320    0        1.8      613.4     8.92e+04
2017 08 22  0703   57987   25380    0        1.8      616.5     8.13e+04
2017 08 22  0704   57987   25440    0        1.8      619.1     7.42e+04
2017 08 22  0705   57987   25500    0        1.5      622.8     7.97e+04
2017 08 22  0706   57987   25560    0        1.4      624.6     7.66e+04
2017 08 22  0707   57987   25620    0        1.2      625.1     8.99e+04
2017 08 22  0708   57987   25680    0        1.4      628.5     7.73e+04
2017 08 22  0709   57987   25740    0        1.3      626.8     8.18e+04
2017 08 22  0710   57987   25800    0        1.5      624.4     8.78e+04
2017 08 22  0711   57987   25860    0        1.4      627.1     8.69e+04
2017 08 22  0712   57987   25920    0        1.6      629.6     8.98e+04
2017 08 22  0713   57987   25980    0        1.4      623.8     7.71e+04
2017 08 22  0714   57987   26040    0        1.4      624.2     7.06e+04
2017 08 22  0715   57987   26100    0        1.5      625.0     6.94e+04
2017 08 22  0716   57987   26160    0        1.4      617.0     7.12e+04
2017 08 22  0717   57987   26220    0        1.4      617.1     7.10e+04
2017 08 22  0718   57987   26280    0        1.3      614.2     6.98e+04
2017 08 22  0719   57987   26340    0        1.3      610.6     6.97e+04
2017 08 22  0720   57987   26400    0        1.3      610.7     7.12e+04
2017 08 22  0721   57987   26460    0        1.4      611.6     7.16e+04
2017 08 22  0722   57987   26520    0        1.3      613.5     7.39e+04
2017 08 22  0723   57987   26580    0        1.5      617.1     7.17e+04
2017 08 22  0724   57987   26640    0        1.7      619.3     7.45e+04
2017 08 22  0725   57987   26700    0        1.9      617.8     7.37e+04
2017 08 22  0726   57987   26760    0        1.9      616.9     8.20e+04
2017 08 22  0727   57987   26820    0        2.0      617.2     7.48e+04
2017 08 22  0728   57987   26880    0        1.9      614.5     8.03e+04
2017 08 22  0729   57987   26940    0        2.0      614.5     7.39e+04
2017 08 22  0730   57987   27000    0        2.0      616.2     8.06e+04
2017 08 22  0731   57987   27060    0        1.6      613.6     6.98e+04
2017 08 22  0732   57987   27120    0        1.5      613.7     6.43e+04
2017 08 22  0733   57987   27180    0        1.4      613.9     6.00e+04
2017 08 22  0734   57987   27240    0        1.3      615.1     5.63e+04
2017 08 22  0735   57987   27300    0        1.4      614.3     6.40e+04
2017 08 22  0736   57987   27360    0        1.6      609.7     7.42e+04
2017 08 22  0737   57987   27420    0        1.6      610.7     7.40e+04
2017 08 22  0738   57987   27480    0        2.1      613.9     7.20e+04
2017 08 22  0739   57987   27540    0        1.8      617.3     6.84e+04
2017 08 22  0740   57987   27600    0        1.9      617.4     5.72e+04
2017 08 22  0741   57987   27660    0        1.8      619.0     6.57e+04
2017 08 22  0742   57987   27720    0        1.8      620.7     6.26e+04
2017 08 22  0743   57987   27780    0        1.8      615.9     7.57e+04
2017 08 22  0744   57987   27840    0        1.3      618.4     6.69e+04
2017 08 22  0745   57987   27900    0        1.7      619.1     7.10e+04
2017 08 22  0746   57987   27960    0        1.4      618.8     5.96e+04
2017 08 22  0747   57987   28020    0        1.5      619.0     6.86e+04
2017 08 22  0748   57987   28080    0        1.6      619.2     7.54e+04
2017 08 22  0749   57987   28140    0        1.6      622.8     7.68e+04
2017 08 22  0750   57987   28200    0        1.7      622.7     8.16e+04
2017 08 22  0751   57987   28260    0        1.9      620.2     8.74e+04
2017 08 22  0752   57987   28320    0        2.0      616.9     9.10e+04
2017 08 22  0753   57987   28380    0        1.8      617.2     9.84e+04
2017 08 22  0754   57987   28440    0        1.9      616.2     1.01e+05
2017 08 22  0755   57987   28500    0        1.8      616.8     9.90e+04
2017 08 22  0756   57987   28560    0        1.9      617.5     8.76e+04
2017 08 22  0757   57987   28620    0        1.8      616.4     8.81e+04
2017 08 22  0758   57987   28680    0        1.8      616.9     7.88e+04
2017 08 22  0759   57987   28740    0        2.0      615.0     8.26e+04
2017 08 22  0800   57987   28800    0        2.0      611.1     8.51e+04
2017 08 22  0801   57987   28860    0        1.8      608.0     9.55e+04
2017 08 22  0802   57987   28920    0        2.2      591.1     8.93e+04
2017 08 22  0803   57987   28980    0        2.3      595.6     9.60e+04
2017 08 22  0804   57987   29040    0        2.3      599.3     1.06e+05
2017 08 22  0805   57987   29100    0        2.4      599.5     9.97e+04
2017 08 22  0806   57987   29160    0        2.4      599.8     9.52e+04
2017 08 22  0807   57987   29220    0        2.4      599.0     9.68e+04
2017 08 22  0808   57987   29280    0        2.2      599.5     9.17e+04
2017 08 22  0809   57987   29340    0        2.5      600.3     9.06e+04
2017 08 22  0810   57987   29400    0        3.1      600.8     9.54e+04
2017 08 22  0811   57987   29460    0        3.5      601.7     9.53e+04
2017 08 22  0812   57987   29520    0        3.5      602.8     8.54e+04
2017 08 22  0813   57987   29580    0        3.4      600.6     8.34e+04
2017 08 22  0814   57987   29640    0        3.2      599.9     8.91e+04
2017 08 22  0815   57987   29700    0        3.2      596.5     9.18e+04
2017 08 22  0816   57987   29760    0        3.1      594.2     7.97e+04
2017 08 22  0817   57987   29820    0        2.9      592.4     7.67e+04
2017 08 22  0818   57987   29880    0        2.9      592.1     8.97e+04
2017 08 22  0819   57987   29940    0        1.7      586.7     9.24e+04
2017 08 22  0820   57987   30000    0        1.1      586.9     1.04e+05
2017 08 22  0821   57987   30060    0        1.2      588.9     1.12e+05
2017 08 22  0822   57987   30120    0        1.0      588.0     1.09e+05
2017 08 22  0823   57987   30180    0        1.0      586.3     1.16e+05
2017 08 22  0824   57987   30240    0        1.0      580.2     1.12e+05
2017 08 22  0825   57987   30300    0        0.8      574.4     8.25e+04
2017 08 22  0826   57987   30360    0        1.1      577.0     7.37e+04
2017 08 22  0827   57987   30420    0        1.5      575.0     6.36e+04
2017 08 22  0828   57987   30480    0        1.6      571.6     4.41e+04
2017 08 22  0829   57987   30540    0        1.8      579.3     5.35e+04
2017 08 22  0830   57987   30600    0        1.3      579.0     6.63e+04
2017 08 22  0831   57987   30660    0        1.1      575.1     6.45e+04
2017 08 22  0832   57987   30720    0        1.1      573.5     6.22e+04
2017 08 22  0833   57987   30780    0        1.3      584.9     8.44e+04
2017 08 22  0834   57987   30840    0        1.1      582.7     1.06e+05
2017 08 22  0835   57987   30900    0        0.7      580.1     1.04e+05
2017 08 22  0836   57987   30960    0        0.7      582.1     1.12e+05
2017 08 22  0837   57987   31020    0        0.8      587.0     1.07e+05
2017 08 22  0838   57987   31080    0        0.8      584.3     9.47e+04
2017 08 22  0839   57987   31140    0        0.7      582.8     9.77e+04
2017 08 22  0840   57987   31200    0        0.8      592.4     1.00e+05
2017 08 22  0841   57987   31260    0        0.7      596.1     9.19e+04
2017 08 22  0842   57987   31320    0        0.6      596.2     8.71e+04
2017 08 22  0843   57987   31380    0        0.8      600.2     6.97e+04
2017 08 22  0844   57987   31440    0        0.5      593.4     7.40e+04
2017 08 22  0845   57987   31500    0        0.6      592.5     8.18e+04
2017 08 22  0846   57987   31560    0        0.8      595.2     5.34e+04
2017 08 22  0847   57987   31620    0        0.5      598.8     8.54e+04
2017 08 22  0848   57987   31680    0        0.3      591.4     1.55e+05
2017 08 22  0849   57987   31740    0        1.7      594.0     8.10e+04
2017 08 22  0850   57987   31800    0        2.0      601.3     5.36e+04
2017 08 22  0851   57987   31860    0        2.2      603.9     4.32e+04
2017 08 22  0852   57987   31920    0        1.3      601.1     5.27e+04
2017 08 22  0853   57987   31980    0        0.7      602.2     6.46e+04
2017 08 22  0854   57987   32040    0        0.7      604.8     6.71e+04
2017 08 22  0855   57987   32100    0        0.9      598.0     5.83e+04
2017 08 22  0856   57987   32160    0        0.7      596.2     6.90e+04
2017 08 22  0857   57987   32220    0        0.3      592.6     8.91e+04
2017 08 22  0858   57987   32280    9    -9999.9    -9999.9    -1.00e+05
2017 08 22  0859   57987   32340    9    -9999.9    -9999.9    -1.00e+05
