:Data_list: 20170415_ace_mag_1m.txt
:Created: 2017 Apr 15 0901 UT
# Prepared by the U.S. Dept. of Commerce, NOAA, Space Weather Prediction Center
# Please send comments and suggestions to SWPC.Webmaster@noaa.gov 
# 
# Magnetometer values are in GSM coordinates.
# 
# Units: Bx, By, Bz, Bt in nT
# Units: Latitude  degrees +/-  90.0
# Units: Longitude degrees 0.0 - 360.0
# Status(S): 0 = nominal data, 1 to 8 = bad data record, 9 = no data
# Missing data values: -999.9
# Source: ACE Satellite - Magnetometer
#
#              1-minute averaged Real-time Interplanetary Magnetic Field Values 
# 
#                 Modified Seconds
# UT Date   Time  Julian   of the   ----------------  GSM Coordinates ---------------
# YR MO DA  HHMM    Day      Day    S     Bx      By      Bz      Bt     Lat.   Long.
#------------------------------------------------------------------------------------
2017 04 15  0000   57858       0    9  -999.9  -999.9  -999.9  -999.9  -999.9  -999.9
2017 04 15  0001   57858      60    9  -999.9  -999.9  -999.9  -999.9  -999.9  -999.9
2017 04 15  0002   57858     120    9  -999.9  -999.9  -999.9  -999.9  -999.9  -999.9
2017 04 15  0003   57858     180    9  -999.9  -999.9  -999.9  -999.9  -999.9  -999.9
2017 04 15  0004   57858     240    9  -999.9  -999.9  -999.9  -999.9  -999.9  -999.9
2017 04 15  0005   57858     300    9  -999.9  -999.9  -999.9  -999.9  -999.9  -999.9
2017 04 15  0006   57858     360    9  -999.9  -999.9  -999.9  -999.9  -999.9  -999.9
2017 04 15  0007   57858     420    9  -999.9  -999.9  -999.9  -999.9  -999.9  -999.9
2017 04 15  0008   57858     480    9  -999.9  -999.9  -999.9  -999.9  -999.9  -999.9
2017 04 15  0009   57858     540    9  -999.9  -999.9  -999.9  -999.9  -999.9  -999.9
2017 04 15  0010   57858     600    9  -999.9  -999.9  -999.9  -999.9  -999.9  -999.9
2017 04 15  0011   57858     660    9  -999.9  -999.9  -999.9  -999.9  -999.9  -999.9
2017 04 15  0012   57858     720    9  -999.9  -999.9  -999.9  -999.9  -999.9  -999.9
2017 04 15  0013   57858     780    9  -999.9  -999.9  -999.9  -999.9  -999.9  -999.9
2017 04 15  0014   57858     840    9  -999.9  -999.9  -999.9  -999.9  -999.9  -999.9
2017 04 15  0015   57858     900    9  -999.9  -999.9  -999.9  -999.9  -999.9  -999.9
2017 04 15  0016   57858     960    9  -999.9  -999.9  -999.9  -999.9  -999.9  -999.9
2017 04 15  0017   57858    1020    9  -999.9  -999.9  -999.9  -999.9  -999.9  -999.9
2017 04 15  0018   57858    1080    9  -999.9  -999.9  -999.9  -999.9  -999.9  -999.9
2017 04 15  0019   57858    1140    9  -999.9  -999.9  -999.9  -999.9  -999.9  -999.9
2017 04 15  0020   57858    1200    9  -999.9  -999.9  -999.9  -999.9  -999.9  -999.9
2017 04 15  0021   57858    1260    9  -999.9  -999.9  -999.9  -999.9  -999.9  -999.9
2017 04 15  0022   57858    1320    9  -999.9  -999.9  -999.9  -999.9  -999.9  -999.9
2017 04 15  0023   57858    1380    9  -999.9  -999.9  -999.9  -999.9  -999.9  -999.9
2017 04 15  0024   57858    1440    9  -999.9  -999.9  -999.9  -999.9  -999.9  -999.9
2017 04 15  0025   57858    1500    9  -999.9  -999.9  -999.9  -999.9  -999.9  -999.9
2017 04 15  0026   57858    1560    9  -999.9  -999.9  -999.9  -999.9  -999.9  -999.9
2017 04 15  0027   57858    1620    9  -999.9  -999.9  -999.9  -999.9  -999.9  -999.9
2017 04 15  0028   57858    1680    9  -999.9  -999.9  -999.9  -999.9  -999.9  -999.9
2017 04 15  0029   57858    1740    9  -999.9  -999.9  -999.9  -999.9  -999.9  -999.9
2017 04 15  0030   57858    1800    9  -999.9  -999.9  -999.9  -999.9  -999.9  -999.9
2017 04 15  0031   57858    1860    9  -999.9  -999.9  -999.9  -999.9  -999.9  -999.9
2017 04 15  0032   57858    1920    9  -999.9  -999.9  -999.9  -999.9  -999.9  -999.9
2017 04 15  0033   57858    1980    9  -999.9  -999.9  -999.9  -999.9  -999.9  -999.9
2017 04 15  0034   57858    2040    9  -999.9  -999.9  -999.9  -999.9  -999.9  -999.9
2017 04 15  0035   57858    2100    9  -999.9  -999.9  -999.9  -999.9  -999.9  -999.9
2017 04 15  0036   57858    2160    9  -999.9  -999.9  -999.9  -999.9  -999.9  -999.9
2017 04 15  0037   57858    2220    9  -999.9  -999.9  -999.9  -999.9  -999.9  -999.9
2017 04 15  0038   57858    2280    9  -999.9  -999.9  -999.9  -999.9  -999.9  -999.9
2017 04 15  0039   57858    2340    9  -999.9  -999.9  -999.9  -999.9  -999.9  -999.9
2017 04 15  0040   57858    2400    9  -999.9  -999.9  -999.9  -999.9  -999.9  -999.9
2017 04 15  0041   57858    2460    9  -999.9  -999.9  -999.9  -999.9  -999.9  -999.9
2017 04 15  0042   57858    2520    9  -999.9  -999.9  -999.9  -999.9  -999.9  -999.9
2017 04 15  0043   57858    2580    9  -999.9  -999.9  -999.9  -999.9  -999.9  -999.9
2017 04 15  0044   57858    2640    9  -999.9  -999.9  -999.9  -999.9  -999.9  -999.9
2017 04 15  0045   57858    2700    9  -999.9  -999.9  -999.9  -999.9  -999.9  -999.9
2017 04 15  0046   57858    2760    9  -999.9  -999.9  -999.9  -999.9  -999.9  -999.9
2017 04 15  0047   57858    2820    9  -999.9  -999.9  -999.9  -999.9  -999.9  -999.9
2017 04 15  0048   57858    2880    9  -999.9  -999.9  -999.9  -999.9  -999.9  -999.9
2017 04 15  0049   57858    2940    9  -999.9  -999.9  -999.9  -999.9  -999.9  -999.9
2017 04 15  0050   57858    3000    9  -999.9  -999.9  -999.9  -999.9  -999.9  -999.9
2017 04 15  0051   57858    3060    9  -999.9  -999.9  -999.9  -999.9  -999.9  -999.9
2017 04 15  0052   57858    3120    9  -999.9  -999.9  -999.9  -999.9  -999.9  -999.9
2017 04 15  0053   57858    3180    9  -999.9  -999.9  -999.9  -999.9  -999.9  -999.9
2017 04 15  0054   57858    3240    9  -999.9  -999.9  -999.9  -999.9  -999.9  -999.9
2017 04 15  0055   57858    3300    9  -999.9  -999.9  -999.9  -999.9  -999.9  -999.9
2017 04 15  0056   57858    3360    9  -999.9  -999.9  -999.9  -999.9  -999.9  -999.9
2017 04 15  0057   57858    3420    9  -999.9  -999.9  -999.9  -999.9  -999.9  -999.9
2017 04 15  0058   57858    3480    9  -999.9  -999.9  -999.9  -999.9  -999.9  -999.9
2017 04 15  0059   57858    3540    9  -999.9  -999.9  -999.9  -999.9  -999.9  -999.9
2017 04 15  0100   57858    3600    9  -999.9  -999.9  -999.9  -999.9  -999.9  -999.9
2017 04 15  0101   57858    3660    9  -999.9  -999.9  -999.9  -999.9  -999.9  -999.9
2017 04 15  0102   57858    3720    9  -999.9  -999.9  -999.9  -999.9  -999.9  -999.9
2017 04 15  0103   57858    3780    9  -999.9  -999.9  -999.9  -999.9  -999.9  -999.9
2017 04 15  0104   57858    3840    9  -999.9  -999.9  -999.9  -999.9  -999.9  -999.9
2017 04 15  0105   57858    3900    9  -999.9  -999.9  -999.9  -999.9  -999.9  -999.9
2017 04 15  0106   57858    3960    9  -999.9  -999.9  -999.9  -999.9  -999.9  -999.9
2017 04 15  0107   57858    4020    9  -999.9  -999.9  -999.9  -999.9  -999.9  -999.9
2017 04 15  0108   57858    4080    9  -999.9  -999.9  -999.9  -999.9  -999.9  -999.9
2017 04 15  0109   57858    4140    9  -999.9  -999.9  -999.9  -999.9  -999.9  -999.9
2017 04 15  0110   57858    4200    9  -999.9  -999.9  -999.9  -999.9  -999.9  -999.9
2017 04 15  0111   57858    4260    9  -999.9  -999.9  -999.9  -999.9  -999.9  -999.9
2017 04 15  0112   57858    4320    9  -999.9  -999.9  -999.9  -999.9  -999.9  -999.9
2017 04 15  0113   57858    4380    9  -999.9  -999.9  -999.9  -999.9  -999.9  -999.9
2017 04 15  0114   57858    4440    9  -999.9  -999.9  -999.9  -999.9  -999.9  -999.9
2017 04 15  0115   57858    4500    9  -999.9  -999.9  -999.9  -999.9  -999.9  -999.9
2017 04 15  0116   57858    4560    9  -999.9  -999.9  -999.9  -999.9  -999.9  -999.9
2017 04 15  0117   57858    4620    9  -999.9  -999.9  -999.9  -999.9  -999.9  -999.9
2017 04 15  0118   57858    4680    9  -999.9  -999.9  -999.9  -999.9  -999.9  -999.9
2017 04 15  0119   57858    4740    9  -999.9  -999.9  -999.9  -999.9  -999.9  -999.9
2017 04 15  0120   57858    4800    9  -999.9  -999.9  -999.9  -999.9  -999.9  -999.9
2017 04 15  0121   57858    4860    9  -999.9  -999.9  -999.9  -999.9  -999.9  -999.9
2017 04 15  0122   57858    4920    9  -999.9  -999.9  -999.9  -999.9  -999.9  -999.9
2017 04 15  0123   57858    4980    9  -999.9  -999.9  -999.9  -999.9  -999.9  -999.9
2017 04 15  0124   57858    5040    9  -999.9  -999.9  -999.9  -999.9  -999.9  -999.9
2017 04 15  0125   57858    5100    9  -999.9  -999.9  -999.9  -999.9  -999.9  -999.9
2017 04 15  0126   57858    5160    9  -999.9  -999.9  -999.9  -999.9  -999.9  -999.9
2017 04 15  0127   57858    5220    9  -999.9  -999.9  -999.9  -999.9  -999.9  -999.9
2017 04 15  0128   57858    5280    9  -999.9  -999.9  -999.9  -999.9  -999.9  -999.9
2017 04 15  0129   57858    5340    9  -999.9  -999.9  -999.9  -999.9  -999.9  -999.9
2017 04 15  0130   57858    5400    9  -999.9  -999.9  -999.9  -999.9  -999.9  -999.9
2017 04 15  0131   57858    5460    9  -999.9  -999.9  -999.9  -999.9  -999.9  -999.9
2017 04 15  0132   57858    5520    9  -999.9  -999.9  -999.9  -999.9  -999.9  -999.9
2017 04 15  0133   57858    5580    9  -999.9  -999.9  -999.9  -999.9  -999.9  -999.9
2017 04 15  0134   57858    5640    9  -999.9  -999.9  -999.9  -999.9  -999.9  -999.9
2017 04 15  0135   57858    5700    9  -999.9  -999.9  -999.9  -999.9  -999.9  -999.9
2017 04 15  0136   57858    5760    9  -999.9  -999.9  -999.9  -999.9  -999.9  -999.9
2017 04 15  0137   57858    5820    9  -999.9  -999.9  -999.9  -999.9  -999.9  -999.9
2017 04 15  0138   57858    5880    9  -999.9  -999.9  -999.9  -999.9  -999.9  -999.9
2017 04 15  0139   57858    5940    9  -999.9  -999.9  -999.9  -999.9  -999.9  -999.9
2017 04 15  0140   57858    6000    9  -999.9  -999.9  -999.9  -999.9  -999.9  -999.9
2017 04 15  0141   57858    6060    9  -999.9  -999.9  -999.9  -999.9  -999.9  -999.9
2017 04 15  0142   57858    6120    9  -999.9  -999.9  -999.9  -999.9  -999.9  -999.9
2017 04 15  0143   57858    6180    9  -999.9  -999.9  -999.9  -999.9  -999.9  -999.9
2017 04 15  0144   57858    6240    9  -999.9  -999.9  -999.9  -999.9  -999.9  -999.9
2017 04 15  0145   57858    6300    9  -999.9  -999.9  -999.9  -999.9  -999.9  -999.9
2017 04 15  0146   57858    6360    9  -999.9  -999.9  -999.9  -999.9  -999.9  -999.9
2017 04 15  0147   57858    6420    9  -999.9  -999.9  -999.9  -999.9  -999.9  -999.9
2017 04 15  0148   57858    6480    9  -999.9  -999.9  -999.9  -999.9  -999.9  -999.9
2017 04 15  0149   57858    6540    9  -999.9  -999.9  -999.9  -999.9  -999.9  -999.9
2017 04 15  0150   57858    6600    9  -999.9  -999.9  -999.9  -999.9  -999.9  -999.9
2017 04 15  0151   57858    6660    9  -999.9  -999.9  -999.9  -999.9  -999.9  -999.9
2017 04 15  0152   57858    6720    9  -999.9  -999.9  -999.9  -999.9  -999.9  -999.9
2017 04 15  0153   57858    6780    9  -999.9  -999.9  -999.9  -999.9  -999.9  -999.9
2017 04 15  0154   57858    6840    9  -999.9  -999.9  -999.9  -999.9  -999.9  -999.9
2017 04 15  0155   57858    6900    9  -999.9  -999.9  -999.9  -999.9  -999.9  -999.9
2017 04 15  0156   57858    6960    9  -999.9  -999.9  -999.9  -999.9  -999.9  -999.9
2017 04 15  0157   57858    7020    9  -999.9  -999.9  -999.9  -999.9  -999.9  -999.9
2017 04 15  0158   57858    7080    9  -999.9  -999.9  -999.9  -999.9  -999.9  -999.9
2017 04 15  0159   57858    7140    9  -999.9  -999.9  -999.9  -999.9  -999.9  -999.9
2017 04 15  0200   57858    7200    9  -999.9  -999.9  -999.9  -999.9  -999.9  -999.9
2017 04 15  0201   57858    7260    9  -999.9  -999.9  -999.9  -999.9  -999.9  -999.9
2017 04 15  0202   57858    7320    9  -999.9  -999.9  -999.9  -999.9  -999.9  -999.9
2017 04 15  0203   57858    7380    9  -999.9  -999.9  -999.9  -999.9  -999.9  -999.9
2017 04 15  0204   57858    7440    9  -999.9  -999.9  -999.9  -999.9  -999.9  -999.9
2017 04 15  0205   57858    7500    9  -999.9  -999.9  -999.9  -999.9  -999.9  -999.9
2017 04 15  0206   57858    7560    9  -999.9  -999.9  -999.9  -999.9  -999.9  -999.9
2017 04 15  0207   57858    7620    9  -999.9  -999.9  -999.9  -999.9  -999.9  -999.9
2017 04 15  0208   57858    7680    9  -999.9  -999.9  -999.9  -999.9  -999.9  -999.9
2017 04 15  0209   57858    7740    9  -999.9  -999.9  -999.9  -999.9  -999.9  -999.9
2017 04 15  0210   57858    7800    9  -999.9  -999.9  -999.9  -999.9  -999.9  -999.9
2017 04 15  0211   57858    7860    9  -999.9  -999.9  -999.9  -999.9  -999.9  -999.9
2017 04 15  0212   57858    7920    9  -999.9  -999.9  -999.9  -999.9  -999.9  -999.9
2017 04 15  0213   57858    7980    9  -999.9  -999.9  -999.9  -999.9  -999.9  -999.9
2017 04 15  0214   57858    8040    9  -999.9  -999.9  -999.9  -999.9  -999.9  -999.9
2017 04 15  0215   57858    8100    9  -999.9  -999.9  -999.9  -999.9  -999.9  -999.9
2017 04 15  0216   57858    8160    9  -999.9  -999.9  -999.9  -999.9  -999.9  -999.9
2017 04 15  0217   57858    8220    9  -999.9  -999.9  -999.9  -999.9  -999.9  -999.9
2017 04 15  0218   57858    8280    9  -999.9  -999.9  -999.9  -999.9  -999.9  -999.9
2017 04 15  0219   57858    8340    9  -999.9  -999.9  -999.9  -999.9  -999.9  -999.9
2017 04 15  0220   57858    8400    9  -999.9  -999.9  -999.9  -999.9  -999.9  -999.9
2017 04 15  0221   57858    8460    9  -999.9  -999.9  -999.9  -999.9  -999.9  -999.9
2017 04 15  0222   57858    8520    9  -999.9  -999.9  -999.9  -999.9  -999.9  -999.9
2017 04 15  0223   57858    8580    9  -999.9  -999.9  -999.9  -999.9  -999.9  -999.9
2017 04 15  0224   57858    8640    9  -999.9  -999.9  -999.9  -999.9  -999.9  -999.9
2017 04 15  0225   57858    8700    9  -999.9  -999.9  -999.9  -999.9  -999.9  -999.9
2017 04 15  0226   57858    8760    9  -999.9  -999.9  -999.9  -999.9  -999.9  -999.9
2017 04 15  0227   57858    8820    9  -999.9  -999.9  -999.9  -999.9  -999.9  -999.9
2017 04 15  0228   57858    8880    9  -999.9  -999.9  -999.9  -999.9  -999.9  -999.9
2017 04 15  0229   57858    8940    9  -999.9  -999.9  -999.9  -999.9  -999.9  -999.9
2017 04 15  0230   57858    9000    9  -999.9  -999.9  -999.9  -999.9  -999.9  -999.9
2017 04 15  0231   57858    9060    9  -999.9  -999.9  -999.9  -999.9  -999.9  -999.9
2017 04 15  0232   57858    9120    9  -999.9  -999.9  -999.9  -999.9  -999.9  -999.9
2017 04 15  0233   57858    9180    9  -999.9  -999.9  -999.9  -999.9  -999.9  -999.9
2017 04 15  0234   57858    9240    9  -999.9  -999.9  -999.9  -999.9  -999.9  -999.9
2017 04 15  0235   57858    9300    9  -999.9  -999.9  -999.9  -999.9  -999.9  -999.9
2017 04 15  0236   57858    9360    9  -999.9  -999.9  -999.9  -999.9  -999.9  -999.9
2017 04 15  0237   57858    9420    9  -999.9  -999.9  -999.9  -999.9  -999.9  -999.9
2017 04 15  0238   57858    9480    9  -999.9  -999.9  -999.9  -999.9  -999.9  -999.9
2017 04 15  0239   57858    9540    9  -999.9  -999.9  -999.9  -999.9  -999.9  -999.9
2017 04 15  0240   57858    9600    9  -999.9  -999.9  -999.9  -999.9  -999.9  -999.9
2017 04 15  0241   57858    9660    9  -999.9  -999.9  -999.9  -999.9  -999.9  -999.9
2017 04 15  0242   57858    9720    9  -999.9  -999.9  -999.9  -999.9  -999.9  -999.9
2017 04 15  0243   57858    9780    9  -999.9  -999.9  -999.9  -999.9  -999.9  -999.9
2017 04 15  0244   57858    9840    9  -999.9  -999.9  -999.9  -999.9  -999.9  -999.9
2017 04 15  0245   57858    9900    9  -999.9  -999.9  -999.9  -999.9  -999.9  -999.9
2017 04 15  0246   57858    9960    9  -999.9  -999.9  -999.9  -999.9  -999.9  -999.9
2017 04 15  0247   57858   10020    9  -999.9  -999.9  -999.9  -999.9  -999.9  -999.9
2017 04 15  0248   57858   10080    9  -999.9  -999.9  -999.9  -999.9  -999.9  -999.9
2017 04 15  0249   57858   10140    9  -999.9  -999.9  -999.9  -999.9  -999.9  -999.9
2017 04 15  0250   57858   10200    9  -999.9  -999.9  -999.9  -999.9  -999.9  -999.9
2017 04 15  0251   57858   10260    9  -999.9  -999.9  -999.9  -999.9  -999.9  -999.9
2017 04 15  0252   57858   10320    9  -999.9  -999.9  -999.9  -999.9  -999.9  -999.9
2017 04 15  0253   57858   10380    9  -999.9  -999.9  -999.9  -999.9  -999.9  -999.9
2017 04 15  0254   57858   10440    9  -999.9  -999.9  -999.9  -999.9  -999.9  -999.9
2017 04 15  0255   57858   10500    9  -999.9  -999.9  -999.9  -999.9  -999.9  -999.9
2017 04 15  0256   57858   10560    9  -999.9  -999.9  -999.9  -999.9  -999.9  -999.9
2017 04 15  0257   57858   10620    9  -999.9  -999.9  -999.9  -999.9  -999.9  -999.9
2017 04 15  0258   57858   10680    9  -999.9  -999.9  -999.9  -999.9  -999.9  -999.9
2017 04 15  0259   57858   10740    9  -999.9  -999.9  -999.9  -999.9  -999.9  -999.9
2017 04 15  0300   57858   10800    9  -999.9  -999.9  -999.9  -999.9  -999.9  -999.9
2017 04 15  0301   57858   10860    9  -999.9  -999.9  -999.9  -999.9  -999.9  -999.9
2017 04 15  0302   57858   10920    9  -999.9  -999.9  -999.9  -999.9  -999.9  -999.9
2017 04 15  0303   57858   10980    9  -999.9  -999.9  -999.9  -999.9  -999.9  -999.9
2017 04 15  0304   57858   11040    9  -999.9  -999.9  -999.9  -999.9  -999.9  -999.9
2017 04 15  0305   57858   11100    9  -999.9  -999.9  -999.9  -999.9  -999.9  -999.9
2017 04 15  0306   57858   11160    9  -999.9  -999.9  -999.9  -999.9  -999.9  -999.9
2017 04 15  0307   57858   11220    9  -999.9  -999.9  -999.9  -999.9  -999.9  -999.9
2017 04 15  0308   57858   11280    9  -999.9  -999.9  -999.9  -999.9  -999.9  -999.9
2017 04 15  0309   57858   11340    9  -999.9  -999.9  -999.9  -999.9  -999.9  -999.9
2017 04 15  0310   57858   11400    9  -999.9  -999.9  -999.9  -999.9  -999.9  -999.9
2017 04 15  0311   57858   11460    9  -999.9  -999.9  -999.9  -999.9  -999.9  -999.9
2017 04 15  0312   57858   11520    9  -999.9  -999.9  -999.9  -999.9  -999.9  -999.9
2017 04 15  0313   57858   11580    9  -999.9  -999.9  -999.9  -999.9  -999.9  -999.9
2017 04 15  0314   57858   11640    9  -999.9  -999.9  -999.9  -999.9  -999.9  -999.9
2017 04 15  0315   57858   11700    9  -999.9  -999.9  -999.9  -999.9  -999.9  -999.9
2017 04 15  0316   57858   11760    9  -999.9  -999.9  -999.9  -999.9  -999.9  -999.9
2017 04 15  0317   57858   11820    9  -999.9  -999.9  -999.9  -999.9  -999.9  -999.9
2017 04 15  0318   57858   11880    9  -999.9  -999.9  -999.9  -999.9  -999.9  -999.9
2017 04 15  0319   57858   11940    9  -999.9  -999.9  -999.9  -999.9  -999.9  -999.9
2017 04 15  0320   57858   12000    9  -999.9  -999.9  -999.9  -999.9  -999.9  -999.9
2017 04 15  0321   57858   12060    9  -999.9  -999.9  -999.9  -999.9  -999.9  -999.9
2017 04 15  0322   57858   12120    9  -999.9  -999.9  -999.9  -999.9  -999.9  -999.9
2017 04 15  0323   57858   12180    9  -999.9  -999.9  -999.9  -999.9  -999.9  -999.9
2017 04 15  0324   57858   12240    9  -999.9  -999.9  -999.9  -999.9  -999.9  -999.9
2017 04 15  0325   57858   12300    9  -999.9  -999.9  -999.9  -999.9  -999.9  -999.9
2017 04 15  0326   57858   12360    9  -999.9  -999.9  -999.9  -999.9  -999.9  -999.9
2017 04 15  0327   57858   12420    9  -999.9  -999.9  -999.9  -999.9  -999.9  -999.9
2017 04 15  0328   57858   12480    9  -999.9  -999.9  -999.9  -999.9  -999.9  -999.9
2017 04 15  0329   57858   12540    9  -999.9  -999.9  -999.9  -999.9  -999.9  -999.9
2017 04 15  0330   57858   12600    9  -999.9  -999.9  -999.9  -999.9  -999.9  -999.9
2017 04 15  0331   57858   12660    9  -999.9  -999.9  -999.9  -999.9  -999.9  -999.9
2017 04 15  0332   57858   12720    9  -999.9  -999.9  -999.9  -999.9  -999.9  -999.9
2017 04 15  0333   57858   12780    9  -999.9  -999.9  -999.9  -999.9  -999.9  -999.9
2017 04 15  0334   57858   12840    9  -999.9  -999.9  -999.9  -999.9  -999.9  -999.9
2017 04 15  0335   57858   12900    9  -999.9  -999.9  -999.9  -999.9  -999.9  -999.9
2017 04 15  0336   57858   12960    9  -999.9  -999.9  -999.9  -999.9  -999.9  -999.9
2017 04 15  0337   57858   13020    9  -999.9  -999.9  -999.9  -999.9  -999.9  -999.9
2017 04 15  0338   57858   13080    9  -999.9  -999.9  -999.9  -999.9  -999.9  -999.9
2017 04 15  0339   57858   13140    9  -999.9  -999.9  -999.9  -999.9  -999.9  -999.9
2017 04 15  0340   57858   13200    9  -999.9  -999.9  -999.9  -999.9  -999.9  -999.9
2017 04 15  0341   57858   13260    9  -999.9  -999.9  -999.9  -999.9  -999.9  -999.9
2017 04 15  0342   57858   13320    9  -999.9  -999.9  -999.9  -999.9  -999.9  -999.9
2017 04 15  0343   57858   13380    9  -999.9  -999.9  -999.9  -999.9  -999.9  -999.9
2017 04 15  0344   57858   13440    9  -999.9  -999.9  -999.9  -999.9  -999.9  -999.9
2017 04 15  0345   57858   13500    9  -999.9  -999.9  -999.9  -999.9  -999.9  -999.9
2017 04 15  0346   57858   13560    9  -999.9  -999.9  -999.9  -999.9  -999.9  -999.9
2017 04 15  0347   57858   13620    9  -999.9  -999.9  -999.9  -999.9  -999.9  -999.9
2017 04 15  0348   57858   13680    9  -999.9  -999.9  -999.9  -999.9  -999.9  -999.9
2017 04 15  0349   57858   13740    9  -999.9  -999.9  -999.9  -999.9  -999.9  -999.9
2017 04 15  0350   57858   13800    9  -999.9  -999.9  -999.9  -999.9  -999.9  -999.9
2017 04 15  0351   57858   13860    9  -999.9  -999.9  -999.9  -999.9  -999.9  -999.9
2017 04 15  0352   57858   13920    9  -999.9  -999.9  -999.9  -999.9  -999.9  -999.9
2017 04 15  0353   57858   13980    9  -999.9  -999.9  -999.9  -999.9  -999.9  -999.9
2017 04 15  0354   57858   14040    9  -999.9  -999.9  -999.9  -999.9  -999.9  -999.9
2017 04 15  0355   57858   14100    9  -999.9  -999.9  -999.9  -999.9  -999.9  -999.9
2017 04 15  0356   57858   14160    9  -999.9  -999.9  -999.9  -999.9  -999.9  -999.9
2017 04 15  0357   57858   14220    9  -999.9  -999.9  -999.9  -999.9  -999.9  -999.9
2017 04 15  0358   57858   14280    9  -999.9  -999.9  -999.9  -999.9  -999.9  -999.9
2017 04 15  0359   57858   14340    9  -999.9  -999.9  -999.9  -999.9  -999.9  -999.9
2017 04 15  0400   57858   14400    9  -999.9  -999.9  -999.9  -999.9  -999.9  -999.9
2017 04 15  0401   57858   14460    9  -999.9  -999.9  -999.9  -999.9  -999.9  -999.9
2017 04 15  0402   57858   14520    9  -999.9  -999.9  -999.9  -999.9  -999.9  -999.9
2017 04 15  0403   57858   14580    9  -999.9  -999.9  -999.9  -999.9  -999.9  -999.9
2017 04 15  0404   57858   14640    9  -999.9  -999.9  -999.9  -999.9  -999.9  -999.9
2017 04 15  0405   57858   14700    9  -999.9  -999.9  -999.9  -999.9  -999.9  -999.9
2017 04 15  0406   57858   14760    9  -999.9  -999.9  -999.9  -999.9  -999.9  -999.9
2017 04 15  0407   57858   14820    9  -999.9  -999.9  -999.9  -999.9  -999.9  -999.9
2017 04 15  0408   57858   14880    9  -999.9  -999.9  -999.9  -999.9  -999.9  -999.9
2017 04 15  0409   57858   14940    9  -999.9  -999.9  -999.9  -999.9  -999.9  -999.9
2017 04 15  0410   57858   15000    9  -999.9  -999.9  -999.9  -999.9  -999.9  -999.9
2017 04 15  0411   57858   15060    9  -999.9  -999.9  -999.9  -999.9  -999.9  -999.9
2017 04 15  0412   57858   15120    9  -999.9  -999.9  -999.9  -999.9  -999.9  -999.9
2017 04 15  0413   57858   15180    9  -999.9  -999.9  -999.9  -999.9  -999.9  -999.9
2017 04 15  0414   57858   15240    9  -999.9  -999.9  -999.9  -999.9  -999.9  -999.9
2017 04 15  0415   57858   15300    9  -999.9  -999.9  -999.9  -999.9  -999.9  -999.9
2017 04 15  0416   57858   15360    9  -999.9  -999.9  -999.9  -999.9  -999.9  -999.9
2017 04 15  0417   57858   15420    9  -999.9  -999.9  -999.9  -999.9  -999.9  -999.9
2017 04 15  0418   57858   15480    9  -999.9  -999.9  -999.9  -999.9  -999.9  -999.9
2017 04 15  0419   57858   15540    9  -999.9  -999.9  -999.9  -999.9  -999.9  -999.9
2017 04 15  0420   57858   15600    9  -999.9  -999.9  -999.9  -999.9  -999.9  -999.9
2017 04 15  0421   57858   15660    9  -999.9  -999.9  -999.9  -999.9  -999.9  -999.9
2017 04 15  0422   57858   15720    9  -999.9  -999.9  -999.9  -999.9  -999.9  -999.9
2017 04 15  0423   57858   15780    9  -999.9  -999.9  -999.9  -999.9  -999.9  -999.9
2017 04 15  0424   57858   15840    9  -999.9  -999.9  -999.9  -999.9  -999.9  -999.9
2017 04 15  0425   57858   15900    9  -999.9  -999.9  -999.9  -999.9  -999.9  -999.9
2017 04 15  0426   57858   15960    9  -999.9  -999.9  -999.9  -999.9  -999.9  -999.9
2017 04 15  0427   57858   16020    9  -999.9  -999.9  -999.9  -999.9  -999.9  -999.9
2017 04 15  0428   57858   16080    9  -999.9  -999.9  -999.9  -999.9  -999.9  -999.9
2017 04 15  0429   57858   16140    9  -999.9  -999.9  -999.9  -999.9  -999.9  -999.9
2017 04 15  0430   57858   16200    9  -999.9  -999.9  -999.9  -999.9  -999.9  -999.9
2017 04 15  0431   57858   16260    9  -999.9  -999.9  -999.9  -999.9  -999.9  -999.9
2017 04 15  0432   57858   16320    9  -999.9  -999.9  -999.9  -999.9  -999.9  -999.9
2017 04 15  0433   57858   16380    9  -999.9  -999.9  -999.9  -999.9  -999.9  -999.9
2017 04 15  0434   57858   16440    9  -999.9  -999.9  -999.9  -999.9  -999.9  -999.9
2017 04 15  0435   57858   16500    9  -999.9  -999.9  -999.9  -999.9  -999.9  -999.9
2017 04 15  0436   57858   16560    9  -999.9  -999.9  -999.9  -999.9  -999.9  -999.9
2017 04 15  0437   57858   16620    9  -999.9  -999.9  -999.9  -999.9  -999.9  -999.9
2017 04 15  0438   57858   16680    9  -999.9  -999.9  -999.9  -999.9  -999.9  -999.9
2017 04 15  0439   57858   16740    9  -999.9  -999.9  -999.9  -999.9  -999.9  -999.9
2017 04 15  0440   57858   16800    9  -999.9  -999.9  -999.9  -999.9  -999.9  -999.9
2017 04 15  0441   57858   16860    9  -999.9  -999.9  -999.9  -999.9  -999.9  -999.9
2017 04 15  0442   57858   16920    9  -999.9  -999.9  -999.9  -999.9  -999.9  -999.9
2017 04 15  0443   57858   16980    9  -999.9  -999.9  -999.9  -999.9  -999.9  -999.9
2017 04 15  0444   57858   17040    9  -999.9  -999.9  -999.9  -999.9  -999.9  -999.9
2017 04 15  0445   57858   17100    9  -999.9  -999.9  -999.9  -999.9  -999.9  -999.9
2017 04 15  0446   57858   17160    9  -999.9  -999.9  -999.9  -999.9  -999.9  -999.9
2017 04 15  0447   57858   17220    9  -999.9  -999.9  -999.9  -999.9  -999.9  -999.9
2017 04 15  0448   57858   17280    9  -999.9  -999.9  -999.9  -999.9  -999.9  -999.9
2017 04 15  0449   57858   17340    9  -999.9  -999.9  -999.9  -999.9  -999.9  -999.9
2017 04 15  0450   57858   17400    9  -999.9  -999.9  -999.9  -999.9  -999.9  -999.9
2017 04 15  0451   57858   17460    9  -999.9  -999.9  -999.9  -999.9  -999.9  -999.9
2017 04 15  0452   57858   17520    9  -999.9  -999.9  -999.9  -999.9  -999.9  -999.9
2017 04 15  0453   57858   17580    9  -999.9  -999.9  -999.9  -999.9  -999.9  -999.9
2017 04 15  0454   57858   17640    9  -999.9  -999.9  -999.9  -999.9  -999.9  -999.9
2017 04 15  0455   57858   17700    9  -999.9  -999.9  -999.9  -999.9  -999.9  -999.9
2017 04 15  0456   57858   17760    9  -999.9  -999.9  -999.9  -999.9  -999.9  -999.9
2017 04 15  0457   57858   17820    9  -999.9  -999.9  -999.9  -999.9  -999.9  -999.9
2017 04 15  0458   57858   17880    9  -999.9  -999.9  -999.9  -999.9  -999.9  -999.9
2017 04 15  0459   57858   17940    9  -999.9  -999.9  -999.9  -999.9  -999.9  -999.9
2017 04 15  0500   57858   18000    0     3.9    -3.1    -1.0     5.1   -10.8   321.2
2017 04 15  0501   57858   18060    0     3.9    -3.0    -1.1     5.0   -12.5   322.4
2017 04 15  0502   57858   18120    0     3.9    -3.0    -1.1     5.0   -13.0   322.5
2017 04 15  0503   57858   18180    0     3.9    -2.8    -1.4     5.0   -16.6   324.1
2017 04 15  0504   57858   18240    0     4.0    -2.4    -1.9     5.0   -22.6   328.7
2017 04 15  0505   57858   18300    0     4.0    -2.3    -2.0     5.0   -24.0   329.7
2017 04 15  0506   57858   18360    0     4.1    -2.2    -2.0     5.0   -24.0   331.8
2017 04 15  0507   57858   18420    0     4.2    -2.2    -1.8     5.1   -21.1   332.4
2017 04 15  0508   57858   18480    0     4.5    -1.9    -1.5     5.1   -17.6   337.5
2017 04 15  0509   57858   18540    0     4.5    -1.7    -1.6     5.1   -18.5   339.8
2017 04 15  0510   57858   18600    0     4.6    -1.8    -1.3     5.1   -14.8   338.9
2017 04 15  0511   57858   18660    0     4.8    -1.5    -1.1     5.1   -12.9   342.1
2017 04 15  0512   57858   18720    0     4.4    -2.6    -0.7     5.2    -7.8   329.3
2017 04 15  0513   57858   18780    0     4.6    -2.3    -0.3     5.2    -3.3   333.3
2017 04 15  0514   57858   18840    0     4.6    -2.3    -0.6     5.2    -6.5   333.8
2017 04 15  0515   57858   18900    0     4.7    -2.1    -0.0     5.2    -0.4   335.3
2017 04 15  0516   57858   18960    0     4.4    -2.8    -0.3     5.2    -3.0   327.6
2017 04 15  0517   57858   19020    0     4.4    -2.6    -0.2     5.1    -2.5   329.5
2017 04 15  0518   57858   19080    0     3.6    -3.6    -0.2     5.1    -2.0   315.5
2017 04 15  0519   57858   19140    0     3.8    -3.0     0.6     4.9     7.4   322.2
2017 04 15  0520   57858   19200    0     4.3    -2.7     0.8     5.1     9.4   328.3
2017 04 15  0521   57858   19260    0     4.6    -2.3     0.5     5.2     5.6   333.6
2017 04 15  0522   57858   19320    0     4.6    -2.2     0.8     5.1     8.6   334.6
2017 04 15  0523   57858   19380    0     4.6    -2.1     1.1     5.1    12.1   335.7
2017 04 15  0524   57858   19440    0     4.5    -1.9     1.3     5.1    15.4   336.8
2017 04 15  0525   57858   19500    0     4.5    -1.8     1.5     5.1    17.2   338.7
2017 04 15  0526   57858   19560    0     4.4    -1.8     1.6     5.0    19.0   338.1
2017 04 15  0527   57858   19620    0     4.1    -2.6     1.5     5.1    17.0   328.1
2017 04 15  0528   57858   19680    0     4.0    -2.7     1.4     5.0    15.8   326.5
2017 04 15  0529   57858   19740    0     4.0    -2.8     1.3     5.1    15.5   325.4
2017 04 15  0530   57858   19800    0     3.8    -3.2     1.1     5.1    12.8   319.8
2017 04 15  0531   57858   19860    0     3.6    -3.5     1.0     5.1    11.4   316.1
2017 04 15  0532   57858   19920    0     3.9    -3.0     1.3     5.1    15.1   322.9
2017 04 15  0533   57858   19980    0     3.9    -2.8     1.5     5.1    17.4   324.7
2017 04 15  0534   57858   20040    0     4.0    -2.6     1.6     5.0    18.9   326.7
2017 04 15  0535   57858   20100    0     3.9    -2.3     1.7     4.8    21.2   329.8
2017 04 15  0536   57858   20160    0     3.8    -2.3     1.9     4.9    23.0   329.2
2017 04 15  0537   57858   20220    0     3.9    -2.3     1.5     4.8    18.0   330.1
2017 04 15  0538   57858   20280    0     3.8    -2.3     1.5     4.7    18.4   328.6
2017 04 15  0539   57858   20340    0     3.8    -2.3     1.3     4.6    16.7   328.4
2017 04 15  0540   57858   20400    0     3.8    -2.4     1.3     4.6    16.2   327.7
2017 04 15  0541   57858   20460    0     3.4    -3.0     1.4     4.7    17.6   318.9
2017 04 15  0542   57858   20520    0     3.3    -3.0     1.6     4.7    19.6   317.8
2017 04 15  0543   57858   20580    0     3.4    -2.8     1.6     4.7    19.7   320.8
2017 04 15  0544   57858   20640    0     3.4    -3.0     1.3     4.7    16.2   317.8
2017 04 15  0545   57858   20700    0     3.2    -3.0     1.6     4.7    19.8   317.2
2017 04 15  0546   57858   20760    0     3.3    -2.8     2.0     4.8    24.6   319.6
2017 04 15  0547   57858   20820    0     3.4    -3.2     1.4     4.8    16.8   317.0
2017 04 15  0548   57858   20880    0     3.3    -3.0     1.7     4.7    21.0   317.6
2017 04 15  0549   57858   20940    0     3.4    -3.1     1.5     4.8    18.6   317.6
2017 04 15  0550   57858   21000    0     3.3    -3.6     1.3     5.0    14.9   312.3
2017 04 15  0551   57858   21060    0     3.2    -3.8     1.1     5.1    12.1   310.3
2017 04 15  0552   57858   21120    0     3.2    -3.9     1.0     5.1    11.2   309.4
2017 04 15  0553   57858   21180    0     3.2    -3.9     1.0     5.2    10.9   309.4
2017 04 15  0554   57858   21240    0     3.2    -3.9     1.1     5.2    12.2   309.5
2017 04 15  0555   57858   21300    0     3.2    -3.9     1.2     5.2    13.1   308.9
2017 04 15  0556   57858   21360    0     3.0    -4.1     1.0     5.2    10.7   305.8
2017 04 15  0557   57858   21420    0     3.0    -4.1     0.9     5.1    10.3   306.8
2017 04 15  0558   57858   21480    0     3.1    -4.1     0.8     5.1     8.7   307.2
2017 04 15  0559   57858   21540    0     3.1    -4.0     0.8     5.2     8.7   307.8
2017 04 15  0600   57858   21600    0     3.1    -3.9     1.0     5.1    11.5   308.5
2017 04 15  0601   57858   21660    0     3.1    -4.0     0.8     5.1     9.1   307.9
2017 04 15  0602   57858   21720    0     3.2    -3.8     1.4     5.1    15.5   310.2
2017 04 15  0603   57858   21780    0     3.1    -3.8     1.4     5.1    16.2   309.5
2017 04 15  0604   57858   21840    0     3.2    -3.7     1.1     5.0    13.1   310.8
2017 04 15  0605   57858   21900    0     3.3    -3.8     1.2     5.1    13.3   311.0
2017 04 15  0606   57858   21960    0     3.5    -3.8     1.1     5.3    12.5   312.8
2017 04 15  0607   57858   22020    0     3.4    -3.9     1.1     5.3    12.5   311.6
2017 04 15  0608   57858   22080    0     3.5    -3.8     1.1     5.3    11.5   313.0
2017 04 15  0609   57858   22140    0     3.3    -3.8     1.1     5.2    12.7   310.9
2017 04 15  0610   57858   22200    0     3.0    -3.8     1.8     5.1    19.9   307.6
2017 04 15  0611   57858   22260    0     2.8    -3.9     1.9     5.2    21.4   305.8
2017 04 15  0612   57858   22320    0     3.1    -3.8     1.6     5.2    18.2   309.2
2017 04 15  0613   57858   22380    0     3.1    -3.8     1.7     5.2    18.8   308.9
2017 04 15  0614   57858   22440    0     3.1    -3.8     1.7     5.2    19.5   309.4
2017 04 15  0615   57858   22500    0     3.2    -3.8     1.6     5.2    18.1   309.8
2017 04 15  0616   57858   22560    0     3.3    -3.8     1.3     5.2    14.9   310.7
2017 04 15  0617   57858   22620    0     3.3    -3.8     1.5     5.2    16.3   311.2
2017 04 15  0618   57858   22680    0     3.3    -3.8     1.5     5.2    16.5   310.5
2017 04 15  0619   57858   22740    0     3.4    -3.8     1.5     5.3    16.6   312.2
2017 04 15  0620   57858   22800    0     3.3    -3.4     1.7     5.1    20.1   314.1
2017 04 15  0621   57858   22860    0     2.1    -2.2     4.2     5.2    54.3   314.2
2017 04 15  0622   57858   22920    0     2.8    -2.4     3.7     5.2    45.1   320.1
2017 04 15  0623   57858   22980    0     2.9    -2.6     3.5     5.3    41.9   317.9
2017 04 15  0624   57858   23040    0     2.4    -2.5     3.8     5.2    47.4   313.3
2017 04 15  0625   57858   23100    0     1.9    -2.4     4.3     5.2    54.5   308.7
2017 04 15  0626   57858   23160    0     2.1    -2.4     4.0     5.1    51.4   311.7
2017 04 15  0627   57858   23220    0     2.8    -2.8     3.0     5.0    37.1   314.7
2017 04 15  0628   57858   23280    0     2.7    -3.0     3.0     5.0    36.7   312.7
2017 04 15  0629   57858   23340    0     2.6    -3.3     2.6     5.0    32.1   308.8
2017 04 15  0630   57858   23400    0     2.8    -3.4     2.4     5.0    29.0   309.3
2017 04 15  0631   57858   23460    0     2.6    -3.4     2.7     5.1    31.9   307.9
2017 04 15  0632   57858   23520    0     2.5    -3.5     2.9     5.2    34.4   305.1
2017 04 15  0633   57858   23580    0     2.6    -3.3     3.0     5.2    35.3   307.9
2017 04 15  0634   57858   23640    0     2.5    -3.2     3.3     5.2    39.0   308.0
2017 04 15  0635   57858   23700    0     2.5    -3.6     2.5     5.1    29.0   305.0
2017 04 15  0636   57858   23760    0     2.6    -4.0     1.5     5.0    17.5   302.5
2017 04 15  0637   57858   23820    0     2.6    -4.2     0.8     5.0     8.9   301.7
2017 04 15  0638   57858   23880    0     2.8    -4.2     0.3     5.0     3.6   304.1
2017 04 15  0639   57858   23940    0     2.5    -4.3    -0.6     5.0    -6.5   300.6
2017 04 15  0640   57858   24000    0     2.6    -4.4     0.0     5.1     0.1   300.3
2017 04 15  0641   57858   24060    0     2.8    -4.2     0.0     5.0     0.0   303.2
2017 04 15  0642   57858   24120    0     2.1    -4.1     1.8     4.9    21.5   296.9
2017 04 15  0643   57858   24180    0     1.6    -3.9     3.0     5.1    35.4   292.1
2017 04 15  0644   57858   24240    0     1.4    -3.7     3.1     5.1    38.2   290.4
2017 04 15  0645   57858   24300    0     1.6    -3.7     3.1     5.0    37.5   293.6
2017 04 15  0646   57858   24360    0     1.9    -3.8     2.7     5.0    32.6   296.4
2017 04 15  0647   57858   24420    0     1.6    -3.8     2.8     5.0    34.2   293.2
2017 04 15  0648   57858   24480    0     1.9    -3.9     2.5     5.0    29.7   295.3
2017 04 15  0649   57858   24540    0     1.8    -4.0     2.4     5.0    28.1   294.4
2017 04 15  0650   57858   24600    0     1.9    -4.2     2.2     5.1    25.3   294.9
2017 04 15  0651   57858   24660    0     2.0    -4.0     1.9     4.8    22.9   297.1
2017 04 15  0652   57858   24720    0     2.4    -3.9     1.3     4.7    15.9   301.4
2017 04 15  0653   57858   24780    0     2.6    -3.7     1.2     4.7    14.8   305.4
2017 04 15  0654   57858   24840    0     2.2    -3.6     2.2     4.8    27.2   300.8
2017 04 15  0655   57858   24900    0     2.2    -3.8     1.9     4.7    24.0   299.7
2017 04 15  0656   57858   24960    0     2.5    -3.4     1.8     4.6    23.6   305.8
2017 04 15  0657   57858   25020    0     2.0    -4.0     1.6     4.7    19.4   296.2
2017 04 15  0658   57858   25080    0     2.0    -3.8     1.1     4.4    13.8   298.3
2017 04 15  0659   57858   25140    0     1.7    -3.7     2.5     4.8    31.8   294.2
2017 04 15  0700   57858   25200    0     2.3    -3.7     1.9     4.8    23.0   301.9
2017 04 15  0701   57858   25260    0     2.7    -3.6     1.5     4.7    19.0   306.3
2017 04 15  0702   57858   25320    0     2.5    -3.7     1.6     4.8    19.1   304.0
2017 04 15  0703   57858   25380    0     2.5    -3.6     1.9     4.8    23.1   305.2
2017 04 15  0704   57858   25440    0     2.0    -4.0     1.7     4.8    21.1   296.5
2017 04 15  0705   57858   25500    0     2.1    -4.0     1.7     4.8    20.5   297.7
2017 04 15  0706   57858   25560    0     2.3    -4.0     1.5     4.8    17.6   299.9
2017 04 15  0707   57858   25620    0     1.8    -4.4     1.0     4.9    12.1   292.3
2017 04 15  0708   57858   25680    0     1.8    -4.5     0.5     4.9     5.7   292.0
2017 04 15  0709   57858   25740    0     1.9    -4.3     0.7     4.8     8.4   293.8
2017 04 15  0710   57858   25800    0     2.3    -4.0     1.2     4.8    15.1   299.7
2017 04 15  0711   57858   25860    0     2.1    -4.3     0.9     4.8    10.2   295.8
2017 04 15  0712   57858   25920    0     2.0    -3.9     1.4     4.6    18.0   297.7
2017 04 15  0713   57858   25980    0     2.2    -4.0     1.4     4.8    17.4   298.4
2017 04 15  0714   57858   26040    0     2.1    -3.6     2.3     4.8    29.2   299.4
2017 04 15  0715   57858   26100    0     2.1    -3.6     2.4     4.8    29.4   300.9
2017 04 15  0716   57858   26160    0     1.9    -3.7     2.4     4.8    29.7   297.6
2017 04 15  0717   57858   26220    0     1.9    -3.6     2.5     4.8    31.2   297.8
2017 04 15  0718   57858   26280    0     1.8    -3.7     2.4     4.7    30.4   295.4
2017 04 15  0719   57858   26340    0     1.8    -3.7     2.4     4.8    30.8   295.4
2017 04 15  0720   57858   26400    0     1.8    -3.7     2.4     4.8    30.2   296.6
2017 04 15  0721   57858   26460    0     2.1    -3.6     2.2     4.7    27.1   300.2
2017 04 15  0722   57858   26520    0     2.5    -3.3     2.3     4.8    29.3   307.7
2017 04 15  0723   57858   26580    0     2.5    -3.2     2.4     4.7    30.1   308.6
2017 04 15  0724   57858   26640    0     2.7    -3.2     2.2     4.7    27.4   310.5
2017 04 15  0725   57858   26700    0     2.8    -3.1     2.1     4.7    27.2   312.3
2017 04 15  0726   57858   26760    0     3.1    -3.1     1.6     4.7    20.4   315.2
2017 04 15  0727   57858   26820    0     3.6    -2.8     1.2     4.7    14.4   321.4
2017 04 15  0728   57858   26880    0     2.4    -2.8     2.7     4.6    36.3   310.7
2017 04 15  0729   57858   26940    0     2.4    -2.7     2.6     4.5    35.9   311.6
2017 04 15  0730   57858   27000    0     2.0    -2.6     3.1     4.5    43.7   307.4
2017 04 15  0731   57858   27060    0     1.9    -2.7     3.0     4.5    42.0   305.0
2017 04 15  0732   57858   27120    0     1.8    -2.5     3.1     4.4    44.9   306.1
2017 04 15  0733   57858   27180    0     1.5    -2.4     3.3     4.3    48.7   301.9
2017 04 15  0734   57858   27240    0     1.2    -2.4     3.5     4.4    52.7   297.6
2017 04 15  0735   57858   27300    0     1.8    -2.7     3.1     4.5    43.5   303.0
2017 04 15  0736   57858   27360    0     1.2    -2.2     3.8     4.6    56.0   298.8
2017 04 15  0737   57858   27420    0     1.2    -2.5     3.6     4.6    52.3   295.0
2017 04 15  0738   57858   27480    0     1.2    -2.7     3.5     4.6    49.3   293.8
2017 04 15  0739   57858   27540    0     0.9    -2.6     3.8     4.7    54.4   290.1
2017 04 15  0740   57858   27600    0     0.9    -3.0     3.6     4.7    48.9   286.9
2017 04 15  0741   57858   27660    0     1.1    -2.9     3.6     4.7    49.6   290.1
2017 04 15  0742   57858   27720    0     1.0    -3.0     3.5     4.7    47.9   289.1
2017 04 15  0743   57858   27780    0     1.1    -2.9     3.5     4.7    48.3   290.8
2017 04 15  0744   57858   27840    0     1.2    -2.9     3.4     4.6    47.3   291.9
2017 04 15  0745   57858   27900    0     1.2    -3.0     3.5     4.7    46.8   292.3
2017 04 15  0746   57858   27960    0     1.6    -3.0     3.2     4.6    42.9   298.3
2017 04 15  0747   57858   28020    0     1.8    -3.1     3.0     4.7    40.1   300.5
2017 04 15  0748   57858   28080    0     1.8    -3.2     2.8     4.7    37.1   299.7
2017 04 15  0749   57858   28140    0     2.3    -3.2     2.5     4.6    32.1   305.1
2017 04 15  0750   57858   28200    0     3.4    -3.1     0.5     4.6     6.7   317.4
2017 04 15  0751   57858   28260    0     2.8    -3.7    -0.2     4.7    -2.2   307.0
2017 04 15  0752   57858   28320    0     2.8    -3.7    -0.3     4.7    -3.4   306.5
2017 04 15  0753   57858   28380    0     2.5    -4.0    -1.1     4.8   -13.1   301.9
2017 04 15  0754   57858   28440    0     2.0    -3.6    -2.3     4.7   -29.2   299.1
2017 04 15  0755   57858   28500    0     1.5    -2.9    -3.2     4.6   -43.8   297.4
2017 04 15  0756   57858   28560    0     2.6    -3.6     0.1     4.4     1.7   306.5
2017 04 15  0757   57858   28620    0     2.7    -3.4     1.0     4.5    13.2   308.8
2017 04 15  0758   57858   28680    0     2.8    -3.1     1.7     4.5    21.9   312.0
2017 04 15  0759   57858   28740    0     2.5    -3.2     1.2     4.3    16.3   308.1
2017 04 15  0800   57858   28800    0     2.4    -2.5     1.3     3.7    20.3   314.5
2017 04 15  0801   57858   28860    0     2.7    -2.4     2.1     4.2    29.4   318.2
2017 04 15  0802   57858   28920    0     2.7    -2.4     1.8     4.1    26.1   318.2
2017 04 15  0803   57858   28980    0     2.6    -2.3     1.6     3.8    24.5   318.9
2017 04 15  0804   57858   29040    0     2.6    -2.9     1.4     4.1    19.8   311.8
2017 04 15  0805   57858   29100    0     2.7    -2.8     1.3     4.1    18.9   314.5
2017 04 15  0806   57858   29160    0     2.6    -2.6     1.3     3.9    18.5   315.0
2017 04 15  0807   57858   29220    0     2.5    -2.6     1.2     3.8    18.3   314.4
2017 04 15  0808   57858   29280    0     2.6    -2.5     1.2     3.8    18.7   316.6
2017 04 15  0809   57858   29340    0     2.5    -2.5     1.4     3.9    21.4   314.8
2017 04 15  0810   57858   29400    0     2.5    -2.6     1.4     3.9    21.7   314.9
2017 04 15  0811   57858   29460    0     2.6    -2.5     1.6     3.9    23.4   316.5
2017 04 15  0812   57858   29520    0     2.9    -2.2     1.2     3.8    17.9   322.4
2017 04 15  0813   57858   29580    0     2.9    -2.1     1.2     3.8    19.0   324.2
2017 04 15  0814   57858   29640    0     3.0    -2.0     1.3     3.8    19.9   325.8
2017 04 15  0815   57858   29700    0     2.9    -2.1     1.6     3.9    23.4   325.0
2017 04 15  0816   57858   29760    0     3.2    -1.7     1.3     3.8    19.8   331.2
2017 04 15  0817   57858   29820    0     3.1    -1.9     1.5     4.0    22.9   328.6
2017 04 15  0818   57858   29880    0     3.0    -1.7     1.9     3.9    28.9   330.2
2017 04 15  0819   57858   29940    0     2.6    -2.1     2.2     4.0    33.6   322.1
2017 04 15  0820   57858   30000    0     3.3    -1.3     1.9     4.1    28.1   338.3
2017 04 15  0821   57858   30060    0     3.2    -1.2     1.8     3.9    28.5   338.7
2017 04 15  0822   57858   30120    0     2.7     1.5     1.4     3.4    23.7    29.8
2017 04 15  0823   57858   30180    0     3.3     1.8     1.6     4.1    22.5    29.5
2017 04 15  0824   57858   30240    0     3.0     3.0     1.4     4.5    18.4    44.6
2017 04 15  0825   57858   30300    0     3.1     2.8     1.6     4.4    20.7    41.9
2017 04 15  0826   57858   30360    0     3.2     2.7     1.5     4.4    19.7    39.8
2017 04 15  0827   57858   30420    0     3.2     2.7     1.4     4.4    18.6    39.7
2017 04 15  0828   57858   30480    0     3.2     2.6     1.5     4.4    20.6    38.7
2017 04 15  0829   57858   30540    0     3.4     2.4     1.5     4.4    19.4    35.5
2017 04 15  0830   57858   30600    0     3.5     2.2     1.4     4.4    18.6    31.9
2017 04 15  0831   57858   30660    0     3.2     2.6     1.5     4.4    20.1    39.6
2017 04 15  0832   57858   30720    0     3.3     2.6     1.1     4.3    15.3    38.4
2017 04 15  0833   57858   30780    0     3.4     2.0     1.6     4.3    22.2    30.8
2017 04 15  0834   57858   30840    0     3.2     1.6     2.4     4.3    34.0    26.8
2017 04 15  0835   57858   30900    0     3.5     1.4     2.1     4.3    29.1    21.2
2017 04 15  0836   57858   30960    0     3.7     1.5     1.6     4.3    21.8    22.3
2017 04 15  0837   57858   31020    0     3.8     1.2     1.8     4.4    24.2    17.6
2017 04 15  0838   57858   31080    0     3.8    -0.0     2.2     4.4    30.1   359.5
2017 04 15  0839   57858   31140    0     3.8     0.4     2.2     4.4    29.8     5.7
2017 04 15  0840   57858   31200    0     3.9     0.5     2.0     4.5    27.0     6.6
2017 04 15  0841   57858   31260    0     3.9     0.1     2.0     4.4    27.0     1.7
2017 04 15  0842   57858   31320    0     4.0     0.1     2.0     4.5    26.1     0.9
2017 04 15  0843   57858   31380    0     3.9     0.3     1.9     4.4    26.0     3.7
2017 04 15  0844   57858   31440    0     4.0    -0.1     1.8     4.4    24.1   359.0
2017 04 15  0845   57858   31500    0     4.0    -0.1     1.8     4.4    24.6   358.1
2017 04 15  0846   57858   31560    0     4.1     0.0     1.9     4.5    25.2     0.3
2017 04 15  0847   57858   31620    0     4.1    -0.1     2.0     4.5    26.2   358.7
2017 04 15  0848   57858   31680    0     4.2     0.0     1.8     4.5    23.1     0.3
2017 04 15  0849   57858   31740    0     4.2     0.2     1.7     4.6    21.3     3.2
2017 04 15  0850   57858   31800    0     4.3     0.1     1.6     4.5    20.2     1.3
2017 04 15  0851   57858   31860    0     4.3    -0.1     1.5     4.6    19.7   358.7
2017 04 15  0852   57858   31920    0     4.3     0.4     1.4     4.5    18.0     4.7
2017 04 15  0853   57858   31980    0     4.3     0.5     1.3     4.5    16.7     6.2
2017 04 15  0854   57858   32040    0     4.3     0.5     1.3     4.6    17.1     6.5
2017 04 15  0855   57858   32100    0     4.4     0.1     1.4     4.6    17.3     1.8
2017 04 15  0856   57858   32160    0     4.4    -0.1     1.3     4.6    17.0   359.0
2017 04 15  0857   57858   32220    0     4.4    -0.1     1.3     4.6    16.5   358.3
2017 04 15  0858   57858   32280    0     4.4    -0.1     1.3     4.6    15.9   358.3
2017 04 15  0859   57858   32340    0     4.4    -0.4     1.2     4.6    15.5   354.6
