:Data_list: 20170120_ace_mag_1m.txt
:Created: 2017 Jan 20 1001 UT
# Prepared by the U.S. Dept. of Commerce, NOAA, Space Weather Prediction Center
# Please send comments and suggestions to SWPC.Webmaster@noaa.gov 
# 
# Magnetometer values are in GSM coordinates.
# 
# Units: Bx, By, Bz, Bt in nT
# Units: Latitude  degrees +/-  90.0
# Units: Longitude degrees 0.0 - 360.0
# Status(S): 0 = nominal data, 1 to 8 = bad data record, 9 = no data
# Missing data values: -999.9
# Source: ACE Satellite - Magnetometer
#
#              1-minute averaged Real-time Interplanetary Magnetic Field Values 
# 
#                 Modified Seconds
# UT Date   Time  Julian   of the   ----------------  GSM Coordinates ---------------
# YR MO DA  HHMM    Day      Day    S     Bx      By      Bz      Bt     Lat.   Long.
#------------------------------------------------------------------------------------
2017 01 20  0000   57773       0    9  -999.9  -999.9  -999.9  -999.9  -999.9  -999.9
2017 01 20  0001   57773      60    9  -999.9  -999.9  -999.9  -999.9  -999.9  -999.9
2017 01 20  0002   57773     120    9  -999.9  -999.9  -999.9  -999.9  -999.9  -999.9
2017 01 20  0003   57773     180    9  -999.9  -999.9  -999.9  -999.9  -999.9  -999.9
2017 01 20  0004   57773     240    9  -999.9  -999.9  -999.9  -999.9  -999.9  -999.9
2017 01 20  0005   57773     300    9  -999.9  -999.9  -999.9  -999.9  -999.9  -999.9
2017 01 20  0006   57773     360    9  -999.9  -999.9  -999.9  -999.9  -999.9  -999.9
2017 01 20  0007   57773     420    9  -999.9  -999.9  -999.9  -999.9  -999.9  -999.9
2017 01 20  0008   57773     480    9  -999.9  -999.9  -999.9  -999.9  -999.9  -999.9
2017 01 20  0009   57773     540    9  -999.9  -999.9  -999.9  -999.9  -999.9  -999.9
2017 01 20  0010   57773     600    9  -999.9  -999.9  -999.9  -999.9  -999.9  -999.9
2017 01 20  0011   57773     660    9  -999.9  -999.9  -999.9  -999.9  -999.9  -999.9
2017 01 20  0012   57773     720    9  -999.9  -999.9  -999.9  -999.9  -999.9  -999.9
2017 01 20  0013   57773     780    9  -999.9  -999.9  -999.9  -999.9  -999.9  -999.9
2017 01 20  0014   57773     840    9  -999.9  -999.9  -999.9  -999.9  -999.9  -999.9
2017 01 20  0015   57773     900    9  -999.9  -999.9  -999.9  -999.9  -999.9  -999.9
2017 01 20  0016   57773     960    9  -999.9  -999.9  -999.9  -999.9  -999.9  -999.9
2017 01 20  0017   57773    1020    9  -999.9  -999.9  -999.9  -999.9  -999.9  -999.9
2017 01 20  0018   57773    1080    9  -999.9  -999.9  -999.9  -999.9  -999.9  -999.9
2017 01 20  0019   57773    1140    9  -999.9  -999.9  -999.9  -999.9  -999.9  -999.9
2017 01 20  0020   57773    1200    9  -999.9  -999.9  -999.9  -999.9  -999.9  -999.9
2017 01 20  0021   57773    1260    9  -999.9  -999.9  -999.9  -999.9  -999.9  -999.9
2017 01 20  0022   57773    1320    9  -999.9  -999.9  -999.9  -999.9  -999.9  -999.9
2017 01 20  0023   57773    1380    9  -999.9  -999.9  -999.9  -999.9  -999.9  -999.9
2017 01 20  0024   57773    1440    9  -999.9  -999.9  -999.9  -999.9  -999.9  -999.9
2017 01 20  0025   57773    1500    9  -999.9  -999.9  -999.9  -999.9  -999.9  -999.9
2017 01 20  0026   57773    1560    9  -999.9  -999.9  -999.9  -999.9  -999.9  -999.9
2017 01 20  0027   57773    1620    9  -999.9  -999.9  -999.9  -999.9  -999.9  -999.9
2017 01 20  0028   57773    1680    9  -999.9  -999.9  -999.9  -999.9  -999.9  -999.9
2017 01 20  0029   57773    1740    9  -999.9  -999.9  -999.9  -999.9  -999.9  -999.9
2017 01 20  0030   57773    1800    9  -999.9  -999.9  -999.9  -999.9  -999.9  -999.9
2017 01 20  0031   57773    1860    9  -999.9  -999.9  -999.9  -999.9  -999.9  -999.9
2017 01 20  0032   57773    1920    9  -999.9  -999.9  -999.9  -999.9  -999.9  -999.9
2017 01 20  0033   57773    1980    9  -999.9  -999.9  -999.9  -999.9  -999.9  -999.9
2017 01 20  0034   57773    2040    9  -999.9  -999.9  -999.9  -999.9  -999.9  -999.9
2017 01 20  0035   57773    2100    9  -999.9  -999.9  -999.9  -999.9  -999.9  -999.9
2017 01 20  0036   57773    2160    9  -999.9  -999.9  -999.9  -999.9  -999.9  -999.9
2017 01 20  0037   57773    2220    9  -999.9  -999.9  -999.9  -999.9  -999.9  -999.9
2017 01 20  0038   57773    2280    9  -999.9  -999.9  -999.9  -999.9  -999.9  -999.9
2017 01 20  0039   57773    2340    9  -999.9  -999.9  -999.9  -999.9  -999.9  -999.9
2017 01 20  0040   57773    2400    9  -999.9  -999.9  -999.9  -999.9  -999.9  -999.9
2017 01 20  0041   57773    2460    9  -999.9  -999.9  -999.9  -999.9  -999.9  -999.9
2017 01 20  0042   57773    2520    9  -999.9  -999.9  -999.9  -999.9  -999.9  -999.9
2017 01 20  0043   57773    2580    9  -999.9  -999.9  -999.9  -999.9  -999.9  -999.9
2017 01 20  0044   57773    2640    9  -999.9  -999.9  -999.9  -999.9  -999.9  -999.9
2017 01 20  0045   57773    2700    9  -999.9  -999.9  -999.9  -999.9  -999.9  -999.9
2017 01 20  0046   57773    2760    9  -999.9  -999.9  -999.9  -999.9  -999.9  -999.9
2017 01 20  0047   57773    2820    9  -999.9  -999.9  -999.9  -999.9  -999.9  -999.9
2017 01 20  0048   57773    2880    9  -999.9  -999.9  -999.9  -999.9  -999.9  -999.9
2017 01 20  0049   57773    2940    9  -999.9  -999.9  -999.9  -999.9  -999.9  -999.9
2017 01 20  0050   57773    3000    9  -999.9  -999.9  -999.9  -999.9  -999.9  -999.9
2017 01 20  0051   57773    3060    9  -999.9  -999.9  -999.9  -999.9  -999.9  -999.9
2017 01 20  0052   57773    3120    9  -999.9  -999.9  -999.9  -999.9  -999.9  -999.9
2017 01 20  0053   57773    3180    9  -999.9  -999.9  -999.9  -999.9  -999.9  -999.9
2017 01 20  0054   57773    3240    9  -999.9  -999.9  -999.9  -999.9  -999.9  -999.9
2017 01 20  0055   57773    3300    9  -999.9  -999.9  -999.9  -999.9  -999.9  -999.9
2017 01 20  0056   57773    3360    9  -999.9  -999.9  -999.9  -999.9  -999.9  -999.9
2017 01 20  0057   57773    3420    9  -999.9  -999.9  -999.9  -999.9  -999.9  -999.9
2017 01 20  0058   57773    3480    9  -999.9  -999.9  -999.9  -999.9  -999.9  -999.9
2017 01 20  0059   57773    3540    9  -999.9  -999.9  -999.9  -999.9  -999.9  -999.9
2017 01 20  0100   57773    3600    9  -999.9  -999.9  -999.9  -999.9  -999.9  -999.9
2017 01 20  0101   57773    3660    9  -999.9  -999.9  -999.9  -999.9  -999.9  -999.9
2017 01 20  0102   57773    3720    9  -999.9  -999.9  -999.9  -999.9  -999.9  -999.9
2017 01 20  0103   57773    3780    9  -999.9  -999.9  -999.9  -999.9  -999.9  -999.9
2017 01 20  0104   57773    3840    9  -999.9  -999.9  -999.9  -999.9  -999.9  -999.9
2017 01 20  0105   57773    3900    9  -999.9  -999.9  -999.9  -999.9  -999.9  -999.9
2017 01 20  0106   57773    3960    9  -999.9  -999.9  -999.9  -999.9  -999.9  -999.9
2017 01 20  0107   57773    4020    9  -999.9  -999.9  -999.9  -999.9  -999.9  -999.9
2017 01 20  0108   57773    4080    9  -999.9  -999.9  -999.9  -999.9  -999.9  -999.9
2017 01 20  0109   57773    4140    9  -999.9  -999.9  -999.9  -999.9  -999.9  -999.9
2017 01 20  0110   57773    4200    9  -999.9  -999.9  -999.9  -999.9  -999.9  -999.9
2017 01 20  0111   57773    4260    9  -999.9  -999.9  -999.9  -999.9  -999.9  -999.9
2017 01 20  0112   57773    4320    9  -999.9  -999.9  -999.9  -999.9  -999.9  -999.9
2017 01 20  0113   57773    4380    9  -999.9  -999.9  -999.9  -999.9  -999.9  -999.9
2017 01 20  0114   57773    4440    9  -999.9  -999.9  -999.9  -999.9  -999.9  -999.9
2017 01 20  0115   57773    4500    9  -999.9  -999.9  -999.9  -999.9  -999.9  -999.9
2017 01 20  0116   57773    4560    9  -999.9  -999.9  -999.9  -999.9  -999.9  -999.9
2017 01 20  0117   57773    4620    9  -999.9  -999.9  -999.9  -999.9  -999.9  -999.9
2017 01 20  0118   57773    4680    9  -999.9  -999.9  -999.9  -999.9  -999.9  -999.9
2017 01 20  0119   57773    4740    9  -999.9  -999.9  -999.9  -999.9  -999.9  -999.9
2017 01 20  0120   57773    4800    9  -999.9  -999.9  -999.9  -999.9  -999.9  -999.9
2017 01 20  0121   57773    4860    9  -999.9  -999.9  -999.9  -999.9  -999.9  -999.9
2017 01 20  0122   57773    4920    9  -999.9  -999.9  -999.9  -999.9  -999.9  -999.9
2017 01 20  0123   57773    4980    9  -999.9  -999.9  -999.9  -999.9  -999.9  -999.9
2017 01 20  0124   57773    5040    9  -999.9  -999.9  -999.9  -999.9  -999.9  -999.9
2017 01 20  0125   57773    5100    9  -999.9  -999.9  -999.9  -999.9  -999.9  -999.9
2017 01 20  0126   57773    5160    9  -999.9  -999.9  -999.9  -999.9  -999.9  -999.9
2017 01 20  0127   57773    5220    9  -999.9  -999.9  -999.9  -999.9  -999.9  -999.9
2017 01 20  0128   57773    5280    9  -999.9  -999.9  -999.9  -999.9  -999.9  -999.9
2017 01 20  0129   57773    5340    9  -999.9  -999.9  -999.9  -999.9  -999.9  -999.9
2017 01 20  0130   57773    5400    9  -999.9  -999.9  -999.9  -999.9  -999.9  -999.9
2017 01 20  0131   57773    5460    9  -999.9  -999.9  -999.9  -999.9  -999.9  -999.9
2017 01 20  0132   57773    5520    9  -999.9  -999.9  -999.9  -999.9  -999.9  -999.9
2017 01 20  0133   57773    5580    9  -999.9  -999.9  -999.9  -999.9  -999.9  -999.9
2017 01 20  0134   57773    5640    9  -999.9  -999.9  -999.9  -999.9  -999.9  -999.9
2017 01 20  0135   57773    5700    9  -999.9  -999.9  -999.9  -999.9  -999.9  -999.9
2017 01 20  0136   57773    5760    9  -999.9  -999.9  -999.9  -999.9  -999.9  -999.9
2017 01 20  0137   57773    5820    9  -999.9  -999.9  -999.9  -999.9  -999.9  -999.9
2017 01 20  0138   57773    5880    9  -999.9  -999.9  -999.9  -999.9  -999.9  -999.9
2017 01 20  0139   57773    5940    9  -999.9  -999.9  -999.9  -999.9  -999.9  -999.9
2017 01 20  0140   57773    6000    9  -999.9  -999.9  -999.9  -999.9  -999.9  -999.9
2017 01 20  0141   57773    6060    9  -999.9  -999.9  -999.9  -999.9  -999.9  -999.9
2017 01 20  0142   57773    6120    9  -999.9  -999.9  -999.9  -999.9  -999.9  -999.9
2017 01 20  0143   57773    6180    9  -999.9  -999.9  -999.9  -999.9  -999.9  -999.9
2017 01 20  0144   57773    6240    9  -999.9  -999.9  -999.9  -999.9  -999.9  -999.9
2017 01 20  0145   57773    6300    9  -999.9  -999.9  -999.9  -999.9  -999.9  -999.9
2017 01 20  0146   57773    6360    9  -999.9  -999.9  -999.9  -999.9  -999.9  -999.9
2017 01 20  0147   57773    6420    9  -999.9  -999.9  -999.9  -999.9  -999.9  -999.9
2017 01 20  0148   57773    6480    9  -999.9  -999.9  -999.9  -999.9  -999.9  -999.9
2017 01 20  0149   57773    6540    9  -999.9  -999.9  -999.9  -999.9  -999.9  -999.9
2017 01 20  0150   57773    6600    9  -999.9  -999.9  -999.9  -999.9  -999.9  -999.9
2017 01 20  0151   57773    6660    9  -999.9  -999.9  -999.9  -999.9  -999.9  -999.9
2017 01 20  0152   57773    6720    9  -999.9  -999.9  -999.9  -999.9  -999.9  -999.9
2017 01 20  0153   57773    6780    9  -999.9  -999.9  -999.9  -999.9  -999.9  -999.9
2017 01 20  0154   57773    6840    9  -999.9  -999.9  -999.9  -999.9  -999.9  -999.9
2017 01 20  0155   57773    6900    9  -999.9  -999.9  -999.9  -999.9  -999.9  -999.9
2017 01 20  0156   57773    6960    9  -999.9  -999.9  -999.9  -999.9  -999.9  -999.9
2017 01 20  0157   57773    7020    9  -999.9  -999.9  -999.9  -999.9  -999.9  -999.9
2017 01 20  0158   57773    7080    9  -999.9  -999.9  -999.9  -999.9  -999.9  -999.9
2017 01 20  0159   57773    7140    9  -999.9  -999.9  -999.9  -999.9  -999.9  -999.9
2017 01 20  0200   57773    7200    9  -999.9  -999.9  -999.9  -999.9  -999.9  -999.9
2017 01 20  0201   57773    7260    9  -999.9  -999.9  -999.9  -999.9  -999.9  -999.9
2017 01 20  0202   57773    7320    9  -999.9  -999.9  -999.9  -999.9  -999.9  -999.9
2017 01 20  0203   57773    7380    9  -999.9  -999.9  -999.9  -999.9  -999.9  -999.9
2017 01 20  0204   57773    7440    9  -999.9  -999.9  -999.9  -999.9  -999.9  -999.9
2017 01 20  0205   57773    7500    9  -999.9  -999.9  -999.9  -999.9  -999.9  -999.9
2017 01 20  0206   57773    7560    9  -999.9  -999.9  -999.9  -999.9  -999.9  -999.9
2017 01 20  0207   57773    7620    9  -999.9  -999.9  -999.9  -999.9  -999.9  -999.9
2017 01 20  0208   57773    7680    9  -999.9  -999.9  -999.9  -999.9  -999.9  -999.9
2017 01 20  0209   57773    7740    9  -999.9  -999.9  -999.9  -999.9  -999.9  -999.9
2017 01 20  0210   57773    7800    9  -999.9  -999.9  -999.9  -999.9  -999.9  -999.9
2017 01 20  0211   57773    7860    9  -999.9  -999.9  -999.9  -999.9  -999.9  -999.9
2017 01 20  0212   57773    7920    9  -999.9  -999.9  -999.9  -999.9  -999.9  -999.9
2017 01 20  0213   57773    7980    9  -999.9  -999.9  -999.9  -999.9  -999.9  -999.9
2017 01 20  0214   57773    8040    9  -999.9  -999.9  -999.9  -999.9  -999.9  -999.9
2017 01 20  0215   57773    8100    9  -999.9  -999.9  -999.9  -999.9  -999.9  -999.9
2017 01 20  0216   57773    8160    9  -999.9  -999.9  -999.9  -999.9  -999.9  -999.9
2017 01 20  0217   57773    8220    9  -999.9  -999.9  -999.9  -999.9  -999.9  -999.9
2017 01 20  0218   57773    8280    9  -999.9  -999.9  -999.9  -999.9  -999.9  -999.9
2017 01 20  0219   57773    8340    9  -999.9  -999.9  -999.9  -999.9  -999.9  -999.9
2017 01 20  0220   57773    8400    9  -999.9  -999.9  -999.9  -999.9  -999.9  -999.9
2017 01 20  0221   57773    8460    9  -999.9  -999.9  -999.9  -999.9  -999.9  -999.9
2017 01 20  0222   57773    8520    9  -999.9  -999.9  -999.9  -999.9  -999.9  -999.9
2017 01 20  0223   57773    8580    9  -999.9  -999.9  -999.9  -999.9  -999.9  -999.9
2017 01 20  0224   57773    8640    9  -999.9  -999.9  -999.9  -999.9  -999.9  -999.9
2017 01 20  0225   57773    8700    9  -999.9  -999.9  -999.9  -999.9  -999.9  -999.9
2017 01 20  0226   57773    8760    9  -999.9  -999.9  -999.9  -999.9  -999.9  -999.9
2017 01 20  0227   57773    8820    9  -999.9  -999.9  -999.9  -999.9  -999.9  -999.9
2017 01 20  0228   57773    8880    9  -999.9  -999.9  -999.9  -999.9  -999.9  -999.9
2017 01 20  0229   57773    8940    9  -999.9  -999.9  -999.9  -999.9  -999.9  -999.9
2017 01 20  0230   57773    9000    9  -999.9  -999.9  -999.9  -999.9  -999.9  -999.9
2017 01 20  0231   57773    9060    9  -999.9  -999.9  -999.9  -999.9  -999.9  -999.9
2017 01 20  0232   57773    9120    9  -999.9  -999.9  -999.9  -999.9  -999.9  -999.9
2017 01 20  0233   57773    9180    9  -999.9  -999.9  -999.9  -999.9  -999.9  -999.9
2017 01 20  0234   57773    9240    9  -999.9  -999.9  -999.9  -999.9  -999.9  -999.9
2017 01 20  0235   57773    9300    9  -999.9  -999.9  -999.9  -999.9  -999.9  -999.9
2017 01 20  0236   57773    9360    9  -999.9  -999.9  -999.9  -999.9  -999.9  -999.9
2017 01 20  0237   57773    9420    9  -999.9  -999.9  -999.9  -999.9  -999.9  -999.9
2017 01 20  0238   57773    9480    9  -999.9  -999.9  -999.9  -999.9  -999.9  -999.9
2017 01 20  0239   57773    9540    9  -999.9  -999.9  -999.9  -999.9  -999.9  -999.9
2017 01 20  0240   57773    9600    9  -999.9  -999.9  -999.9  -999.9  -999.9  -999.9
2017 01 20  0241   57773    9660    9  -999.9  -999.9  -999.9  -999.9  -999.9  -999.9
2017 01 20  0242   57773    9720    9  -999.9  -999.9  -999.9  -999.9  -999.9  -999.9
2017 01 20  0243   57773    9780    9  -999.9  -999.9  -999.9  -999.9  -999.9  -999.9
2017 01 20  0244   57773    9840    9  -999.9  -999.9  -999.9  -999.9  -999.9  -999.9
2017 01 20  0245   57773    9900    9  -999.9  -999.9  -999.9  -999.9  -999.9  -999.9
2017 01 20  0246   57773    9960    9  -999.9  -999.9  -999.9  -999.9  -999.9  -999.9
2017 01 20  0247   57773   10020    9  -999.9  -999.9  -999.9  -999.9  -999.9  -999.9
2017 01 20  0248   57773   10080    9  -999.9  -999.9  -999.9  -999.9  -999.9  -999.9
2017 01 20  0249   57773   10140    9  -999.9  -999.9  -999.9  -999.9  -999.9  -999.9
2017 01 20  0250   57773   10200    9  -999.9  -999.9  -999.9  -999.9  -999.9  -999.9
2017 01 20  0251   57773   10260    9  -999.9  -999.9  -999.9  -999.9  -999.9  -999.9
2017 01 20  0252   57773   10320    9  -999.9  -999.9  -999.9  -999.9  -999.9  -999.9
2017 01 20  0253   57773   10380    9  -999.9  -999.9  -999.9  -999.9  -999.9  -999.9
2017 01 20  0254   57773   10440    9  -999.9  -999.9  -999.9  -999.9  -999.9  -999.9
2017 01 20  0255   57773   10500    9  -999.9  -999.9  -999.9  -999.9  -999.9  -999.9
2017 01 20  0256   57773   10560    9  -999.9  -999.9  -999.9  -999.9  -999.9  -999.9
2017 01 20  0257   57773   10620    9  -999.9  -999.9  -999.9  -999.9  -999.9  -999.9
2017 01 20  0258   57773   10680    9  -999.9  -999.9  -999.9  -999.9  -999.9  -999.9
2017 01 20  0259   57773   10740    9  -999.9  -999.9  -999.9  -999.9  -999.9  -999.9
2017 01 20  0300   57773   10800    9  -999.9  -999.9  -999.9  -999.9  -999.9  -999.9
2017 01 20  0301   57773   10860    9  -999.9  -999.9  -999.9  -999.9  -999.9  -999.9
2017 01 20  0302   57773   10920    9  -999.9  -999.9  -999.9  -999.9  -999.9  -999.9
2017 01 20  0303   57773   10980    9  -999.9  -999.9  -999.9  -999.9  -999.9  -999.9
2017 01 20  0304   57773   11040    9  -999.9  -999.9  -999.9  -999.9  -999.9  -999.9
2017 01 20  0305   57773   11100    9  -999.9  -999.9  -999.9  -999.9  -999.9  -999.9
2017 01 20  0306   57773   11160    9  -999.9  -999.9  -999.9  -999.9  -999.9  -999.9
2017 01 20  0307   57773   11220    9  -999.9  -999.9  -999.9  -999.9  -999.9  -999.9
2017 01 20  0308   57773   11280    9  -999.9  -999.9  -999.9  -999.9  -999.9  -999.9
2017 01 20  0309   57773   11340    9  -999.9  -999.9  -999.9  -999.9  -999.9  -999.9
2017 01 20  0310   57773   11400    9  -999.9  -999.9  -999.9  -999.9  -999.9  -999.9
2017 01 20  0311   57773   11460    9  -999.9  -999.9  -999.9  -999.9  -999.9  -999.9
2017 01 20  0312   57773   11520    9  -999.9  -999.9  -999.9  -999.9  -999.9  -999.9
2017 01 20  0313   57773   11580    9  -999.9  -999.9  -999.9  -999.9  -999.9  -999.9
2017 01 20  0314   57773   11640    9  -999.9  -999.9  -999.9  -999.9  -999.9  -999.9
2017 01 20  0315   57773   11700    9  -999.9  -999.9  -999.9  -999.9  -999.9  -999.9
2017 01 20  0316   57773   11760    9  -999.9  -999.9  -999.9  -999.9  -999.9  -999.9
2017 01 20  0317   57773   11820    9  -999.9  -999.9  -999.9  -999.9  -999.9  -999.9
2017 01 20  0318   57773   11880    9  -999.9  -999.9  -999.9  -999.9  -999.9  -999.9
2017 01 20  0319   57773   11940    9  -999.9  -999.9  -999.9  -999.9  -999.9  -999.9
2017 01 20  0320   57773   12000    9  -999.9  -999.9  -999.9  -999.9  -999.9  -999.9
2017 01 20  0321   57773   12060    9  -999.9  -999.9  -999.9  -999.9  -999.9  -999.9
2017 01 20  0322   57773   12120    9  -999.9  -999.9  -999.9  -999.9  -999.9  -999.9
2017 01 20  0323   57773   12180    9  -999.9  -999.9  -999.9  -999.9  -999.9  -999.9
2017 01 20  0324   57773   12240    9  -999.9  -999.9  -999.9  -999.9  -999.9  -999.9
2017 01 20  0325   57773   12300    9  -999.9  -999.9  -999.9  -999.9  -999.9  -999.9
2017 01 20  0326   57773   12360    9  -999.9  -999.9  -999.9  -999.9  -999.9  -999.9
2017 01 20  0327   57773   12420    9  -999.9  -999.9  -999.9  -999.9  -999.9  -999.9
2017 01 20  0328   57773   12480    9  -999.9  -999.9  -999.9  -999.9  -999.9  -999.9
2017 01 20  0329   57773   12540    9  -999.9  -999.9  -999.9  -999.9  -999.9  -999.9
2017 01 20  0330   57773   12600    9  -999.9  -999.9  -999.9  -999.9  -999.9  -999.9
2017 01 20  0331   57773   12660    9  -999.9  -999.9  -999.9  -999.9  -999.9  -999.9
2017 01 20  0332   57773   12720    9  -999.9  -999.9  -999.9  -999.9  -999.9  -999.9
2017 01 20  0333   57773   12780    9  -999.9  -999.9  -999.9  -999.9  -999.9  -999.9
2017 01 20  0334   57773   12840    9  -999.9  -999.9  -999.9  -999.9  -999.9  -999.9
2017 01 20  0335   57773   12900    9  -999.9  -999.9  -999.9  -999.9  -999.9  -999.9
2017 01 20  0336   57773   12960    9  -999.9  -999.9  -999.9  -999.9  -999.9  -999.9
2017 01 20  0337   57773   13020    9  -999.9  -999.9  -999.9  -999.9  -999.9  -999.9
2017 01 20  0338   57773   13080    9  -999.9  -999.9  -999.9  -999.9  -999.9  -999.9
2017 01 20  0339   57773   13140    9  -999.9  -999.9  -999.9  -999.9  -999.9  -999.9
2017 01 20  0340   57773   13200    9  -999.9  -999.9  -999.9  -999.9  -999.9  -999.9
2017 01 20  0341   57773   13260    9  -999.9  -999.9  -999.9  -999.9  -999.9  -999.9
2017 01 20  0342   57773   13320    9  -999.9  -999.9  -999.9  -999.9  -999.9  -999.9
2017 01 20  0343   57773   13380    9  -999.9  -999.9  -999.9  -999.9  -999.9  -999.9
2017 01 20  0344   57773   13440    9  -999.9  -999.9  -999.9  -999.9  -999.9  -999.9
2017 01 20  0345   57773   13500    9  -999.9  -999.9  -999.9  -999.9  -999.9  -999.9
2017 01 20  0346   57773   13560    9  -999.9  -999.9  -999.9  -999.9  -999.9  -999.9
2017 01 20  0347   57773   13620    9  -999.9  -999.9  -999.9  -999.9  -999.9  -999.9
2017 01 20  0348   57773   13680    9  -999.9  -999.9  -999.9  -999.9  -999.9  -999.9
2017 01 20  0349   57773   13740    9  -999.9  -999.9  -999.9  -999.9  -999.9  -999.9
2017 01 20  0350   57773   13800    9  -999.9  -999.9  -999.9  -999.9  -999.9  -999.9
2017 01 20  0351   57773   13860    9  -999.9  -999.9  -999.9  -999.9  -999.9  -999.9
2017 01 20  0352   57773   13920    9  -999.9  -999.9  -999.9  -999.9  -999.9  -999.9
2017 01 20  0353   57773   13980    9  -999.9  -999.9  -999.9  -999.9  -999.9  -999.9
2017 01 20  0354   57773   14040    9  -999.9  -999.9  -999.9  -999.9  -999.9  -999.9
2017 01 20  0355   57773   14100    9  -999.9  -999.9  -999.9  -999.9  -999.9  -999.9
2017 01 20  0356   57773   14160    9  -999.9  -999.9  -999.9  -999.9  -999.9  -999.9
2017 01 20  0357   57773   14220    9  -999.9  -999.9  -999.9  -999.9  -999.9  -999.9
2017 01 20  0358   57773   14280    9  -999.9  -999.9  -999.9  -999.9  -999.9  -999.9
2017 01 20  0359   57773   14340    9  -999.9  -999.9  -999.9  -999.9  -999.9  -999.9
2017 01 20  0400   57773   14400    9  -999.9  -999.9  -999.9  -999.9  -999.9  -999.9
2017 01 20  0401   57773   14460    9  -999.9  -999.9  -999.9  -999.9  -999.9  -999.9
2017 01 20  0402   57773   14520    9  -999.9  -999.9  -999.9  -999.9  -999.9  -999.9
2017 01 20  0403   57773   14580    9  -999.9  -999.9  -999.9  -999.9  -999.9  -999.9
2017 01 20  0404   57773   14640    9  -999.9  -999.9  -999.9  -999.9  -999.9  -999.9
2017 01 20  0405   57773   14700    9  -999.9  -999.9  -999.9  -999.9  -999.9  -999.9
2017 01 20  0406   57773   14760    9  -999.9  -999.9  -999.9  -999.9  -999.9  -999.9
2017 01 20  0407   57773   14820    9  -999.9  -999.9  -999.9  -999.9  -999.9  -999.9
2017 01 20  0408   57773   14880    9  -999.9  -999.9  -999.9  -999.9  -999.9  -999.9
2017 01 20  0409   57773   14940    9  -999.9  -999.9  -999.9  -999.9  -999.9  -999.9
2017 01 20  0410   57773   15000    9  -999.9  -999.9  -999.9  -999.9  -999.9  -999.9
2017 01 20  0411   57773   15060    9  -999.9  -999.9  -999.9  -999.9  -999.9  -999.9
2017 01 20  0412   57773   15120    9  -999.9  -999.9  -999.9  -999.9  -999.9  -999.9
2017 01 20  0413   57773   15180    9  -999.9  -999.9  -999.9  -999.9  -999.9  -999.9
2017 01 20  0414   57773   15240    9  -999.9  -999.9  -999.9  -999.9  -999.9  -999.9
2017 01 20  0415   57773   15300    9  -999.9  -999.9  -999.9  -999.9  -999.9  -999.9
2017 01 20  0416   57773   15360    9  -999.9  -999.9  -999.9  -999.9  -999.9  -999.9
2017 01 20  0417   57773   15420    9  -999.9  -999.9  -999.9  -999.9  -999.9  -999.9
2017 01 20  0418   57773   15480    9  -999.9  -999.9  -999.9  -999.9  -999.9  -999.9
2017 01 20  0419   57773   15540    9  -999.9  -999.9  -999.9  -999.9  -999.9  -999.9
2017 01 20  0420   57773   15600    9  -999.9  -999.9  -999.9  -999.9  -999.9  -999.9
2017 01 20  0421   57773   15660    9  -999.9  -999.9  -999.9  -999.9  -999.9  -999.9
2017 01 20  0422   57773   15720    9  -999.9  -999.9  -999.9  -999.9  -999.9  -999.9
2017 01 20  0423   57773   15780    9  -999.9  -999.9  -999.9  -999.9  -999.9  -999.9
2017 01 20  0424   57773   15840    9  -999.9  -999.9  -999.9  -999.9  -999.9  -999.9
2017 01 20  0425   57773   15900    9  -999.9  -999.9  -999.9  -999.9  -999.9  -999.9
2017 01 20  0426   57773   15960    9  -999.9  -999.9  -999.9  -999.9  -999.9  -999.9
2017 01 20  0427   57773   16020    9  -999.9  -999.9  -999.9  -999.9  -999.9  -999.9
2017 01 20  0428   57773   16080    9  -999.9  -999.9  -999.9  -999.9  -999.9  -999.9
2017 01 20  0429   57773   16140    9  -999.9  -999.9  -999.9  -999.9  -999.9  -999.9
2017 01 20  0430   57773   16200    9  -999.9  -999.9  -999.9  -999.9  -999.9  -999.9
2017 01 20  0431   57773   16260    9  -999.9  -999.9  -999.9  -999.9  -999.9  -999.9
2017 01 20  0432   57773   16320    9  -999.9  -999.9  -999.9  -999.9  -999.9  -999.9
2017 01 20  0433   57773   16380    9  -999.9  -999.9  -999.9  -999.9  -999.9  -999.9
2017 01 20  0434   57773   16440    9  -999.9  -999.9  -999.9  -999.9  -999.9  -999.9
2017 01 20  0435   57773   16500    9  -999.9  -999.9  -999.9  -999.9  -999.9  -999.9
2017 01 20  0436   57773   16560    9  -999.9  -999.9  -999.9  -999.9  -999.9  -999.9
2017 01 20  0437   57773   16620    9  -999.9  -999.9  -999.9  -999.9  -999.9  -999.9
2017 01 20  0438   57773   16680    9  -999.9  -999.9  -999.9  -999.9  -999.9  -999.9
2017 01 20  0439   57773   16740    9  -999.9  -999.9  -999.9  -999.9  -999.9  -999.9
2017 01 20  0440   57773   16800    9  -999.9  -999.9  -999.9  -999.9  -999.9  -999.9
2017 01 20  0441   57773   16860    9  -999.9  -999.9  -999.9  -999.9  -999.9  -999.9
2017 01 20  0442   57773   16920    9  -999.9  -999.9  -999.9  -999.9  -999.9  -999.9
2017 01 20  0443   57773   16980    9  -999.9  -999.9  -999.9  -999.9  -999.9  -999.9
2017 01 20  0444   57773   17040    9  -999.9  -999.9  -999.9  -999.9  -999.9  -999.9
2017 01 20  0445   57773   17100    9  -999.9  -999.9  -999.9  -999.9  -999.9  -999.9
2017 01 20  0446   57773   17160    9  -999.9  -999.9  -999.9  -999.9  -999.9  -999.9
2017 01 20  0447   57773   17220    9  -999.9  -999.9  -999.9  -999.9  -999.9  -999.9
2017 01 20  0448   57773   17280    9  -999.9  -999.9  -999.9  -999.9  -999.9  -999.9
2017 01 20  0449   57773   17340    9  -999.9  -999.9  -999.9  -999.9  -999.9  -999.9
2017 01 20  0450   57773   17400    9  -999.9  -999.9  -999.9  -999.9  -999.9  -999.9
2017 01 20  0451   57773   17460    9  -999.9  -999.9  -999.9  -999.9  -999.9  -999.9
2017 01 20  0452   57773   17520    9  -999.9  -999.9  -999.9  -999.9  -999.9  -999.9
2017 01 20  0453   57773   17580    9  -999.9  -999.9  -999.9  -999.9  -999.9  -999.9
2017 01 20  0454   57773   17640    9  -999.9  -999.9  -999.9  -999.9  -999.9  -999.9
2017 01 20  0455   57773   17700    9  -999.9  -999.9  -999.9  -999.9  -999.9  -999.9
2017 01 20  0456   57773   17760    9  -999.9  -999.9  -999.9  -999.9  -999.9  -999.9
2017 01 20  0457   57773   17820    9  -999.9  -999.9  -999.9  -999.9  -999.9  -999.9
2017 01 20  0458   57773   17880    9  -999.9  -999.9  -999.9  -999.9  -999.9  -999.9
2017 01 20  0459   57773   17940    9  -999.9  -999.9  -999.9  -999.9  -999.9  -999.9
2017 01 20  0500   57773   18000    9  -999.9  -999.9  -999.9  -999.9  -999.9  -999.9
2017 01 20  0501   57773   18060    9  -999.9  -999.9  -999.9  -999.9  -999.9  -999.9
2017 01 20  0502   57773   18120    9  -999.9  -999.9  -999.9  -999.9  -999.9  -999.9
2017 01 20  0503   57773   18180    9  -999.9  -999.9  -999.9  -999.9  -999.9  -999.9
2017 01 20  0504   57773   18240    9  -999.9  -999.9  -999.9  -999.9  -999.9  -999.9
2017 01 20  0505   57773   18300    9  -999.9  -999.9  -999.9  -999.9  -999.9  -999.9
2017 01 20  0506   57773   18360    9  -999.9  -999.9  -999.9  -999.9  -999.9  -999.9
2017 01 20  0507   57773   18420    9  -999.9  -999.9  -999.9  -999.9  -999.9  -999.9
2017 01 20  0508   57773   18480    9  -999.9  -999.9  -999.9  -999.9  -999.9  -999.9
2017 01 20  0509   57773   18540    9  -999.9  -999.9  -999.9  -999.9  -999.9  -999.9
2017 01 20  0510   57773   18600    9  -999.9  -999.9  -999.9  -999.9  -999.9  -999.9
2017 01 20  0511   57773   18660    9  -999.9  -999.9  -999.9  -999.9  -999.9  -999.9
2017 01 20  0512   57773   18720    9  -999.9  -999.9  -999.9  -999.9  -999.9  -999.9
2017 01 20  0513   57773   18780    9  -999.9  -999.9  -999.9  -999.9  -999.9  -999.9
2017 01 20  0514   57773   18840    9  -999.9  -999.9  -999.9  -999.9  -999.9  -999.9
2017 01 20  0515   57773   18900    9  -999.9  -999.9  -999.9  -999.9  -999.9  -999.9
2017 01 20  0516   57773   18960    9  -999.9  -999.9  -999.9  -999.9  -999.9  -999.9
2017 01 20  0517   57773   19020    9  -999.9  -999.9  -999.9  -999.9  -999.9  -999.9
2017 01 20  0518   57773   19080    9  -999.9  -999.9  -999.9  -999.9  -999.9  -999.9
2017 01 20  0519   57773   19140    9  -999.9  -999.9  -999.9  -999.9  -999.9  -999.9
2017 01 20  0520   57773   19200    9  -999.9  -999.9  -999.9  -999.9  -999.9  -999.9
2017 01 20  0521   57773   19260    9  -999.9  -999.9  -999.9  -999.9  -999.9  -999.9
2017 01 20  0522   57773   19320    9  -999.9  -999.9  -999.9  -999.9  -999.9  -999.9
2017 01 20  0523   57773   19380    9  -999.9  -999.9  -999.9  -999.9  -999.9  -999.9
2017 01 20  0524   57773   19440    9  -999.9  -999.9  -999.9  -999.9  -999.9  -999.9
2017 01 20  0525   57773   19500    9  -999.9  -999.9  -999.9  -999.9  -999.9  -999.9
2017 01 20  0526   57773   19560    9  -999.9  -999.9  -999.9  -999.9  -999.9  -999.9
2017 01 20  0527   57773   19620    9  -999.9  -999.9  -999.9  -999.9  -999.9  -999.9
2017 01 20  0528   57773   19680    9  -999.9  -999.9  -999.9  -999.9  -999.9  -999.9
2017 01 20  0529   57773   19740    9  -999.9  -999.9  -999.9  -999.9  -999.9  -999.9
2017 01 20  0530   57773   19800    9  -999.9  -999.9  -999.9  -999.9  -999.9  -999.9
2017 01 20  0531   57773   19860    9  -999.9  -999.9  -999.9  -999.9  -999.9  -999.9
2017 01 20  0532   57773   19920    9  -999.9  -999.9  -999.9  -999.9  -999.9  -999.9
2017 01 20  0533   57773   19980    9  -999.9  -999.9  -999.9  -999.9  -999.9  -999.9
2017 01 20  0534   57773   20040    9  -999.9  -999.9  -999.9  -999.9  -999.9  -999.9
2017 01 20  0535   57773   20100    9  -999.9  -999.9  -999.9  -999.9  -999.9  -999.9
2017 01 20  0536   57773   20160    9  -999.9  -999.9  -999.9  -999.9  -999.9  -999.9
2017 01 20  0537   57773   20220    9  -999.9  -999.9  -999.9  -999.9  -999.9  -999.9
2017 01 20  0538   57773   20280    9  -999.9  -999.9  -999.9  -999.9  -999.9  -999.9
2017 01 20  0539   57773   20340    9  -999.9  -999.9  -999.9  -999.9  -999.9  -999.9
2017 01 20  0540   57773   20400    9  -999.9  -999.9  -999.9  -999.9  -999.9  -999.9
2017 01 20  0541   57773   20460    9  -999.9  -999.9  -999.9  -999.9  -999.9  -999.9
2017 01 20  0542   57773   20520    9  -999.9  -999.9  -999.9  -999.9  -999.9  -999.9
2017 01 20  0543   57773   20580    9  -999.9  -999.9  -999.9  -999.9  -999.9  -999.9
2017 01 20  0544   57773   20640    9  -999.9  -999.9  -999.9  -999.9  -999.9  -999.9
2017 01 20  0545   57773   20700    9  -999.9  -999.9  -999.9  -999.9  -999.9  -999.9
2017 01 20  0546   57773   20760    9  -999.9  -999.9  -999.9  -999.9  -999.9  -999.9
2017 01 20  0547   57773   20820    9  -999.9  -999.9  -999.9  -999.9  -999.9  -999.9
2017 01 20  0548   57773   20880    9  -999.9  -999.9  -999.9  -999.9  -999.9  -999.9
2017 01 20  0549   57773   20940    9  -999.9  -999.9  -999.9  -999.9  -999.9  -999.9
2017 01 20  0550   57773   21000    9  -999.9  -999.9  -999.9  -999.9  -999.9  -999.9
2017 01 20  0551   57773   21060    9  -999.9  -999.9  -999.9  -999.9  -999.9  -999.9
2017 01 20  0552   57773   21120    9  -999.9  -999.9  -999.9  -999.9  -999.9  -999.9
2017 01 20  0553   57773   21180    9  -999.9  -999.9  -999.9  -999.9  -999.9  -999.9
2017 01 20  0554   57773   21240    9  -999.9  -999.9  -999.9  -999.9  -999.9  -999.9
2017 01 20  0555   57773   21300    9  -999.9  -999.9  -999.9  -999.9  -999.9  -999.9
2017 01 20  0556   57773   21360    9  -999.9  -999.9  -999.9  -999.9  -999.9  -999.9
2017 01 20  0557   57773   21420    9  -999.9  -999.9  -999.9  -999.9  -999.9  -999.9
2017 01 20  0558   57773   21480    9  -999.9  -999.9  -999.9  -999.9  -999.9  -999.9
2017 01 20  0559   57773   21540    9  -999.9  -999.9  -999.9  -999.9  -999.9  -999.9
2017 01 20  0600   57773   21600    9  -999.9  -999.9  -999.9  -999.9  -999.9  -999.9
2017 01 20  0601   57773   21660    9  -999.9  -999.9  -999.9  -999.9  -999.9  -999.9
2017 01 20  0602   57773   21720    9  -999.9  -999.9  -999.9  -999.9  -999.9  -999.9
2017 01 20  0603   57773   21780    9  -999.9  -999.9  -999.9  -999.9  -999.9  -999.9
2017 01 20  0604   57773   21840    9  -999.9  -999.9  -999.9  -999.9  -999.9  -999.9
2017 01 20  0605   57773   21900    9  -999.9  -999.9  -999.9  -999.9  -999.9  -999.9
2017 01 20  0606   57773   21960    9  -999.9  -999.9  -999.9  -999.9  -999.9  -999.9
2017 01 20  0607   57773   22020    9  -999.9  -999.9  -999.9  -999.9  -999.9  -999.9
2017 01 20  0608   57773   22080    9  -999.9  -999.9  -999.9  -999.9  -999.9  -999.9
2017 01 20  0609   57773   22140    9  -999.9  -999.9  -999.9  -999.9  -999.9  -999.9
2017 01 20  0610   57773   22200    9  -999.9  -999.9  -999.9  -999.9  -999.9  -999.9
2017 01 20  0611   57773   22260    9  -999.9  -999.9  -999.9  -999.9  -999.9  -999.9
2017 01 20  0612   57773   22320    9  -999.9  -999.9  -999.9  -999.9  -999.9  -999.9
2017 01 20  0613   57773   22380    9  -999.9  -999.9  -999.9  -999.9  -999.9  -999.9
2017 01 20  0614   57773   22440    9  -999.9  -999.9  -999.9  -999.9  -999.9  -999.9
2017 01 20  0615   57773   22500    9  -999.9  -999.9  -999.9  -999.9  -999.9  -999.9
2017 01 20  0616   57773   22560    9  -999.9  -999.9  -999.9  -999.9  -999.9  -999.9
2017 01 20  0617   57773   22620    9  -999.9  -999.9  -999.9  -999.9  -999.9  -999.9
2017 01 20  0618   57773   22680    9  -999.9  -999.9  -999.9  -999.9  -999.9  -999.9
2017 01 20  0619   57773   22740    9  -999.9  -999.9  -999.9  -999.9  -999.9  -999.9
2017 01 20  0620   57773   22800    9  -999.9  -999.9  -999.9  -999.9  -999.9  -999.9
2017 01 20  0621   57773   22860    9  -999.9  -999.9  -999.9  -999.9  -999.9  -999.9
2017 01 20  0622   57773   22920    9  -999.9  -999.9  -999.9  -999.9  -999.9  -999.9
2017 01 20  0623   57773   22980    9  -999.9  -999.9  -999.9  -999.9  -999.9  -999.9
2017 01 20  0624   57773   23040    9  -999.9  -999.9  -999.9  -999.9  -999.9  -999.9
2017 01 20  0625   57773   23100    9  -999.9  -999.9  -999.9  -999.9  -999.9  -999.9
2017 01 20  0626   57773   23160    9  -999.9  -999.9  -999.9  -999.9  -999.9  -999.9
2017 01 20  0627   57773   23220    9  -999.9  -999.9  -999.9  -999.9  -999.9  -999.9
2017 01 20  0628   57773   23280    9  -999.9  -999.9  -999.9  -999.9  -999.9  -999.9
2017 01 20  0629   57773   23340    9  -999.9  -999.9  -999.9  -999.9  -999.9  -999.9
2017 01 20  0630   57773   23400    9  -999.9  -999.9  -999.9  -999.9  -999.9  -999.9
2017 01 20  0631   57773   23460    9  -999.9  -999.9  -999.9  -999.9  -999.9  -999.9
2017 01 20  0632   57773   23520    9  -999.9  -999.9  -999.9  -999.9  -999.9  -999.9
2017 01 20  0633   57773   23580    9  -999.9  -999.9  -999.9  -999.9  -999.9  -999.9
2017 01 20  0634   57773   23640    9  -999.9  -999.9  -999.9  -999.9  -999.9  -999.9
2017 01 20  0635   57773   23700    9  -999.9  -999.9  -999.9  -999.9  -999.9  -999.9
2017 01 20  0636   57773   23760    9  -999.9  -999.9  -999.9  -999.9  -999.9  -999.9
2017 01 20  0637   57773   23820    9  -999.9  -999.9  -999.9  -999.9  -999.9  -999.9
2017 01 20  0638   57773   23880    9  -999.9  -999.9  -999.9  -999.9  -999.9  -999.9
2017 01 20  0639   57773   23940    9  -999.9  -999.9  -999.9  -999.9  -999.9  -999.9
2017 01 20  0640   57773   24000    9  -999.9  -999.9  -999.9  -999.9  -999.9  -999.9
2017 01 20  0641   57773   24060    9  -999.9  -999.9  -999.9  -999.9  -999.9  -999.9
2017 01 20  0642   57773   24120    9  -999.9  -999.9  -999.9  -999.9  -999.9  -999.9
2017 01 20  0643   57773   24180    9  -999.9  -999.9  -999.9  -999.9  -999.9  -999.9
2017 01 20  0644   57773   24240    9  -999.9  -999.9  -999.9  -999.9  -999.9  -999.9
2017 01 20  0645   57773   24300    9  -999.9  -999.9  -999.9  -999.9  -999.9  -999.9
2017 01 20  0646   57773   24360    9  -999.9  -999.9  -999.9  -999.9  -999.9  -999.9
2017 01 20  0647   57773   24420    9  -999.9  -999.9  -999.9  -999.9  -999.9  -999.9
2017 01 20  0648   57773   24480    9  -999.9  -999.9  -999.9  -999.9  -999.9  -999.9
2017 01 20  0649   57773   24540    9  -999.9  -999.9  -999.9  -999.9  -999.9  -999.9
2017 01 20  0650   57773   24600    9  -999.9  -999.9  -999.9  -999.9  -999.9  -999.9
2017 01 20  0651   57773   24660    9  -999.9  -999.9  -999.9  -999.9  -999.9  -999.9
2017 01 20  0652   57773   24720    9  -999.9  -999.9  -999.9  -999.9  -999.9  -999.9
2017 01 20  0653   57773   24780    0    -3.5     1.1    -1.3     3.9   -19.2   162.9
2017 01 20  0654   57773   24840    0    -3.5     1.0    -1.5     3.9   -22.8   163.7
2017 01 20  0655   57773   24900    0    -3.5     1.1    -1.4     3.9   -21.1   161.6
2017 01 20  0656   57773   24960    0    -2.9     2.0     0.3     3.5     4.4   144.5
2017 01 20  0657   57773   25020    0    -3.0     2.1     0.1     3.7     2.2   144.6
2017 01 20  0658   57773   25080    0    -3.3     2.3    -1.3     4.2   -17.3   145.5
2017 01 20  0659   57773   25140    0    -3.4     2.0    -1.7     4.3   -23.5   150.0
2017 01 20  0700   57773   25200    0    -3.5     1.9    -1.7     4.3   -22.9   151.4
2017 01 20  0701   57773   25260    0    -3.4     2.4    -0.7     4.2    -9.8   144.0
2017 01 20  0702   57773   25320    0    -3.4     2.3    -1.0     4.2   -13.8   145.8
2017 01 20  0703   57773   25380    0    -3.0     3.0    -0.4     4.2    -4.9   135.2
2017 01 20  0704   57773   25440    0    -3.6     1.8    -1.6     4.3   -21.2   153.4
2017 01 20  0705   57773   25500    0    -4.0     1.0    -1.8     4.5   -22.8   165.9
2017 01 20  0706   57773   25560    0    -3.8     1.9    -1.8     4.6   -22.8   153.5
2017 01 20  0707   57773   25620    0    -3.9     1.8    -1.6     4.6   -20.0   155.7
2017 01 20  0708   57773   25680    0    -3.8     1.9    -1.7     4.6   -22.3   153.9
2017 01 20  0709   57773   25740    0    -3.9     1.4    -1.9     4.6   -24.3   160.1
2017 01 20  0710   57773   25800    0    -4.0     1.7    -1.5     4.6   -18.9   156.2
2017 01 20  0711   57773   25860    0    -3.7     2.2    -1.3     4.5   -17.0   149.5
2017 01 20  0712   57773   25920    0    -4.0     1.9    -1.4     4.6   -17.7   154.2
2017 01 20  0713   57773   25980    0    -3.9     1.8    -1.6     4.6   -20.1   155.3
2017 01 20  0714   57773   26040    0    -4.1     1.6    -1.3     4.6   -16.4   158.9
2017 01 20  0715   57773   26100    0    -4.0     1.6    -1.7     4.6   -20.9   158.7
2017 01 20  0716   57773   26160    0    -4.1     1.4    -1.5     4.6   -19.4   161.3
2017 01 20  0717   57773   26220    0    -3.7     1.4    -2.3     4.6   -30.1   158.9
2017 01 20  0718   57773   26280    0    -3.3     1.3    -2.7     4.4   -37.1   157.7
2017 01 20  0719   57773   26340    0    -3.3     1.2    -2.7     4.4   -37.5   159.6
2017 01 20  0720   57773   26400    0    -3.7     1.5    -1.1     4.2   -15.5   158.1
2017 01 20  0721   57773   26460    0    -3.9     1.8    -0.3     4.3    -3.8   155.9
2017 01 20  0722   57773   26520    0    -3.8     1.6     0.1     4.2     0.9   156.8
2017 01 20  0723   57773   26580    0    -4.0     1.4     0.3     4.2     4.0   160.0
2017 01 20  0724   57773   26640    0    -3.9     1.4     0.6     4.2     8.7   160.4
2017 01 20  0725   57773   26700    0    -3.9     1.5     0.5     4.2     6.8   159.3
2017 01 20  0726   57773   26760    0    -3.9     1.5     0.4     4.2     5.8   159.2
2017 01 20  0727   57773   26820    0    -4.1     1.5     0.5     4.3     6.1   160.1
2017 01 20  0728   57773   26880    0    -4.0     1.3     1.0     4.3    14.1   162.2
2017 01 20  0729   57773   26940    0    -3.9     1.2     0.9     4.2    11.9   163.3
2017 01 20  0730   57773   27000    0    -3.8     1.1     1.3     4.1    18.0   163.2
2017 01 20  0731   57773   27060    0    -4.0     1.0     0.7     4.2    10.3   165.8
2017 01 20  0732   57773   27120    0    -3.7     1.3     1.6     4.3    21.9   160.2
2017 01 20  0733   57773   27180    0    -3.9     1.1     1.2     4.2    16.6   163.8
2017 01 20  0734   57773   27240    0    -4.2     0.9     0.6     4.3     7.9   167.7
2017 01 20  0735   57773   27300    0    -4.2     0.7    -0.2     4.3    -2.3   170.8
2017 01 20  0736   57773   27360    0    -4.2     0.5    -0.8     4.3   -11.0   173.6
2017 01 20  0737   57773   27420    0    -4.4     0.6     0.1     4.4     1.6   172.4
2017 01 20  0738   57773   27480    0    -4.4     0.4     0.2     4.4     2.0   175.2
2017 01 20  0739   57773   27540    0    -4.4     0.5     0.2     4.4     2.3   174.0
2017 01 20  0740   57773   27600    0    -4.4     0.5     0.1     4.5     1.7   173.4
2017 01 20  0741   57773   27660    0    -4.3     0.7     0.7     4.4     9.7   171.3
2017 01 20  0742   57773   27720    0    -4.3     0.5     0.7     4.4     9.0   173.4
2017 01 20  0743   57773   27780    0    -4.4     0.3     0.5     4.4     6.4   176.1
2017 01 20  0744   57773   27840    0    -4.4     0.0     0.8     4.4    10.0   179.9
2017 01 20  0745   57773   27900    0    -4.4    -0.4     0.7     4.4     8.7   185.4
2017 01 20  0746   57773   27960    0    -4.4    -0.3     0.2     4.4     2.9   184.4
2017 01 20  0747   57773   28020    0    -4.4    -0.3    -0.2     4.4    -2.5   184.1
2017 01 20  0748   57773   28080    0    -4.4    -0.2    -0.6     4.4    -7.4   182.4
2017 01 20  0749   57773   28140    0    -4.3    -0.3    -1.0     4.4   -12.5   183.8
2017 01 20  0750   57773   28200    0    -4.3    -0.4    -0.9     4.4   -12.2   184.8
2017 01 20  0751   57773   28260    0    -4.3    -0.3    -1.1     4.4   -13.8   184.0
2017 01 20  0752   57773   28320    0    -4.3    -0.3    -1.0     4.4   -13.0   183.5
2017 01 20  0753   57773   28380    0    -4.4    -0.0    -0.3     4.5    -4.1   180.6
2017 01 20  0754   57773   28440    0    -4.4    -0.0    -0.5     4.4    -6.7   180.2
2017 01 20  0755   57773   28500    0    -4.2     0.1     1.1     4.3    15.0   178.8
2017 01 20  0756   57773   28560    0    -4.1    -0.1     1.2     4.3    16.5   181.4
2017 01 20  0757   57773   28620    0    -4.1     0.0     1.0     4.2    14.3   179.5
2017 01 20  0758   57773   28680    0    -4.2     0.1     0.3     4.2     3.8   178.6
2017 01 20  0759   57773   28740    0    -4.1     0.5     0.1     4.2     2.0   173.2
2017 01 20  0800   57773   28800    0    -3.9     1.2    -0.3     4.1    -4.1   162.9
2017 01 20  0801   57773   28860    0    -3.6     1.6    -1.1     4.1   -15.1   156.6
2017 01 20  0802   57773   28920    0    -3.6     1.1    -1.4     4.0   -21.0   163.3
2017 01 20  0803   57773   28980    0    -3.7     1.1    -1.1     4.0   -16.4   163.0
2017 01 20  0804   57773   29040    0    -3.5     1.5    -1.5     4.1   -21.0   156.7
2017 01 20  0805   57773   29100    0    -3.6     1.3    -1.5     4.1   -21.7   160.5
2017 01 20  0806   57773   29160    0    -3.6     1.0    -1.5     4.1   -21.6   165.2
2017 01 20  0807   57773   29220    0    -3.9     0.5    -1.3     4.1   -18.3   171.9
2017 01 20  0808   57773   29280    0    -3.7     0.7    -1.4     4.0   -20.2   170.1
2017 01 20  0809   57773   29340    0    -3.8     0.5    -1.1     4.0   -16.5   172.5
2017 01 20  0810   57773   29400    0    -3.9     0.2    -1.2     4.1   -17.4   177.6
2017 01 20  0811   57773   29460    0    -4.0    -0.1    -1.0     4.1   -14.4   181.2
2017 01 20  0812   57773   29520    0    -3.9     0.8    -1.3     4.2   -18.3   168.5
2017 01 20  0813   57773   29580    0    -3.7     0.8    -1.6     4.1   -22.4   167.6
2017 01 20  0814   57773   29640    0    -3.6     0.5    -1.8     4.1   -27.0   171.7
2017 01 20  0815   57773   29700    0    -3.7    -0.2    -1.6     4.0   -23.7   182.7
2017 01 20  0816   57773   29760    0    -3.7     0.2    -1.6     4.0   -23.7   177.4
2017 01 20  0817   57773   29820    0    -3.2     1.7    -0.8     3.8   -12.6   151.9
2017 01 20  0818   57773   29880    0    -3.4     2.4    -0.0     4.1    -0.7   144.8
2017 01 20  0819   57773   29940    0    -3.5     2.1    -0.3     4.1    -4.1   148.7
2017 01 20  0820   57773   30000    0    -3.6     1.6    -1.0     4.0   -15.0   155.9
2017 01 20  0821   57773   30060    0    -3.6     0.9    -1.4     4.0   -20.2   165.9
2017 01 20  0822   57773   30120    0    -3.8     0.5    -1.3     4.0   -18.4   172.6
2017 01 20  0823   57773   30180    0    -3.7     0.6    -1.4     4.0   -20.7   170.5
2017 01 20  0824   57773   30240    0    -3.8     0.5    -1.5     4.1   -21.0   171.8
2017 01 20  0825   57773   30300    0    -3.7     0.7    -1.5     4.0   -21.1   168.9
2017 01 20  0826   57773   30360    0    -3.6     0.7    -1.6     4.0   -23.9   169.6
2017 01 20  0827   57773   30420    0    -3.6     0.1    -2.1     4.2   -30.3   177.7
2017 01 20  0828   57773   30480    0    -3.5     0.1    -2.2     4.1   -32.4   177.8
2017 01 20  0829   57773   30540    0    -3.4     0.1    -2.3     4.1   -34.0   178.3
2017 01 20  0830   57773   30600    0    -3.4     0.1    -2.3     4.1   -34.2   178.9
2017 01 20  0831   57773   30660    0    -3.2     0.0    -2.3     4.0   -36.2   179.8
2017 01 20  0832   57773   30720    0    -3.5     0.2    -2.2     4.1   -32.1   175.9
2017 01 20  0833   57773   30780    0    -3.7     0.6    -1.8     4.1   -25.6   171.0
2017 01 20  0834   57773   30840    0    -3.7     0.8    -1.7     4.2   -23.9   167.7
2017 01 20  0835   57773   30900    0    -3.8     1.1    -1.6     4.2   -21.7   163.3
2017 01 20  0836   57773   30960    0    -3.6     1.4    -1.3     4.1   -18.6   158.6
2017 01 20  0837   57773   31020    0    -3.7     1.3    -1.2     4.1   -17.7   160.9
2017 01 20  0838   57773   31080    0    -3.7     1.2    -1.3     4.1   -18.3   161.9
2017 01 20  0839   57773   31140    0    -3.5     1.4    -1.3     4.0   -19.0   158.3
2017 01 20  0840   57773   31200    0    -3.4     1.1    -1.6     3.9   -23.7   162.5
2017 01 20  0841   57773   31260    0    -3.3     1.2    -1.7     3.9   -26.0   160.7
2017 01 20  0842   57773   31320    0    -3.3     1.7    -1.1     3.9   -16.3   153.4
2017 01 20  0843   57773   31380    0    -3.2     1.4    -1.5     3.8   -23.8   155.5
2017 01 20  0844   57773   31440    0    -3.2     1.5    -1.7     3.9   -25.7   154.6
2017 01 20  0845   57773   31500    0    -3.0     1.6    -1.9     3.9   -28.3   152.4
2017 01 20  0846   57773   31560    0    -3.0     1.3    -2.0     3.9   -31.5   156.0
2017 01 20  0847   57773   31620    0    -3.5     1.8    -1.1     4.1   -15.5   153.5
2017 01 20  0848   57773   31680    0    -3.4     1.8    -1.2     4.0   -17.7   151.5
2017 01 20  0849   57773   31740    0    -3.3     2.2    -0.6     4.0    -9.2   146.9
2017 01 20  0850   57773   31800    0    -3.4     2.3    -0.5     4.1    -6.7   146.2
2017 01 20  0851   57773   31860    0    -3.5     2.0    -0.6     4.1    -8.0   149.9
2017 01 20  0852   57773   31920    0    -3.7     1.6    -0.7     4.1   -10.0   155.8
2017 01 20  0853   57773   31980    0    -2.5     3.0     0.4     3.9     6.6   130.0
2017 01 20  0854   57773   32040    0    -2.4     3.1     0.8     4.0    11.4   127.8
2017 01 20  0855   57773   32100    0    -2.3     3.2     0.6     4.0     8.2   125.4
2017 01 20  0856   57773   32160    0    -2.2     3.2     0.7     3.9    10.4   124.8
2017 01 20  0857   57773   32220    0    -2.3     3.0     0.6     3.8     9.2   127.2
2017 01 20  0858   57773   32280    0    -1.5     3.4     1.3     3.9    18.8   114.3
2017 01 20  0859   57773   32340    0    -0.6     3.6     1.8     4.1    26.3    99.0
2017 01 20  0900   57773   32400    0    -0.3     3.4     2.0     4.0    30.4    94.4
2017 01 20  0901   57773   32460    0    -1.0     3.4     1.6     3.9    24.1   106.8
2017 01 20  0902   57773   32520    0    -1.8     3.5     1.4     4.1    19.4   117.4
2017 01 20  0903   57773   32580    0    -1.7     3.5     1.5     4.2    20.3   116.1
2017 01 20  0904   57773   32640    0    -1.8     3.7     0.5     4.2     7.6   115.7
2017 01 20  0905   57773   32700    0    -0.6     3.6     1.9     4.2    27.0    99.9
2017 01 20  0906   57773   32760    0    -0.9     3.8     1.6     4.2    22.7   103.2
2017 01 20  0907   57773   32820    0    -0.9     4.0     1.0     4.2    14.3   102.2
2017 01 20  0908   57773   32880    0    -0.7     4.0     1.1     4.2    15.4    99.7
2017 01 20  0909   57773   32940    0    -1.1     3.9     1.3     4.3    17.2   106.1
2017 01 20  0910   57773   33000    0    -1.5     3.9     1.0     4.3    14.1   110.9
2017 01 20  0911   57773   33060    0    -1.4     3.8     1.4     4.3    19.2   110.4
2017 01 20  0912   57773   33120    0    -1.5     3.8     1.3     4.3    17.6   111.3
2017 01 20  0913   57773   33180    0    -1.7     3.7     1.1     4.2    15.4   114.8
2017 01 20  0914   57773   33240    0    -1.9     3.6     1.1     4.2    15.0   117.8
2017 01 20  0915   57773   33300    0    -2.6     3.4     0.8     4.3    11.1   127.3
2017 01 20  0916   57773   33360    0    -2.5     3.5     0.3     4.3     4.0   125.6
2017 01 20  0917   57773   33420    0    -2.6     3.2     0.1     4.2     2.0   128.8
2017 01 20  0918   57773   33480    0    -3.5    -0.3    -2.2     4.1   -31.5   185.3
2017 01 20  0919   57773   33540    0    -3.5    -0.5    -2.1     4.1   -30.4   187.3
2017 01 20  0920   57773   33600    0    -3.7    -0.1    -2.0     4.2   -28.3   181.3
2017 01 20  0921   57773   33660    0    -3.8    -0.1    -2.0     4.3   -28.1   181.9
2017 01 20  0922   57773   33720    0    -3.7     0.3    -1.9     4.2   -27.5   176.1
2017 01 20  0923   57773   33780    0    -3.8     0.4    -1.8     4.2   -24.7   173.9
2017 01 20  0924   57773   33840    0    -3.7     1.0    -1.9     4.3   -26.8   165.2
2017 01 20  0925   57773   33900    0    -3.7     0.4    -2.1     4.3   -29.7   173.6
2017 01 20  0926   57773   33960    0    -3.8     0.2    -1.9     4.3   -27.0   176.8
2017 01 20  0927   57773   34020    0    -3.9     0.9    -1.3     4.2   -17.8   166.5
2017 01 20  0928   57773   34080    0    -4.0     1.0    -1.2     4.3   -16.7   165.8
2017 01 20  0929   57773   34140    0    -4.0     1.0    -1.1     4.3   -15.5   166.6
2017 01 20  0930   57773   34200    0    -3.9     1.4    -0.4     4.1    -5.6   159.8
2017 01 20  0931   57773   34260    0    -3.8     1.5     0.0     4.1     0.3   157.8
2017 01 20  0932   57773   34320    0    -3.6     1.6     0.1     4.0     1.7   156.2
2017 01 20  0933   57773   34380    0    -3.8     1.6    -0.0     4.1    -0.1   157.3
2017 01 20  0934   57773   34440    0    -3.9     1.4    -0.6     4.1    -8.4   160.3
2017 01 20  0935   57773   34500    0    -3.6     1.5    -1.0     4.0   -14.3   157.3
2017 01 20  0936   57773   34560    0    -3.4     0.8    -2.0     4.0   -30.1   167.4
2017 01 20  0937   57773   34620    0    -3.7     0.7    -1.6     4.1   -23.0   168.6
2017 01 20  0938   57773   34680    0    -3.8     1.3    -1.0     4.1   -14.1   161.5
2017 01 20  0939   57773   34740    0    -3.8     1.2    -1.1     4.2   -16.0   162.6
2017 01 20  0940   57773   34800    0    -3.6     1.5    -0.6     3.9    -8.4   157.9
2017 01 20  0941   57773   34860    0    -3.6     1.5    -0.3     3.9    -4.0   157.3
2017 01 20  0942   57773   34920    0    -3.5     1.6    -0.1     3.9    -1.5   155.5
2017 01 20  0943   57773   34980    0    -3.4     1.8    -0.2     3.8    -2.5   152.7
2017 01 20  0944   57773   35040    0    -3.3     1.9    -0.1     3.8    -2.0   150.7
2017 01 20  0945   57773   35100    0    -3.5     1.4    -0.0     3.7    -0.6   157.5
2017 01 20  0946   57773   35160    0    -3.5     1.6    -0.2     3.9    -2.3   155.5
2017 01 20  0947   57773   35220    0    -3.5     1.5    -0.2     3.8    -2.5   156.2
2017 01 20  0948   57773   35280    0    -3.5     1.4    -0.1     3.8    -1.7   158.0
2017 01 20  0949   57773   35340    0    -3.7     1.1    -0.3     3.8    -5.1   163.7
2017 01 20  0950   57773   35400    0    -3.6     0.7    -0.3     3.6    -4.4   168.2
2017 01 20  0951   57773   35460    0    -3.7     0.3     0.2     3.7     2.6   174.9
2017 01 20  0952   57773   35520    0    -3.7    -0.2    -0.1     3.7    -1.0   182.6
2017 01 20  0953   57773   35580    0    -3.4     0.1    -1.0     3.6   -15.8   177.9
2017 01 20  0954   57773   35640    0    -3.6     0.6    -0.7     3.7   -10.5   169.7
2017 01 20  0955   57773   35700    0    -3.4     1.5     0.4     3.7     6.8   156.9
2017 01 20  0956   57773   35760    0    -2.9     2.0     1.1     3.7    16.7   145.0
2017 01 20  0957   57773   35820    0    -1.7     2.4     1.9     3.5    32.7   125.7
2017 01 20  0958   57773   35880    0    -3.0     0.3    -1.0     3.2   -18.1   173.8
2017 01 20  0959   57773   35940    9  -999.9  -999.9  -999.9  -999.9  -999.9  -999.9
