:Data_list: 20170224_ace_mag_1m.txt
:Created: 2017 Feb 24 1001 UT
# Prepared by the U.S. Dept. of Commerce, NOAA, Space Weather Prediction Center
# Please send comments and suggestions to SWPC.Webmaster@noaa.gov 
# 
# Magnetometer values are in GSM coordinates.
# 
# Units: Bx, By, Bz, Bt in nT
# Units: Latitude  degrees +/-  90.0
# Units: Longitude degrees 0.0 - 360.0
# Status(S): 0 = nominal data, 1 to 8 = bad data record, 9 = no data
# Missing data values: -999.9
# Source: ACE Satellite - Magnetometer
#
#              1-minute averaged Real-time Interplanetary Magnetic Field Values 
# 
#                 Modified Seconds
# UT Date   Time  Julian   of the   ----------------  GSM Coordinates ---------------
# YR MO DA  HHMM    Day      Day    S     Bx      By      Bz      Bt     Lat.   Long.
#------------------------------------------------------------------------------------
2017 02 24  0000   57808       0    9  -999.9  -999.9  -999.9  -999.9  -999.9  -999.9
2017 02 24  0001   57808      60    9  -999.9  -999.9  -999.9  -999.9  -999.9  -999.9
2017 02 24  0002   57808     120    9  -999.9  -999.9  -999.9  -999.9  -999.9  -999.9
2017 02 24  0003   57808     180    9  -999.9  -999.9  -999.9  -999.9  -999.9  -999.9
2017 02 24  0004   57808     240    9  -999.9  -999.9  -999.9  -999.9  -999.9  -999.9
2017 02 24  0005   57808     300    9  -999.9  -999.9  -999.9  -999.9  -999.9  -999.9
2017 02 24  0006   57808     360    9  -999.9  -999.9  -999.9  -999.9  -999.9  -999.9
2017 02 24  0007   57808     420    9  -999.9  -999.9  -999.9  -999.9  -999.9  -999.9
2017 02 24  0008   57808     480    9  -999.9  -999.9  -999.9  -999.9  -999.9  -999.9
2017 02 24  0009   57808     540    9  -999.9  -999.9  -999.9  -999.9  -999.9  -999.9
2017 02 24  0010   57808     600    9  -999.9  -999.9  -999.9  -999.9  -999.9  -999.9
2017 02 24  0011   57808     660    9  -999.9  -999.9  -999.9  -999.9  -999.9  -999.9
2017 02 24  0012   57808     720    9  -999.9  -999.9  -999.9  -999.9  -999.9  -999.9
2017 02 24  0013   57808     780    9  -999.9  -999.9  -999.9  -999.9  -999.9  -999.9
2017 02 24  0014   57808     840    9  -999.9  -999.9  -999.9  -999.9  -999.9  -999.9
2017 02 24  0015   57808     900    9  -999.9  -999.9  -999.9  -999.9  -999.9  -999.9
2017 02 24  0016   57808     960    9  -999.9  -999.9  -999.9  -999.9  -999.9  -999.9
2017 02 24  0017   57808    1020    9  -999.9  -999.9  -999.9  -999.9  -999.9  -999.9
2017 02 24  0018   57808    1080    9  -999.9  -999.9  -999.9  -999.9  -999.9  -999.9
2017 02 24  0019   57808    1140    9  -999.9  -999.9  -999.9  -999.9  -999.9  -999.9
2017 02 24  0020   57808    1200    9  -999.9  -999.9  -999.9  -999.9  -999.9  -999.9
2017 02 24  0021   57808    1260    9  -999.9  -999.9  -999.9  -999.9  -999.9  -999.9
2017 02 24  0022   57808    1320    9  -999.9  -999.9  -999.9  -999.9  -999.9  -999.9
2017 02 24  0023   57808    1380    9  -999.9  -999.9  -999.9  -999.9  -999.9  -999.9
2017 02 24  0024   57808    1440    9  -999.9  -999.9  -999.9  -999.9  -999.9  -999.9
2017 02 24  0025   57808    1500    9  -999.9  -999.9  -999.9  -999.9  -999.9  -999.9
2017 02 24  0026   57808    1560    9  -999.9  -999.9  -999.9  -999.9  -999.9  -999.9
2017 02 24  0027   57808    1620    9  -999.9  -999.9  -999.9  -999.9  -999.9  -999.9
2017 02 24  0028   57808    1680    9  -999.9  -999.9  -999.9  -999.9  -999.9  -999.9
2017 02 24  0029   57808    1740    9  -999.9  -999.9  -999.9  -999.9  -999.9  -999.9
2017 02 24  0030   57808    1800    9  -999.9  -999.9  -999.9  -999.9  -999.9  -999.9
2017 02 24  0031   57808    1860    9  -999.9  -999.9  -999.9  -999.9  -999.9  -999.9
2017 02 24  0032   57808    1920    9  -999.9  -999.9  -999.9  -999.9  -999.9  -999.9
2017 02 24  0033   57808    1980    9  -999.9  -999.9  -999.9  -999.9  -999.9  -999.9
2017 02 24  0034   57808    2040    9  -999.9  -999.9  -999.9  -999.9  -999.9  -999.9
2017 02 24  0035   57808    2100    9  -999.9  -999.9  -999.9  -999.9  -999.9  -999.9
2017 02 24  0036   57808    2160    9  -999.9  -999.9  -999.9  -999.9  -999.9  -999.9
2017 02 24  0037   57808    2220    9  -999.9  -999.9  -999.9  -999.9  -999.9  -999.9
2017 02 24  0038   57808    2280    9  -999.9  -999.9  -999.9  -999.9  -999.9  -999.9
2017 02 24  0039   57808    2340    9  -999.9  -999.9  -999.9  -999.9  -999.9  -999.9
2017 02 24  0040   57808    2400    9  -999.9  -999.9  -999.9  -999.9  -999.9  -999.9
2017 02 24  0041   57808    2460    9  -999.9  -999.9  -999.9  -999.9  -999.9  -999.9
2017 02 24  0042   57808    2520    9  -999.9  -999.9  -999.9  -999.9  -999.9  -999.9
2017 02 24  0043   57808    2580    9  -999.9  -999.9  -999.9  -999.9  -999.9  -999.9
2017 02 24  0044   57808    2640    9  -999.9  -999.9  -999.9  -999.9  -999.9  -999.9
2017 02 24  0045   57808    2700    9  -999.9  -999.9  -999.9  -999.9  -999.9  -999.9
2017 02 24  0046   57808    2760    9  -999.9  -999.9  -999.9  -999.9  -999.9  -999.9
2017 02 24  0047   57808    2820    9  -999.9  -999.9  -999.9  -999.9  -999.9  -999.9
2017 02 24  0048   57808    2880    9  -999.9  -999.9  -999.9  -999.9  -999.9  -999.9
2017 02 24  0049   57808    2940    9  -999.9  -999.9  -999.9  -999.9  -999.9  -999.9
2017 02 24  0050   57808    3000    9  -999.9  -999.9  -999.9  -999.9  -999.9  -999.9
2017 02 24  0051   57808    3060    9  -999.9  -999.9  -999.9  -999.9  -999.9  -999.9
2017 02 24  0052   57808    3120    9  -999.9  -999.9  -999.9  -999.9  -999.9  -999.9
2017 02 24  0053   57808    3180    9  -999.9  -999.9  -999.9  -999.9  -999.9  -999.9
2017 02 24  0054   57808    3240    9  -999.9  -999.9  -999.9  -999.9  -999.9  -999.9
2017 02 24  0055   57808    3300    9  -999.9  -999.9  -999.9  -999.9  -999.9  -999.9
2017 02 24  0056   57808    3360    9  -999.9  -999.9  -999.9  -999.9  -999.9  -999.9
2017 02 24  0057   57808    3420    9  -999.9  -999.9  -999.9  -999.9  -999.9  -999.9
2017 02 24  0058   57808    3480    9  -999.9  -999.9  -999.9  -999.9  -999.9  -999.9
2017 02 24  0059   57808    3540    9  -999.9  -999.9  -999.9  -999.9  -999.9  -999.9
2017 02 24  0100   57808    3600    9  -999.9  -999.9  -999.9  -999.9  -999.9  -999.9
2017 02 24  0101   57808    3660    9  -999.9  -999.9  -999.9  -999.9  -999.9  -999.9
2017 02 24  0102   57808    3720    9  -999.9  -999.9  -999.9  -999.9  -999.9  -999.9
2017 02 24  0103   57808    3780    9  -999.9  -999.9  -999.9  -999.9  -999.9  -999.9
2017 02 24  0104   57808    3840    9  -999.9  -999.9  -999.9  -999.9  -999.9  -999.9
2017 02 24  0105   57808    3900    9  -999.9  -999.9  -999.9  -999.9  -999.9  -999.9
2017 02 24  0106   57808    3960    9  -999.9  -999.9  -999.9  -999.9  -999.9  -999.9
2017 02 24  0107   57808    4020    9  -999.9  -999.9  -999.9  -999.9  -999.9  -999.9
2017 02 24  0108   57808    4080    9  -999.9  -999.9  -999.9  -999.9  -999.9  -999.9
2017 02 24  0109   57808    4140    9  -999.9  -999.9  -999.9  -999.9  -999.9  -999.9
2017 02 24  0110   57808    4200    9  -999.9  -999.9  -999.9  -999.9  -999.9  -999.9
2017 02 24  0111   57808    4260    9  -999.9  -999.9  -999.9  -999.9  -999.9  -999.9
2017 02 24  0112   57808    4320    9  -999.9  -999.9  -999.9  -999.9  -999.9  -999.9
2017 02 24  0113   57808    4380    9  -999.9  -999.9  -999.9  -999.9  -999.9  -999.9
2017 02 24  0114   57808    4440    9  -999.9  -999.9  -999.9  -999.9  -999.9  -999.9
2017 02 24  0115   57808    4500    9  -999.9  -999.9  -999.9  -999.9  -999.9  -999.9
2017 02 24  0116   57808    4560    9  -999.9  -999.9  -999.9  -999.9  -999.9  -999.9
2017 02 24  0117   57808    4620    9  -999.9  -999.9  -999.9  -999.9  -999.9  -999.9
2017 02 24  0118   57808    4680    9  -999.9  -999.9  -999.9  -999.9  -999.9  -999.9
2017 02 24  0119   57808    4740    9  -999.9  -999.9  -999.9  -999.9  -999.9  -999.9
2017 02 24  0120   57808    4800    9  -999.9  -999.9  -999.9  -999.9  -999.9  -999.9
2017 02 24  0121   57808    4860    9  -999.9  -999.9  -999.9  -999.9  -999.9  -999.9
2017 02 24  0122   57808    4920    9  -999.9  -999.9  -999.9  -999.9  -999.9  -999.9
2017 02 24  0123   57808    4980    9  -999.9  -999.9  -999.9  -999.9  -999.9  -999.9
2017 02 24  0124   57808    5040    9  -999.9  -999.9  -999.9  -999.9  -999.9  -999.9
2017 02 24  0125   57808    5100    9  -999.9  -999.9  -999.9  -999.9  -999.9  -999.9
2017 02 24  0126   57808    5160    9  -999.9  -999.9  -999.9  -999.9  -999.9  -999.9
2017 02 24  0127   57808    5220    9  -999.9  -999.9  -999.9  -999.9  -999.9  -999.9
2017 02 24  0128   57808    5280    9  -999.9  -999.9  -999.9  -999.9  -999.9  -999.9
2017 02 24  0129   57808    5340    9  -999.9  -999.9  -999.9  -999.9  -999.9  -999.9
2017 02 24  0130   57808    5400    9  -999.9  -999.9  -999.9  -999.9  -999.9  -999.9
2017 02 24  0131   57808    5460    9  -999.9  -999.9  -999.9  -999.9  -999.9  -999.9
2017 02 24  0132   57808    5520    9  -999.9  -999.9  -999.9  -999.9  -999.9  -999.9
2017 02 24  0133   57808    5580    9  -999.9  -999.9  -999.9  -999.9  -999.9  -999.9
2017 02 24  0134   57808    5640    9  -999.9  -999.9  -999.9  -999.9  -999.9  -999.9
2017 02 24  0135   57808    5700    9  -999.9  -999.9  -999.9  -999.9  -999.9  -999.9
2017 02 24  0136   57808    5760    9  -999.9  -999.9  -999.9  -999.9  -999.9  -999.9
2017 02 24  0137   57808    5820    9  -999.9  -999.9  -999.9  -999.9  -999.9  -999.9
2017 02 24  0138   57808    5880    9  -999.9  -999.9  -999.9  -999.9  -999.9  -999.9
2017 02 24  0139   57808    5940    9  -999.9  -999.9  -999.9  -999.9  -999.9  -999.9
2017 02 24  0140   57808    6000    9  -999.9  -999.9  -999.9  -999.9  -999.9  -999.9
2017 02 24  0141   57808    6060    9  -999.9  -999.9  -999.9  -999.9  -999.9  -999.9
2017 02 24  0142   57808    6120    9  -999.9  -999.9  -999.9  -999.9  -999.9  -999.9
2017 02 24  0143   57808    6180    9  -999.9  -999.9  -999.9  -999.9  -999.9  -999.9
2017 02 24  0144   57808    6240    9  -999.9  -999.9  -999.9  -999.9  -999.9  -999.9
2017 02 24  0145   57808    6300    9  -999.9  -999.9  -999.9  -999.9  -999.9  -999.9
2017 02 24  0146   57808    6360    9  -999.9  -999.9  -999.9  -999.9  -999.9  -999.9
2017 02 24  0147   57808    6420    9  -999.9  -999.9  -999.9  -999.9  -999.9  -999.9
2017 02 24  0148   57808    6480    9  -999.9  -999.9  -999.9  -999.9  -999.9  -999.9
2017 02 24  0149   57808    6540    9  -999.9  -999.9  -999.9  -999.9  -999.9  -999.9
2017 02 24  0150   57808    6600    9  -999.9  -999.9  -999.9  -999.9  -999.9  -999.9
2017 02 24  0151   57808    6660    9  -999.9  -999.9  -999.9  -999.9  -999.9  -999.9
2017 02 24  0152   57808    6720    9  -999.9  -999.9  -999.9  -999.9  -999.9  -999.9
2017 02 24  0153   57808    6780    9  -999.9  -999.9  -999.9  -999.9  -999.9  -999.9
2017 02 24  0154   57808    6840    9  -999.9  -999.9  -999.9  -999.9  -999.9  -999.9
2017 02 24  0155   57808    6900    9  -999.9  -999.9  -999.9  -999.9  -999.9  -999.9
2017 02 24  0156   57808    6960    9  -999.9  -999.9  -999.9  -999.9  -999.9  -999.9
2017 02 24  0157   57808    7020    9  -999.9  -999.9  -999.9  -999.9  -999.9  -999.9
2017 02 24  0158   57808    7080    9  -999.9  -999.9  -999.9  -999.9  -999.9  -999.9
2017 02 24  0159   57808    7140    9  -999.9  -999.9  -999.9  -999.9  -999.9  -999.9
2017 02 24  0200   57808    7200    9  -999.9  -999.9  -999.9  -999.9  -999.9  -999.9
2017 02 24  0201   57808    7260    9  -999.9  -999.9  -999.9  -999.9  -999.9  -999.9
2017 02 24  0202   57808    7320    9  -999.9  -999.9  -999.9  -999.9  -999.9  -999.9
2017 02 24  0203   57808    7380    9  -999.9  -999.9  -999.9  -999.9  -999.9  -999.9
2017 02 24  0204   57808    7440    9  -999.9  -999.9  -999.9  -999.9  -999.9  -999.9
2017 02 24  0205   57808    7500    9  -999.9  -999.9  -999.9  -999.9  -999.9  -999.9
2017 02 24  0206   57808    7560    9  -999.9  -999.9  -999.9  -999.9  -999.9  -999.9
2017 02 24  0207   57808    7620    9  -999.9  -999.9  -999.9  -999.9  -999.9  -999.9
2017 02 24  0208   57808    7680    9  -999.9  -999.9  -999.9  -999.9  -999.9  -999.9
2017 02 24  0209   57808    7740    9  -999.9  -999.9  -999.9  -999.9  -999.9  -999.9
2017 02 24  0210   57808    7800    9  -999.9  -999.9  -999.9  -999.9  -999.9  -999.9
2017 02 24  0211   57808    7860    9  -999.9  -999.9  -999.9  -999.9  -999.9  -999.9
2017 02 24  0212   57808    7920    9  -999.9  -999.9  -999.9  -999.9  -999.9  -999.9
2017 02 24  0213   57808    7980    9  -999.9  -999.9  -999.9  -999.9  -999.9  -999.9
2017 02 24  0214   57808    8040    9  -999.9  -999.9  -999.9  -999.9  -999.9  -999.9
2017 02 24  0215   57808    8100    9  -999.9  -999.9  -999.9  -999.9  -999.9  -999.9
2017 02 24  0216   57808    8160    9  -999.9  -999.9  -999.9  -999.9  -999.9  -999.9
2017 02 24  0217   57808    8220    9  -999.9  -999.9  -999.9  -999.9  -999.9  -999.9
2017 02 24  0218   57808    8280    9  -999.9  -999.9  -999.9  -999.9  -999.9  -999.9
2017 02 24  0219   57808    8340    9  -999.9  -999.9  -999.9  -999.9  -999.9  -999.9
2017 02 24  0220   57808    8400    9  -999.9  -999.9  -999.9  -999.9  -999.9  -999.9
2017 02 24  0221   57808    8460    9  -999.9  -999.9  -999.9  -999.9  -999.9  -999.9
2017 02 24  0222   57808    8520    9  -999.9  -999.9  -999.9  -999.9  -999.9  -999.9
2017 02 24  0223   57808    8580    9  -999.9  -999.9  -999.9  -999.9  -999.9  -999.9
2017 02 24  0224   57808    8640    9  -999.9  -999.9  -999.9  -999.9  -999.9  -999.9
2017 02 24  0225   57808    8700    9  -999.9  -999.9  -999.9  -999.9  -999.9  -999.9
2017 02 24  0226   57808    8760    9  -999.9  -999.9  -999.9  -999.9  -999.9  -999.9
2017 02 24  0227   57808    8820    9  -999.9  -999.9  -999.9  -999.9  -999.9  -999.9
2017 02 24  0228   57808    8880    9  -999.9  -999.9  -999.9  -999.9  -999.9  -999.9
2017 02 24  0229   57808    8940    9  -999.9  -999.9  -999.9  -999.9  -999.9  -999.9
2017 02 24  0230   57808    9000    9  -999.9  -999.9  -999.9  -999.9  -999.9  -999.9
2017 02 24  0231   57808    9060    9  -999.9  -999.9  -999.9  -999.9  -999.9  -999.9
2017 02 24  0232   57808    9120    9  -999.9  -999.9  -999.9  -999.9  -999.9  -999.9
2017 02 24  0233   57808    9180    9  -999.9  -999.9  -999.9  -999.9  -999.9  -999.9
2017 02 24  0234   57808    9240    9  -999.9  -999.9  -999.9  -999.9  -999.9  -999.9
2017 02 24  0235   57808    9300    9  -999.9  -999.9  -999.9  -999.9  -999.9  -999.9
2017 02 24  0236   57808    9360    9  -999.9  -999.9  -999.9  -999.9  -999.9  -999.9
2017 02 24  0237   57808    9420    9  -999.9  -999.9  -999.9  -999.9  -999.9  -999.9
2017 02 24  0238   57808    9480    9  -999.9  -999.9  -999.9  -999.9  -999.9  -999.9
2017 02 24  0239   57808    9540    9  -999.9  -999.9  -999.9  -999.9  -999.9  -999.9
2017 02 24  0240   57808    9600    9  -999.9  -999.9  -999.9  -999.9  -999.9  -999.9
2017 02 24  0241   57808    9660    9  -999.9  -999.9  -999.9  -999.9  -999.9  -999.9
2017 02 24  0242   57808    9720    9  -999.9  -999.9  -999.9  -999.9  -999.9  -999.9
2017 02 24  0243   57808    9780    9  -999.9  -999.9  -999.9  -999.9  -999.9  -999.9
2017 02 24  0244   57808    9840    9  -999.9  -999.9  -999.9  -999.9  -999.9  -999.9
2017 02 24  0245   57808    9900    9  -999.9  -999.9  -999.9  -999.9  -999.9  -999.9
2017 02 24  0246   57808    9960    9  -999.9  -999.9  -999.9  -999.9  -999.9  -999.9
2017 02 24  0247   57808   10020    9  -999.9  -999.9  -999.9  -999.9  -999.9  -999.9
2017 02 24  0248   57808   10080    9  -999.9  -999.9  -999.9  -999.9  -999.9  -999.9
2017 02 24  0249   57808   10140    9  -999.9  -999.9  -999.9  -999.9  -999.9  -999.9
2017 02 24  0250   57808   10200    9  -999.9  -999.9  -999.9  -999.9  -999.9  -999.9
2017 02 24  0251   57808   10260    9  -999.9  -999.9  -999.9  -999.9  -999.9  -999.9
2017 02 24  0252   57808   10320    9  -999.9  -999.9  -999.9  -999.9  -999.9  -999.9
2017 02 24  0253   57808   10380    9  -999.9  -999.9  -999.9  -999.9  -999.9  -999.9
2017 02 24  0254   57808   10440    9  -999.9  -999.9  -999.9  -999.9  -999.9  -999.9
2017 02 24  0255   57808   10500    9  -999.9  -999.9  -999.9  -999.9  -999.9  -999.9
2017 02 24  0256   57808   10560    9  -999.9  -999.9  -999.9  -999.9  -999.9  -999.9
2017 02 24  0257   57808   10620    9  -999.9  -999.9  -999.9  -999.9  -999.9  -999.9
2017 02 24  0258   57808   10680    9  -999.9  -999.9  -999.9  -999.9  -999.9  -999.9
2017 02 24  0259   57808   10740    9  -999.9  -999.9  -999.9  -999.9  -999.9  -999.9
2017 02 24  0300   57808   10800    9  -999.9  -999.9  -999.9  -999.9  -999.9  -999.9
2017 02 24  0301   57808   10860    9  -999.9  -999.9  -999.9  -999.9  -999.9  -999.9
2017 02 24  0302   57808   10920    9  -999.9  -999.9  -999.9  -999.9  -999.9  -999.9
2017 02 24  0303   57808   10980    9  -999.9  -999.9  -999.9  -999.9  -999.9  -999.9
2017 02 24  0304   57808   11040    9  -999.9  -999.9  -999.9  -999.9  -999.9  -999.9
2017 02 24  0305   57808   11100    9  -999.9  -999.9  -999.9  -999.9  -999.9  -999.9
2017 02 24  0306   57808   11160    9  -999.9  -999.9  -999.9  -999.9  -999.9  -999.9
2017 02 24  0307   57808   11220    9  -999.9  -999.9  -999.9  -999.9  -999.9  -999.9
2017 02 24  0308   57808   11280    9  -999.9  -999.9  -999.9  -999.9  -999.9  -999.9
2017 02 24  0309   57808   11340    9  -999.9  -999.9  -999.9  -999.9  -999.9  -999.9
2017 02 24  0310   57808   11400    9  -999.9  -999.9  -999.9  -999.9  -999.9  -999.9
2017 02 24  0311   57808   11460    9  -999.9  -999.9  -999.9  -999.9  -999.9  -999.9
2017 02 24  0312   57808   11520    9  -999.9  -999.9  -999.9  -999.9  -999.9  -999.9
2017 02 24  0313   57808   11580    9  -999.9  -999.9  -999.9  -999.9  -999.9  -999.9
2017 02 24  0314   57808   11640    9  -999.9  -999.9  -999.9  -999.9  -999.9  -999.9
2017 02 24  0315   57808   11700    9  -999.9  -999.9  -999.9  -999.9  -999.9  -999.9
2017 02 24  0316   57808   11760    9  -999.9  -999.9  -999.9  -999.9  -999.9  -999.9
2017 02 24  0317   57808   11820    9  -999.9  -999.9  -999.9  -999.9  -999.9  -999.9
2017 02 24  0318   57808   11880    9  -999.9  -999.9  -999.9  -999.9  -999.9  -999.9
2017 02 24  0319   57808   11940    9  -999.9  -999.9  -999.9  -999.9  -999.9  -999.9
2017 02 24  0320   57808   12000    9  -999.9  -999.9  -999.9  -999.9  -999.9  -999.9
2017 02 24  0321   57808   12060    9  -999.9  -999.9  -999.9  -999.9  -999.9  -999.9
2017 02 24  0322   57808   12120    9  -999.9  -999.9  -999.9  -999.9  -999.9  -999.9
2017 02 24  0323   57808   12180    9  -999.9  -999.9  -999.9  -999.9  -999.9  -999.9
2017 02 24  0324   57808   12240    9  -999.9  -999.9  -999.9  -999.9  -999.9  -999.9
2017 02 24  0325   57808   12300    9  -999.9  -999.9  -999.9  -999.9  -999.9  -999.9
2017 02 24  0326   57808   12360    9  -999.9  -999.9  -999.9  -999.9  -999.9  -999.9
2017 02 24  0327   57808   12420    9  -999.9  -999.9  -999.9  -999.9  -999.9  -999.9
2017 02 24  0328   57808   12480    9  -999.9  -999.9  -999.9  -999.9  -999.9  -999.9
2017 02 24  0329   57808   12540    9  -999.9  -999.9  -999.9  -999.9  -999.9  -999.9
2017 02 24  0330   57808   12600    9  -999.9  -999.9  -999.9  -999.9  -999.9  -999.9
2017 02 24  0331   57808   12660    9  -999.9  -999.9  -999.9  -999.9  -999.9  -999.9
2017 02 24  0332   57808   12720    9  -999.9  -999.9  -999.9  -999.9  -999.9  -999.9
2017 02 24  0333   57808   12780    9  -999.9  -999.9  -999.9  -999.9  -999.9  -999.9
2017 02 24  0334   57808   12840    9  -999.9  -999.9  -999.9  -999.9  -999.9  -999.9
2017 02 24  0335   57808   12900    9  -999.9  -999.9  -999.9  -999.9  -999.9  -999.9
2017 02 24  0336   57808   12960    9  -999.9  -999.9  -999.9  -999.9  -999.9  -999.9
2017 02 24  0337   57808   13020    9  -999.9  -999.9  -999.9  -999.9  -999.9  -999.9
2017 02 24  0338   57808   13080    9  -999.9  -999.9  -999.9  -999.9  -999.9  -999.9
2017 02 24  0339   57808   13140    9  -999.9  -999.9  -999.9  -999.9  -999.9  -999.9
2017 02 24  0340   57808   13200    9  -999.9  -999.9  -999.9  -999.9  -999.9  -999.9
2017 02 24  0341   57808   13260    9  -999.9  -999.9  -999.9  -999.9  -999.9  -999.9
2017 02 24  0342   57808   13320    9  -999.9  -999.9  -999.9  -999.9  -999.9  -999.9
2017 02 24  0343   57808   13380    9  -999.9  -999.9  -999.9  -999.9  -999.9  -999.9
2017 02 24  0344   57808   13440    9  -999.9  -999.9  -999.9  -999.9  -999.9  -999.9
2017 02 24  0345   57808   13500    9  -999.9  -999.9  -999.9  -999.9  -999.9  -999.9
2017 02 24  0346   57808   13560    9  -999.9  -999.9  -999.9  -999.9  -999.9  -999.9
2017 02 24  0347   57808   13620    9  -999.9  -999.9  -999.9  -999.9  -999.9  -999.9
2017 02 24  0348   57808   13680    9  -999.9  -999.9  -999.9  -999.9  -999.9  -999.9
2017 02 24  0349   57808   13740    9  -999.9  -999.9  -999.9  -999.9  -999.9  -999.9
2017 02 24  0350   57808   13800    9  -999.9  -999.9  -999.9  -999.9  -999.9  -999.9
2017 02 24  0351   57808   13860    9  -999.9  -999.9  -999.9  -999.9  -999.9  -999.9
2017 02 24  0352   57808   13920    9  -999.9  -999.9  -999.9  -999.9  -999.9  -999.9
2017 02 24  0353   57808   13980    9  -999.9  -999.9  -999.9  -999.9  -999.9  -999.9
2017 02 24  0354   57808   14040    9  -999.9  -999.9  -999.9  -999.9  -999.9  -999.9
2017 02 24  0355   57808   14100    9  -999.9  -999.9  -999.9  -999.9  -999.9  -999.9
2017 02 24  0356   57808   14160    9  -999.9  -999.9  -999.9  -999.9  -999.9  -999.9
2017 02 24  0357   57808   14220    9  -999.9  -999.9  -999.9  -999.9  -999.9  -999.9
2017 02 24  0358   57808   14280    9  -999.9  -999.9  -999.9  -999.9  -999.9  -999.9
2017 02 24  0359   57808   14340    9  -999.9  -999.9  -999.9  -999.9  -999.9  -999.9
2017 02 24  0400   57808   14400    9  -999.9  -999.9  -999.9  -999.9  -999.9  -999.9
2017 02 24  0401   57808   14460    9  -999.9  -999.9  -999.9  -999.9  -999.9  -999.9
2017 02 24  0402   57808   14520    9  -999.9  -999.9  -999.9  -999.9  -999.9  -999.9
2017 02 24  0403   57808   14580    9  -999.9  -999.9  -999.9  -999.9  -999.9  -999.9
2017 02 24  0404   57808   14640    9  -999.9  -999.9  -999.9  -999.9  -999.9  -999.9
2017 02 24  0405   57808   14700    9  -999.9  -999.9  -999.9  -999.9  -999.9  -999.9
2017 02 24  0406   57808   14760    9  -999.9  -999.9  -999.9  -999.9  -999.9  -999.9
2017 02 24  0407   57808   14820    9  -999.9  -999.9  -999.9  -999.9  -999.9  -999.9
2017 02 24  0408   57808   14880    9  -999.9  -999.9  -999.9  -999.9  -999.9  -999.9
2017 02 24  0409   57808   14940    9  -999.9  -999.9  -999.9  -999.9  -999.9  -999.9
2017 02 24  0410   57808   15000    9  -999.9  -999.9  -999.9  -999.9  -999.9  -999.9
2017 02 24  0411   57808   15060    9  -999.9  -999.9  -999.9  -999.9  -999.9  -999.9
2017 02 24  0412   57808   15120    9  -999.9  -999.9  -999.9  -999.9  -999.9  -999.9
2017 02 24  0413   57808   15180    9  -999.9  -999.9  -999.9  -999.9  -999.9  -999.9
2017 02 24  0414   57808   15240    9  -999.9  -999.9  -999.9  -999.9  -999.9  -999.9
2017 02 24  0415   57808   15300    9  -999.9  -999.9  -999.9  -999.9  -999.9  -999.9
2017 02 24  0416   57808   15360    9  -999.9  -999.9  -999.9  -999.9  -999.9  -999.9
2017 02 24  0417   57808   15420    9  -999.9  -999.9  -999.9  -999.9  -999.9  -999.9
2017 02 24  0418   57808   15480    9  -999.9  -999.9  -999.9  -999.9  -999.9  -999.9
2017 02 24  0419   57808   15540    9  -999.9  -999.9  -999.9  -999.9  -999.9  -999.9
2017 02 24  0420   57808   15600    9  -999.9  -999.9  -999.9  -999.9  -999.9  -999.9
2017 02 24  0421   57808   15660    9  -999.9  -999.9  -999.9  -999.9  -999.9  -999.9
2017 02 24  0422   57808   15720    9  -999.9  -999.9  -999.9  -999.9  -999.9  -999.9
2017 02 24  0423   57808   15780    9  -999.9  -999.9  -999.9  -999.9  -999.9  -999.9
2017 02 24  0424   57808   15840    9  -999.9  -999.9  -999.9  -999.9  -999.9  -999.9
2017 02 24  0425   57808   15900    9  -999.9  -999.9  -999.9  -999.9  -999.9  -999.9
2017 02 24  0426   57808   15960    9  -999.9  -999.9  -999.9  -999.9  -999.9  -999.9
2017 02 24  0427   57808   16020    9  -999.9  -999.9  -999.9  -999.9  -999.9  -999.9
2017 02 24  0428   57808   16080    9  -999.9  -999.9  -999.9  -999.9  -999.9  -999.9
2017 02 24  0429   57808   16140    9  -999.9  -999.9  -999.9  -999.9  -999.9  -999.9
2017 02 24  0430   57808   16200    9  -999.9  -999.9  -999.9  -999.9  -999.9  -999.9
2017 02 24  0431   57808   16260    9  -999.9  -999.9  -999.9  -999.9  -999.9  -999.9
2017 02 24  0432   57808   16320    9  -999.9  -999.9  -999.9  -999.9  -999.9  -999.9
2017 02 24  0433   57808   16380    9  -999.9  -999.9  -999.9  -999.9  -999.9  -999.9
2017 02 24  0434   57808   16440    9  -999.9  -999.9  -999.9  -999.9  -999.9  -999.9
2017 02 24  0435   57808   16500    9  -999.9  -999.9  -999.9  -999.9  -999.9  -999.9
2017 02 24  0436   57808   16560    9  -999.9  -999.9  -999.9  -999.9  -999.9  -999.9
2017 02 24  0437   57808   16620    9  -999.9  -999.9  -999.9  -999.9  -999.9  -999.9
2017 02 24  0438   57808   16680    9  -999.9  -999.9  -999.9  -999.9  -999.9  -999.9
2017 02 24  0439   57808   16740    9  -999.9  -999.9  -999.9  -999.9  -999.9  -999.9
2017 02 24  0440   57808   16800    9  -999.9  -999.9  -999.9  -999.9  -999.9  -999.9
2017 02 24  0441   57808   16860    9  -999.9  -999.9  -999.9  -999.9  -999.9  -999.9
2017 02 24  0442   57808   16920    9  -999.9  -999.9  -999.9  -999.9  -999.9  -999.9
2017 02 24  0443   57808   16980    9  -999.9  -999.9  -999.9  -999.9  -999.9  -999.9
2017 02 24  0444   57808   17040    9  -999.9  -999.9  -999.9  -999.9  -999.9  -999.9
2017 02 24  0445   57808   17100    9  -999.9  -999.9  -999.9  -999.9  -999.9  -999.9
2017 02 24  0446   57808   17160    9  -999.9  -999.9  -999.9  -999.9  -999.9  -999.9
2017 02 24  0447   57808   17220    9  -999.9  -999.9  -999.9  -999.9  -999.9  -999.9
2017 02 24  0448   57808   17280    9  -999.9  -999.9  -999.9  -999.9  -999.9  -999.9
2017 02 24  0449   57808   17340    9  -999.9  -999.9  -999.9  -999.9  -999.9  -999.9
2017 02 24  0450   57808   17400    9  -999.9  -999.9  -999.9  -999.9  -999.9  -999.9
2017 02 24  0451   57808   17460    9  -999.9  -999.9  -999.9  -999.9  -999.9  -999.9
2017 02 24  0452   57808   17520    9  -999.9  -999.9  -999.9  -999.9  -999.9  -999.9
2017 02 24  0453   57808   17580    9  -999.9  -999.9  -999.9  -999.9  -999.9  -999.9
2017 02 24  0454   57808   17640    9  -999.9  -999.9  -999.9  -999.9  -999.9  -999.9
2017 02 24  0455   57808   17700    9  -999.9  -999.9  -999.9  -999.9  -999.9  -999.9
2017 02 24  0456   57808   17760    9  -999.9  -999.9  -999.9  -999.9  -999.9  -999.9
2017 02 24  0457   57808   17820    9  -999.9  -999.9  -999.9  -999.9  -999.9  -999.9
2017 02 24  0458   57808   17880    9  -999.9  -999.9  -999.9  -999.9  -999.9  -999.9
2017 02 24  0459   57808   17940    9  -999.9  -999.9  -999.9  -999.9  -999.9  -999.9
2017 02 24  0500   57808   18000    9  -999.9  -999.9  -999.9  -999.9  -999.9  -999.9
2017 02 24  0501   57808   18060    9  -999.9  -999.9  -999.9  -999.9  -999.9  -999.9
2017 02 24  0502   57808   18120    9  -999.9  -999.9  -999.9  -999.9  -999.9  -999.9
2017 02 24  0503   57808   18180    9  -999.9  -999.9  -999.9  -999.9  -999.9  -999.9
2017 02 24  0504   57808   18240    9  -999.9  -999.9  -999.9  -999.9  -999.9  -999.9
2017 02 24  0505   57808   18300    9  -999.9  -999.9  -999.9  -999.9  -999.9  -999.9
2017 02 24  0506   57808   18360    9  -999.9  -999.9  -999.9  -999.9  -999.9  -999.9
2017 02 24  0507   57808   18420    9  -999.9  -999.9  -999.9  -999.9  -999.9  -999.9
2017 02 24  0508   57808   18480    9  -999.9  -999.9  -999.9  -999.9  -999.9  -999.9
2017 02 24  0509   57808   18540    9  -999.9  -999.9  -999.9  -999.9  -999.9  -999.9
2017 02 24  0510   57808   18600    9  -999.9  -999.9  -999.9  -999.9  -999.9  -999.9
2017 02 24  0511   57808   18660    9  -999.9  -999.9  -999.9  -999.9  -999.9  -999.9
2017 02 24  0512   57808   18720    9  -999.9  -999.9  -999.9  -999.9  -999.9  -999.9
2017 02 24  0513   57808   18780    9  -999.9  -999.9  -999.9  -999.9  -999.9  -999.9
2017 02 24  0514   57808   18840    9  -999.9  -999.9  -999.9  -999.9  -999.9  -999.9
2017 02 24  0515   57808   18900    9  -999.9  -999.9  -999.9  -999.9  -999.9  -999.9
2017 02 24  0516   57808   18960    9  -999.9  -999.9  -999.9  -999.9  -999.9  -999.9
2017 02 24  0517   57808   19020    9  -999.9  -999.9  -999.9  -999.9  -999.9  -999.9
2017 02 24  0518   57808   19080    9  -999.9  -999.9  -999.9  -999.9  -999.9  -999.9
2017 02 24  0519   57808   19140    9  -999.9  -999.9  -999.9  -999.9  -999.9  -999.9
2017 02 24  0520   57808   19200    9  -999.9  -999.9  -999.9  -999.9  -999.9  -999.9
2017 02 24  0521   57808   19260    9  -999.9  -999.9  -999.9  -999.9  -999.9  -999.9
2017 02 24  0522   57808   19320    9  -999.9  -999.9  -999.9  -999.9  -999.9  -999.9
2017 02 24  0523   57808   19380    9  -999.9  -999.9  -999.9  -999.9  -999.9  -999.9
2017 02 24  0524   57808   19440    9  -999.9  -999.9  -999.9  -999.9  -999.9  -999.9
2017 02 24  0525   57808   19500    9  -999.9  -999.9  -999.9  -999.9  -999.9  -999.9
2017 02 24  0526   57808   19560    9  -999.9  -999.9  -999.9  -999.9  -999.9  -999.9
2017 02 24  0527   57808   19620    9  -999.9  -999.9  -999.9  -999.9  -999.9  -999.9
2017 02 24  0528   57808   19680    9  -999.9  -999.9  -999.9  -999.9  -999.9  -999.9
2017 02 24  0529   57808   19740    9  -999.9  -999.9  -999.9  -999.9  -999.9  -999.9
2017 02 24  0530   57808   19800    9  -999.9  -999.9  -999.9  -999.9  -999.9  -999.9
2017 02 24  0531   57808   19860    9  -999.9  -999.9  -999.9  -999.9  -999.9  -999.9
2017 02 24  0532   57808   19920    9  -999.9  -999.9  -999.9  -999.9  -999.9  -999.9
2017 02 24  0533   57808   19980    9  -999.9  -999.9  -999.9  -999.9  -999.9  -999.9
2017 02 24  0534   57808   20040    9  -999.9  -999.9  -999.9  -999.9  -999.9  -999.9
2017 02 24  0535   57808   20100    9  -999.9  -999.9  -999.9  -999.9  -999.9  -999.9
2017 02 24  0536   57808   20160    9  -999.9  -999.9  -999.9  -999.9  -999.9  -999.9
2017 02 24  0537   57808   20220    9  -999.9  -999.9  -999.9  -999.9  -999.9  -999.9
2017 02 24  0538   57808   20280    9  -999.9  -999.9  -999.9  -999.9  -999.9  -999.9
2017 02 24  0539   57808   20340    9  -999.9  -999.9  -999.9  -999.9  -999.9  -999.9
2017 02 24  0540   57808   20400    9  -999.9  -999.9  -999.9  -999.9  -999.9  -999.9
2017 02 24  0541   57808   20460    9  -999.9  -999.9  -999.9  -999.9  -999.9  -999.9
2017 02 24  0542   57808   20520    9  -999.9  -999.9  -999.9  -999.9  -999.9  -999.9
2017 02 24  0543   57808   20580    9  -999.9  -999.9  -999.9  -999.9  -999.9  -999.9
2017 02 24  0544   57808   20640    9  -999.9  -999.9  -999.9  -999.9  -999.9  -999.9
2017 02 24  0545   57808   20700    9  -999.9  -999.9  -999.9  -999.9  -999.9  -999.9
2017 02 24  0546   57808   20760    9  -999.9  -999.9  -999.9  -999.9  -999.9  -999.9
2017 02 24  0547   57808   20820    9  -999.9  -999.9  -999.9  -999.9  -999.9  -999.9
2017 02 24  0548   57808   20880    9  -999.9  -999.9  -999.9  -999.9  -999.9  -999.9
2017 02 24  0549   57808   20940    9  -999.9  -999.9  -999.9  -999.9  -999.9  -999.9
2017 02 24  0550   57808   21000    9  -999.9  -999.9  -999.9  -999.9  -999.9  -999.9
2017 02 24  0551   57808   21060    9  -999.9  -999.9  -999.9  -999.9  -999.9  -999.9
2017 02 24  0552   57808   21120    9  -999.9  -999.9  -999.9  -999.9  -999.9  -999.9
2017 02 24  0553   57808   21180    9  -999.9  -999.9  -999.9  -999.9  -999.9  -999.9
2017 02 24  0554   57808   21240    9  -999.9  -999.9  -999.9  -999.9  -999.9  -999.9
2017 02 24  0555   57808   21300    9  -999.9  -999.9  -999.9  -999.9  -999.9  -999.9
2017 02 24  0556   57808   21360    9  -999.9  -999.9  -999.9  -999.9  -999.9  -999.9
2017 02 24  0557   57808   21420    9  -999.9  -999.9  -999.9  -999.9  -999.9  -999.9
2017 02 24  0558   57808   21480    9  -999.9  -999.9  -999.9  -999.9  -999.9  -999.9
2017 02 24  0559   57808   21540    9  -999.9  -999.9  -999.9  -999.9  -999.9  -999.9
2017 02 24  0600   57808   21600    9  -999.9  -999.9  -999.9  -999.9  -999.9  -999.9
2017 02 24  0601   57808   21660    9  -999.9  -999.9  -999.9  -999.9  -999.9  -999.9
2017 02 24  0602   57808   21720    9  -999.9  -999.9  -999.9  -999.9  -999.9  -999.9
2017 02 24  0603   57808   21780    9  -999.9  -999.9  -999.9  -999.9  -999.9  -999.9
2017 02 24  0604   57808   21840    9  -999.9  -999.9  -999.9  -999.9  -999.9  -999.9
2017 02 24  0605   57808   21900    9  -999.9  -999.9  -999.9  -999.9  -999.9  -999.9
2017 02 24  0606   57808   21960    9  -999.9  -999.9  -999.9  -999.9  -999.9  -999.9
2017 02 24  0607   57808   22020    9  -999.9  -999.9  -999.9  -999.9  -999.9  -999.9
2017 02 24  0608   57808   22080    9  -999.9  -999.9  -999.9  -999.9  -999.9  -999.9
2017 02 24  0609   57808   22140    9  -999.9  -999.9  -999.9  -999.9  -999.9  -999.9
2017 02 24  0610   57808   22200    9  -999.9  -999.9  -999.9  -999.9  -999.9  -999.9
2017 02 24  0611   57808   22260    9  -999.9  -999.9  -999.9  -999.9  -999.9  -999.9
2017 02 24  0612   57808   22320    9  -999.9  -999.9  -999.9  -999.9  -999.9  -999.9
2017 02 24  0613   57808   22380    9  -999.9  -999.9  -999.9  -999.9  -999.9  -999.9
2017 02 24  0614   57808   22440    9  -999.9  -999.9  -999.9  -999.9  -999.9  -999.9
2017 02 24  0615   57808   22500    9  -999.9  -999.9  -999.9  -999.9  -999.9  -999.9
2017 02 24  0616   57808   22560    9  -999.9  -999.9  -999.9  -999.9  -999.9  -999.9
2017 02 24  0617   57808   22620    9  -999.9  -999.9  -999.9  -999.9  -999.9  -999.9
2017 02 24  0618   57808   22680    9  -999.9  -999.9  -999.9  -999.9  -999.9  -999.9
2017 02 24  0619   57808   22740    9  -999.9  -999.9  -999.9  -999.9  -999.9  -999.9
2017 02 24  0620   57808   22800    9  -999.9  -999.9  -999.9  -999.9  -999.9  -999.9
2017 02 24  0621   57808   22860    9  -999.9  -999.9  -999.9  -999.9  -999.9  -999.9
2017 02 24  0622   57808   22920    9  -999.9  -999.9  -999.9  -999.9  -999.9  -999.9
2017 02 24  0623   57808   22980    9  -999.9  -999.9  -999.9  -999.9  -999.9  -999.9
2017 02 24  0624   57808   23040    9  -999.9  -999.9  -999.9  -999.9  -999.9  -999.9
2017 02 24  0625   57808   23100    9  -999.9  -999.9  -999.9  -999.9  -999.9  -999.9
2017 02 24  0626   57808   23160    9  -999.9  -999.9  -999.9  -999.9  -999.9  -999.9
2017 02 24  0627   57808   23220    9  -999.9  -999.9  -999.9  -999.9  -999.9  -999.9
2017 02 24  0628   57808   23280    9  -999.9  -999.9  -999.9  -999.9  -999.9  -999.9
2017 02 24  0629   57808   23340    9  -999.9  -999.9  -999.9  -999.9  -999.9  -999.9
2017 02 24  0630   57808   23400    9  -999.9  -999.9  -999.9  -999.9  -999.9  -999.9
2017 02 24  0631   57808   23460    9  -999.9  -999.9  -999.9  -999.9  -999.9  -999.9
2017 02 24  0632   57808   23520    9  -999.9  -999.9  -999.9  -999.9  -999.9  -999.9
2017 02 24  0633   57808   23580    9  -999.9  -999.9  -999.9  -999.9  -999.9  -999.9
2017 02 24  0634   57808   23640    9  -999.9  -999.9  -999.9  -999.9  -999.9  -999.9
2017 02 24  0635   57808   23700    9  -999.9  -999.9  -999.9  -999.9  -999.9  -999.9
2017 02 24  0636   57808   23760    9  -999.9  -999.9  -999.9  -999.9  -999.9  -999.9
2017 02 24  0637   57808   23820    9  -999.9  -999.9  -999.9  -999.9  -999.9  -999.9
2017 02 24  0638   57808   23880    9  -999.9  -999.9  -999.9  -999.9  -999.9  -999.9
2017 02 24  0639   57808   23940    9  -999.9  -999.9  -999.9  -999.9  -999.9  -999.9
2017 02 24  0640   57808   24000    9  -999.9  -999.9  -999.9  -999.9  -999.9  -999.9
2017 02 24  0641   57808   24060    9  -999.9  -999.9  -999.9  -999.9  -999.9  -999.9
2017 02 24  0642   57808   24120    9  -999.9  -999.9  -999.9  -999.9  -999.9  -999.9
2017 02 24  0643   57808   24180    9  -999.9  -999.9  -999.9  -999.9  -999.9  -999.9
2017 02 24  0644   57808   24240    9  -999.9  -999.9  -999.9  -999.9  -999.9  -999.9
2017 02 24  0645   57808   24300    9  -999.9  -999.9  -999.9  -999.9  -999.9  -999.9
2017 02 24  0646   57808   24360    9  -999.9  -999.9  -999.9  -999.9  -999.9  -999.9
2017 02 24  0647   57808   24420    9  -999.9  -999.9  -999.9  -999.9  -999.9  -999.9
2017 02 24  0648   57808   24480    9  -999.9  -999.9  -999.9  -999.9  -999.9  -999.9
2017 02 24  0649   57808   24540    9  -999.9  -999.9  -999.9  -999.9  -999.9  -999.9
2017 02 24  0650   57808   24600    9  -999.9  -999.9  -999.9  -999.9  -999.9  -999.9
2017 02 24  0651   57808   24660    9  -999.9  -999.9  -999.9  -999.9  -999.9  -999.9
2017 02 24  0652   57808   24720    9  -999.9  -999.9  -999.9  -999.9  -999.9  -999.9
2017 02 24  0653   57808   24780    9  -999.9  -999.9  -999.9  -999.9  -999.9  -999.9
2017 02 24  0654   57808   24840    9  -999.9  -999.9  -999.9  -999.9  -999.9  -999.9
2017 02 24  0655   57808   24900    9  -999.9  -999.9  -999.9  -999.9  -999.9  -999.9
2017 02 24  0656   57808   24960    9  -999.9  -999.9  -999.9  -999.9  -999.9  -999.9
2017 02 24  0657   57808   25020    9  -999.9  -999.9  -999.9  -999.9  -999.9  -999.9
2017 02 24  0658   57808   25080    9  -999.9  -999.9  -999.9  -999.9  -999.9  -999.9
2017 02 24  0659   57808   25140    0    -0.1     5.1    -0.7     5.2    -7.5    91.3
2017 02 24  0700   57808   25200    9  -999.9  -999.9  -999.9  -999.9  -999.9  -999.9
2017 02 24  0701   57808   25260    0    -0.3     4.7    -1.9     5.1   -22.1    93.0
2017 02 24  0702   57808   25320    0     0.8     3.5    -3.3     4.8   -42.7    76.4
2017 02 24  0703   57808   25380    0     1.1     2.9    -3.6     4.8   -49.0    70.0
2017 02 24  0704   57808   25440    0     0.8     3.3    -3.3     4.7   -44.4    76.7
2017 02 24  0705   57808   25500    0    -0.7     3.8    -2.5     4.6   -32.6    99.8
2017 02 24  0706   57808   25560    0    -0.1     3.9    -3.0     4.9   -37.3    91.6
2017 02 24  0707   57808   25620    0     0.2     3.6    -3.0     4.7   -39.4    86.4
2017 02 24  0708   57808   25680    0    -2.8     1.1    -0.0     3.0    -0.9   159.4
2017 02 24  0709   57808   25740    0    -4.7    -0.4     1.9     5.1    22.2   185.2
2017 02 24  0710   57808   25800    0    -4.0    -0.7     2.8     5.0    34.5   189.7
2017 02 24  0711   57808   25860    0    -3.7    -1.0     3.1     4.9    39.0   194.5
2017 02 24  0712   57808   25920    0    -3.2    -0.5     3.7     4.9    48.6   188.4
2017 02 24  0713   57808   25980    0    -4.1     0.2     2.8     4.9    34.3   177.9
2017 02 24  0714   57808   26040    0    -4.1     0.3     3.0     5.0    36.1   175.3
2017 02 24  0715   57808   26100    0    -4.7    -0.3     1.8     5.0    21.1   183.2
2017 02 24  0716   57808   26160    0    -4.5    -0.7     1.8     4.9    22.0   188.8
2017 02 24  0717   57808   26220    0    -4.5     0.0     2.0     5.0    24.1   179.4
2017 02 24  0718   57808   26280    0    -3.9    -0.2     2.6     4.7    33.2   183.6
2017 02 24  0719   57808   26340    0    -3.9     1.2     2.2     4.7    28.7   163.0
2017 02 24  0720   57808   26400    0    -4.3     1.3     1.5     4.8    17.7   163.0
2017 02 24  0721   57808   26460    0    -3.9    -0.5     2.8     4.8    35.7   186.9
2017 02 24  0722   57808   26520    0    -3.9    -0.5     2.6     4.8    33.5   186.9
2017 02 24  0723   57808   26580    0    -3.7    -0.2     3.0     4.8    39.4   182.6
2017 02 24  0724   57808   26640    0    -3.4    -0.3     3.4     4.8    44.7   185.4
2017 02 24  0725   57808   26700    0    -3.2     0.4     3.5     4.8    47.7   172.7
2017 02 24  0726   57808   26760    0    -3.3     1.1     3.5     4.9    45.0   160.8
2017 02 24  0727   57808   26820    0    -3.2     2.3     2.8     4.8    35.8   144.6
2017 02 24  0728   57808   26880    0    -3.3     1.9     2.7     4.7    35.2   150.0
2017 02 24  0729   57808   26940    0    -3.2     2.8     2.6     5.0    31.5   139.4
2017 02 24  0730   57808   27000    0    -2.1    -0.6     2.7     3.5    51.3   195.0
2017 02 24  0731   57808   27060    0    -1.7    -2.6     3.6     4.8    48.7   236.8
2017 02 24  0732   57808   27120    0    -2.7    -2.4     3.0     4.7    39.6   222.3
2017 02 24  0733   57808   27180    0    -2.7    -2.2     3.0     4.6    41.0   219.0
2017 02 24  0734   57808   27240    0    -2.1    -3.3     3.1     5.0    38.1   237.3
2017 02 24  0735   57808   27300    0    -1.2    -2.3     4.4     5.1    59.3   243.7
2017 02 24  0736   57808   27360    0    -0.6     1.4     4.7     4.9    72.3   112.9
2017 02 24  0737   57808   27420    0    -0.3     1.2     4.5     4.7    74.2   102.7
2017 02 24  0738   57808   27480    0     0.2     2.1     4.4     4.8    64.6    85.4
2017 02 24  0739   57808   27540    0     0.4     2.6     4.0     4.8    57.0    80.1
2017 02 24  0740   57808   27600    0     0.3     1.6     4.6     4.8    70.8    77.8
2017 02 24  0741   57808   27660    0     0.2     1.3     4.8     5.0    75.2    82.1
2017 02 24  0742   57808   27720    0    -0.3     0.3     4.8     4.8    84.5   137.6
2017 02 24  0743   57808   27780    0    -2.5    -1.8     3.3     4.5    47.1   215.7
2017 02 24  0744   57808   27840    0    -1.6    -0.3     4.5     4.8    69.3   191.4
2017 02 24  0745   57808   27900    0    -0.9     0.7     4.8     5.0    76.6   140.3
2017 02 24  0746   57808   27960    0    -0.4     2.0     4.4     4.8    65.7   100.8
2017 02 24  0747   57808   28020    0     0.0     2.7     4.1     4.9    57.0    89.3
2017 02 24  0748   57808   28080    0     0.5     3.3     3.4     4.8    45.1    82.1
2017 02 24  0749   57808   28140    0     3.4     3.1     0.2     4.6     2.9    42.4
2017 02 24  0750   57808   28200    0     2.5     3.9     1.0     4.8    12.1    57.3
2017 02 24  0751   57808   28260    0     0.7     4.2     1.9     4.6    24.3    80.8
2017 02 24  0752   57808   28320    0    -0.5     2.7     2.3     3.6    39.2    99.9
2017 02 24  0753   57808   28380    0    -3.7    -2.0     2.0     4.6    26.0   208.5
2017 02 24  0754   57808   28440    0    -3.1    -2.6     2.5     4.7    31.5   219.9
2017 02 24  0755   57808   28500    0    -2.9    -2.3     3.0     4.8    39.6   218.9
2017 02 24  0756   57808   28560    0    -2.8    -1.1     3.3     4.5    47.7   201.5
2017 02 24  0757   57808   28620    0    -2.8     1.4     3.5     4.7    47.9   153.7
2017 02 24  0758   57808   28680    0    -3.7     0.8     3.2     5.0    40.5   167.2
2017 02 24  0759   57808   28740    0    -4.0     0.7     3.0     5.1    36.3   170.2
2017 02 24  0800   57808   28800    0    -4.7     0.2     2.2     5.2    24.9   177.5
2017 02 24  0801   57808   28860    0    -5.0     0.1     1.7     5.3    19.2   178.9
2017 02 24  0802   57808   28920    0    -5.0    -0.2     1.1     5.1    12.2   182.1
2017 02 24  0803   57808   28980    0    -5.0    -0.8     1.0     5.1    10.8   189.0
2017 02 24  0804   57808   29040    0    -5.1    -0.9     0.7     5.2     8.2   189.5
2017 02 24  0805   57808   29100    0    -5.2    -0.9     0.2     5.3     2.4   189.9
2017 02 24  0806   57808   29160    0    -5.2    -0.5     0.6     5.3     6.3   185.1
2017 02 24  0807   57808   29220    0    -5.2    -0.1     0.9     5.2     9.4   181.3
2017 02 24  0808   57808   29280    0    -5.2    -0.2    -0.2     5.2    -2.3   182.5
2017 02 24  0809   57808   29340    0    -5.3    -0.6    -0.4     5.3    -4.1   186.2
2017 02 24  0810   57808   29400    0    -5.2     0.1    -0.7     5.3    -8.0   178.7
2017 02 24  0811   57808   29460    0    -5.2     0.4    -0.9     5.3    -9.2   175.8
2017 02 24  0812   57808   29520    0    -5.2     0.4    -0.8     5.3    -9.2   175.7
2017 02 24  0813   57808   29580    0    -5.3     0.3    -0.8     5.4    -8.1   177.0
2017 02 24  0814   57808   29640    0    -5.2    -0.0    -0.8     5.2    -9.1   180.3
2017 02 24  0815   57808   29700    0    -5.1    -0.2    -1.0     5.2   -11.2   181.9
2017 02 24  0816   57808   29760    0    -4.9     0.0    -0.9     5.0   -10.2   179.6
2017 02 24  0817   57808   29820    0    -4.5     0.6    -1.0     4.7   -12.2   172.7
2017 02 24  0818   57808   29880    0    -4.8     1.1    -1.1     5.1   -12.9   166.7
2017 02 24  0819   57808   29940    0    -4.5     1.8    -1.5     5.0   -17.0   158.0
2017 02 24  0820   57808   30000    0    -4.7     1.2    -1.6     5.1   -18.9   166.1
2017 02 24  0821   57808   30060    0    -4.8     0.7    -1.9     5.2   -21.2   171.3
2017 02 24  0822   57808   30120    0    -4.7    -0.8    -1.3     5.0   -14.9   189.0
2017 02 24  0823   57808   30180    0    -4.3    -2.2    -1.1     4.9   -12.5   207.0
2017 02 24  0824   57808   30240    0    -4.4    -1.4    -1.6     4.9   -19.4   197.9
2017 02 24  0825   57808   30300    0    -4.6     0.4    -1.9     5.0   -22.6   174.6
2017 02 24  0826   57808   30360    0    -4.5     0.8    -2.0     5.0   -23.5   170.0
2017 02 24  0827   57808   30420    0    -4.3     0.9    -2.2     5.0   -26.9   168.7
2017 02 24  0828   57808   30480    0    -4.2     0.6    -2.6     4.9   -31.7   172.4
2017 02 24  0829   57808   30540    0    -4.3     0.2    -2.5     4.9   -30.1   177.2
2017 02 24  0830   57808   30600    0    -4.4    -0.0    -2.1     4.9   -25.6   180.3
2017 02 24  0831   57808   30660    0    -4.3    -0.1    -2.3     4.9   -27.9   181.0
2017 02 24  0832   57808   30720    0    -4.3     0.3    -2.3     4.9   -28.5   176.6
2017 02 24  0833   57808   30780    0    -4.5     0.8    -1.9     5.0   -22.5   170.1
2017 02 24  0834   57808   30840    0    -4.2     0.9    -2.4     4.9   -29.8   167.5
2017 02 24  0835   57808   30900    0    -4.0     0.8    -2.5     4.8   -31.1   169.2
2017 02 24  0836   57808   30960    0    -3.7     0.7    -2.3     4.4   -32.0   168.5
2017 02 24  0837   57808   31020    0    -3.7     0.8    -2.7     4.6   -35.5   167.2
2017 02 24  0838   57808   31080    0    -2.9     1.0    -2.8     4.1   -42.3   161.5
2017 02 24  0839   57808   31140    0    -1.3     3.1    -3.7     4.9   -48.0   112.4
2017 02 24  0840   57808   31200    0    -2.4     1.4    -2.4     3.7   -40.5   148.9
2017 02 24  0841   57808   31260    0    -3.7    -0.2    -1.4     3.9   -21.5   183.3
2017 02 24  0842   57808   31320    0    -2.7     0.5    -2.1     3.5   -37.0   170.2
2017 02 24  0843   57808   31380    0     1.7     2.9    -2.6     4.3   -38.2    60.0
2017 02 24  0844   57808   31440    0     0.2     2.5    -3.4     4.2   -53.5    85.6
2017 02 24  0845   57808   31500    0    -3.4     0.4    -2.9     4.4   -40.4   172.9
2017 02 24  0846   57808   31560    0    -2.5     0.7    -3.4     4.3   -52.3   163.9
2017 02 24  0847   57808   31620    0    -2.9     1.3    -3.1     4.4   -44.4   155.1
2017 02 24  0848   57808   31680    0    -4.0     0.3    -1.8     4.4   -24.6   175.7
2017 02 24  0849   57808   31740    0    -4.7    -0.8    -0.4     4.8    -4.8   189.5
2017 02 24  0850   57808   31800    0    -4.7    -0.7    -0.9     4.8   -10.8   188.1
2017 02 24  0851   57808   31860    0    -4.8     0.1    -0.7     4.8    -8.2   179.0
2017 02 24  0852   57808   31920    0    -4.9     0.1    -0.5     4.9    -6.3   178.6
2017 02 24  0853   57808   31980    0    -4.8     0.3    -0.5     4.9    -5.7   176.4
2017 02 24  0854   57808   32040    0    -4.8     0.3    -0.3     4.8    -3.6   176.1
2017 02 24  0855   57808   32100    0    -4.9     0.0    -0.4     4.9    -5.0   179.7
2017 02 24  0856   57808   32160    0    -4.9     0.0    -0.9     4.9   -10.3   179.6
2017 02 24  0857   57808   32220    0    -4.9    -0.2    -1.2     5.0   -13.5   182.2
2017 02 24  0858   57808   32280    0    -4.8    -1.0    -1.0     5.0   -11.8   192.3
2017 02 24  0859   57808   32340    0    -4.8    -0.3    -1.1     5.0   -12.9   183.2
2017 02 24  0900   57808   32400    0    -4.2    -0.3    -2.5     4.9   -30.8   183.8
2017 02 24  0901   57808   32460    0    -4.8    -1.5    -0.7     5.1    -7.8   197.1
2017 02 24  0902   57808   32520    0    -4.6    -2.1    -0.9     5.1    -9.7   204.8
2017 02 24  0903   57808   32580    0    -3.9    -2.8    -1.8     5.1   -20.5   215.7
2017 02 24  0904   57808   32640    0    -3.9    -3.3    -1.1     5.3   -12.2   220.7
2017 02 24  0905   57808   32700    0    -4.2    -2.6    -1.2     5.1   -13.5   211.5
2017 02 24  0906   57808   32760    0    -4.0    -2.7    -1.0     5.0   -12.0   214.3
2017 02 24  0907   57808   32820    0    -4.1     1.1    -1.7     4.5   -22.6   164.9
2017 02 24  0908   57808   32880    0    -3.8    -2.2    -1.0     4.5   -13.3   209.9
2017 02 24  0909   57808   32940    0    -2.2    -4.0    -1.1     4.6   -13.7   241.2
2017 02 24  0910   57808   33000    0    -2.1    -4.0    -0.7     4.6    -8.8   242.3
2017 02 24  0911   57808   33060    0    -1.2    -4.2    -1.1     4.5   -14.5   253.8
2017 02 24  0912   57808   33120    0    -2.0    -3.8    -1.1     4.4   -14.5   242.3
2017 02 24  0913   57808   33180    0    -2.1    -3.9    -0.8     4.5   -10.2   241.8
2017 02 24  0914   57808   33240    0    -2.3    -3.7    -0.9     4.5   -10.9   237.9
2017 02 24  0915   57808   33300    0    -2.9    -3.4    -1.1     4.6   -14.4   229.6
2017 02 24  0916   57808   33360    0    -2.1    -4.1    -1.2     4.7   -14.2   242.7
2017 02 24  0917   57808   33420    0    -1.1    -4.3    -1.2     4.6   -15.1   255.4
2017 02 24  0918   57808   33480    0    -1.9    -4.0    -2.3     5.0   -27.0   244.6
2017 02 24  0919   57808   33540    0    -2.9    -2.7    -3.0     5.0   -36.7   222.7
2017 02 24  0920   57808   33600    0    -4.2    -0.3    -2.5     4.9   -30.8   184.1
2017 02 24  0921   57808   33660    0    -4.2     0.7    -2.2     4.8   -27.6   170.7
2017 02 24  0922   57808   33720    0    -4.5     0.8    -0.7     4.7    -8.5   169.7
2017 02 24  0923   57808   33780    0    -4.8    -0.3     0.8     4.8     9.0   183.6
2017 02 24  0924   57808   33840    0    -4.7    -0.3     0.5     4.7     5.9   184.2
2017 02 24  0925   57808   33900    0    -4.9     0.3     0.6     4.9     7.4   177.0
2017 02 24  0926   57808   33960    0    -4.6     1.5     0.1     4.9     0.8   162.4
2017 02 24  0927   57808   34020    0    -4.8     0.7    -0.4     4.8    -4.2   171.2
2017 02 24  0928   57808   34080    0    -2.5     2.7    -0.3     3.7    -4.3   132.4
2017 02 24  0929   57808   34140    0    -3.6     2.3     1.0     4.4    13.5   147.7
2017 02 24  0930   57808   34200    0    -2.9     4.2     0.0     5.1     0.4   124.9
2017 02 24  0931   57808   34260    0    -1.9     4.2    -1.6     4.9   -18.7   114.4
2017 02 24  0932   57808   34320    0    -2.1     2.7    -3.6     5.0   -47.2   127.5
2017 02 24  0933   57808   34380    0    -3.0     1.9    -3.7     5.1   -46.0   146.8
2017 02 24  0934   57808   34440    0    -3.3     2.1    -3.3     5.1   -39.9   148.4
2017 02 24  0935   57808   34500    0    -3.3     1.1    -3.7     5.0   -46.9   161.5
2017 02 24  0936   57808   34560    0    -3.2    -1.9    -3.4     5.0   -42.9   211.2
2017 02 24  0937   57808   34620    0    -3.0    -2.8    -2.7     4.9   -33.8   223.8
2017 02 24  0938   57808   34680    0    -4.6    -1.6    -0.9     5.0   -10.6   199.1
2017 02 24  0939   57808   34740    0    -4.5    -1.9    -1.4     5.1   -16.6   202.9
2017 02 24  0940   57808   34800    0    -4.4    -1.3    -1.6     4.9   -19.2   196.8
2017 02 24  0941   57808   34860    0    -3.0    -2.9    -2.3     4.8   -28.3   224.1
2017 02 24  0942   57808   34920    0    -2.4    -2.7    -3.3     4.9   -43.1   228.0
2017 02 24  0943   57808   34980    0    -2.5     3.1    -1.9     4.4   -25.3   128.8
2017 02 24  0944   57808   35040    0    -3.0     2.9    -1.6     4.4   -21.5   136.2
2017 02 24  0945   57808   35100    0    -3.2     1.5    -3.0     4.6   -40.3   154.0
2017 02 24  0946   57808   35160    0    -2.3     0.8    -4.0     4.7   -59.0   160.7
2017 02 24  0947   57808   35220    0    -2.6     0.5    -4.1     4.9   -57.5   168.1
2017 02 24  0948   57808   35280    0    -3.4     1.8    -3.0     4.9   -38.2   151.6
2017 02 24  0949   57808   35340    0    -2.5     1.8    -3.7     4.8   -50.6   143.5
2017 02 24  0950   57808   35400    0    -2.9     0.9    -4.1     5.1   -53.7   162.2
2017 02 24  0951   57808   35460    0    -2.7     1.9    -3.9     5.1   -49.4   145.4
2017 02 24  0952   57808   35520    0    -3.1     1.4    -3.8     5.1   -48.5   155.9
2017 02 24  0953   57808   35580    0    -2.9     1.9    -3.3     4.8   -43.6   146.2
2017 02 24  0954   57808   35640    0    -1.9     4.5    -0.8     4.9    -9.5   113.3
2017 02 24  0955   57808   35700    0    -1.3     4.8     0.7     5.0     7.8   105.0
2017 02 24  0956   57808   35760    0    -1.3     4.8     0.2     5.0     2.5   104.6
2017 02 24  0957   57808   35820    0    -0.7     4.8     0.6     4.8     6.7    97.9
2017 02 24  0958   57808   35880    0    -0.9     4.7    -0.4     4.8    -4.4   101.1
2017 02 24  0959   57808   35940    9  -999.9  -999.9  -999.9  -999.9  -999.9  -999.9
