:Data_list: 20170128_ace_epam_5m.txt
:Created: 2017 Jan 28 1001 UT
# Prepared by the U.S. Dept. of Commerce, NOAA, Space Weather Prediction Center
# Please send comments and suggestions to SWPC.Webmaster@noaa.gov 
# 
# Units: Differential Flux particles/cm2-s-ster-MeV
# Units: Anisotropy Index 0.0 - 2.0
# Status(S): 0 = nominal, 4,6,7,8 = bad data, unable to process, 9 = no data
# Missing data values: -1.00e+05, index = -1.00
# Source: ACE Satellite - Electron, Proton, and Alpha Monitor
#
#
#                      5-minute averaged Real-time Differential Electron and Proton Flux 
# 
#                Modified Seconds ---------------------------- Differential Flux ---------------------------
# UT Date   Time  Julian  of the  ----- Electron -----   ------------------- Protons keV -------------------   Anis.
# YR MO DA  HHMM    Day    Day    S    38-53   175-315   S    47-68   115-195   310-580   795-1193 1060-1900   Index
#-------------------------------------------------------------------------------------------------------------------
2017 01 28  0000   57781       0 -1 -1.00e+05 -1.00e+05 -1 -1.00e+05 -1.00e+05 -1.00e+05 -1.00e+05 -1.00e+05  -1.00
2017 01 28  0005   57781     300 -1 -1.00e+05 -1.00e+05 -1 -1.00e+05 -1.00e+05 -1.00e+05 -1.00e+05 -1.00e+05  -1.00
2017 01 28  0010   57781     600 -1 -1.00e+05 -1.00e+05 -1 -1.00e+05 -1.00e+05 -1.00e+05 -1.00e+05 -1.00e+05  -1.00
2017 01 28  0015   57781     900 -1 -1.00e+05 -1.00e+05 -1 -1.00e+05 -1.00e+05 -1.00e+05 -1.00e+05 -1.00e+05  -1.00
2017 01 28  0020   57781    1200 -1 -1.00e+05 -1.00e+05 -1 -1.00e+05 -1.00e+05 -1.00e+05 -1.00e+05 -1.00e+05  -1.00
2017 01 28  0025   57781    1500 -1 -1.00e+05 -1.00e+05 -1 -1.00e+05 -1.00e+05 -1.00e+05 -1.00e+05 -1.00e+05  -1.00
2017 01 28  0030   57781    1800 -1 -1.00e+05 -1.00e+05 -1 -1.00e+05 -1.00e+05 -1.00e+05 -1.00e+05 -1.00e+05  -1.00
2017 01 28  0035   57781    2100 -1 -1.00e+05 -1.00e+05 -1 -1.00e+05 -1.00e+05 -1.00e+05 -1.00e+05 -1.00e+05  -1.00
2017 01 28  0040   57781    2400 -1 -1.00e+05 -1.00e+05 -1 -1.00e+05 -1.00e+05 -1.00e+05 -1.00e+05 -1.00e+05  -1.00
2017 01 28  0045   57781    2700 -1 -1.00e+05 -1.00e+05 -1 -1.00e+05 -1.00e+05 -1.00e+05 -1.00e+05 -1.00e+05  -1.00
2017 01 28  0050   57781    3000 -1 -1.00e+05 -1.00e+05 -1 -1.00e+05 -1.00e+05 -1.00e+05 -1.00e+05 -1.00e+05  -1.00
2017 01 28  0055   57781    3300 -1 -1.00e+05 -1.00e+05 -1 -1.00e+05 -1.00e+05 -1.00e+05 -1.00e+05 -1.00e+05  -1.00
2017 01 28  0100   57781    3600 -1 -1.00e+05 -1.00e+05 -1 -1.00e+05 -1.00e+05 -1.00e+05 -1.00e+05 -1.00e+05  -1.00
2017 01 28  0105   57781    3900 -1 -1.00e+05 -1.00e+05 -1 -1.00e+05 -1.00e+05 -1.00e+05 -1.00e+05 -1.00e+05  -1.00
2017 01 28  0110   57781    4200 -1 -1.00e+05 -1.00e+05 -1 -1.00e+05 -1.00e+05 -1.00e+05 -1.00e+05 -1.00e+05  -1.00
2017 01 28  0115   57781    4500 -1 -1.00e+05 -1.00e+05 -1 -1.00e+05 -1.00e+05 -1.00e+05 -1.00e+05 -1.00e+05  -1.00
2017 01 28  0120   57781    4800 -1 -1.00e+05 -1.00e+05 -1 -1.00e+05 -1.00e+05 -1.00e+05 -1.00e+05 -1.00e+05  -1.00
2017 01 28  0125   57781    5100 -1 -1.00e+05 -1.00e+05 -1 -1.00e+05 -1.00e+05 -1.00e+05 -1.00e+05 -1.00e+05  -1.00
2017 01 28  0130   57781    5400 -1 -1.00e+05 -1.00e+05 -1 -1.00e+05 -1.00e+05 -1.00e+05 -1.00e+05 -1.00e+05  -1.00
2017 01 28  0135   57781    5700 -1 -1.00e+05 -1.00e+05 -1 -1.00e+05 -1.00e+05 -1.00e+05 -1.00e+05 -1.00e+05  -1.00
2017 01 28  0140   57781    6000 -1 -1.00e+05 -1.00e+05 -1 -1.00e+05 -1.00e+05 -1.00e+05 -1.00e+05 -1.00e+05  -1.00
2017 01 28  0145   57781    6300 -1 -1.00e+05 -1.00e+05 -1 -1.00e+05 -1.00e+05 -1.00e+05 -1.00e+05 -1.00e+05  -1.00
2017 01 28  0150   57781    6600 -1 -1.00e+05 -1.00e+05 -1 -1.00e+05 -1.00e+05 -1.00e+05 -1.00e+05 -1.00e+05  -1.00
2017 01 28  0155   57781    6900 -1 -1.00e+05 -1.00e+05 -1 -1.00e+05 -1.00e+05 -1.00e+05 -1.00e+05 -1.00e+05  -1.00
2017 01 28  0200   57781    7200 -1 -1.00e+05 -1.00e+05 -1 -1.00e+05 -1.00e+05 -1.00e+05 -1.00e+05 -1.00e+05  -1.00
2017 01 28  0205   57781    7500 -1 -1.00e+05 -1.00e+05 -1 -1.00e+05 -1.00e+05 -1.00e+05 -1.00e+05 -1.00e+05  -1.00
2017 01 28  0210   57781    7800 -1 -1.00e+05 -1.00e+05 -1 -1.00e+05 -1.00e+05 -1.00e+05 -1.00e+05 -1.00e+05  -1.00
2017 01 28  0215   57781    8100 -1 -1.00e+05 -1.00e+05 -1 -1.00e+05 -1.00e+05 -1.00e+05 -1.00e+05 -1.00e+05  -1.00
2017 01 28  0220   57781    8400 -1 -1.00e+05 -1.00e+05 -1 -1.00e+05 -1.00e+05 -1.00e+05 -1.00e+05 -1.00e+05  -1.00
2017 01 28  0225   57781    8700 -1 -1.00e+05 -1.00e+05 -1 -1.00e+05 -1.00e+05 -1.00e+05 -1.00e+05 -1.00e+05  -1.00
2017 01 28  0230   57781    9000 -1 -1.00e+05 -1.00e+05 -1 -1.00e+05 -1.00e+05 -1.00e+05 -1.00e+05 -1.00e+05  -1.00
2017 01 28  0235   57781    9300 -1 -1.00e+05 -1.00e+05 -1 -1.00e+05 -1.00e+05 -1.00e+05 -1.00e+05 -1.00e+05  -1.00
2017 01 28  0240   57781    9600 -1 -1.00e+05 -1.00e+05 -1 -1.00e+05 -1.00e+05 -1.00e+05 -1.00e+05 -1.00e+05  -1.00
2017 01 28  0245   57781    9900 -1 -1.00e+05 -1.00e+05 -1 -1.00e+05 -1.00e+05 -1.00e+05 -1.00e+05 -1.00e+05  -1.00
2017 01 28  0250   57781   10200 -1 -1.00e+05 -1.00e+05 -1 -1.00e+05 -1.00e+05 -1.00e+05 -1.00e+05 -1.00e+05  -1.00
2017 01 28  0255   57781   10500 -1 -1.00e+05 -1.00e+05 -1 -1.00e+05 -1.00e+05 -1.00e+05 -1.00e+05 -1.00e+05  -1.00
2017 01 28  0300   57781   10800 -1 -1.00e+05 -1.00e+05 -1 -1.00e+05 -1.00e+05 -1.00e+05 -1.00e+05 -1.00e+05  -1.00
2017 01 28  0305   57781   11100 -1 -1.00e+05 -1.00e+05 -1 -1.00e+05 -1.00e+05 -1.00e+05 -1.00e+05 -1.00e+05  -1.00
2017 01 28  0310   57781   11400 -1 -1.00e+05 -1.00e+05 -1 -1.00e+05 -1.00e+05 -1.00e+05 -1.00e+05 -1.00e+05  -1.00
2017 01 28  0315   57781   11700 -1 -1.00e+05 -1.00e+05 -1 -1.00e+05 -1.00e+05 -1.00e+05 -1.00e+05 -1.00e+05  -1.00
2017 01 28  0320   57781   12000 -1 -1.00e+05 -1.00e+05 -1 -1.00e+05 -1.00e+05 -1.00e+05 -1.00e+05 -1.00e+05  -1.00
2017 01 28  0325   57781   12300 -1 -1.00e+05 -1.00e+05 -1 -1.00e+05 -1.00e+05 -1.00e+05 -1.00e+05 -1.00e+05  -1.00
2017 01 28  0330   57781   12600 -1 -1.00e+05 -1.00e+05 -1 -1.00e+05 -1.00e+05 -1.00e+05 -1.00e+05 -1.00e+05  -1.00
2017 01 28  0335   57781   12900 -1 -1.00e+05 -1.00e+05 -1 -1.00e+05 -1.00e+05 -1.00e+05 -1.00e+05 -1.00e+05  -1.00
2017 01 28  0340   57781   13200 -1 -1.00e+05 -1.00e+05 -1 -1.00e+05 -1.00e+05 -1.00e+05 -1.00e+05 -1.00e+05  -1.00
2017 01 28  0345   57781   13500 -1 -1.00e+05 -1.00e+05 -1 -1.00e+05 -1.00e+05 -1.00e+05 -1.00e+05 -1.00e+05  -1.00
2017 01 28  0350   57781   13800 -1 -1.00e+05 -1.00e+05 -1 -1.00e+05 -1.00e+05 -1.00e+05 -1.00e+05 -1.00e+05  -1.00
2017 01 28  0355   57781   14100 -1 -1.00e+05 -1.00e+05 -1 -1.00e+05 -1.00e+05 -1.00e+05 -1.00e+05 -1.00e+05  -1.00
2017 01 28  0400   57781   14400 -1 -1.00e+05 -1.00e+05 -1 -1.00e+05 -1.00e+05 -1.00e+05 -1.00e+05 -1.00e+05  -1.00
2017 01 28  0405   57781   14700 -1 -1.00e+05 -1.00e+05 -1 -1.00e+05 -1.00e+05 -1.00e+05 -1.00e+05 -1.00e+05  -1.00
2017 01 28  0410   57781   15000 -1 -1.00e+05 -1.00e+05 -1 -1.00e+05 -1.00e+05 -1.00e+05 -1.00e+05 -1.00e+05  -1.00
2017 01 28  0415   57781   15300 -1 -1.00e+05 -1.00e+05 -1 -1.00e+05 -1.00e+05 -1.00e+05 -1.00e+05 -1.00e+05  -1.00
2017 01 28  0420   57781   15600 -1 -1.00e+05 -1.00e+05 -1 -1.00e+05 -1.00e+05 -1.00e+05 -1.00e+05 -1.00e+05  -1.00
2017 01 28  0425   57781   15900 -1 -1.00e+05 -1.00e+05 -1 -1.00e+05 -1.00e+05 -1.00e+05 -1.00e+05 -1.00e+05  -1.00
2017 01 28  0430   57781   16200 -1 -1.00e+05 -1.00e+05 -1 -1.00e+05 -1.00e+05 -1.00e+05 -1.00e+05 -1.00e+05  -1.00
2017 01 28  0435   57781   16500 -1 -1.00e+05 -1.00e+05 -1 -1.00e+05 -1.00e+05 -1.00e+05 -1.00e+05 -1.00e+05  -1.00
2017 01 28  0440   57781   16800 -1 -1.00e+05 -1.00e+05 -1 -1.00e+05 -1.00e+05 -1.00e+05 -1.00e+05 -1.00e+05  -1.00
2017 01 28  0445   57781   17100 -1 -1.00e+05 -1.00e+05 -1 -1.00e+05 -1.00e+05 -1.00e+05 -1.00e+05 -1.00e+05  -1.00
2017 01 28  0450   57781   17400 -1 -1.00e+05 -1.00e+05 -1 -1.00e+05 -1.00e+05 -1.00e+05 -1.00e+05 -1.00e+05  -1.00
2017 01 28  0455   57781   17700 -1 -1.00e+05 -1.00e+05 -1 -1.00e+05 -1.00e+05 -1.00e+05 -1.00e+05 -1.00e+05  -1.00
2017 01 28  0500   57781   18000 -1 -1.00e+05 -1.00e+05 -1 -1.00e+05 -1.00e+05 -1.00e+05 -1.00e+05 -1.00e+05  -1.00
2017 01 28  0505   57781   18300 -1 -1.00e+05 -1.00e+05 -1 -1.00e+05 -1.00e+05 -1.00e+05 -1.00e+05 -1.00e+05  -1.00
2017 01 28  0510   57781   18600 -1 -1.00e+05 -1.00e+05 -1 -1.00e+05 -1.00e+05 -1.00e+05 -1.00e+05 -1.00e+05  -1.00
2017 01 28  0515   57781   18900 -1 -1.00e+05 -1.00e+05 -1 -1.00e+05 -1.00e+05 -1.00e+05 -1.00e+05 -1.00e+05  -1.00
2017 01 28  0520   57781   19200 -1 -1.00e+05 -1.00e+05 -1 -1.00e+05 -1.00e+05 -1.00e+05 -1.00e+05 -1.00e+05  -1.00
2017 01 28  0525   57781   19500 -1 -1.00e+05 -1.00e+05 -1 -1.00e+05 -1.00e+05 -1.00e+05 -1.00e+05 -1.00e+05  -1.00
2017 01 28  0530   57781   19800 -1 -1.00e+05 -1.00e+05 -1 -1.00e+05 -1.00e+05 -1.00e+05 -1.00e+05 -1.00e+05  -1.00
2017 01 28  0535   57781   20100 -1 -1.00e+05 -1.00e+05 -1 -1.00e+05 -1.00e+05 -1.00e+05 -1.00e+05 -1.00e+05  -1.00
2017 01 28  0540   57781   20400 -1 -1.00e+05 -1.00e+05 -1 -1.00e+05 -1.00e+05 -1.00e+05 -1.00e+05 -1.00e+05  -1.00
2017 01 28  0545   57781   20700 -1 -1.00e+05 -1.00e+05 -1 -1.00e+05 -1.00e+05 -1.00e+05 -1.00e+05 -1.00e+05  -1.00
2017 01 28  0550   57781   21000 -1 -1.00e+05 -1.00e+05 -1 -1.00e+05 -1.00e+05 -1.00e+05 -1.00e+05 -1.00e+05  -1.00
2017 01 28  0555   57781   21300 -1 -1.00e+05 -1.00e+05 -1 -1.00e+05 -1.00e+05 -1.00e+05 -1.00e+05 -1.00e+05  -1.00
2017 01 28  0600   57781   21600 -1 -1.00e+05 -1.00e+05 -1 -1.00e+05 -1.00e+05 -1.00e+05 -1.00e+05 -1.00e+05  -1.00
2017 01 28  0605   57781   21900 -1 -1.00e+05 -1.00e+05 -1 -1.00e+05 -1.00e+05 -1.00e+05 -1.00e+05 -1.00e+05  -1.00
2017 01 28  0610   57781   22200 -1 -1.00e+05 -1.00e+05 -1 -1.00e+05 -1.00e+05 -1.00e+05 -1.00e+05 -1.00e+05  -1.00
2017 01 28  0615   57781   22500 -1 -1.00e+05 -1.00e+05 -1 -1.00e+05 -1.00e+05 -1.00e+05 -1.00e+05 -1.00e+05  -1.00
2017 01 28  0620   57781   22800 -1 -1.00e+05 -1.00e+05 -1 -1.00e+05 -1.00e+05 -1.00e+05 -1.00e+05 -1.00e+05  -1.00
2017 01 28  0625   57781   23100 -1 -1.00e+05 -1.00e+05 -1 -1.00e+05 -1.00e+05 -1.00e+05 -1.00e+05 -1.00e+05  -1.00
2017 01 28  0630   57781   23400 -1 -1.00e+05 -1.00e+05 -1 -1.00e+05 -1.00e+05 -1.00e+05 -1.00e+05 -1.00e+05  -1.00
2017 01 28  0635   57781   23700 -1 -1.00e+05 -1.00e+05 -1 -1.00e+05 -1.00e+05 -1.00e+05 -1.00e+05 -1.00e+05  -1.00
2017 01 28  0640   57781   24000 -1 -1.00e+05 -1.00e+05 -1 -1.00e+05 -1.00e+05 -1.00e+05 -1.00e+05 -1.00e+05  -1.00
2017 01 28  0645   57781   24300 -1 -1.00e+05 -1.00e+05 -1 -1.00e+05 -1.00e+05 -1.00e+05 -1.00e+05 -1.00e+05  -1.00
2017 01 28  0650   57781   24600 -1 -1.00e+05 -1.00e+05 -1 -1.00e+05 -1.00e+05 -1.00e+05 -1.00e+05 -1.00e+05  -1.00
2017 01 28  0655   57781   24900 -1 -1.00e+05 -1.00e+05 -1 -1.00e+05 -1.00e+05 -1.00e+05 -1.00e+05 -1.00e+05  -1.00
2017 01 28  0700   57781   25200  0  9.60e+02  2.34e+01  0  3.42e+03  1.76e+01  2.25e+00  5.69e-01  2.01e-01  -1.00
2017 01 28  0705   57781   25500  0  1.10e+03  2.90e+01  0  3.40e+03  1.74e+01  2.36e+00  5.66e-01  9.84e-02  -1.00
2017 01 28  0710   57781   25800  0  8.70e+02  2.86e+01  0  3.35e+03  2.02e+01  2.14e+00  7.28e-01  1.82e-01  -1.00
2017 01 28  0715   57781   26100  0  8.95e+02  2.60e+01  0  3.09e+03  1.95e+01  2.45e+00  7.84e-01  8.02e-02  -1.00
2017 01 28  0720   57781   26400  0  1.04e+03  2.71e+01  0  3.38e+03  2.04e+01  1.72e+00  5.17e-01  1.83e-01  -1.00
2017 01 28  0725   57781   26700  0  9.32e+02  2.39e+01  0  3.31e+03  1.84e+01  2.20e+00  6.60e-01  1.94e-01  -1.00
2017 01 28  0730   57781   27000  0  8.31e+02  2.45e+01  0  3.23e+03  1.95e+01  3.04e+00  6.24e-01  1.37e-01  -1.00
2017 01 28  0735   57781   27300  0  8.37e+02  2.75e+01  0  3.29e+03  2.19e+01  2.39e+00  6.98e-01  1.52e-01  -1.00
2017 01 28  0740   57781   27600  0  8.73e+02  2.80e+01  0  3.30e+03  1.73e+01  2.19e+00  8.14e-01  1.34e-01  -1.00
2017 01 28  0745   57781   27900  0  8.96e+02  2.81e+01  0  3.21e+03  1.83e+01  2.49e+00  8.54e-01  2.34e-01  -1.00
2017 01 28  0750   57781   28200  0  7.88e+02  3.11e+01  0  3.05e+03  1.83e+01  2.67e+00  6.71e-01  6.26e-02  -1.00
2017 01 28  0755   57781   28500  0  1.09e+03  3.02e+01  0  3.47e+03  2.00e+01  1.78e+00  5.50e-01  1.12e-01  -1.00
2017 01 28  0800   57781   28800  0  8.28e+02  2.85e+01  0  3.33e+03  1.85e+01  2.32e+00  6.05e-01  2.06e-01  -1.00
2017 01 28  0805   57781   29100  0  7.97e+02  2.69e+01  0  3.04e+03  1.75e+01  2.41e+00  6.28e-01  1.62e-01  -1.00
2017 01 28  0810   57781   29400  0  8.95e+02  1.90e+01  0  3.29e+03  1.91e+01  2.32e+00  5.52e-01  1.36e-01  -1.00
2017 01 28  0815   57781   29700  0  9.22e+02  2.45e+01  0  3.16e+03  2.14e+01  2.09e+00  6.67e-01  1.59e-01  -1.00
2017 01 28  0820   57781   30000  0  7.37e+02  2.02e+01  0  3.22e+03  1.87e+01  2.36e+00  4.61e-01  1.17e-01  -1.00
2017 01 28  0825   57781   30300  0  7.63e+02  2.22e+01  0  3.16e+03  1.82e+01  2.26e+00  5.40e-01  1.59e-01  -1.00
2017 01 28  0830   57781   30600  0  1.08e+03  2.40e+01  0  3.38e+03  2.71e+01  2.40e+00  6.74e-01  1.75e-01  -1.00
2017 01 28  0835   57781   30900  0  7.49e+02  2.18e+01  0  3.31e+03  2.82e+01  2.00e+00  5.23e-01  2.40e-01  -1.00
2017 01 28  0840   57781   31200  0  7.70e+02  2.58e+01  0  3.17e+03  2.23e+01  2.74e+00  7.07e-01  1.05e-01  -1.00
2017 01 28  0845   57781   31500  0  9.50e+02  2.89e+01  0  3.33e+03  2.53e+01  2.42e+00  4.62e-01  1.70e-01  -1.00
2017 01 28  0850   57781   31800  0  7.56e+02  2.34e+01  0  8.93e+03  1.89e+02  3.20e+00  4.68e-01  1.57e-01  -1.00
2017 01 28  0855   57781   32100  0  8.47e+02  2.61e+01  0  1.23e+04  2.98e+02  5.97e+00  6.34e-01  1.77e-01  -1.00
2017 01 28  0900   57781   32400  0  9.87e+02  2.89e+01  0  2.09e+04  1.50e+03  1.72e+01  3.75e-01  2.02e-01  -1.00
2017 01 28  0905   57781   32700  0  8.94e+02  2.17e+01  0  3.27e+04  1.59e+03  1.96e+01  5.36e-01  1.89e-01  -1.00
2017 01 28  0910   57781   33000  0  9.25e+02  2.85e+01  0  3.92e+04  1.10e+03  1.36e+01  6.30e-01  2.36e-01  -1.00
2017 01 28  0915   57781   33300  0  8.79e+02  2.79e+01  0  2.65e+04  6.46e+02  9.27e+00  7.26e-01  1.96e-01  -1.00
2017 01 28  0920   57781   33600  0  1.05e+03  2.68e+01  0  3.75e+04  6.21e+02  6.65e+00  6.05e-01  1.85e-01  -1.00
2017 01 28  0925   57781   33900  0  8.51e+02  2.26e+01  0  7.64e+04  8.81e+02  7.11e+00  5.42e-01  1.43e-01  -1.00
2017 01 28  0930   57781   34200  0  8.87e+02  2.71e+01  0  5.16e+04  4.47e+02  5.18e+00  5.36e-01  1.54e-01  -1.00
2017 01 28  0935   57781   34500  0  1.14e+03  2.73e+01  0  4.16e+04  2.53e+02  3.46e+00  6.38e-01  2.20e-01  -1.00
2017 01 28  0940   57781   34800  0  8.32e+02  2.69e+01  0  6.33e+04  8.32e+02  4.39e+00  6.51e-01  1.29e-01  -1.00
2017 01 28  0945   57781   35100  0  1.00e+03  2.56e+01  0  7.18e+04  2.45e+03  1.10e+01  5.12e-01  2.47e-01  -1.00
2017 01 28  0950   57781   35400  0  8.95e+02  2.93e+01  0  8.75e+04  3.34e+03  2.26e+01  6.09e-01  1.48e-01  -1.00
2017 01 28  0955   57781   35700  0  9.30e+02  2.48e+01  0  6.38e+04  2.87e+03  1.92e+01  5.69e-01  1.98e-01  -1.00
