:Data_list: 20181012_ace_mag_1m.txt
:Created: 2018 Oct 12 0901 UT
# Prepared by the U.S. Dept. of Commerce, NOAA, Space Weather Prediction Center
# Please send comments and suggestions to SWPC.Webmaster@noaa.gov 
# 
# Magnetometer values are in GSM coordinates.
# 
# Units: Bx, By, Bz, Bt in nT
# Units: Latitude  degrees +/-  90.0
# Units: Longitude degrees 0.0 - 360.0
# Status(S): 0 = nominal data, 1 to 8 = bad data record, 9 = no data
# Missing data values: -999.9
# Source: ACE Satellite - Magnetometer
#
#              1-minute averaged Real-time Interplanetary Magnetic Field Values 
# 
#                 Modified Seconds
# UT Date   Time  Julian   of the   ----------------  GSM Coordinates ---------------
# YR MO DA  HHMM    Day      Day    S     Bx      By      Bz      Bt     Lat.   Long.
#------------------------------------------------------------------------------------
2018 10 12  0000   58403       0    9  -999.9  -999.9  -999.9  -999.9  -999.9  -999.9
2018 10 12  0001   58403      60    9  -999.9  -999.9  -999.9  -999.9  -999.9  -999.9
2018 10 12  0002   58403     120    9  -999.9  -999.9  -999.9  -999.9  -999.9  -999.9
2018 10 12  0003   58403     180    9  -999.9  -999.9  -999.9  -999.9  -999.9  -999.9
2018 10 12  0004   58403     240    9  -999.9  -999.9  -999.9  -999.9  -999.9  -999.9
2018 10 12  0005   58403     300    9  -999.9  -999.9  -999.9  -999.9  -999.9  -999.9
2018 10 12  0006   58403     360    9  -999.9  -999.9  -999.9  -999.9  -999.9  -999.9
2018 10 12  0007   58403     420    9  -999.9  -999.9  -999.9  -999.9  -999.9  -999.9
2018 10 12  0008   58403     480    9  -999.9  -999.9  -999.9  -999.9  -999.9  -999.9
2018 10 12  0009   58403     540    9  -999.9  -999.9  -999.9  -999.9  -999.9  -999.9
2018 10 12  0010   58403     600    9  -999.9  -999.9  -999.9  -999.9  -999.9  -999.9
2018 10 12  0011   58403     660    9  -999.9  -999.9  -999.9  -999.9  -999.9  -999.9
2018 10 12  0012   58403     720    9  -999.9  -999.9  -999.9  -999.9  -999.9  -999.9
2018 10 12  0013   58403     780    9  -999.9  -999.9  -999.9  -999.9  -999.9  -999.9
2018 10 12  0014   58403     840    9  -999.9  -999.9  -999.9  -999.9  -999.9  -999.9
2018 10 12  0015   58403     900    9  -999.9  -999.9  -999.9  -999.9  -999.9  -999.9
2018 10 12  0016   58403     960    9  -999.9  -999.9  -999.9  -999.9  -999.9  -999.9
2018 10 12  0017   58403    1020    9  -999.9  -999.9  -999.9  -999.9  -999.9  -999.9
2018 10 12  0018   58403    1080    9  -999.9  -999.9  -999.9  -999.9  -999.9  -999.9
2018 10 12  0019   58403    1140    9  -999.9  -999.9  -999.9  -999.9  -999.9  -999.9
2018 10 12  0020   58403    1200    9  -999.9  -999.9  -999.9  -999.9  -999.9  -999.9
2018 10 12  0021   58403    1260    9  -999.9  -999.9  -999.9  -999.9  -999.9  -999.9
2018 10 12  0022   58403    1320    9  -999.9  -999.9  -999.9  -999.9  -999.9  -999.9
2018 10 12  0023   58403    1380    9  -999.9  -999.9  -999.9  -999.9  -999.9  -999.9
2018 10 12  0024   58403    1440    9  -999.9  -999.9  -999.9  -999.9  -999.9  -999.9
2018 10 12  0025   58403    1500    9  -999.9  -999.9  -999.9  -999.9  -999.9  -999.9
2018 10 12  0026   58403    1560    9  -999.9  -999.9  -999.9  -999.9  -999.9  -999.9
2018 10 12  0027   58403    1620    9  -999.9  -999.9  -999.9  -999.9  -999.9  -999.9
2018 10 12  0028   58403    1680    9  -999.9  -999.9  -999.9  -999.9  -999.9  -999.9
2018 10 12  0029   58403    1740    9  -999.9  -999.9  -999.9  -999.9  -999.9  -999.9
2018 10 12  0030   58403    1800    9  -999.9  -999.9  -999.9  -999.9  -999.9  -999.9
2018 10 12  0031   58403    1860    9  -999.9  -999.9  -999.9  -999.9  -999.9  -999.9
2018 10 12  0032   58403    1920    9  -999.9  -999.9  -999.9  -999.9  -999.9  -999.9
2018 10 12  0033   58403    1980    9  -999.9  -999.9  -999.9  -999.9  -999.9  -999.9
2018 10 12  0034   58403    2040    9  -999.9  -999.9  -999.9  -999.9  -999.9  -999.9
2018 10 12  0035   58403    2100    9  -999.9  -999.9  -999.9  -999.9  -999.9  -999.9
2018 10 12  0036   58403    2160    9  -999.9  -999.9  -999.9  -999.9  -999.9  -999.9
2018 10 12  0037   58403    2220    9  -999.9  -999.9  -999.9  -999.9  -999.9  -999.9
2018 10 12  0038   58403    2280    9  -999.9  -999.9  -999.9  -999.9  -999.9  -999.9
2018 10 12  0039   58403    2340    9  -999.9  -999.9  -999.9  -999.9  -999.9  -999.9
2018 10 12  0040   58403    2400    9  -999.9  -999.9  -999.9  -999.9  -999.9  -999.9
2018 10 12  0041   58403    2460    9  -999.9  -999.9  -999.9  -999.9  -999.9  -999.9
2018 10 12  0042   58403    2520    9  -999.9  -999.9  -999.9  -999.9  -999.9  -999.9
2018 10 12  0043   58403    2580    9  -999.9  -999.9  -999.9  -999.9  -999.9  -999.9
2018 10 12  0044   58403    2640    9  -999.9  -999.9  -999.9  -999.9  -999.9  -999.9
2018 10 12  0045   58403    2700    9  -999.9  -999.9  -999.9  -999.9  -999.9  -999.9
2018 10 12  0046   58403    2760    9  -999.9  -999.9  -999.9  -999.9  -999.9  -999.9
2018 10 12  0047   58403    2820    9  -999.9  -999.9  -999.9  -999.9  -999.9  -999.9
2018 10 12  0048   58403    2880    9  -999.9  -999.9  -999.9  -999.9  -999.9  -999.9
2018 10 12  0049   58403    2940    9  -999.9  -999.9  -999.9  -999.9  -999.9  -999.9
2018 10 12  0050   58403    3000    9  -999.9  -999.9  -999.9  -999.9  -999.9  -999.9
2018 10 12  0051   58403    3060    9  -999.9  -999.9  -999.9  -999.9  -999.9  -999.9
2018 10 12  0052   58403    3120    9  -999.9  -999.9  -999.9  -999.9  -999.9  -999.9
2018 10 12  0053   58403    3180    9  -999.9  -999.9  -999.9  -999.9  -999.9  -999.9
2018 10 12  0054   58403    3240    9  -999.9  -999.9  -999.9  -999.9  -999.9  -999.9
2018 10 12  0055   58403    3300    9  -999.9  -999.9  -999.9  -999.9  -999.9  -999.9
2018 10 12  0056   58403    3360    9  -999.9  -999.9  -999.9  -999.9  -999.9  -999.9
2018 10 12  0057   58403    3420    9  -999.9  -999.9  -999.9  -999.9  -999.9  -999.9
2018 10 12  0058   58403    3480    9  -999.9  -999.9  -999.9  -999.9  -999.9  -999.9
2018 10 12  0059   58403    3540    9  -999.9  -999.9  -999.9  -999.9  -999.9  -999.9
2018 10 12  0100   58403    3600    9  -999.9  -999.9  -999.9  -999.9  -999.9  -999.9
2018 10 12  0101   58403    3660    9  -999.9  -999.9  -999.9  -999.9  -999.9  -999.9
2018 10 12  0102   58403    3720    9  -999.9  -999.9  -999.9  -999.9  -999.9  -999.9
2018 10 12  0103   58403    3780    9  -999.9  -999.9  -999.9  -999.9  -999.9  -999.9
2018 10 12  0104   58403    3840    9  -999.9  -999.9  -999.9  -999.9  -999.9  -999.9
2018 10 12  0105   58403    3900    9  -999.9  -999.9  -999.9  -999.9  -999.9  -999.9
2018 10 12  0106   58403    3960    9  -999.9  -999.9  -999.9  -999.9  -999.9  -999.9
2018 10 12  0107   58403    4020    9  -999.9  -999.9  -999.9  -999.9  -999.9  -999.9
2018 10 12  0108   58403    4080    9  -999.9  -999.9  -999.9  -999.9  -999.9  -999.9
2018 10 12  0109   58403    4140    9  -999.9  -999.9  -999.9  -999.9  -999.9  -999.9
2018 10 12  0110   58403    4200    9  -999.9  -999.9  -999.9  -999.9  -999.9  -999.9
2018 10 12  0111   58403    4260    9  -999.9  -999.9  -999.9  -999.9  -999.9  -999.9
2018 10 12  0112   58403    4320    9  -999.9  -999.9  -999.9  -999.9  -999.9  -999.9
2018 10 12  0113   58403    4380    9  -999.9  -999.9  -999.9  -999.9  -999.9  -999.9
2018 10 12  0114   58403    4440    9  -999.9  -999.9  -999.9  -999.9  -999.9  -999.9
2018 10 12  0115   58403    4500    9  -999.9  -999.9  -999.9  -999.9  -999.9  -999.9
2018 10 12  0116   58403    4560    9  -999.9  -999.9  -999.9  -999.9  -999.9  -999.9
2018 10 12  0117   58403    4620    9  -999.9  -999.9  -999.9  -999.9  -999.9  -999.9
2018 10 12  0118   58403    4680    9  -999.9  -999.9  -999.9  -999.9  -999.9  -999.9
2018 10 12  0119   58403    4740    9  -999.9  -999.9  -999.9  -999.9  -999.9  -999.9
2018 10 12  0120   58403    4800    9  -999.9  -999.9  -999.9  -999.9  -999.9  -999.9
2018 10 12  0121   58403    4860    9  -999.9  -999.9  -999.9  -999.9  -999.9  -999.9
2018 10 12  0122   58403    4920    9  -999.9  -999.9  -999.9  -999.9  -999.9  -999.9
2018 10 12  0123   58403    4980    9  -999.9  -999.9  -999.9  -999.9  -999.9  -999.9
2018 10 12  0124   58403    5040    9  -999.9  -999.9  -999.9  -999.9  -999.9  -999.9
2018 10 12  0125   58403    5100    9  -999.9  -999.9  -999.9  -999.9  -999.9  -999.9
2018 10 12  0126   58403    5160    9  -999.9  -999.9  -999.9  -999.9  -999.9  -999.9
2018 10 12  0127   58403    5220    9  -999.9  -999.9  -999.9  -999.9  -999.9  -999.9
2018 10 12  0128   58403    5280    9  -999.9  -999.9  -999.9  -999.9  -999.9  -999.9
2018 10 12  0129   58403    5340    9  -999.9  -999.9  -999.9  -999.9  -999.9  -999.9
2018 10 12  0130   58403    5400    9  -999.9  -999.9  -999.9  -999.9  -999.9  -999.9
2018 10 12  0131   58403    5460    9  -999.9  -999.9  -999.9  -999.9  -999.9  -999.9
2018 10 12  0132   58403    5520    9  -999.9  -999.9  -999.9  -999.9  -999.9  -999.9
2018 10 12  0133   58403    5580    9  -999.9  -999.9  -999.9  -999.9  -999.9  -999.9
2018 10 12  0134   58403    5640    9  -999.9  -999.9  -999.9  -999.9  -999.9  -999.9
2018 10 12  0135   58403    5700    9  -999.9  -999.9  -999.9  -999.9  -999.9  -999.9
2018 10 12  0136   58403    5760    9  -999.9  -999.9  -999.9  -999.9  -999.9  -999.9
2018 10 12  0137   58403    5820    9  -999.9  -999.9  -999.9  -999.9  -999.9  -999.9
2018 10 12  0138   58403    5880    9  -999.9  -999.9  -999.9  -999.9  -999.9  -999.9
2018 10 12  0139   58403    5940    9  -999.9  -999.9  -999.9  -999.9  -999.9  -999.9
2018 10 12  0140   58403    6000    9  -999.9  -999.9  -999.9  -999.9  -999.9  -999.9
2018 10 12  0141   58403    6060    9  -999.9  -999.9  -999.9  -999.9  -999.9  -999.9
2018 10 12  0142   58403    6120    9  -999.9  -999.9  -999.9  -999.9  -999.9  -999.9
2018 10 12  0143   58403    6180    9  -999.9  -999.9  -999.9  -999.9  -999.9  -999.9
2018 10 12  0144   58403    6240    9  -999.9  -999.9  -999.9  -999.9  -999.9  -999.9
2018 10 12  0145   58403    6300    9  -999.9  -999.9  -999.9  -999.9  -999.9  -999.9
2018 10 12  0146   58403    6360    9  -999.9  -999.9  -999.9  -999.9  -999.9  -999.9
2018 10 12  0147   58403    6420    9  -999.9  -999.9  -999.9  -999.9  -999.9  -999.9
2018 10 12  0148   58403    6480    9  -999.9  -999.9  -999.9  -999.9  -999.9  -999.9
2018 10 12  0149   58403    6540    9  -999.9  -999.9  -999.9  -999.9  -999.9  -999.9
2018 10 12  0150   58403    6600    9  -999.9  -999.9  -999.9  -999.9  -999.9  -999.9
2018 10 12  0151   58403    6660    9  -999.9  -999.9  -999.9  -999.9  -999.9  -999.9
2018 10 12  0152   58403    6720    9  -999.9  -999.9  -999.9  -999.9  -999.9  -999.9
2018 10 12  0153   58403    6780    9  -999.9  -999.9  -999.9  -999.9  -999.9  -999.9
2018 10 12  0154   58403    6840    9  -999.9  -999.9  -999.9  -999.9  -999.9  -999.9
2018 10 12  0155   58403    6900    9  -999.9  -999.9  -999.9  -999.9  -999.9  -999.9
2018 10 12  0156   58403    6960    9  -999.9  -999.9  -999.9  -999.9  -999.9  -999.9
2018 10 12  0157   58403    7020    9  -999.9  -999.9  -999.9  -999.9  -999.9  -999.9
2018 10 12  0158   58403    7080    9  -999.9  -999.9  -999.9  -999.9  -999.9  -999.9
2018 10 12  0159   58403    7140    9  -999.9  -999.9  -999.9  -999.9  -999.9  -999.9
2018 10 12  0200   58403    7200    9  -999.9  -999.9  -999.9  -999.9  -999.9  -999.9
2018 10 12  0201   58403    7260    9  -999.9  -999.9  -999.9  -999.9  -999.9  -999.9
2018 10 12  0202   58403    7320    9  -999.9  -999.9  -999.9  -999.9  -999.9  -999.9
2018 10 12  0203   58403    7380    9  -999.9  -999.9  -999.9  -999.9  -999.9  -999.9
2018 10 12  0204   58403    7440    9  -999.9  -999.9  -999.9  -999.9  -999.9  -999.9
2018 10 12  0205   58403    7500    9  -999.9  -999.9  -999.9  -999.9  -999.9  -999.9
2018 10 12  0206   58403    7560    9  -999.9  -999.9  -999.9  -999.9  -999.9  -999.9
2018 10 12  0207   58403    7620    9  -999.9  -999.9  -999.9  -999.9  -999.9  -999.9
2018 10 12  0208   58403    7680    9  -999.9  -999.9  -999.9  -999.9  -999.9  -999.9
2018 10 12  0209   58403    7740    9  -999.9  -999.9  -999.9  -999.9  -999.9  -999.9
2018 10 12  0210   58403    7800    9  -999.9  -999.9  -999.9  -999.9  -999.9  -999.9
2018 10 12  0211   58403    7860    9  -999.9  -999.9  -999.9  -999.9  -999.9  -999.9
2018 10 12  0212   58403    7920    9  -999.9  -999.9  -999.9  -999.9  -999.9  -999.9
2018 10 12  0213   58403    7980    9  -999.9  -999.9  -999.9  -999.9  -999.9  -999.9
2018 10 12  0214   58403    8040    9  -999.9  -999.9  -999.9  -999.9  -999.9  -999.9
2018 10 12  0215   58403    8100    9  -999.9  -999.9  -999.9  -999.9  -999.9  -999.9
2018 10 12  0216   58403    8160    9  -999.9  -999.9  -999.9  -999.9  -999.9  -999.9
2018 10 12  0217   58403    8220    9  -999.9  -999.9  -999.9  -999.9  -999.9  -999.9
2018 10 12  0218   58403    8280    9  -999.9  -999.9  -999.9  -999.9  -999.9  -999.9
2018 10 12  0219   58403    8340    9  -999.9  -999.9  -999.9  -999.9  -999.9  -999.9
2018 10 12  0220   58403    8400    9  -999.9  -999.9  -999.9  -999.9  -999.9  -999.9
2018 10 12  0221   58403    8460    9  -999.9  -999.9  -999.9  -999.9  -999.9  -999.9
2018 10 12  0222   58403    8520    9  -999.9  -999.9  -999.9  -999.9  -999.9  -999.9
2018 10 12  0223   58403    8580    9  -999.9  -999.9  -999.9  -999.9  -999.9  -999.9
2018 10 12  0224   58403    8640    9  -999.9  -999.9  -999.9  -999.9  -999.9  -999.9
2018 10 12  0225   58403    8700    9  -999.9  -999.9  -999.9  -999.9  -999.9  -999.9
2018 10 12  0226   58403    8760    9  -999.9  -999.9  -999.9  -999.9  -999.9  -999.9
2018 10 12  0227   58403    8820    9  -999.9  -999.9  -999.9  -999.9  -999.9  -999.9
2018 10 12  0228   58403    8880    9  -999.9  -999.9  -999.9  -999.9  -999.9  -999.9
2018 10 12  0229   58403    8940    9  -999.9  -999.9  -999.9  -999.9  -999.9  -999.9
2018 10 12  0230   58403    9000    9  -999.9  -999.9  -999.9  -999.9  -999.9  -999.9
2018 10 12  0231   58403    9060    9  -999.9  -999.9  -999.9  -999.9  -999.9  -999.9
2018 10 12  0232   58403    9120    9  -999.9  -999.9  -999.9  -999.9  -999.9  -999.9
2018 10 12  0233   58403    9180    9  -999.9  -999.9  -999.9  -999.9  -999.9  -999.9
2018 10 12  0234   58403    9240    9  -999.9  -999.9  -999.9  -999.9  -999.9  -999.9
2018 10 12  0235   58403    9300    9  -999.9  -999.9  -999.9  -999.9  -999.9  -999.9
2018 10 12  0236   58403    9360    9  -999.9  -999.9  -999.9  -999.9  -999.9  -999.9
2018 10 12  0237   58403    9420    9  -999.9  -999.9  -999.9  -999.9  -999.9  -999.9
2018 10 12  0238   58403    9480    9  -999.9  -999.9  -999.9  -999.9  -999.9  -999.9
2018 10 12  0239   58403    9540    9  -999.9  -999.9  -999.9  -999.9  -999.9  -999.9
2018 10 12  0240   58403    9600    9  -999.9  -999.9  -999.9  -999.9  -999.9  -999.9
2018 10 12  0241   58403    9660    9  -999.9  -999.9  -999.9  -999.9  -999.9  -999.9
2018 10 12  0242   58403    9720    9  -999.9  -999.9  -999.9  -999.9  -999.9  -999.9
2018 10 12  0243   58403    9780    9  -999.9  -999.9  -999.9  -999.9  -999.9  -999.9
2018 10 12  0244   58403    9840    9  -999.9  -999.9  -999.9  -999.9  -999.9  -999.9
2018 10 12  0245   58403    9900    9  -999.9  -999.9  -999.9  -999.9  -999.9  -999.9
2018 10 12  0246   58403    9960    9  -999.9  -999.9  -999.9  -999.9  -999.9  -999.9
2018 10 12  0247   58403   10020    9  -999.9  -999.9  -999.9  -999.9  -999.9  -999.9
2018 10 12  0248   58403   10080    9  -999.9  -999.9  -999.9  -999.9  -999.9  -999.9
2018 10 12  0249   58403   10140    9  -999.9  -999.9  -999.9  -999.9  -999.9  -999.9
2018 10 12  0250   58403   10200    9  -999.9  -999.9  -999.9  -999.9  -999.9  -999.9
2018 10 12  0251   58403   10260    9  -999.9  -999.9  -999.9  -999.9  -999.9  -999.9
2018 10 12  0252   58403   10320    9  -999.9  -999.9  -999.9  -999.9  -999.9  -999.9
2018 10 12  0253   58403   10380    9  -999.9  -999.9  -999.9  -999.9  -999.9  -999.9
2018 10 12  0254   58403   10440    9  -999.9  -999.9  -999.9  -999.9  -999.9  -999.9
2018 10 12  0255   58403   10500    9  -999.9  -999.9  -999.9  -999.9  -999.9  -999.9
2018 10 12  0256   58403   10560    9  -999.9  -999.9  -999.9  -999.9  -999.9  -999.9
2018 10 12  0257   58403   10620    9  -999.9  -999.9  -999.9  -999.9  -999.9  -999.9
2018 10 12  0258   58403   10680    9  -999.9  -999.9  -999.9  -999.9  -999.9  -999.9
2018 10 12  0259   58403   10740    9  -999.9  -999.9  -999.9  -999.9  -999.9  -999.9
2018 10 12  0300   58403   10800    9  -999.9  -999.9  -999.9  -999.9  -999.9  -999.9
2018 10 12  0301   58403   10860    9  -999.9  -999.9  -999.9  -999.9  -999.9  -999.9
2018 10 12  0302   58403   10920    9  -999.9  -999.9  -999.9  -999.9  -999.9  -999.9
2018 10 12  0303   58403   10980    9  -999.9  -999.9  -999.9  -999.9  -999.9  -999.9
2018 10 12  0304   58403   11040    9  -999.9  -999.9  -999.9  -999.9  -999.9  -999.9
2018 10 12  0305   58403   11100    9  -999.9  -999.9  -999.9  -999.9  -999.9  -999.9
2018 10 12  0306   58403   11160    9  -999.9  -999.9  -999.9  -999.9  -999.9  -999.9
2018 10 12  0307   58403   11220    9  -999.9  -999.9  -999.9  -999.9  -999.9  -999.9
2018 10 12  0308   58403   11280    9  -999.9  -999.9  -999.9  -999.9  -999.9  -999.9
2018 10 12  0309   58403   11340    9  -999.9  -999.9  -999.9  -999.9  -999.9  -999.9
2018 10 12  0310   58403   11400    9  -999.9  -999.9  -999.9  -999.9  -999.9  -999.9
2018 10 12  0311   58403   11460    9  -999.9  -999.9  -999.9  -999.9  -999.9  -999.9
2018 10 12  0312   58403   11520    9  -999.9  -999.9  -999.9  -999.9  -999.9  -999.9
2018 10 12  0313   58403   11580    9  -999.9  -999.9  -999.9  -999.9  -999.9  -999.9
2018 10 12  0314   58403   11640    9  -999.9  -999.9  -999.9  -999.9  -999.9  -999.9
2018 10 12  0315   58403   11700    9  -999.9  -999.9  -999.9  -999.9  -999.9  -999.9
2018 10 12  0316   58403   11760    9  -999.9  -999.9  -999.9  -999.9  -999.9  -999.9
2018 10 12  0317   58403   11820    9  -999.9  -999.9  -999.9  -999.9  -999.9  -999.9
2018 10 12  0318   58403   11880    9  -999.9  -999.9  -999.9  -999.9  -999.9  -999.9
2018 10 12  0319   58403   11940    9  -999.9  -999.9  -999.9  -999.9  -999.9  -999.9
2018 10 12  0320   58403   12000    9  -999.9  -999.9  -999.9  -999.9  -999.9  -999.9
2018 10 12  0321   58403   12060    9  -999.9  -999.9  -999.9  -999.9  -999.9  -999.9
2018 10 12  0322   58403   12120    9  -999.9  -999.9  -999.9  -999.9  -999.9  -999.9
2018 10 12  0323   58403   12180    9  -999.9  -999.9  -999.9  -999.9  -999.9  -999.9
2018 10 12  0324   58403   12240    9  -999.9  -999.9  -999.9  -999.9  -999.9  -999.9
2018 10 12  0325   58403   12300    9  -999.9  -999.9  -999.9  -999.9  -999.9  -999.9
2018 10 12  0326   58403   12360    9  -999.9  -999.9  -999.9  -999.9  -999.9  -999.9
2018 10 12  0327   58403   12420    9  -999.9  -999.9  -999.9  -999.9  -999.9  -999.9
2018 10 12  0328   58403   12480    9  -999.9  -999.9  -999.9  -999.9  -999.9  -999.9
2018 10 12  0329   58403   12540    9  -999.9  -999.9  -999.9  -999.9  -999.9  -999.9
2018 10 12  0330   58403   12600    9  -999.9  -999.9  -999.9  -999.9  -999.9  -999.9
2018 10 12  0331   58403   12660    9  -999.9  -999.9  -999.9  -999.9  -999.9  -999.9
2018 10 12  0332   58403   12720    9  -999.9  -999.9  -999.9  -999.9  -999.9  -999.9
2018 10 12  0333   58403   12780    9  -999.9  -999.9  -999.9  -999.9  -999.9  -999.9
2018 10 12  0334   58403   12840    9  -999.9  -999.9  -999.9  -999.9  -999.9  -999.9
2018 10 12  0335   58403   12900    9  -999.9  -999.9  -999.9  -999.9  -999.9  -999.9
2018 10 12  0336   58403   12960    9  -999.9  -999.9  -999.9  -999.9  -999.9  -999.9
2018 10 12  0337   58403   13020    9  -999.9  -999.9  -999.9  -999.9  -999.9  -999.9
2018 10 12  0338   58403   13080    9  -999.9  -999.9  -999.9  -999.9  -999.9  -999.9
2018 10 12  0339   58403   13140    9  -999.9  -999.9  -999.9  -999.9  -999.9  -999.9
2018 10 12  0340   58403   13200    9  -999.9  -999.9  -999.9  -999.9  -999.9  -999.9
2018 10 12  0341   58403   13260    9  -999.9  -999.9  -999.9  -999.9  -999.9  -999.9
2018 10 12  0342   58403   13320    9  -999.9  -999.9  -999.9  -999.9  -999.9  -999.9
2018 10 12  0343   58403   13380    9  -999.9  -999.9  -999.9  -999.9  -999.9  -999.9
2018 10 12  0344   58403   13440    9  -999.9  -999.9  -999.9  -999.9  -999.9  -999.9
2018 10 12  0345   58403   13500    9  -999.9  -999.9  -999.9  -999.9  -999.9  -999.9
2018 10 12  0346   58403   13560    9  -999.9  -999.9  -999.9  -999.9  -999.9  -999.9
2018 10 12  0347   58403   13620    9  -999.9  -999.9  -999.9  -999.9  -999.9  -999.9
2018 10 12  0348   58403   13680    9  -999.9  -999.9  -999.9  -999.9  -999.9  -999.9
2018 10 12  0349   58403   13740    9  -999.9  -999.9  -999.9  -999.9  -999.9  -999.9
2018 10 12  0350   58403   13800    9  -999.9  -999.9  -999.9  -999.9  -999.9  -999.9
2018 10 12  0351   58403   13860    9  -999.9  -999.9  -999.9  -999.9  -999.9  -999.9
2018 10 12  0352   58403   13920    9  -999.9  -999.9  -999.9  -999.9  -999.9  -999.9
2018 10 12  0353   58403   13980    9  -999.9  -999.9  -999.9  -999.9  -999.9  -999.9
2018 10 12  0354   58403   14040    9  -999.9  -999.9  -999.9  -999.9  -999.9  -999.9
2018 10 12  0355   58403   14100    9  -999.9  -999.9  -999.9  -999.9  -999.9  -999.9
2018 10 12  0356   58403   14160    9  -999.9  -999.9  -999.9  -999.9  -999.9  -999.9
2018 10 12  0357   58403   14220    9  -999.9  -999.9  -999.9  -999.9  -999.9  -999.9
2018 10 12  0358   58403   14280    9  -999.9  -999.9  -999.9  -999.9  -999.9  -999.9
2018 10 12  0359   58403   14340    9  -999.9  -999.9  -999.9  -999.9  -999.9  -999.9
2018 10 12  0400   58403   14400    9  -999.9  -999.9  -999.9  -999.9  -999.9  -999.9
2018 10 12  0401   58403   14460    9  -999.9  -999.9  -999.9  -999.9  -999.9  -999.9
2018 10 12  0402   58403   14520    9  -999.9  -999.9  -999.9  -999.9  -999.9  -999.9
2018 10 12  0403   58403   14580    9  -999.9  -999.9  -999.9  -999.9  -999.9  -999.9
2018 10 12  0404   58403   14640    9  -999.9  -999.9  -999.9  -999.9  -999.9  -999.9
2018 10 12  0405   58403   14700    9  -999.9  -999.9  -999.9  -999.9  -999.9  -999.9
2018 10 12  0406   58403   14760    9  -999.9  -999.9  -999.9  -999.9  -999.9  -999.9
2018 10 12  0407   58403   14820    9  -999.9  -999.9  -999.9  -999.9  -999.9  -999.9
2018 10 12  0408   58403   14880    9  -999.9  -999.9  -999.9  -999.9  -999.9  -999.9
2018 10 12  0409   58403   14940    9  -999.9  -999.9  -999.9  -999.9  -999.9  -999.9
2018 10 12  0410   58403   15000    9  -999.9  -999.9  -999.9  -999.9  -999.9  -999.9
2018 10 12  0411   58403   15060    9  -999.9  -999.9  -999.9  -999.9  -999.9  -999.9
2018 10 12  0412   58403   15120    9  -999.9  -999.9  -999.9  -999.9  -999.9  -999.9
2018 10 12  0413   58403   15180    9  -999.9  -999.9  -999.9  -999.9  -999.9  -999.9
2018 10 12  0414   58403   15240    9  -999.9  -999.9  -999.9  -999.9  -999.9  -999.9
2018 10 12  0415   58403   15300    9  -999.9  -999.9  -999.9  -999.9  -999.9  -999.9
2018 10 12  0416   58403   15360    9  -999.9  -999.9  -999.9  -999.9  -999.9  -999.9
2018 10 12  0417   58403   15420    9  -999.9  -999.9  -999.9  -999.9  -999.9  -999.9
2018 10 12  0418   58403   15480    9  -999.9  -999.9  -999.9  -999.9  -999.9  -999.9
2018 10 12  0419   58403   15540    9  -999.9  -999.9  -999.9  -999.9  -999.9  -999.9
2018 10 12  0420   58403   15600    9  -999.9  -999.9  -999.9  -999.9  -999.9  -999.9
2018 10 12  0421   58403   15660    9  -999.9  -999.9  -999.9  -999.9  -999.9  -999.9
2018 10 12  0422   58403   15720    9  -999.9  -999.9  -999.9  -999.9  -999.9  -999.9
2018 10 12  0423   58403   15780    9  -999.9  -999.9  -999.9  -999.9  -999.9  -999.9
2018 10 12  0424   58403   15840    9  -999.9  -999.9  -999.9  -999.9  -999.9  -999.9
2018 10 12  0425   58403   15900    9  -999.9  -999.9  -999.9  -999.9  -999.9  -999.9
2018 10 12  0426   58403   15960    9  -999.9  -999.9  -999.9  -999.9  -999.9  -999.9
2018 10 12  0427   58403   16020    9  -999.9  -999.9  -999.9  -999.9  -999.9  -999.9
2018 10 12  0428   58403   16080    9  -999.9  -999.9  -999.9  -999.9  -999.9  -999.9
2018 10 12  0429   58403   16140    9  -999.9  -999.9  -999.9  -999.9  -999.9  -999.9
2018 10 12  0430   58403   16200    9  -999.9  -999.9  -999.9  -999.9  -999.9  -999.9
2018 10 12  0431   58403   16260    9  -999.9  -999.9  -999.9  -999.9  -999.9  -999.9
2018 10 12  0432   58403   16320    9  -999.9  -999.9  -999.9  -999.9  -999.9  -999.9
2018 10 12  0433   58403   16380    9  -999.9  -999.9  -999.9  -999.9  -999.9  -999.9
2018 10 12  0434   58403   16440    9  -999.9  -999.9  -999.9  -999.9  -999.9  -999.9
2018 10 12  0435   58403   16500    9  -999.9  -999.9  -999.9  -999.9  -999.9  -999.9
2018 10 12  0436   58403   16560    9  -999.9  -999.9  -999.9  -999.9  -999.9  -999.9
2018 10 12  0437   58403   16620    9  -999.9  -999.9  -999.9  -999.9  -999.9  -999.9
2018 10 12  0438   58403   16680    9  -999.9  -999.9  -999.9  -999.9  -999.9  -999.9
2018 10 12  0439   58403   16740    9  -999.9  -999.9  -999.9  -999.9  -999.9  -999.9
2018 10 12  0440   58403   16800    9  -999.9  -999.9  -999.9  -999.9  -999.9  -999.9
2018 10 12  0441   58403   16860    9  -999.9  -999.9  -999.9  -999.9  -999.9  -999.9
2018 10 12  0442   58403   16920    9  -999.9  -999.9  -999.9  -999.9  -999.9  -999.9
2018 10 12  0443   58403   16980    9  -999.9  -999.9  -999.9  -999.9  -999.9  -999.9
2018 10 12  0444   58403   17040    9  -999.9  -999.9  -999.9  -999.9  -999.9  -999.9
2018 10 12  0445   58403   17100    9  -999.9  -999.9  -999.9  -999.9  -999.9  -999.9
2018 10 12  0446   58403   17160    9  -999.9  -999.9  -999.9  -999.9  -999.9  -999.9
2018 10 12  0447   58403   17220    9  -999.9  -999.9  -999.9  -999.9  -999.9  -999.9
2018 10 12  0448   58403   17280    9  -999.9  -999.9  -999.9  -999.9  -999.9  -999.9
2018 10 12  0449   58403   17340    9  -999.9  -999.9  -999.9  -999.9  -999.9  -999.9
2018 10 12  0450   58403   17400    9  -999.9  -999.9  -999.9  -999.9  -999.9  -999.9
2018 10 12  0451   58403   17460    9  -999.9  -999.9  -999.9  -999.9  -999.9  -999.9
2018 10 12  0452   58403   17520    9  -999.9  -999.9  -999.9  -999.9  -999.9  -999.9
2018 10 12  0453   58403   17580    9  -999.9  -999.9  -999.9  -999.9  -999.9  -999.9
2018 10 12  0454   58403   17640    9  -999.9  -999.9  -999.9  -999.9  -999.9  -999.9
2018 10 12  0455   58403   17700    9  -999.9  -999.9  -999.9  -999.9  -999.9  -999.9
2018 10 12  0456   58403   17760    9  -999.9  -999.9  -999.9  -999.9  -999.9  -999.9
2018 10 12  0457   58403   17820    9  -999.9  -999.9  -999.9  -999.9  -999.9  -999.9
2018 10 12  0458   58403   17880    9  -999.9  -999.9  -999.9  -999.9  -999.9  -999.9
2018 10 12  0459   58403   17940    9  -999.9  -999.9  -999.9  -999.9  -999.9  -999.9
2018 10 12  0500   58403   18000    9  -999.9  -999.9  -999.9  -999.9  -999.9  -999.9
2018 10 12  0501   58403   18060    9  -999.9  -999.9  -999.9  -999.9  -999.9  -999.9
2018 10 12  0502   58403   18120    9  -999.9  -999.9  -999.9  -999.9  -999.9  -999.9
2018 10 12  0503   58403   18180    9  -999.9  -999.9  -999.9  -999.9  -999.9  -999.9
2018 10 12  0504   58403   18240    9  -999.9  -999.9  -999.9  -999.9  -999.9  -999.9
2018 10 12  0505   58403   18300    9  -999.9  -999.9  -999.9  -999.9  -999.9  -999.9
2018 10 12  0506   58403   18360    9  -999.9  -999.9  -999.9  -999.9  -999.9  -999.9
2018 10 12  0507   58403   18420    9  -999.9  -999.9  -999.9  -999.9  -999.9  -999.9
2018 10 12  0508   58403   18480    9  -999.9  -999.9  -999.9  -999.9  -999.9  -999.9
2018 10 12  0509   58403   18540    9  -999.9  -999.9  -999.9  -999.9  -999.9  -999.9
2018 10 12  0510   58403   18600    9  -999.9  -999.9  -999.9  -999.9  -999.9  -999.9
2018 10 12  0511   58403   18660    9  -999.9  -999.9  -999.9  -999.9  -999.9  -999.9
2018 10 12  0512   58403   18720    9  -999.9  -999.9  -999.9  -999.9  -999.9  -999.9
2018 10 12  0513   58403   18780    9  -999.9  -999.9  -999.9  -999.9  -999.9  -999.9
2018 10 12  0514   58403   18840    9  -999.9  -999.9  -999.9  -999.9  -999.9  -999.9
2018 10 12  0515   58403   18900    9  -999.9  -999.9  -999.9  -999.9  -999.9  -999.9
2018 10 12  0516   58403   18960    9  -999.9  -999.9  -999.9  -999.9  -999.9  -999.9
2018 10 12  0517   58403   19020    9  -999.9  -999.9  -999.9  -999.9  -999.9  -999.9
2018 10 12  0518   58403   19080    9  -999.9  -999.9  -999.9  -999.9  -999.9  -999.9
2018 10 12  0519   58403   19140    9  -999.9  -999.9  -999.9  -999.9  -999.9  -999.9
2018 10 12  0520   58403   19200    9  -999.9  -999.9  -999.9  -999.9  -999.9  -999.9
2018 10 12  0521   58403   19260    9  -999.9  -999.9  -999.9  -999.9  -999.9  -999.9
2018 10 12  0522   58403   19320    9  -999.9  -999.9  -999.9  -999.9  -999.9  -999.9
2018 10 12  0523   58403   19380    9  -999.9  -999.9  -999.9  -999.9  -999.9  -999.9
2018 10 12  0524   58403   19440    9  -999.9  -999.9  -999.9  -999.9  -999.9  -999.9
2018 10 12  0525   58403   19500    9  -999.9  -999.9  -999.9  -999.9  -999.9  -999.9
2018 10 12  0526   58403   19560    9  -999.9  -999.9  -999.9  -999.9  -999.9  -999.9
2018 10 12  0527   58403   19620    9  -999.9  -999.9  -999.9  -999.9  -999.9  -999.9
2018 10 12  0528   58403   19680    9  -999.9  -999.9  -999.9  -999.9  -999.9  -999.9
2018 10 12  0529   58403   19740    9  -999.9  -999.9  -999.9  -999.9  -999.9  -999.9
2018 10 12  0530   58403   19800    9  -999.9  -999.9  -999.9  -999.9  -999.9  -999.9
2018 10 12  0531   58403   19860    9  -999.9  -999.9  -999.9  -999.9  -999.9  -999.9
2018 10 12  0532   58403   19920    9  -999.9  -999.9  -999.9  -999.9  -999.9  -999.9
2018 10 12  0533   58403   19980    9  -999.9  -999.9  -999.9  -999.9  -999.9  -999.9
2018 10 12  0534   58403   20040    9  -999.9  -999.9  -999.9  -999.9  -999.9  -999.9
2018 10 12  0535   58403   20100    9  -999.9  -999.9  -999.9  -999.9  -999.9  -999.9
2018 10 12  0536   58403   20160    9  -999.9  -999.9  -999.9  -999.9  -999.9  -999.9
2018 10 12  0537   58403   20220    9  -999.9  -999.9  -999.9  -999.9  -999.9  -999.9
2018 10 12  0538   58403   20280    9  -999.9  -999.9  -999.9  -999.9  -999.9  -999.9
2018 10 12  0539   58403   20340    9  -999.9  -999.9  -999.9  -999.9  -999.9  -999.9
2018 10 12  0540   58403   20400    9  -999.9  -999.9  -999.9  -999.9  -999.9  -999.9
2018 10 12  0541   58403   20460    9  -999.9  -999.9  -999.9  -999.9  -999.9  -999.9
2018 10 12  0542   58403   20520    9  -999.9  -999.9  -999.9  -999.9  -999.9  -999.9
2018 10 12  0543   58403   20580    9  -999.9  -999.9  -999.9  -999.9  -999.9  -999.9
2018 10 12  0544   58403   20640    9  -999.9  -999.9  -999.9  -999.9  -999.9  -999.9
2018 10 12  0545   58403   20700    9  -999.9  -999.9  -999.9  -999.9  -999.9  -999.9
2018 10 12  0546   58403   20760    9  -999.9  -999.9  -999.9  -999.9  -999.9  -999.9
2018 10 12  0547   58403   20820    9  -999.9  -999.9  -999.9  -999.9  -999.9  -999.9
2018 10 12  0548   58403   20880    9  -999.9  -999.9  -999.9  -999.9  -999.9  -999.9
2018 10 12  0549   58403   20940    9  -999.9  -999.9  -999.9  -999.9  -999.9  -999.9
2018 10 12  0550   58403   21000    9  -999.9  -999.9  -999.9  -999.9  -999.9  -999.9
2018 10 12  0551   58403   21060    9  -999.9  -999.9  -999.9  -999.9  -999.9  -999.9
2018 10 12  0552   58403   21120    9  -999.9  -999.9  -999.9  -999.9  -999.9  -999.9
2018 10 12  0553   58403   21180    9  -999.9  -999.9  -999.9  -999.9  -999.9  -999.9
2018 10 12  0554   58403   21240    9  -999.9  -999.9  -999.9  -999.9  -999.9  -999.9
2018 10 12  0555   58403   21300    9  -999.9  -999.9  -999.9  -999.9  -999.9  -999.9
2018 10 12  0556   58403   21360    9  -999.9  -999.9  -999.9  -999.9  -999.9  -999.9
2018 10 12  0557   58403   21420    9  -999.9  -999.9  -999.9  -999.9  -999.9  -999.9
2018 10 12  0558   58403   21480    9  -999.9  -999.9  -999.9  -999.9  -999.9  -999.9
2018 10 12  0559   58403   21540    9  -999.9  -999.9  -999.9  -999.9  -999.9  -999.9
2018 10 12  0600   58403   21600    9  -999.9  -999.9  -999.9  -999.9  -999.9  -999.9
2018 10 12  0601   58403   21660    9  -999.9  -999.9  -999.9  -999.9  -999.9  -999.9
2018 10 12  0602   58403   21720    9  -999.9  -999.9  -999.9  -999.9  -999.9  -999.9
2018 10 12  0603   58403   21780    9  -999.9  -999.9  -999.9  -999.9  -999.9  -999.9
2018 10 12  0604   58403   21840    9  -999.9  -999.9  -999.9  -999.9  -999.9  -999.9
2018 10 12  0605   58403   21900    9  -999.9  -999.9  -999.9  -999.9  -999.9  -999.9
2018 10 12  0606   58403   21960    9  -999.9  -999.9  -999.9  -999.9  -999.9  -999.9
2018 10 12  0607   58403   22020    9  -999.9  -999.9  -999.9  -999.9  -999.9  -999.9
2018 10 12  0608   58403   22080    9  -999.9  -999.9  -999.9  -999.9  -999.9  -999.9
2018 10 12  0609   58403   22140    9  -999.9  -999.9  -999.9  -999.9  -999.9  -999.9
2018 10 12  0610   58403   22200    9  -999.9  -999.9  -999.9  -999.9  -999.9  -999.9
2018 10 12  0611   58403   22260    9  -999.9  -999.9  -999.9  -999.9  -999.9  -999.9
2018 10 12  0612   58403   22320    9  -999.9  -999.9  -999.9  -999.9  -999.9  -999.9
2018 10 12  0613   58403   22380    9  -999.9  -999.9  -999.9  -999.9  -999.9  -999.9
2018 10 12  0614   58403   22440    9  -999.9  -999.9  -999.9  -999.9  -999.9  -999.9
2018 10 12  0615   58403   22500    9  -999.9  -999.9  -999.9  -999.9  -999.9  -999.9
2018 10 12  0616   58403   22560    9  -999.9  -999.9  -999.9  -999.9  -999.9  -999.9
2018 10 12  0617   58403   22620    9  -999.9  -999.9  -999.9  -999.9  -999.9  -999.9
2018 10 12  0618   58403   22680    9  -999.9  -999.9  -999.9  -999.9  -999.9  -999.9
2018 10 12  0619   58403   22740    9  -999.9  -999.9  -999.9  -999.9  -999.9  -999.9
2018 10 12  0620   58403   22800    9  -999.9  -999.9  -999.9  -999.9  -999.9  -999.9
2018 10 12  0621   58403   22860    9  -999.9  -999.9  -999.9  -999.9  -999.9  -999.9
2018 10 12  0622   58403   22920    9  -999.9  -999.9  -999.9  -999.9  -999.9  -999.9
2018 10 12  0623   58403   22980    9  -999.9  -999.9  -999.9  -999.9  -999.9  -999.9
2018 10 12  0624   58403   23040    9  -999.9  -999.9  -999.9  -999.9  -999.9  -999.9
2018 10 12  0625   58403   23100    9  -999.9  -999.9  -999.9  -999.9  -999.9  -999.9
2018 10 12  0626   58403   23160    9  -999.9  -999.9  -999.9  -999.9  -999.9  -999.9
2018 10 12  0627   58403   23220    9  -999.9  -999.9  -999.9  -999.9  -999.9  -999.9
2018 10 12  0628   58403   23280    9  -999.9  -999.9  -999.9  -999.9  -999.9  -999.9
2018 10 12  0629   58403   23340    9  -999.9  -999.9  -999.9  -999.9  -999.9  -999.9
2018 10 12  0630   58403   23400    9  -999.9  -999.9  -999.9  -999.9  -999.9  -999.9
2018 10 12  0631   58403   23460    9  -999.9  -999.9  -999.9  -999.9  -999.9  -999.9
2018 10 12  0632   58403   23520    9  -999.9  -999.9  -999.9  -999.9  -999.9  -999.9
2018 10 12  0633   58403   23580    9  -999.9  -999.9  -999.9  -999.9  -999.9  -999.9
2018 10 12  0634   58403   23640    9  -999.9  -999.9  -999.9  -999.9  -999.9  -999.9
2018 10 12  0635   58403   23700    9  -999.9  -999.9  -999.9  -999.9  -999.9  -999.9
2018 10 12  0636   58403   23760    9  -999.9  -999.9  -999.9  -999.9  -999.9  -999.9
2018 10 12  0637   58403   23820    0    -0.6     0.7    -2.1     2.3   -66.8   130.0
2018 10 12  0638   58403   23880    9  -999.9  -999.9  -999.9  -999.9  -999.9  -999.9
2018 10 12  0639   58403   23940    0     2.4     1.9    -0.5     3.1    -8.9    38.3
2018 10 12  0640   58403   24000    0     2.3     1.9    -0.5     3.0    -8.8    39.4
2018 10 12  0641   58403   24060    0     1.7     1.0    -1.5     2.5   -35.9    30.4
2018 10 12  0642   58403   24120    0     1.7     1.1    -2.0     2.8   -45.2    32.8
2018 10 12  0643   58403   24180    9  -999.9  -999.9  -999.9  -999.9  -999.9  -999.9
2018 10 12  0644   58403   24240    9  -999.9  -999.9  -999.9  -999.9  -999.9  -999.9
2018 10 12  0645   58403   24300    9  -999.9  -999.9  -999.9  -999.9  -999.9  -999.9
2018 10 12  0646   58403   24360    0     2.1     1.0    -1.8     2.9   -37.5    26.2
2018 10 12  0647   58403   24420    0     2.0     1.5    -1.4     2.8   -28.9    36.8
2018 10 12  0648   58403   24480    0     2.1     1.1    -1.7     3.0   -36.2    27.6
2018 10 12  0649   58403   24540    0     2.2     1.6    -1.4     3.1   -27.4    35.9
2018 10 12  0650   58403   24600    0     2.3     1.5    -1.4     3.1   -26.9    33.5
2018 10 12  0651   58403   24660    0     2.4     1.6    -1.4     3.2   -25.8    33.0
2018 10 12  0652   58403   24720    0     2.6     1.6    -1.0     3.2   -18.5    31.6
2018 10 12  0653   58403   24780    0     2.4     1.6    -1.2     3.2   -23.1    33.1
2018 10 12  0654   58403   24840    0     2.3     1.8    -0.9     3.1   -17.8    38.2
2018 10 12  0655   58403   24900    0     2.4     1.4    -1.5     3.1   -28.7    30.5
2018 10 12  0656   58403   24960    0     2.2     1.8    -1.4     3.2   -25.5    38.3
2018 10 12  0657   58403   25020    0     2.2     0.8    -1.4     2.8   -30.3    20.1
2018 10 12  0658   58403   25080    0     2.6     1.2    -1.1     3.1   -20.8    25.7
2018 10 12  0659   58403   25140    0     2.5     1.8    -0.5     3.2    -9.3    35.8
2018 10 12  0700   58403   25200    0     2.5     1.8    -0.6     3.2   -10.6    36.2
2018 10 12  0701   58403   25260    0     2.7     1.7    -0.5     3.2    -9.0    33.3
2018 10 12  0702   58403   25320    0     2.8     1.7    -0.3     3.2    -6.1    31.5
2018 10 12  0703   58403   25380    0     2.7     1.7     0.4     3.2     6.6    32.2
2018 10 12  0704   58403   25440    0     2.6     1.6     0.0     3.1     0.7    31.9
2018 10 12  0705   58403   25500    0     2.7     1.3    -1.1     3.2   -20.2    25.9
2018 10 12  0706   58403   25560    0     2.8     1.4    -1.0     3.3   -18.5    27.5
2018 10 12  0707   58403   25620    0     2.2     0.9    -1.6     2.9   -34.6    22.1
2018 10 12  0708   58403   25680    0     2.3     0.9    -1.5     2.9   -31.7    21.3
2018 10 12  0709   58403   25740    0     2.6     0.8    -1.2     3.0   -24.1    16.5
2018 10 12  0710   58403   25800    0     2.7     0.6    -0.9     2.9   -17.0    12.6
2018 10 12  0711   58403   25860    0     2.9     0.7    -1.0     3.2   -17.9    12.7
2018 10 12  0712   58403   25920    0     2.8     0.9    -1.3     3.2   -23.4    17.8
2018 10 12  0713   58403   25980    0     2.8     0.9    -1.3     3.2   -23.2    18.2
2018 10 12  0714   58403   26040    0     2.9     0.8    -1.2     3.2   -21.2    15.9
2018 10 12  0715   58403   26100    0     2.9     0.8    -1.2     3.2   -22.3    15.6
2018 10 12  0716   58403   26160    0     2.8     0.8    -1.4     3.3   -26.1    16.4
2018 10 12  0717   58403   26220    0     2.8     0.8    -1.4     3.2   -25.2    15.5
2018 10 12  0718   58403   26280    0     2.8     0.7    -1.5     3.2   -28.3    13.7
2018 10 12  0719   58403   26340    0     2.6     0.6    -1.7     3.2   -32.6    13.1
2018 10 12  0720   58403   26400    0     1.6     2.0    -1.0     2.8   -22.1    50.4
2018 10 12  0721   58403   26460    0     1.9     1.9    -1.0     2.9   -19.4    45.0
2018 10 12  0722   58403   26520    0     2.0     1.9    -0.9     2.9   -18.6    44.1
2018 10 12  0723   58403   26580    0     1.9     1.8    -1.1     2.8   -23.1    44.0
2018 10 12  0724   58403   26640    0     2.0     1.6    -1.0     2.8   -22.3    39.3
2018 10 12  0725   58403   26700    0     2.0     1.5    -1.1     2.7   -24.5    35.6
2018 10 12  0726   58403   26760    0     2.2     1.5    -0.8     2.8   -16.4    34.2
2018 10 12  0727   58403   26820    0     2.4     1.6    -0.8     3.0   -15.0    34.1
2018 10 12  0728   58403   26880    0     2.4     1.7    -0.7     3.1   -13.9    35.8
2018 10 12  0729   58403   26940    0     2.3     1.9    -0.7     3.1   -13.3    38.7
2018 10 12  0730   58403   27000    0     2.3     2.0    -0.7     3.1   -12.7    41.1
2018 10 12  0731   58403   27060    0     2.6     1.8    -0.9     3.3   -16.3    33.9
2018 10 12  0732   58403   27120    0     2.6     1.8    -1.0     3.3   -17.1    35.2
2018 10 12  0733   58403   27180    0     2.7     1.4    -0.8     3.1   -14.3    27.3
2018 10 12  0734   58403   27240    0     2.9    -0.2    -1.3     3.2   -24.4   355.5
2018 10 12  0735   58403   27300    0     2.9    -0.1    -1.5     3.2   -27.2   358.8
2018 10 12  0736   58403   27360    0     2.9     0.1    -1.5     3.3   -26.5     2.5
2018 10 12  0737   58403   27420    0     2.9     0.2    -1.5     3.3   -26.7     3.3
2018 10 12  0738   58403   27480    0     2.9     0.1    -1.5     3.3   -26.5     1.2
2018 10 12  0739   58403   27540    0     2.9     0.0    -1.5     3.3   -26.5     0.9
2018 10 12  0740   58403   27600    0     2.8     0.1    -1.5     3.2   -28.6     1.4
2018 10 12  0741   58403   27660    0     2.8     0.4    -1.5     3.2   -27.5     7.3
2018 10 12  0742   58403   27720    0     2.7     0.5    -1.3     3.0   -25.8     9.9
2018 10 12  0743   58403   27780    0     2.6     0.2    -1.5     3.1   -30.1     3.3
2018 10 12  0744   58403   27840    0     2.4    -0.2    -2.0     3.1   -39.2   355.2
2018 10 12  0745   58403   27900    0     2.3    -0.5    -1.8     2.9   -36.5   348.3
2018 10 12  0746   58403   27960    0     1.9    -1.1    -1.8     2.9   -39.1   331.4
2018 10 12  0747   58403   28020    0     1.9    -0.6    -1.6     2.6   -38.9   342.6
2018 10 12  0748   58403   28080    0     2.4     0.2    -1.8     3.0   -36.8     5.3
2018 10 12  0749   58403   28140    0     2.1     0.0    -2.1     2.9   -45.4     1.2
2018 10 12  0750   58403   28200    0     1.9    -0.3    -2.1     2.9   -48.3   350.0
2018 10 12  0751   58403   28260    0     1.8    -0.4    -2.2     2.9   -49.9   349.0
2018 10 12  0752   58403   28320    0     2.2    -0.2    -1.9     2.9   -40.4   356.1
2018 10 12  0753   58403   28380    0     2.3    -0.2    -1.9     2.9   -39.5   355.3
2018 10 12  0754   58403   28440    0     2.3     0.0    -1.8     2.9   -37.2     0.3
2018 10 12  0755   58403   28500    0     2.3    -0.1    -1.8     2.9   -38.9   357.1
2018 10 12  0756   58403   28560    0     2.2    -0.1    -1.6     2.8   -36.2   356.6
2018 10 12  0757   58403   28620    0     1.9    -0.7    -2.0     2.8   -44.2   340.8
2018 10 12  0758   58403   28680    0     2.0    -0.5    -2.0     2.8   -44.2   345.7
2018 10 12  0759   58403   28740    0     2.0    -0.5    -1.7     2.7   -40.1   346.8
2018 10 12  0800   58403   28800    0     2.2    -0.7    -1.8     2.9   -37.6   343.3
2018 10 12  0801   58403   28860    0     2.3    -0.7    -1.6     2.9   -33.9   342.3
2018 10 12  0802   58403   28920    0     2.2    -0.7    -1.7     2.8   -35.8   341.4
2018 10 12  0803   58403   28980    0     2.2    -0.6    -1.5     2.8   -33.8   344.9
2018 10 12  0804   58403   29040    0     1.9    -0.9    -1.6     2.6   -36.5   335.9
2018 10 12  0805   58403   29100    0     1.7    -0.7    -1.7     2.5   -42.2   337.8
2018 10 12  0806   58403   29160    0     1.6     0.2    -1.8     2.4   -46.9     6.6
2018 10 12  0807   58403   29220    0     0.5     1.6    -2.3     2.8   -54.2    73.7
2018 10 12  0808   58403   29280    0     1.5     0.8    -1.5     2.3   -41.0    29.1
2018 10 12  0809   58403   29340    0     1.3     1.2    -2.1     2.7   -51.2    42.6
2018 10 12  0810   58403   29400    0     0.9     2.1    -1.8     2.9   -37.8    65.7
2018 10 12  0811   58403   29460    0     1.1     2.3    -1.5     2.9   -30.7    64.7
2018 10 12  0812   58403   29520    0     1.0     2.3    -1.8     3.1   -35.6    65.8
2018 10 12  0813   58403   29580    0     1.0     2.3    -2.0     3.3   -38.8    67.9
2018 10 12  0814   58403   29640    0     1.0     2.3    -2.1     3.2   -39.4    66.9
2018 10 12  0815   58403   29700    0     1.2     2.1    -2.2     3.2   -42.2    59.5
2018 10 12  0816   58403   29760    0     1.5     1.7    -2.2     3.1   -43.6    48.3
2018 10 12  0817   58403   29820    0     1.9     1.2    -2.2     3.1   -44.3    31.8
2018 10 12  0818   58403   29880    0     1.8     1.1    -2.3     3.1   -47.0    31.6
2018 10 12  0819   58403   29940    0     1.8     0.8    -2.3     3.0   -50.0    24.1
2018 10 12  0820   58403   30000    0     1.2     1.4    -2.4     3.0   -52.3    49.0
2018 10 12  0821   58403   30060    0     0.9     1.6    -2.4     3.0   -52.9    60.5
2018 10 12  0822   58403   30120    0     1.2     1.1    -2.5     3.0   -57.1    43.6
2018 10 12  0823   58403   30180    0     1.1     1.3    -2.5     3.0   -55.8    50.5
2018 10 12  0824   58403   30240    0     1.4     0.7    -2.5     2.9   -58.1    28.5
2018 10 12  0825   58403   30300    0     1.4     0.8    -2.5     3.0   -56.5    30.7
2018 10 12  0826   58403   30360    0     1.3     1.0    -2.4     2.9   -55.3    38.5
2018 10 12  0827   58403   30420    0     1.1     1.4    -2.3     3.0   -51.9    52.3
2018 10 12  0828   58403   30480    0     0.9     1.3    -2.5     3.0   -57.8    55.7
2018 10 12  0829   58403   30540    0     0.9     1.4    -2.5     3.0   -55.6    56.6
2018 10 12  0830   58403   30600    0     1.0     1.2    -2.5     2.9   -57.6    50.5
2018 10 12  0831   58403   30660    0     1.2     0.8    -2.4     2.8   -59.5    32.7
2018 10 12  0832   58403   30720    0     1.1     0.9    -2.5     2.8   -61.1    39.0
2018 10 12  0833   58403   30780    0     1.2     0.8    -2.4     2.8   -58.4    34.4
2018 10 12  0834   58403   30840    0     1.4     0.6    -2.5     2.9   -59.3    25.5
2018 10 12  0835   58403   30900    0     1.2     0.7    -2.5     2.9   -61.2    30.3
2018 10 12  0836   58403   30960    0     1.0     1.1    -2.3     2.7   -56.7    48.2
2018 10 12  0837   58403   31020    0     0.7     2.0    -1.5     2.6   -36.0    69.4
2018 10 12  0838   58403   31080    0     0.5     2.3    -1.2     2.6   -25.9    79.0
2018 10 12  0839   58403   31140    0     0.6     2.0    -1.4     2.5   -33.1    72.9
2018 10 12  0840   58403   31200    0     0.7     2.1    -1.4     2.6   -32.0    70.6
2018 10 12  0841   58403   31260    0     0.9     1.9    -1.6     2.6   -36.5    64.9
2018 10 12  0842   58403   31320    0     0.9     1.8    -1.6     2.6   -37.2    63.6
2018 10 12  0843   58403   31380    0     1.2     1.6    -1.6     2.6   -38.2    53.6
2018 10 12  0844   58403   31440    0     1.3     1.6    -1.6     2.6   -38.6    50.0
2018 10 12  0845   58403   31500    0     1.1     1.6    -1.9     2.7   -44.6    56.2
2018 10 12  0846   58403   31560    0     0.4     2.4    -1.0     2.6   -21.8    79.9
2018 10 12  0847   58403   31620    0     0.7     1.9    -1.5     2.5   -35.7    69.6
2018 10 12  0848   58403   31680    0     1.6     0.5    -2.2     2.8   -51.6    17.9
2018 10 12  0849   58403   31740    0     1.8     1.1    -1.7     2.7   -38.6    32.0
2018 10 12  0850   58403   31800    0     1.3     1.5    -1.8     2.7   -40.7    48.9
2018 10 12  0851   58403   31860    0     1.3     1.0    -2.3     2.9   -54.3    37.4
2018 10 12  0852   58403   31920    0     1.5     1.2    -2.2     2.9   -49.2    39.2
2018 10 12  0853   58403   31980    0     1.4     1.0    -2.3     2.9   -53.6    36.4
2018 10 12  0854   58403   32040    0     1.3     1.1    -2.2     2.8   -52.5    40.9
2018 10 12  0855   58403   32100    0     1.3     0.8    -2.3     2.8   -55.2    32.1
2018 10 12  0856   58403   32160    0     1.3     0.7    -2.3     2.7   -58.1    30.1
2018 10 12  0857   58403   32220    0     1.3     0.7    -2.2     2.7   -55.3    27.5
2018 10 12  0858   58403   32280    0     1.4     0.8    -2.2     2.7   -54.1    29.0
2018 10 12  0859   58403   32340    0     1.4     0.6    -2.3     2.7   -56.4    24.0
