:Data_list: 20181209_ace_epam_5m.txt
:Created: 2018 Dec 09 1001 UT
# Prepared by the U.S. Dept. of Commerce, NOAA, Space Weather Prediction Center
# Please send comments and suggestions to SWPC.Webmaster@noaa.gov 
# 
# Units: Differential Flux particles/cm2-s-ster-MeV
# Units: Anisotropy Index 0.0 - 2.0
# Status(S): 0 = nominal, 4,6,7,8 = bad data, unable to process, 9 = no data
# Missing data values: -1.00e+05, index = -1.00
# Source: ACE Satellite - Electron, Proton, and Alpha Monitor
#
#
#                      5-minute averaged Real-time Differential Electron and Proton Flux 
# 
#                Modified Seconds ---------------------------- Differential Flux ---------------------------
# UT Date   Time  Julian  of the  ----- Electron -----   ------------------- Protons keV -------------------   Anis.
# YR MO DA  HHMM    Day    Day    S    38-53   175-315   S    47-68   115-195   310-580   795-1193 1060-1900   Index
#-------------------------------------------------------------------------------------------------------------------
2018 12 09  0000   58461       0  0  9.15e+02  2.91e+01  0  3.72e+03  3.06e+01  3.75e+00  8.69e-01  2.01e-01  -1.00
2018 12 09  0005   58461     300  0  8.74e+02  2.30e+01  0  3.56e+03  3.11e+01  3.84e+00  9.29e-01  2.54e-01  -1.00
2018 12 09  0010   58461     600  0  1.00e+03  3.05e+01  0  3.80e+03  3.21e+01  3.83e+00  7.05e-01  1.81e-01  -1.00
2018 12 09  0015   58461     900  0  8.68e+02  2.50e+01  0  3.73e+03  3.18e+01  3.81e+00  9.77e-01  2.17e-01  -1.00
2018 12 09  0020   58461    1200  0  7.98e+02  2.98e+01  0  3.64e+03  3.22e+01  3.98e+00  9.00e-01  1.69e-01  -1.00
2018 12 09  0025   58461    1500  0  8.72e+02  2.98e+01  0  3.53e+03  3.42e+01  4.32e+00  1.02e+00  2.49e-01  -1.00
2018 12 09  0030   58461    1800  0  9.93e+02  2.93e+01  0  3.79e+03  3.43e+01  3.65e+00  7.59e-01  2.59e-01  -1.00
2018 12 09  0035   58461    2100  0  8.46e+02  3.04e+01  0  3.83e+03  3.13e+01  3.98e+00  8.58e-01  2.11e-01  -1.00
2018 12 09  0040   58461    2400  0  8.40e+02  2.92e+01  0  3.53e+03  3.25e+01  4.08e+00  9.07e-01  2.17e-01  -1.00
2018 12 09  0045   58461    2700  0  1.08e+03  2.74e+01  0  3.71e+03  3.35e+01  4.21e+00  8.37e-01  2.27e-01  -1.00
2018 12 09  0050   58461    3000  0  8.30e+02  2.64e+01  0  3.77e+03  3.19e+01  3.94e+00  1.06e+00  1.64e-01  -1.00
2018 12 09  0055   58461    3300  0  8.93e+02  3.04e+01  0  3.76e+03  3.10e+01  4.05e+00  1.05e+00  1.57e-01  -1.00
2018 12 09  0100   58461    3600  0  9.96e+02  3.14e+01  0  3.67e+03  3.54e+01  4.80e+00  8.44e-01  1.73e-01  -1.00
2018 12 09  0105   58461    3900  0  8.95e+02  3.03e+01  0  3.76e+03  3.69e+01  4.16e+00  9.33e-01  2.39e-01  -1.00
2018 12 09  0110   58461    4200  0  8.62e+02  3.18e+01  0  4.37e+03  3.31e+01  4.63e+00  1.06e+00  2.28e-01  -1.00
2018 12 09  0115   58461    4500  0  8.13e+02  2.55e+01  0  3.65e+03  3.34e+01  4.77e+00  9.80e-01  2.00e-01  -1.00
2018 12 09  0120   58461    4800  0  1.05e+03  2.97e+01  0  3.82e+03  3.32e+01  4.56e+00  7.07e-01  2.66e-01  -1.00
2018 12 09  0125   58461    5100  0  9.55e+02  3.03e+01  0  3.81e+03  3.63e+01  4.45e+00  7.84e-01  2.31e-01  -1.00
2018 12 09  0130   58461    5400  0  8.74e+02  3.32e+01  0  3.65e+03  3.60e+01  4.52e+00  8.02e-01  2.34e-01  -1.00
2018 12 09  0135   58461    5700  0  1.06e+03  3.01e+01  0  3.72e+03  3.70e+01  5.58e+00  9.03e-01  1.83e-01  -1.00
2018 12 09  0140   58461    6000  0  9.40e+02  2.23e+01  0  3.75e+03  3.44e+01  4.18e+00  8.24e-01  2.62e-01  -1.00
2018 12 09  0145   58461    6300  0  7.73e+02  2.52e+01  0  3.71e+03  3.92e+01  3.82e+00  8.59e-01  3.34e-01  -1.00
2018 12 09  0150   58461    6600  0  8.64e+02  3.30e+01  0  6.37e+03  1.27e+02  4.95e+00  1.12e+00  3.47e-01  -1.00
2018 12 09  0155   58461    6900  0  9.61e+02  2.98e+01  0  3.86e+03  3.72e+01  4.98e+00  7.49e-01  3.11e-01  -1.00
2018 12 09  0200   58461    7200  0  8.60e+02  2.70e+01  0  3.86e+03  3.98e+01  4.38e+00  1.03e+00  2.73e-01  -1.00
2018 12 09  0205   58461    7500  0  8.48e+02  2.80e+01  0  3.62e+03  3.18e+01  4.86e+00  8.98e-01  1.97e-01  -1.00
2018 12 09  0210   58461    7800  0  1.04e+03  2.64e+01  0  3.78e+03  3.84e+01  5.18e+00  9.77e-01  3.78e-01  -1.00
2018 12 09  0215   58461    8100  0  8.61e+02  2.62e+01  0  3.75e+03  3.60e+01  4.56e+00  1.30e+00  2.06e-01  -1.00
2018 12 09  0220   58461    8400  0  8.56e+02  2.92e+01  0  3.76e+03  3.28e+01  5.02e+00  7.52e-01  2.29e-01  -1.00
2018 12 09  0225   58461    8700  0  8.42e+02  2.47e+01  0  3.62e+03  3.06e+01  5.25e+00  1.09e+00  8.92e-02  -1.00
2018 12 09  0230   58461    9000  0  9.18e+02  2.59e+01  0  3.78e+03  3.11e+01  4.93e+00  9.17e-01  1.84e-01  -1.00
2018 12 09  0235   58461    9300  0  8.63e+02  3.14e+01  0  3.83e+03  3.38e+01  4.50e+00  1.10e+00  2.89e-01  -1.00
2018 12 09  0240   58461    9600  0  7.95e+02  3.09e+01  0  3.47e+03  3.53e+01  4.41e+00  1.01e+00  1.95e-01  -1.00
2018 12 09  0245   58461    9900  0  9.50e+02  3.03e+01  0  3.76e+03  3.66e+01  5.53e+00  1.08e+00  3.01e-01  -1.00
2018 12 09  0250   58461   10200  0  8.47e+02  2.68e+01  0  3.80e+03  3.51e+01  4.47e+00  7.24e-01  2.92e-01  -1.00
2018 12 09  0255   58461   10500  0  8.94e+02  2.95e+01  0  3.59e+03  3.39e+01  4.82e+00  9.77e-01  2.56e-01  -1.00
2018 12 09  0300   58461   10800  0  1.10e+03  3.30e+01  0  3.67e+03  3.56e+01  4.14e+00  9.15e-01  2.05e-01  -1.00
2018 12 09  0305   58461   11100  0  7.96e+02  3.27e+01  0  3.84e+03  3.97e+01  4.84e+00  1.22e+00  3.18e-01  -1.00
2018 12 09  0310   58461   11400  0  7.99e+02  3.02e+01  0  3.76e+03  4.18e+01  4.94e+00  1.07e+00  2.45e-01  -1.00
2018 12 09  0315   58461   11700  0  8.62e+02  3.11e+01  0  3.57e+03  3.74e+01  4.51e+00  8.79e-01  2.10e-01  -1.00
2018 12 09  0320   58461   12000  0  9.89e+02  2.70e+01  0  3.78e+03  3.72e+01  4.15e+00  8.14e-01  1.61e-01  -1.00
2018 12 09  0325   58461   12300  0  8.36e+02  2.82e+01  0  3.78e+03  3.62e+01  5.15e+00  9.93e-01  2.23e-01  -1.00
2018 12 09  0330   58461   12600  0  8.18e+02  2.75e+01  0  3.63e+03  4.16e+01  5.01e+00  8.84e-01  3.77e-01  -1.00
2018 12 09  0335   58461   12900  0  1.06e+03  3.13e+01  0  3.83e+03  4.49e+01  5.90e+00  7.98e-01  2.28e-01  -1.00
2018 12 09  0340   58461   13200  0  8.04e+02  2.35e+01  0  3.72e+03  4.18e+01  5.38e+00  8.72e-01  1.88e-01  -1.00
2018 12 09  0345   58461   13500  0  8.42e+02  2.91e+01  0  3.72e+03  4.45e+01  5.19e+00  9.17e-01  2.25e-01  -1.00
2018 12 09  0350   58461   13800  0  8.32e+02  3.00e+01  0  3.60e+03  4.31e+01  5.01e+00  8.14e-01  1.85e-01  -1.00
2018 12 09  0355   58461   14100  0  9.68e+02  3.01e+01  0  3.77e+03  4.53e+01  5.47e+00  1.17e+00  2.61e-01  -1.00
2018 12 09  0400   58461   14400  0  8.34e+02  3.00e+01  0  3.86e+03  4.64e+01  5.24e+00  8.25e-01  2.54e-01  -1.00
2018 12 09  0405   58461   14700  0  8.37e+02  3.02e+01  0  3.47e+03  4.28e+01  5.46e+00  6.96e-01  3.63e-01  -1.00
2018 12 09  0410   58461   15000  0  9.99e+02  2.60e+01  0  3.79e+03  4.46e+01  5.44e+00  1.04e+00  1.88e-01  -1.00
2018 12 09  0415   58461   15300  0  8.65e+02  3.44e+01  0  3.79e+03  4.32e+01  5.79e+00  1.04e+00  1.73e-01  -1.00
2018 12 09  0420   58461   15600  0  8.31e+02  2.81e+01  0  3.87e+03  4.09e+01  5.90e+00  1.17e+00  2.83e-01  -1.00
2018 12 09  0425   58461   15900  0  9.04e+02  3.03e+01  0  3.83e+03  4.19e+01  4.38e+00  9.42e-01  2.93e-01  -1.00
2018 12 09  0430   58461   16200  0  9.27e+02  2.99e+01  0  3.84e+03  4.44e+01  5.69e+00  1.06e+00  2.42e-01  -1.00
2018 12 09  0435   58461   16500  0  8.64e+02  2.95e+01  0  3.92e+03  3.72e+01  4.69e+00  7.56e-01  1.80e-01  -1.00
2018 12 09  0440   58461   16800  0  7.66e+02  2.94e+01  0  4.35e+03  4.39e+01  4.78e+00  1.01e+00  2.99e-01  -1.00
2018 12 09  0445   58461   17100  0  9.59e+02  2.70e+01  0  3.77e+03  3.96e+01  3.76e+00  8.12e-01  2.78e-01  -1.00
2018 12 09  0450   58461   17400  0  8.63e+02  2.80e+01  0  3.86e+03  4.13e+01  5.14e+00  9.27e-01  2.67e-01  -1.00
2018 12 09  0455   58461   17700  0  8.56e+02  2.87e+01  0  3.72e+03  4.99e+01  5.36e+00  1.35e+00  2.97e-01  -1.00
2018 12 09  0500   58461   18000  0  1.06e+03  2.82e+01  0  3.77e+03  4.31e+01  5.35e+00  1.15e+00  2.77e-01  -1.00
2018 12 09  0505   58461   18300  0  8.59e+02  2.89e+01  0  3.78e+03  4.77e+01  6.04e+00  1.10e+00  2.70e-01  -1.00
2018 12 09  0510   58461   18600  0  8.39e+02  3.19e+01  0  3.74e+03  4.94e+01  5.58e+00  1.17e+00  2.84e-01  -1.00
2018 12 09  0515   58461   18900  0  9.18e+02  2.64e+01  0  3.58e+03  4.71e+01  5.60e+00  1.38e+00  2.92e-01  -1.00
2018 12 09  0520   58461   19200  0  9.79e+02  3.17e+01  0  3.85e+03  4.50e+01  6.19e+00  1.14e+00  2.99e-01  -1.00
2018 12 09  0525   58461   19500  0  8.64e+02  3.20e+01  0  3.78e+03  4.17e+01  5.39e+00  1.18e+00  2.21e-01  -1.00
2018 12 09  0530   58461   19800  0  7.73e+02  3.26e+01  0  3.51e+03  4.03e+01  5.48e+00  1.24e+00  2.71e-01  -1.00
2018 12 09  0535   58461   20100  0  9.70e+02  3.15e+01  0  3.73e+03  4.05e+01  5.57e+00  8.84e-01  3.21e-01  -1.00
2018 12 09  0540   58461   20400  0  8.39e+02  3.34e+01  0  3.78e+03  3.74e+01  4.96e+00  9.98e-01  1.96e-01  -1.00
2018 12 09  0545   58461   20700  0  7.62e+02  3.17e+01  0  3.67e+03  4.03e+01  5.30e+00  1.19e+00  2.22e-01  -1.00
2018 12 09  0550   58461   21000  0  8.77e+02  2.65e+01  0  3.65e+03  4.24e+01  6.21e+00  1.07e+00  3.44e-01  -1.00
2018 12 09  0555   58461   21300  0  9.93e+02  2.56e+01  0  3.80e+03  4.55e+01  5.90e+00  1.25e+00  2.37e-01  -1.00
2018 12 09  0600   58461   21600  0  8.98e+02  2.70e+01  0  3.69e+03  4.00e+01  5.00e+00  1.08e+00  2.31e-01  -1.00
2018 12 09  0605   58461   21900  0  9.33e+02  3.29e+01  0  3.60e+03  4.20e+01  5.64e+00  1.01e+00  3.04e-01  -1.00
2018 12 09  0610   58461   22200  0  1.06e+03  2.73e+01  0  3.73e+03  4.23e+01  4.91e+00  1.08e+00  2.66e-01  -1.00
2018 12 09  0615   58461   22500  0  8.17e+02  3.16e+01  0  3.93e+03  6.30e+01  6.67e+00  9.00e-01  2.81e-01  -1.00
2018 12 09  0620   58461   22800  0  8.42e+02  2.95e+01  0  3.73e+03  5.39e+01  6.28e+00  1.02e+00  4.20e-01  -1.00
2018 12 09  0625   58461   23100  0  1.07e+03  2.65e+01  0  3.79e+03  5.34e+01  6.61e+00  1.06e+00  3.58e-01  -1.00
2018 12 09  0630   58461   23400  0  7.78e+02  3.08e+01  0  3.77e+03  5.27e+01  7.35e+00  1.19e+00  4.09e-01  -1.00
2018 12 09  0635   58461   23700  0  8.24e+02  2.74e+01  0  3.74e+03  4.96e+01  6.00e+00  9.80e-01  3.52e-01  -1.00
2018 12 09  0640   58461   24000  0  1.01e+03  2.74e+01  0  3.52e+03  5.16e+01  6.30e+00  1.51e+00  3.58e-01  -1.00
2018 12 09  0645   58461   24300  0  1.06e+03  3.32e+01  0  3.95e+03  5.01e+01  6.47e+00  1.08e+00  2.90e-01  -1.00
2018 12 09  0650   58461   24600  0  9.07e+02  2.92e+01  0  3.87e+03  5.00e+01  6.94e+00  9.33e-01  2.94e-01  -1.00
2018 12 09  0655   58461   24900  0  8.39e+02  2.38e+01  0  3.58e+03  4.98e+01  6.33e+00  1.17e+00  3.08e-01  -1.00
2018 12 09  0700   58461   25200  0  1.00e+03  2.86e+01  0  3.75e+03  4.71e+01  5.67e+00  8.71e-01  3.33e-01  -1.00
2018 12 09  0705   58461   25500  0  8.68e+02  2.35e+01  0  3.64e+03  4.39e+01  5.94e+00  1.03e+00  2.98e-01  -1.00
2018 12 09  0710   58461   25800  0  7.80e+02  2.80e+01  0  3.71e+03  4.95e+01  6.15e+00  8.36e-01  2.14e-01  -1.00
2018 12 09  0715   58461   26100  0  9.10e+02  2.70e+01  0  3.63e+03  5.67e+01  6.65e+00  1.09e+00  2.59e-01  -1.00
2018 12 09  0720   58461   26400  0  8.69e+02  3.21e+01  0  3.85e+03  5.56e+01  8.39e+00  9.45e-01  2.81e-01  -1.00
2018 12 09  0725   58461   26700  0  8.60e+02  2.65e+01  0  3.81e+03  5.57e+01  7.86e+00  8.39e-01  4.19e-01  -1.00
2018 12 09  0730   58461   27000  0  8.57e+02  2.75e+01  0  3.53e+03  4.89e+01  6.32e+00  1.09e+00  2.70e-01  -1.00
2018 12 09  0735   58461   27300  0  1.00e+03  3.46e+01  0  3.74e+03  5.26e+01  6.11e+00  1.37e+00  2.59e-01  -1.00
2018 12 09  0740   58461   27600  0  8.48e+02  3.36e+01  0  3.79e+03  5.00e+01  6.47e+00  9.16e-01  4.00e-01  -1.00
2018 12 09  0745   58461   27900  0  9.21e+02  3.02e+01  0  3.75e+03  4.41e+01  4.94e+00  1.21e+00  2.50e-01  -1.00
2018 12 09  0750   58461   28200  0  9.18e+02  2.94e+01  0  3.64e+03  3.79e+01  5.48e+00  1.30e+00  2.04e-01  -1.00
2018 12 09  0755   58461   28500  0  1.50e+03  3.10e+01  0  3.84e+03  4.64e+01  5.15e+00  1.26e+00  2.57e-01  -1.00
2018 12 09  0800   58461   28800  0  8.04e+02  2.72e+01  0  3.73e+03  3.89e+01  4.78e+00  1.11e+00  2.28e-01  -1.00
2018 12 09  0805   58461   29100  0  9.30e+02  3.11e+01  0  3.53e+03  4.17e+01  5.46e+00  9.28e-01  2.39e-01  -1.00
2018 12 09  0810   58461   29400  0  9.10e+02  2.50e+01  0  3.84e+03  3.62e+01  5.30e+00  9.75e-01  3.96e-01  -1.00
2018 12 09  0815   58461   29700  0  7.95e+02  2.51e+01  0  3.78e+03  3.78e+01  5.75e+00  1.11e+00  2.64e-01  -1.00
2018 12 09  0820   58461   30000  0  9.11e+02  2.66e+01  0  3.55e+03  3.68e+01  5.00e+00  1.19e+00  2.08e-01  -1.00
2018 12 09  0825   58461   30300  0  1.06e+03  2.94e+01  0  3.81e+03  3.97e+01  4.38e+00  1.12e+00  2.66e-01  -1.00
2018 12 09  0830   58461   30600  0  9.37e+02  2.69e+01  0  3.63e+03  3.81e+01  5.33e+00  1.07e+00  2.30e-01  -1.00
2018 12 09  0835   58461   30900  0  8.96e+02  2.81e+01  0  3.66e+03  3.52e+01  4.47e+00  1.21e+00  2.35e-01  -1.00
2018 12 09  0840   58461   31200  0  1.00e+03  2.66e+01  0  3.51e+03  3.92e+01  4.61e+00  9.60e-01  2.66e-01  -1.00
2018 12 09  0845   58461   31500  0  9.99e+02  2.81e+01  0  3.85e+03  3.39e+01  4.69e+00  1.37e+00  2.60e-01  -1.00
2018 12 09  0850   58461   31800  0  8.50e+02  2.86e+01  0  3.71e+03  3.58e+01  5.51e+00  1.06e+00  2.97e-01  -1.00
2018 12 09  0855   58461   32100  0  8.89e+02  3.09e+01  0  3.50e+03  3.74e+01  4.84e+00  1.03e+00  3.09e-01  -1.00
2018 12 09  0900   58461   32400  0  1.09e+03  2.85e+01  0  3.70e+03  3.82e+01  5.14e+00  1.18e+00  2.57e-01  -1.00
2018 12 09  0905   58461   32700  0  9.35e+02  2.94e+01  0  3.62e+03  3.52e+01  4.84e+00  8.42e-01  2.42e-01  -1.00
2018 12 09  0910   58461   33000  0  9.54e+02  2.76e+01  0  3.74e+03  3.67e+01  4.93e+00  8.95e-01  1.75e-01  -1.00
2018 12 09  0915   58461   33300  0  1.11e+03  3.06e+01  0  3.61e+03  3.75e+01  4.77e+00  1.18e+00  3.73e-01  -1.00
2018 12 09  0920   58461   33600  0  8.99e+02  2.70e+01  0  3.82e+03  3.50e+01  4.56e+00  1.10e+00  2.42e-01  -1.00
2018 12 09  0925   58461   33900  0  8.75e+02  3.16e+01  0  3.71e+03  3.24e+01  4.10e+00  1.00e+00  2.32e-01  -1.00
2018 12 09  0930   58461   34200  0  8.35e+02  2.56e+01  0  3.47e+03  3.37e+01  5.28e+00  1.31e+00  2.81e-01  -1.00
2018 12 09  0935   58461   34500  0  1.12e+03  2.80e+01  0  3.77e+03  3.57e+01  5.41e+00  1.03e+00  2.05e-01  -1.00
2018 12 09  0940   58461   34800  0  9.27e+02  3.15e+01  0  3.77e+03  3.24e+01  5.29e+00  1.14e+00  2.38e-01  -1.00
2018 12 09  0945   58461   35100  0  8.68e+02  2.58e+01  0  3.63e+03  3.14e+01  4.08e+00  1.08e+00  2.48e-01  -1.00
2018 12 09  0950   58461   35400  0  1.03e+03  3.02e+01  0  3.75e+03  3.03e+01  5.04e+00  9.67e-01  2.13e-01  -1.00
2018 12 09  0955   58461   35700  0  8.43e+02  3.44e+01  0  3.72e+03  3.02e+01  4.13e+00  8.78e-01  2.02e-01  -1.00
