:Data_list: 20180314_ace_mag_1m.txt
:Created: 2018 Mar 14 0901 UT
# Prepared by the U.S. Dept. of Commerce, NOAA, Space Weather Prediction Center
# Please send comments and suggestions to SWPC.Webmaster@noaa.gov 
# 
# Magnetometer values are in GSM coordinates.
# 
# Units: Bx, By, Bz, Bt in nT
# Units: Latitude  degrees +/-  90.0
# Units: Longitude degrees 0.0 - 360.0
# Status(S): 0 = nominal data, 1 to 8 = bad data record, 9 = no data
# Missing data values: -999.9
# Source: ACE Satellite - Magnetometer
#
#              1-minute averaged Real-time Interplanetary Magnetic Field Values 
# 
#                 Modified Seconds
# UT Date   Time  Julian   of the   ----------------  GSM Coordinates ---------------
# YR MO DA  HHMM    Day      Day    S     Bx      By      Bz      Bt     Lat.   Long.
#------------------------------------------------------------------------------------
2018 03 14  0000   58191       0    9  -999.9  -999.9  -999.9  -999.9  -999.9  -999.9
2018 03 14  0001   58191      60    9  -999.9  -999.9  -999.9  -999.9  -999.9  -999.9
2018 03 14  0002   58191     120    9  -999.9  -999.9  -999.9  -999.9  -999.9  -999.9
2018 03 14  0003   58191     180    9  -999.9  -999.9  -999.9  -999.9  -999.9  -999.9
2018 03 14  0004   58191     240    9  -999.9  -999.9  -999.9  -999.9  -999.9  -999.9
2018 03 14  0005   58191     300    9  -999.9  -999.9  -999.9  -999.9  -999.9  -999.9
2018 03 14  0006   58191     360    9  -999.9  -999.9  -999.9  -999.9  -999.9  -999.9
2018 03 14  0007   58191     420    9  -999.9  -999.9  -999.9  -999.9  -999.9  -999.9
2018 03 14  0008   58191     480    9  -999.9  -999.9  -999.9  -999.9  -999.9  -999.9
2018 03 14  0009   58191     540    9  -999.9  -999.9  -999.9  -999.9  -999.9  -999.9
2018 03 14  0010   58191     600    9  -999.9  -999.9  -999.9  -999.9  -999.9  -999.9
2018 03 14  0011   58191     660    9  -999.9  -999.9  -999.9  -999.9  -999.9  -999.9
2018 03 14  0012   58191     720    9  -999.9  -999.9  -999.9  -999.9  -999.9  -999.9
2018 03 14  0013   58191     780    9  -999.9  -999.9  -999.9  -999.9  -999.9  -999.9
2018 03 14  0014   58191     840    9  -999.9  -999.9  -999.9  -999.9  -999.9  -999.9
2018 03 14  0015   58191     900    9  -999.9  -999.9  -999.9  -999.9  -999.9  -999.9
2018 03 14  0016   58191     960    9  -999.9  -999.9  -999.9  -999.9  -999.9  -999.9
2018 03 14  0017   58191    1020    9  -999.9  -999.9  -999.9  -999.9  -999.9  -999.9
2018 03 14  0018   58191    1080    9  -999.9  -999.9  -999.9  -999.9  -999.9  -999.9
2018 03 14  0019   58191    1140    9  -999.9  -999.9  -999.9  -999.9  -999.9  -999.9
2018 03 14  0020   58191    1200    9  -999.9  -999.9  -999.9  -999.9  -999.9  -999.9
2018 03 14  0021   58191    1260    9  -999.9  -999.9  -999.9  -999.9  -999.9  -999.9
2018 03 14  0022   58191    1320    9  -999.9  -999.9  -999.9  -999.9  -999.9  -999.9
2018 03 14  0023   58191    1380    9  -999.9  -999.9  -999.9  -999.9  -999.9  -999.9
2018 03 14  0024   58191    1440    9  -999.9  -999.9  -999.9  -999.9  -999.9  -999.9
2018 03 14  0025   58191    1500    9  -999.9  -999.9  -999.9  -999.9  -999.9  -999.9
2018 03 14  0026   58191    1560    9  -999.9  -999.9  -999.9  -999.9  -999.9  -999.9
2018 03 14  0027   58191    1620    9  -999.9  -999.9  -999.9  -999.9  -999.9  -999.9
2018 03 14  0028   58191    1680    9  -999.9  -999.9  -999.9  -999.9  -999.9  -999.9
2018 03 14  0029   58191    1740    9  -999.9  -999.9  -999.9  -999.9  -999.9  -999.9
2018 03 14  0030   58191    1800    9  -999.9  -999.9  -999.9  -999.9  -999.9  -999.9
2018 03 14  0031   58191    1860    9  -999.9  -999.9  -999.9  -999.9  -999.9  -999.9
2018 03 14  0032   58191    1920    9  -999.9  -999.9  -999.9  -999.9  -999.9  -999.9
2018 03 14  0033   58191    1980    9  -999.9  -999.9  -999.9  -999.9  -999.9  -999.9
2018 03 14  0034   58191    2040    9  -999.9  -999.9  -999.9  -999.9  -999.9  -999.9
2018 03 14  0035   58191    2100    9  -999.9  -999.9  -999.9  -999.9  -999.9  -999.9
2018 03 14  0036   58191    2160    9  -999.9  -999.9  -999.9  -999.9  -999.9  -999.9
2018 03 14  0037   58191    2220    9  -999.9  -999.9  -999.9  -999.9  -999.9  -999.9
2018 03 14  0038   58191    2280    9  -999.9  -999.9  -999.9  -999.9  -999.9  -999.9
2018 03 14  0039   58191    2340    9  -999.9  -999.9  -999.9  -999.9  -999.9  -999.9
2018 03 14  0040   58191    2400    9  -999.9  -999.9  -999.9  -999.9  -999.9  -999.9
2018 03 14  0041   58191    2460    9  -999.9  -999.9  -999.9  -999.9  -999.9  -999.9
2018 03 14  0042   58191    2520    9  -999.9  -999.9  -999.9  -999.9  -999.9  -999.9
2018 03 14  0043   58191    2580    9  -999.9  -999.9  -999.9  -999.9  -999.9  -999.9
2018 03 14  0044   58191    2640    9  -999.9  -999.9  -999.9  -999.9  -999.9  -999.9
2018 03 14  0045   58191    2700    9  -999.9  -999.9  -999.9  -999.9  -999.9  -999.9
2018 03 14  0046   58191    2760    9  -999.9  -999.9  -999.9  -999.9  -999.9  -999.9
2018 03 14  0047   58191    2820    9  -999.9  -999.9  -999.9  -999.9  -999.9  -999.9
2018 03 14  0048   58191    2880    9  -999.9  -999.9  -999.9  -999.9  -999.9  -999.9
2018 03 14  0049   58191    2940    9  -999.9  -999.9  -999.9  -999.9  -999.9  -999.9
2018 03 14  0050   58191    3000    9  -999.9  -999.9  -999.9  -999.9  -999.9  -999.9
2018 03 14  0051   58191    3060    9  -999.9  -999.9  -999.9  -999.9  -999.9  -999.9
2018 03 14  0052   58191    3120    9  -999.9  -999.9  -999.9  -999.9  -999.9  -999.9
2018 03 14  0053   58191    3180    9  -999.9  -999.9  -999.9  -999.9  -999.9  -999.9
2018 03 14  0054   58191    3240    9  -999.9  -999.9  -999.9  -999.9  -999.9  -999.9
2018 03 14  0055   58191    3300    9  -999.9  -999.9  -999.9  -999.9  -999.9  -999.9
2018 03 14  0056   58191    3360    9  -999.9  -999.9  -999.9  -999.9  -999.9  -999.9
2018 03 14  0057   58191    3420    9  -999.9  -999.9  -999.9  -999.9  -999.9  -999.9
2018 03 14  0058   58191    3480    9  -999.9  -999.9  -999.9  -999.9  -999.9  -999.9
2018 03 14  0059   58191    3540    9  -999.9  -999.9  -999.9  -999.9  -999.9  -999.9
2018 03 14  0100   58191    3600    9  -999.9  -999.9  -999.9  -999.9  -999.9  -999.9
2018 03 14  0101   58191    3660    9  -999.9  -999.9  -999.9  -999.9  -999.9  -999.9
2018 03 14  0102   58191    3720    9  -999.9  -999.9  -999.9  -999.9  -999.9  -999.9
2018 03 14  0103   58191    3780    9  -999.9  -999.9  -999.9  -999.9  -999.9  -999.9
2018 03 14  0104   58191    3840    9  -999.9  -999.9  -999.9  -999.9  -999.9  -999.9
2018 03 14  0105   58191    3900    9  -999.9  -999.9  -999.9  -999.9  -999.9  -999.9
2018 03 14  0106   58191    3960    9  -999.9  -999.9  -999.9  -999.9  -999.9  -999.9
2018 03 14  0107   58191    4020    9  -999.9  -999.9  -999.9  -999.9  -999.9  -999.9
2018 03 14  0108   58191    4080    9  -999.9  -999.9  -999.9  -999.9  -999.9  -999.9
2018 03 14  0109   58191    4140    9  -999.9  -999.9  -999.9  -999.9  -999.9  -999.9
2018 03 14  0110   58191    4200    9  -999.9  -999.9  -999.9  -999.9  -999.9  -999.9
2018 03 14  0111   58191    4260    9  -999.9  -999.9  -999.9  -999.9  -999.9  -999.9
2018 03 14  0112   58191    4320    9  -999.9  -999.9  -999.9  -999.9  -999.9  -999.9
2018 03 14  0113   58191    4380    9  -999.9  -999.9  -999.9  -999.9  -999.9  -999.9
2018 03 14  0114   58191    4440    9  -999.9  -999.9  -999.9  -999.9  -999.9  -999.9
2018 03 14  0115   58191    4500    9  -999.9  -999.9  -999.9  -999.9  -999.9  -999.9
2018 03 14  0116   58191    4560    9  -999.9  -999.9  -999.9  -999.9  -999.9  -999.9
2018 03 14  0117   58191    4620    9  -999.9  -999.9  -999.9  -999.9  -999.9  -999.9
2018 03 14  0118   58191    4680    9  -999.9  -999.9  -999.9  -999.9  -999.9  -999.9
2018 03 14  0119   58191    4740    9  -999.9  -999.9  -999.9  -999.9  -999.9  -999.9
2018 03 14  0120   58191    4800    9  -999.9  -999.9  -999.9  -999.9  -999.9  -999.9
2018 03 14  0121   58191    4860    9  -999.9  -999.9  -999.9  -999.9  -999.9  -999.9
2018 03 14  0122   58191    4920    9  -999.9  -999.9  -999.9  -999.9  -999.9  -999.9
2018 03 14  0123   58191    4980    9  -999.9  -999.9  -999.9  -999.9  -999.9  -999.9
2018 03 14  0124   58191    5040    9  -999.9  -999.9  -999.9  -999.9  -999.9  -999.9
2018 03 14  0125   58191    5100    9  -999.9  -999.9  -999.9  -999.9  -999.9  -999.9
2018 03 14  0126   58191    5160    9  -999.9  -999.9  -999.9  -999.9  -999.9  -999.9
2018 03 14  0127   58191    5220    9  -999.9  -999.9  -999.9  -999.9  -999.9  -999.9
2018 03 14  0128   58191    5280    9  -999.9  -999.9  -999.9  -999.9  -999.9  -999.9
2018 03 14  0129   58191    5340    9  -999.9  -999.9  -999.9  -999.9  -999.9  -999.9
2018 03 14  0130   58191    5400    9  -999.9  -999.9  -999.9  -999.9  -999.9  -999.9
2018 03 14  0131   58191    5460    9  -999.9  -999.9  -999.9  -999.9  -999.9  -999.9
2018 03 14  0132   58191    5520    9  -999.9  -999.9  -999.9  -999.9  -999.9  -999.9
2018 03 14  0133   58191    5580    9  -999.9  -999.9  -999.9  -999.9  -999.9  -999.9
2018 03 14  0134   58191    5640    9  -999.9  -999.9  -999.9  -999.9  -999.9  -999.9
2018 03 14  0135   58191    5700    9  -999.9  -999.9  -999.9  -999.9  -999.9  -999.9
2018 03 14  0136   58191    5760    9  -999.9  -999.9  -999.9  -999.9  -999.9  -999.9
2018 03 14  0137   58191    5820    9  -999.9  -999.9  -999.9  -999.9  -999.9  -999.9
2018 03 14  0138   58191    5880    9  -999.9  -999.9  -999.9  -999.9  -999.9  -999.9
2018 03 14  0139   58191    5940    9  -999.9  -999.9  -999.9  -999.9  -999.9  -999.9
2018 03 14  0140   58191    6000    9  -999.9  -999.9  -999.9  -999.9  -999.9  -999.9
2018 03 14  0141   58191    6060    9  -999.9  -999.9  -999.9  -999.9  -999.9  -999.9
2018 03 14  0142   58191    6120    9  -999.9  -999.9  -999.9  -999.9  -999.9  -999.9
2018 03 14  0143   58191    6180    9  -999.9  -999.9  -999.9  -999.9  -999.9  -999.9
2018 03 14  0144   58191    6240    9  -999.9  -999.9  -999.9  -999.9  -999.9  -999.9
2018 03 14  0145   58191    6300    9  -999.9  -999.9  -999.9  -999.9  -999.9  -999.9
2018 03 14  0146   58191    6360    9  -999.9  -999.9  -999.9  -999.9  -999.9  -999.9
2018 03 14  0147   58191    6420    9  -999.9  -999.9  -999.9  -999.9  -999.9  -999.9
2018 03 14  0148   58191    6480    9  -999.9  -999.9  -999.9  -999.9  -999.9  -999.9
2018 03 14  0149   58191    6540    9  -999.9  -999.9  -999.9  -999.9  -999.9  -999.9
2018 03 14  0150   58191    6600    9  -999.9  -999.9  -999.9  -999.9  -999.9  -999.9
2018 03 14  0151   58191    6660    9  -999.9  -999.9  -999.9  -999.9  -999.9  -999.9
2018 03 14  0152   58191    6720    9  -999.9  -999.9  -999.9  -999.9  -999.9  -999.9
2018 03 14  0153   58191    6780    9  -999.9  -999.9  -999.9  -999.9  -999.9  -999.9
2018 03 14  0154   58191    6840    9  -999.9  -999.9  -999.9  -999.9  -999.9  -999.9
2018 03 14  0155   58191    6900    9  -999.9  -999.9  -999.9  -999.9  -999.9  -999.9
2018 03 14  0156   58191    6960    9  -999.9  -999.9  -999.9  -999.9  -999.9  -999.9
2018 03 14  0157   58191    7020    9  -999.9  -999.9  -999.9  -999.9  -999.9  -999.9
2018 03 14  0158   58191    7080    9  -999.9  -999.9  -999.9  -999.9  -999.9  -999.9
2018 03 14  0159   58191    7140    9  -999.9  -999.9  -999.9  -999.9  -999.9  -999.9
2018 03 14  0200   58191    7200    9  -999.9  -999.9  -999.9  -999.9  -999.9  -999.9
2018 03 14  0201   58191    7260    9  -999.9  -999.9  -999.9  -999.9  -999.9  -999.9
2018 03 14  0202   58191    7320    9  -999.9  -999.9  -999.9  -999.9  -999.9  -999.9
2018 03 14  0203   58191    7380    9  -999.9  -999.9  -999.9  -999.9  -999.9  -999.9
2018 03 14  0204   58191    7440    9  -999.9  -999.9  -999.9  -999.9  -999.9  -999.9
2018 03 14  0205   58191    7500    9  -999.9  -999.9  -999.9  -999.9  -999.9  -999.9
2018 03 14  0206   58191    7560    9  -999.9  -999.9  -999.9  -999.9  -999.9  -999.9
2018 03 14  0207   58191    7620    9  -999.9  -999.9  -999.9  -999.9  -999.9  -999.9
2018 03 14  0208   58191    7680    9  -999.9  -999.9  -999.9  -999.9  -999.9  -999.9
2018 03 14  0209   58191    7740    9  -999.9  -999.9  -999.9  -999.9  -999.9  -999.9
2018 03 14  0210   58191    7800    9  -999.9  -999.9  -999.9  -999.9  -999.9  -999.9
2018 03 14  0211   58191    7860    9  -999.9  -999.9  -999.9  -999.9  -999.9  -999.9
2018 03 14  0212   58191    7920    9  -999.9  -999.9  -999.9  -999.9  -999.9  -999.9
2018 03 14  0213   58191    7980    9  -999.9  -999.9  -999.9  -999.9  -999.9  -999.9
2018 03 14  0214   58191    8040    9  -999.9  -999.9  -999.9  -999.9  -999.9  -999.9
2018 03 14  0215   58191    8100    9  -999.9  -999.9  -999.9  -999.9  -999.9  -999.9
2018 03 14  0216   58191    8160    9  -999.9  -999.9  -999.9  -999.9  -999.9  -999.9
2018 03 14  0217   58191    8220    9  -999.9  -999.9  -999.9  -999.9  -999.9  -999.9
2018 03 14  0218   58191    8280    9  -999.9  -999.9  -999.9  -999.9  -999.9  -999.9
2018 03 14  0219   58191    8340    9  -999.9  -999.9  -999.9  -999.9  -999.9  -999.9
2018 03 14  0220   58191    8400    9  -999.9  -999.9  -999.9  -999.9  -999.9  -999.9
2018 03 14  0221   58191    8460    9  -999.9  -999.9  -999.9  -999.9  -999.9  -999.9
2018 03 14  0222   58191    8520    9  -999.9  -999.9  -999.9  -999.9  -999.9  -999.9
2018 03 14  0223   58191    8580    9  -999.9  -999.9  -999.9  -999.9  -999.9  -999.9
2018 03 14  0224   58191    8640    9  -999.9  -999.9  -999.9  -999.9  -999.9  -999.9
2018 03 14  0225   58191    8700    9  -999.9  -999.9  -999.9  -999.9  -999.9  -999.9
2018 03 14  0226   58191    8760    9  -999.9  -999.9  -999.9  -999.9  -999.9  -999.9
2018 03 14  0227   58191    8820    9  -999.9  -999.9  -999.9  -999.9  -999.9  -999.9
2018 03 14  0228   58191    8880    9  -999.9  -999.9  -999.9  -999.9  -999.9  -999.9
2018 03 14  0229   58191    8940    9  -999.9  -999.9  -999.9  -999.9  -999.9  -999.9
2018 03 14  0230   58191    9000    9  -999.9  -999.9  -999.9  -999.9  -999.9  -999.9
2018 03 14  0231   58191    9060    9  -999.9  -999.9  -999.9  -999.9  -999.9  -999.9
2018 03 14  0232   58191    9120    9  -999.9  -999.9  -999.9  -999.9  -999.9  -999.9
2018 03 14  0233   58191    9180    9  -999.9  -999.9  -999.9  -999.9  -999.9  -999.9
2018 03 14  0234   58191    9240    9  -999.9  -999.9  -999.9  -999.9  -999.9  -999.9
2018 03 14  0235   58191    9300    9  -999.9  -999.9  -999.9  -999.9  -999.9  -999.9
2018 03 14  0236   58191    9360    9  -999.9  -999.9  -999.9  -999.9  -999.9  -999.9
2018 03 14  0237   58191    9420    9  -999.9  -999.9  -999.9  -999.9  -999.9  -999.9
2018 03 14  0238   58191    9480    9  -999.9  -999.9  -999.9  -999.9  -999.9  -999.9
2018 03 14  0239   58191    9540    9  -999.9  -999.9  -999.9  -999.9  -999.9  -999.9
2018 03 14  0240   58191    9600    9  -999.9  -999.9  -999.9  -999.9  -999.9  -999.9
2018 03 14  0241   58191    9660    9  -999.9  -999.9  -999.9  -999.9  -999.9  -999.9
2018 03 14  0242   58191    9720    9  -999.9  -999.9  -999.9  -999.9  -999.9  -999.9
2018 03 14  0243   58191    9780    9  -999.9  -999.9  -999.9  -999.9  -999.9  -999.9
2018 03 14  0244   58191    9840    9  -999.9  -999.9  -999.9  -999.9  -999.9  -999.9
2018 03 14  0245   58191    9900    9  -999.9  -999.9  -999.9  -999.9  -999.9  -999.9
2018 03 14  0246   58191    9960    9  -999.9  -999.9  -999.9  -999.9  -999.9  -999.9
2018 03 14  0247   58191   10020    9  -999.9  -999.9  -999.9  -999.9  -999.9  -999.9
2018 03 14  0248   58191   10080    9  -999.9  -999.9  -999.9  -999.9  -999.9  -999.9
2018 03 14  0249   58191   10140    9  -999.9  -999.9  -999.9  -999.9  -999.9  -999.9
2018 03 14  0250   58191   10200    9  -999.9  -999.9  -999.9  -999.9  -999.9  -999.9
2018 03 14  0251   58191   10260    9  -999.9  -999.9  -999.9  -999.9  -999.9  -999.9
2018 03 14  0252   58191   10320    9  -999.9  -999.9  -999.9  -999.9  -999.9  -999.9
2018 03 14  0253   58191   10380    9  -999.9  -999.9  -999.9  -999.9  -999.9  -999.9
2018 03 14  0254   58191   10440    9  -999.9  -999.9  -999.9  -999.9  -999.9  -999.9
2018 03 14  0255   58191   10500    9  -999.9  -999.9  -999.9  -999.9  -999.9  -999.9
2018 03 14  0256   58191   10560    9  -999.9  -999.9  -999.9  -999.9  -999.9  -999.9
2018 03 14  0257   58191   10620    9  -999.9  -999.9  -999.9  -999.9  -999.9  -999.9
2018 03 14  0258   58191   10680    9  -999.9  -999.9  -999.9  -999.9  -999.9  -999.9
2018 03 14  0259   58191   10740    9  -999.9  -999.9  -999.9  -999.9  -999.9  -999.9
2018 03 14  0300   58191   10800    9  -999.9  -999.9  -999.9  -999.9  -999.9  -999.9
2018 03 14  0301   58191   10860    9  -999.9  -999.9  -999.9  -999.9  -999.9  -999.9
2018 03 14  0302   58191   10920    9  -999.9  -999.9  -999.9  -999.9  -999.9  -999.9
2018 03 14  0303   58191   10980    9  -999.9  -999.9  -999.9  -999.9  -999.9  -999.9
2018 03 14  0304   58191   11040    9  -999.9  -999.9  -999.9  -999.9  -999.9  -999.9
2018 03 14  0305   58191   11100    9  -999.9  -999.9  -999.9  -999.9  -999.9  -999.9
2018 03 14  0306   58191   11160    9  -999.9  -999.9  -999.9  -999.9  -999.9  -999.9
2018 03 14  0307   58191   11220    9  -999.9  -999.9  -999.9  -999.9  -999.9  -999.9
2018 03 14  0308   58191   11280    9  -999.9  -999.9  -999.9  -999.9  -999.9  -999.9
2018 03 14  0309   58191   11340    9  -999.9  -999.9  -999.9  -999.9  -999.9  -999.9
2018 03 14  0310   58191   11400    9  -999.9  -999.9  -999.9  -999.9  -999.9  -999.9
2018 03 14  0311   58191   11460    9  -999.9  -999.9  -999.9  -999.9  -999.9  -999.9
2018 03 14  0312   58191   11520    9  -999.9  -999.9  -999.9  -999.9  -999.9  -999.9
2018 03 14  0313   58191   11580    9  -999.9  -999.9  -999.9  -999.9  -999.9  -999.9
2018 03 14  0314   58191   11640    9  -999.9  -999.9  -999.9  -999.9  -999.9  -999.9
2018 03 14  0315   58191   11700    9  -999.9  -999.9  -999.9  -999.9  -999.9  -999.9
2018 03 14  0316   58191   11760    9  -999.9  -999.9  -999.9  -999.9  -999.9  -999.9
2018 03 14  0317   58191   11820    9  -999.9  -999.9  -999.9  -999.9  -999.9  -999.9
2018 03 14  0318   58191   11880    9  -999.9  -999.9  -999.9  -999.9  -999.9  -999.9
2018 03 14  0319   58191   11940    9  -999.9  -999.9  -999.9  -999.9  -999.9  -999.9
2018 03 14  0320   58191   12000    9  -999.9  -999.9  -999.9  -999.9  -999.9  -999.9
2018 03 14  0321   58191   12060    9  -999.9  -999.9  -999.9  -999.9  -999.9  -999.9
2018 03 14  0322   58191   12120    9  -999.9  -999.9  -999.9  -999.9  -999.9  -999.9
2018 03 14  0323   58191   12180    9  -999.9  -999.9  -999.9  -999.9  -999.9  -999.9
2018 03 14  0324   58191   12240    9  -999.9  -999.9  -999.9  -999.9  -999.9  -999.9
2018 03 14  0325   58191   12300    9  -999.9  -999.9  -999.9  -999.9  -999.9  -999.9
2018 03 14  0326   58191   12360    9  -999.9  -999.9  -999.9  -999.9  -999.9  -999.9
2018 03 14  0327   58191   12420    9  -999.9  -999.9  -999.9  -999.9  -999.9  -999.9
2018 03 14  0328   58191   12480    9  -999.9  -999.9  -999.9  -999.9  -999.9  -999.9
2018 03 14  0329   58191   12540    9  -999.9  -999.9  -999.9  -999.9  -999.9  -999.9
2018 03 14  0330   58191   12600    9  -999.9  -999.9  -999.9  -999.9  -999.9  -999.9
2018 03 14  0331   58191   12660    9  -999.9  -999.9  -999.9  -999.9  -999.9  -999.9
2018 03 14  0332   58191   12720    9  -999.9  -999.9  -999.9  -999.9  -999.9  -999.9
2018 03 14  0333   58191   12780    9  -999.9  -999.9  -999.9  -999.9  -999.9  -999.9
2018 03 14  0334   58191   12840    9  -999.9  -999.9  -999.9  -999.9  -999.9  -999.9
2018 03 14  0335   58191   12900    9  -999.9  -999.9  -999.9  -999.9  -999.9  -999.9
2018 03 14  0336   58191   12960    9  -999.9  -999.9  -999.9  -999.9  -999.9  -999.9
2018 03 14  0337   58191   13020    9  -999.9  -999.9  -999.9  -999.9  -999.9  -999.9
2018 03 14  0338   58191   13080    9  -999.9  -999.9  -999.9  -999.9  -999.9  -999.9
2018 03 14  0339   58191   13140    9  -999.9  -999.9  -999.9  -999.9  -999.9  -999.9
2018 03 14  0340   58191   13200    9  -999.9  -999.9  -999.9  -999.9  -999.9  -999.9
2018 03 14  0341   58191   13260    9  -999.9  -999.9  -999.9  -999.9  -999.9  -999.9
2018 03 14  0342   58191   13320    9  -999.9  -999.9  -999.9  -999.9  -999.9  -999.9
2018 03 14  0343   58191   13380    9  -999.9  -999.9  -999.9  -999.9  -999.9  -999.9
2018 03 14  0344   58191   13440    9  -999.9  -999.9  -999.9  -999.9  -999.9  -999.9
2018 03 14  0345   58191   13500    9  -999.9  -999.9  -999.9  -999.9  -999.9  -999.9
2018 03 14  0346   58191   13560    9  -999.9  -999.9  -999.9  -999.9  -999.9  -999.9
2018 03 14  0347   58191   13620    9  -999.9  -999.9  -999.9  -999.9  -999.9  -999.9
2018 03 14  0348   58191   13680    9  -999.9  -999.9  -999.9  -999.9  -999.9  -999.9
2018 03 14  0349   58191   13740    9  -999.9  -999.9  -999.9  -999.9  -999.9  -999.9
2018 03 14  0350   58191   13800    9  -999.9  -999.9  -999.9  -999.9  -999.9  -999.9
2018 03 14  0351   58191   13860    9  -999.9  -999.9  -999.9  -999.9  -999.9  -999.9
2018 03 14  0352   58191   13920    9  -999.9  -999.9  -999.9  -999.9  -999.9  -999.9
2018 03 14  0353   58191   13980    9  -999.9  -999.9  -999.9  -999.9  -999.9  -999.9
2018 03 14  0354   58191   14040    9  -999.9  -999.9  -999.9  -999.9  -999.9  -999.9
2018 03 14  0355   58191   14100    9  -999.9  -999.9  -999.9  -999.9  -999.9  -999.9
2018 03 14  0356   58191   14160    9  -999.9  -999.9  -999.9  -999.9  -999.9  -999.9
2018 03 14  0357   58191   14220    9  -999.9  -999.9  -999.9  -999.9  -999.9  -999.9
2018 03 14  0358   58191   14280    9  -999.9  -999.9  -999.9  -999.9  -999.9  -999.9
2018 03 14  0359   58191   14340    9  -999.9  -999.9  -999.9  -999.9  -999.9  -999.9
2018 03 14  0400   58191   14400    9  -999.9  -999.9  -999.9  -999.9  -999.9  -999.9
2018 03 14  0401   58191   14460    9  -999.9  -999.9  -999.9  -999.9  -999.9  -999.9
2018 03 14  0402   58191   14520    9  -999.9  -999.9  -999.9  -999.9  -999.9  -999.9
2018 03 14  0403   58191   14580    9  -999.9  -999.9  -999.9  -999.9  -999.9  -999.9
2018 03 14  0404   58191   14640    9  -999.9  -999.9  -999.9  -999.9  -999.9  -999.9
2018 03 14  0405   58191   14700    9  -999.9  -999.9  -999.9  -999.9  -999.9  -999.9
2018 03 14  0406   58191   14760    9  -999.9  -999.9  -999.9  -999.9  -999.9  -999.9
2018 03 14  0407   58191   14820    9  -999.9  -999.9  -999.9  -999.9  -999.9  -999.9
2018 03 14  0408   58191   14880    9  -999.9  -999.9  -999.9  -999.9  -999.9  -999.9
2018 03 14  0409   58191   14940    9  -999.9  -999.9  -999.9  -999.9  -999.9  -999.9
2018 03 14  0410   58191   15000    9  -999.9  -999.9  -999.9  -999.9  -999.9  -999.9
2018 03 14  0411   58191   15060    9  -999.9  -999.9  -999.9  -999.9  -999.9  -999.9
2018 03 14  0412   58191   15120    9  -999.9  -999.9  -999.9  -999.9  -999.9  -999.9
2018 03 14  0413   58191   15180    9  -999.9  -999.9  -999.9  -999.9  -999.9  -999.9
2018 03 14  0414   58191   15240    9  -999.9  -999.9  -999.9  -999.9  -999.9  -999.9
2018 03 14  0415   58191   15300    9  -999.9  -999.9  -999.9  -999.9  -999.9  -999.9
2018 03 14  0416   58191   15360    9  -999.9  -999.9  -999.9  -999.9  -999.9  -999.9
2018 03 14  0417   58191   15420    9  -999.9  -999.9  -999.9  -999.9  -999.9  -999.9
2018 03 14  0418   58191   15480    9  -999.9  -999.9  -999.9  -999.9  -999.9  -999.9
2018 03 14  0419   58191   15540    9  -999.9  -999.9  -999.9  -999.9  -999.9  -999.9
2018 03 14  0420   58191   15600    9  -999.9  -999.9  -999.9  -999.9  -999.9  -999.9
2018 03 14  0421   58191   15660    9  -999.9  -999.9  -999.9  -999.9  -999.9  -999.9
2018 03 14  0422   58191   15720    9  -999.9  -999.9  -999.9  -999.9  -999.9  -999.9
2018 03 14  0423   58191   15780    9  -999.9  -999.9  -999.9  -999.9  -999.9  -999.9
2018 03 14  0424   58191   15840    9  -999.9  -999.9  -999.9  -999.9  -999.9  -999.9
2018 03 14  0425   58191   15900    9  -999.9  -999.9  -999.9  -999.9  -999.9  -999.9
2018 03 14  0426   58191   15960    9  -999.9  -999.9  -999.9  -999.9  -999.9  -999.9
2018 03 14  0427   58191   16020    9  -999.9  -999.9  -999.9  -999.9  -999.9  -999.9
2018 03 14  0428   58191   16080    9  -999.9  -999.9  -999.9  -999.9  -999.9  -999.9
2018 03 14  0429   58191   16140    9  -999.9  -999.9  -999.9  -999.9  -999.9  -999.9
2018 03 14  0430   58191   16200    9  -999.9  -999.9  -999.9  -999.9  -999.9  -999.9
2018 03 14  0431   58191   16260    9  -999.9  -999.9  -999.9  -999.9  -999.9  -999.9
2018 03 14  0432   58191   16320    9  -999.9  -999.9  -999.9  -999.9  -999.9  -999.9
2018 03 14  0433   58191   16380    9  -999.9  -999.9  -999.9  -999.9  -999.9  -999.9
2018 03 14  0434   58191   16440    9  -999.9  -999.9  -999.9  -999.9  -999.9  -999.9
2018 03 14  0435   58191   16500    9  -999.9  -999.9  -999.9  -999.9  -999.9  -999.9
2018 03 14  0436   58191   16560    9  -999.9  -999.9  -999.9  -999.9  -999.9  -999.9
2018 03 14  0437   58191   16620    9  -999.9  -999.9  -999.9  -999.9  -999.9  -999.9
2018 03 14  0438   58191   16680    9  -999.9  -999.9  -999.9  -999.9  -999.9  -999.9
2018 03 14  0439   58191   16740    9  -999.9  -999.9  -999.9  -999.9  -999.9  -999.9
2018 03 14  0440   58191   16800    9  -999.9  -999.9  -999.9  -999.9  -999.9  -999.9
2018 03 14  0441   58191   16860    9  -999.9  -999.9  -999.9  -999.9  -999.9  -999.9
2018 03 14  0442   58191   16920    9  -999.9  -999.9  -999.9  -999.9  -999.9  -999.9
2018 03 14  0443   58191   16980    9  -999.9  -999.9  -999.9  -999.9  -999.9  -999.9
2018 03 14  0444   58191   17040    9  -999.9  -999.9  -999.9  -999.9  -999.9  -999.9
2018 03 14  0445   58191   17100    9  -999.9  -999.9  -999.9  -999.9  -999.9  -999.9
2018 03 14  0446   58191   17160    9  -999.9  -999.9  -999.9  -999.9  -999.9  -999.9
2018 03 14  0447   58191   17220    9  -999.9  -999.9  -999.9  -999.9  -999.9  -999.9
2018 03 14  0448   58191   17280    9  -999.9  -999.9  -999.9  -999.9  -999.9  -999.9
2018 03 14  0449   58191   17340    9  -999.9  -999.9  -999.9  -999.9  -999.9  -999.9
2018 03 14  0450   58191   17400    9  -999.9  -999.9  -999.9  -999.9  -999.9  -999.9
2018 03 14  0451   58191   17460    9  -999.9  -999.9  -999.9  -999.9  -999.9  -999.9
2018 03 14  0452   58191   17520    9  -999.9  -999.9  -999.9  -999.9  -999.9  -999.9
2018 03 14  0453   58191   17580    9  -999.9  -999.9  -999.9  -999.9  -999.9  -999.9
2018 03 14  0454   58191   17640    9  -999.9  -999.9  -999.9  -999.9  -999.9  -999.9
2018 03 14  0455   58191   17700    9  -999.9  -999.9  -999.9  -999.9  -999.9  -999.9
2018 03 14  0456   58191   17760    9  -999.9  -999.9  -999.9  -999.9  -999.9  -999.9
2018 03 14  0457   58191   17820    9  -999.9  -999.9  -999.9  -999.9  -999.9  -999.9
2018 03 14  0458   58191   17880    9  -999.9  -999.9  -999.9  -999.9  -999.9  -999.9
2018 03 14  0459   58191   17940    9  -999.9  -999.9  -999.9  -999.9  -999.9  -999.9
2018 03 14  0500   58191   18000    9  -999.9  -999.9  -999.9  -999.9  -999.9  -999.9
2018 03 14  0501   58191   18060    9  -999.9  -999.9  -999.9  -999.9  -999.9  -999.9
2018 03 14  0502   58191   18120    9  -999.9  -999.9  -999.9  -999.9  -999.9  -999.9
2018 03 14  0503   58191   18180    9  -999.9  -999.9  -999.9  -999.9  -999.9  -999.9
2018 03 14  0504   58191   18240    9  -999.9  -999.9  -999.9  -999.9  -999.9  -999.9
2018 03 14  0505   58191   18300    9  -999.9  -999.9  -999.9  -999.9  -999.9  -999.9
2018 03 14  0506   58191   18360    9  -999.9  -999.9  -999.9  -999.9  -999.9  -999.9
2018 03 14  0507   58191   18420    9  -999.9  -999.9  -999.9  -999.9  -999.9  -999.9
2018 03 14  0508   58191   18480    9  -999.9  -999.9  -999.9  -999.9  -999.9  -999.9
2018 03 14  0509   58191   18540    9  -999.9  -999.9  -999.9  -999.9  -999.9  -999.9
2018 03 14  0510   58191   18600    9  -999.9  -999.9  -999.9  -999.9  -999.9  -999.9
2018 03 14  0511   58191   18660    9  -999.9  -999.9  -999.9  -999.9  -999.9  -999.9
2018 03 14  0512   58191   18720    9  -999.9  -999.9  -999.9  -999.9  -999.9  -999.9
2018 03 14  0513   58191   18780    9  -999.9  -999.9  -999.9  -999.9  -999.9  -999.9
2018 03 14  0514   58191   18840    9  -999.9  -999.9  -999.9  -999.9  -999.9  -999.9
2018 03 14  0515   58191   18900    9  -999.9  -999.9  -999.9  -999.9  -999.9  -999.9
2018 03 14  0516   58191   18960    9  -999.9  -999.9  -999.9  -999.9  -999.9  -999.9
2018 03 14  0517   58191   19020    9  -999.9  -999.9  -999.9  -999.9  -999.9  -999.9
2018 03 14  0518   58191   19080    9  -999.9  -999.9  -999.9  -999.9  -999.9  -999.9
2018 03 14  0519   58191   19140    9  -999.9  -999.9  -999.9  -999.9  -999.9  -999.9
2018 03 14  0520   58191   19200    9  -999.9  -999.9  -999.9  -999.9  -999.9  -999.9
2018 03 14  0521   58191   19260    9  -999.9  -999.9  -999.9  -999.9  -999.9  -999.9
2018 03 14  0522   58191   19320    9  -999.9  -999.9  -999.9  -999.9  -999.9  -999.9
2018 03 14  0523   58191   19380    9  -999.9  -999.9  -999.9  -999.9  -999.9  -999.9
2018 03 14  0524   58191   19440    9  -999.9  -999.9  -999.9  -999.9  -999.9  -999.9
2018 03 14  0525   58191   19500    9  -999.9  -999.9  -999.9  -999.9  -999.9  -999.9
2018 03 14  0526   58191   19560    9  -999.9  -999.9  -999.9  -999.9  -999.9  -999.9
2018 03 14  0527   58191   19620    9  -999.9  -999.9  -999.9  -999.9  -999.9  -999.9
2018 03 14  0528   58191   19680    9  -999.9  -999.9  -999.9  -999.9  -999.9  -999.9
2018 03 14  0529   58191   19740    9  -999.9  -999.9  -999.9  -999.9  -999.9  -999.9
2018 03 14  0530   58191   19800    9  -999.9  -999.9  -999.9  -999.9  -999.9  -999.9
2018 03 14  0531   58191   19860    9  -999.9  -999.9  -999.9  -999.9  -999.9  -999.9
2018 03 14  0532   58191   19920    9  -999.9  -999.9  -999.9  -999.9  -999.9  -999.9
2018 03 14  0533   58191   19980    9  -999.9  -999.9  -999.9  -999.9  -999.9  -999.9
2018 03 14  0534   58191   20040    9  -999.9  -999.9  -999.9  -999.9  -999.9  -999.9
2018 03 14  0535   58191   20100    9  -999.9  -999.9  -999.9  -999.9  -999.9  -999.9
2018 03 14  0536   58191   20160    9  -999.9  -999.9  -999.9  -999.9  -999.9  -999.9
2018 03 14  0537   58191   20220    9  -999.9  -999.9  -999.9  -999.9  -999.9  -999.9
2018 03 14  0538   58191   20280    9  -999.9  -999.9  -999.9  -999.9  -999.9  -999.9
2018 03 14  0539   58191   20340    9  -999.9  -999.9  -999.9  -999.9  -999.9  -999.9
2018 03 14  0540   58191   20400    9  -999.9  -999.9  -999.9  -999.9  -999.9  -999.9
2018 03 14  0541   58191   20460    9  -999.9  -999.9  -999.9  -999.9  -999.9  -999.9
2018 03 14  0542   58191   20520    9  -999.9  -999.9  -999.9  -999.9  -999.9  -999.9
2018 03 14  0543   58191   20580    9  -999.9  -999.9  -999.9  -999.9  -999.9  -999.9
2018 03 14  0544   58191   20640    9  -999.9  -999.9  -999.9  -999.9  -999.9  -999.9
2018 03 14  0545   58191   20700    9  -999.9  -999.9  -999.9  -999.9  -999.9  -999.9
2018 03 14  0546   58191   20760    9  -999.9  -999.9  -999.9  -999.9  -999.9  -999.9
2018 03 14  0547   58191   20820    9  -999.9  -999.9  -999.9  -999.9  -999.9  -999.9
2018 03 14  0548   58191   20880    9  -999.9  -999.9  -999.9  -999.9  -999.9  -999.9
2018 03 14  0549   58191   20940    9  -999.9  -999.9  -999.9  -999.9  -999.9  -999.9
2018 03 14  0550   58191   21000    9  -999.9  -999.9  -999.9  -999.9  -999.9  -999.9
2018 03 14  0551   58191   21060    9  -999.9  -999.9  -999.9  -999.9  -999.9  -999.9
2018 03 14  0552   58191   21120    9  -999.9  -999.9  -999.9  -999.9  -999.9  -999.9
2018 03 14  0553   58191   21180    9  -999.9  -999.9  -999.9  -999.9  -999.9  -999.9
2018 03 14  0554   58191   21240    9  -999.9  -999.9  -999.9  -999.9  -999.9  -999.9
2018 03 14  0555   58191   21300    9  -999.9  -999.9  -999.9  -999.9  -999.9  -999.9
2018 03 14  0556   58191   21360    9  -999.9  -999.9  -999.9  -999.9  -999.9  -999.9
2018 03 14  0557   58191   21420    9  -999.9  -999.9  -999.9  -999.9  -999.9  -999.9
2018 03 14  0558   58191   21480    9  -999.9  -999.9  -999.9  -999.9  -999.9  -999.9
2018 03 14  0559   58191   21540    9  -999.9  -999.9  -999.9  -999.9  -999.9  -999.9
2018 03 14  0600   58191   21600    9  -999.9  -999.9  -999.9  -999.9  -999.9  -999.9
2018 03 14  0601   58191   21660    9  -999.9  -999.9  -999.9  -999.9  -999.9  -999.9
2018 03 14  0602   58191   21720    9  -999.9  -999.9  -999.9  -999.9  -999.9  -999.9
2018 03 14  0603   58191   21780    9  -999.9  -999.9  -999.9  -999.9  -999.9  -999.9
2018 03 14  0604   58191   21840    9  -999.9  -999.9  -999.9  -999.9  -999.9  -999.9
2018 03 14  0605   58191   21900    9  -999.9  -999.9  -999.9  -999.9  -999.9  -999.9
2018 03 14  0606   58191   21960    9  -999.9  -999.9  -999.9  -999.9  -999.9  -999.9
2018 03 14  0607   58191   22020    9  -999.9  -999.9  -999.9  -999.9  -999.9  -999.9
2018 03 14  0608   58191   22080    9  -999.9  -999.9  -999.9  -999.9  -999.9  -999.9
2018 03 14  0609   58191   22140    9  -999.9  -999.9  -999.9  -999.9  -999.9  -999.9
2018 03 14  0610   58191   22200    9  -999.9  -999.9  -999.9  -999.9  -999.9  -999.9
2018 03 14  0611   58191   22260    9  -999.9  -999.9  -999.9  -999.9  -999.9  -999.9
2018 03 14  0612   58191   22320    9  -999.9  -999.9  -999.9  -999.9  -999.9  -999.9
2018 03 14  0613   58191   22380    9  -999.9  -999.9  -999.9  -999.9  -999.9  -999.9
2018 03 14  0614   58191   22440    9  -999.9  -999.9  -999.9  -999.9  -999.9  -999.9
2018 03 14  0615   58191   22500    9  -999.9  -999.9  -999.9  -999.9  -999.9  -999.9
2018 03 14  0616   58191   22560    9  -999.9  -999.9  -999.9  -999.9  -999.9  -999.9
2018 03 14  0617   58191   22620    9  -999.9  -999.9  -999.9  -999.9  -999.9  -999.9
2018 03 14  0618   58191   22680    9  -999.9  -999.9  -999.9  -999.9  -999.9  -999.9
2018 03 14  0619   58191   22740    9  -999.9  -999.9  -999.9  -999.9  -999.9  -999.9
2018 03 14  0620   58191   22800    9  -999.9  -999.9  -999.9  -999.9  -999.9  -999.9
2018 03 14  0621   58191   22860    9  -999.9  -999.9  -999.9  -999.9  -999.9  -999.9
2018 03 14  0622   58191   22920    9  -999.9  -999.9  -999.9  -999.9  -999.9  -999.9
2018 03 14  0623   58191   22980    9  -999.9  -999.9  -999.9  -999.9  -999.9  -999.9
2018 03 14  0624   58191   23040    9  -999.9  -999.9  -999.9  -999.9  -999.9  -999.9
2018 03 14  0625   58191   23100    9  -999.9  -999.9  -999.9  -999.9  -999.9  -999.9
2018 03 14  0626   58191   23160    9  -999.9  -999.9  -999.9  -999.9  -999.9  -999.9
2018 03 14  0627   58191   23220    9  -999.9  -999.9  -999.9  -999.9  -999.9  -999.9
2018 03 14  0628   58191   23280    9  -999.9  -999.9  -999.9  -999.9  -999.9  -999.9
2018 03 14  0629   58191   23340    9  -999.9  -999.9  -999.9  -999.9  -999.9  -999.9
2018 03 14  0630   58191   23400    9  -999.9  -999.9  -999.9  -999.9  -999.9  -999.9
2018 03 14  0631   58191   23460    9  -999.9  -999.9  -999.9  -999.9  -999.9  -999.9
2018 03 14  0632   58191   23520    9  -999.9  -999.9  -999.9  -999.9  -999.9  -999.9
2018 03 14  0633   58191   23580    9  -999.9  -999.9  -999.9  -999.9  -999.9  -999.9
2018 03 14  0634   58191   23640    9  -999.9  -999.9  -999.9  -999.9  -999.9  -999.9
2018 03 14  0635   58191   23700    9  -999.9  -999.9  -999.9  -999.9  -999.9  -999.9
2018 03 14  0636   58191   23760    9  -999.9  -999.9  -999.9  -999.9  -999.9  -999.9
2018 03 14  0637   58191   23820    9  -999.9  -999.9  -999.9  -999.9  -999.9  -999.9
2018 03 14  0638   58191   23880    9  -999.9  -999.9  -999.9  -999.9  -999.9  -999.9
2018 03 14  0639   58191   23940    9  -999.9  -999.9  -999.9  -999.9  -999.9  -999.9
2018 03 14  0640   58191   24000    9  -999.9  -999.9  -999.9  -999.9  -999.9  -999.9
2018 03 14  0641   58191   24060    9  -999.9  -999.9  -999.9  -999.9  -999.9  -999.9
2018 03 14  0642   58191   24120    9  -999.9  -999.9  -999.9  -999.9  -999.9  -999.9
2018 03 14  0643   58191   24180    9  -999.9  -999.9  -999.9  -999.9  -999.9  -999.9
2018 03 14  0644   58191   24240    9  -999.9  -999.9  -999.9  -999.9  -999.9  -999.9
2018 03 14  0645   58191   24300    9  -999.9  -999.9  -999.9  -999.9  -999.9  -999.9
2018 03 14  0646   58191   24360    9  -999.9  -999.9  -999.9  -999.9  -999.9  -999.9
2018 03 14  0647   58191   24420    9  -999.9  -999.9  -999.9  -999.9  -999.9  -999.9
2018 03 14  0648   58191   24480    9  -999.9  -999.9  -999.9  -999.9  -999.9  -999.9
2018 03 14  0649   58191   24540    9  -999.9  -999.9  -999.9  -999.9  -999.9  -999.9
2018 03 14  0650   58191   24600    9  -999.9  -999.9  -999.9  -999.9  -999.9  -999.9
2018 03 14  0651   58191   24660    9  -999.9  -999.9  -999.9  -999.9  -999.9  -999.9
2018 03 14  0652   58191   24720    9  -999.9  -999.9  -999.9  -999.9  -999.9  -999.9
2018 03 14  0653   58191   24780    9  -999.9  -999.9  -999.9  -999.9  -999.9  -999.9
2018 03 14  0654   58191   24840    9  -999.9  -999.9  -999.9  -999.9  -999.9  -999.9
2018 03 14  0655   58191   24900    9  -999.9  -999.9  -999.9  -999.9  -999.9  -999.9
2018 03 14  0656   58191   24960    9  -999.9  -999.9  -999.9  -999.9  -999.9  -999.9
2018 03 14  0657   58191   25020    9  -999.9  -999.9  -999.9  -999.9  -999.9  -999.9
2018 03 14  0658   58191   25080    9  -999.9  -999.9  -999.9  -999.9  -999.9  -999.9
2018 03 14  0659   58191   25140    9  -999.9  -999.9  -999.9  -999.9  -999.9  -999.9
2018 03 14  0700   58191   25200    9  -999.9  -999.9  -999.9  -999.9  -999.9  -999.9
2018 03 14  0701   58191   25260    9  -999.9  -999.9  -999.9  -999.9  -999.9  -999.9
2018 03 14  0702   58191   25320    9  -999.9  -999.9  -999.9  -999.9  -999.9  -999.9
2018 03 14  0703   58191   25380    9  -999.9  -999.9  -999.9  -999.9  -999.9  -999.9
2018 03 14  0704   58191   25440    9  -999.9  -999.9  -999.9  -999.9  -999.9  -999.9
2018 03 14  0705   58191   25500    9  -999.9  -999.9  -999.9  -999.9  -999.9  -999.9
2018 03 14  0706   58191   25560    9  -999.9  -999.9  -999.9  -999.9  -999.9  -999.9
2018 03 14  0707   58191   25620    9  -999.9  -999.9  -999.9  -999.9  -999.9  -999.9
2018 03 14  0708   58191   25680    9  -999.9  -999.9  -999.9  -999.9  -999.9  -999.9
2018 03 14  0709   58191   25740    9  -999.9  -999.9  -999.9  -999.9  -999.9  -999.9
2018 03 14  0710   58191   25800    9  -999.9  -999.9  -999.9  -999.9  -999.9  -999.9
2018 03 14  0711   58191   25860    9  -999.9  -999.9  -999.9  -999.9  -999.9  -999.9
2018 03 14  0712   58191   25920    9  -999.9  -999.9  -999.9  -999.9  -999.9  -999.9
2018 03 14  0713   58191   25980    9  -999.9  -999.9  -999.9  -999.9  -999.9  -999.9
2018 03 14  0714   58191   26040    9  -999.9  -999.9  -999.9  -999.9  -999.9  -999.9
2018 03 14  0715   58191   26100    9  -999.9  -999.9  -999.9  -999.9  -999.9  -999.9
2018 03 14  0716   58191   26160    9  -999.9  -999.9  -999.9  -999.9  -999.9  -999.9
2018 03 14  0717   58191   26220    9  -999.9  -999.9  -999.9  -999.9  -999.9  -999.9
2018 03 14  0718   58191   26280    9  -999.9  -999.9  -999.9  -999.9  -999.9  -999.9
2018 03 14  0719   58191   26340    9  -999.9  -999.9  -999.9  -999.9  -999.9  -999.9
2018 03 14  0720   58191   26400    9  -999.9  -999.9  -999.9  -999.9  -999.9  -999.9
2018 03 14  0721   58191   26460    9  -999.9  -999.9  -999.9  -999.9  -999.9  -999.9
2018 03 14  0722   58191   26520    9  -999.9  -999.9  -999.9  -999.9  -999.9  -999.9
2018 03 14  0723   58191   26580    9  -999.9  -999.9  -999.9  -999.9  -999.9  -999.9
2018 03 14  0724   58191   26640    9  -999.9  -999.9  -999.9  -999.9  -999.9  -999.9
2018 03 14  0725   58191   26700    9  -999.9  -999.9  -999.9  -999.9  -999.9  -999.9
2018 03 14  0726   58191   26760    9  -999.9  -999.9  -999.9  -999.9  -999.9  -999.9
2018 03 14  0727   58191   26820    9  -999.9  -999.9  -999.9  -999.9  -999.9  -999.9
2018 03 14  0728   58191   26880    9  -999.9  -999.9  -999.9  -999.9  -999.9  -999.9
2018 03 14  0729   58191   26940    9  -999.9  -999.9  -999.9  -999.9  -999.9  -999.9
2018 03 14  0730   58191   27000    9  -999.9  -999.9  -999.9  -999.9  -999.9  -999.9
2018 03 14  0731   58191   27060    9  -999.9  -999.9  -999.9  -999.9  -999.9  -999.9
2018 03 14  0732   58191   27120    9  -999.9  -999.9  -999.9  -999.9  -999.9  -999.9
2018 03 14  0733   58191   27180    9  -999.9  -999.9  -999.9  -999.9  -999.9  -999.9
2018 03 14  0734   58191   27240    9  -999.9  -999.9  -999.9  -999.9  -999.9  -999.9
2018 03 14  0735   58191   27300    9  -999.9  -999.9  -999.9  -999.9  -999.9  -999.9
2018 03 14  0736   58191   27360    9  -999.9  -999.9  -999.9  -999.9  -999.9  -999.9
2018 03 14  0737   58191   27420    9  -999.9  -999.9  -999.9  -999.9  -999.9  -999.9
2018 03 14  0738   58191   27480    9  -999.9  -999.9  -999.9  -999.9  -999.9  -999.9
2018 03 14  0739   58191   27540    9  -999.9  -999.9  -999.9  -999.9  -999.9  -999.9
2018 03 14  0740   58191   27600    9  -999.9  -999.9  -999.9  -999.9  -999.9  -999.9
2018 03 14  0741   58191   27660    9  -999.9  -999.9  -999.9  -999.9  -999.9  -999.9
2018 03 14  0742   58191   27720    9  -999.9  -999.9  -999.9  -999.9  -999.9  -999.9
2018 03 14  0743   58191   27780    9  -999.9  -999.9  -999.9  -999.9  -999.9  -999.9
2018 03 14  0744   58191   27840    9  -999.9  -999.9  -999.9  -999.9  -999.9  -999.9
2018 03 14  0745   58191   27900    9  -999.9  -999.9  -999.9  -999.9  -999.9  -999.9
2018 03 14  0746   58191   27960    9  -999.9  -999.9  -999.9  -999.9  -999.9  -999.9
2018 03 14  0747   58191   28020    9  -999.9  -999.9  -999.9  -999.9  -999.9  -999.9
2018 03 14  0748   58191   28080    9  -999.9  -999.9  -999.9  -999.9  -999.9  -999.9
2018 03 14  0749   58191   28140    9  -999.9  -999.9  -999.9  -999.9  -999.9  -999.9
2018 03 14  0750   58191   28200    9  -999.9  -999.9  -999.9  -999.9  -999.9  -999.9
2018 03 14  0751   58191   28260    9  -999.9  -999.9  -999.9  -999.9  -999.9  -999.9
2018 03 14  0752   58191   28320    9  -999.9  -999.9  -999.9  -999.9  -999.9  -999.9
2018 03 14  0753   58191   28380    9  -999.9  -999.9  -999.9  -999.9  -999.9  -999.9
2018 03 14  0754   58191   28440    9  -999.9  -999.9  -999.9  -999.9  -999.9  -999.9
2018 03 14  0755   58191   28500    9  -999.9  -999.9  -999.9  -999.9  -999.9  -999.9
2018 03 14  0756   58191   28560    9  -999.9  -999.9  -999.9  -999.9  -999.9  -999.9
2018 03 14  0757   58191   28620    9  -999.9  -999.9  -999.9  -999.9  -999.9  -999.9
2018 03 14  0758   58191   28680    0     3.7    -1.0    -0.6     3.9    -9.3   344.2
2018 03 14  0759   58191   28740    0     3.5    -0.8    -0.7     3.7   -11.1   346.8
2018 03 14  0800   58191   28800    0     3.5    -0.9    -0.9     3.7   -13.3   345.4
2018 03 14  0801   58191   28860    0     3.3    -0.9    -0.9     3.5   -15.4   345.0
2018 03 14  0802   58191   28920    0     3.4    -0.9    -0.8     3.6   -13.6   345.3
2018 03 14  0803   58191   28980    0     3.3    -0.8    -1.0     3.5   -16.4   346.7
2018 03 14  0804   58191   29040    0     3.4    -0.9    -1.1     3.7   -16.8   345.0
2018 03 14  0805   58191   29100    0     3.4    -0.9    -1.2     3.7   -19.5   345.2
2018 03 14  0806   58191   29160    0     3.3    -1.0    -1.2     3.7   -19.1   342.7
2018 03 14  0807   58191   29220    0     3.1    -1.1    -1.4     3.6   -23.2   341.4
2018 03 14  0808   58191   29280    0     3.0    -1.1    -1.6     3.6   -26.3   339.6
2018 03 14  0809   58191   29340    0     2.9    -1.1    -1.9     3.6   -31.6   339.4
2018 03 14  0810   58191   29400    0     2.5    -1.0    -2.2     3.5   -38.7   337.6
2018 03 14  0811   58191   29460    0     2.6    -1.3    -1.8     3.4   -32.4   333.7
2018 03 14  0812   58191   29520    0     2.5    -1.4    -1.8     3.4   -32.5   330.4
2018 03 14  0813   58191   29580    0     2.7    -1.2    -1.6     3.4   -29.1   335.6
2018 03 14  0814   58191   29640    0     2.6    -1.3    -1.8     3.4   -32.2   332.5
2018 03 14  0815   58191   29700    0     2.4    -1.4    -2.0     3.4   -35.8   329.2
2018 03 14  0816   58191   29760    0     2.4    -1.2    -1.7     3.2   -32.8   333.8
2018 03 14  0817   58191   29820    0     2.6    -1.1    -1.5     3.2   -27.1   336.8
2018 03 14  0818   58191   29880    0     3.0    -1.6    -1.5     3.8   -23.4   331.6
2018 03 14  0819   58191   29940    0     3.0    -1.6    -2.3     4.1   -34.3   331.4
2018 03 14  0820   58191   30000    0     3.2    -1.7    -2.3     4.3   -32.0   331.1
2018 03 14  0821   58191   30060    0     3.3    -1.9    -2.2     4.4   -30.4   330.1
2018 03 14  0822   58191   30120    0     3.5    -2.1    -2.0     4.5   -26.8   329.2
2018 03 14  0823   58191   30180    0     3.7    -1.7    -2.1     4.6   -27.1   335.3
2018 03 14  0824   58191   30240    0     3.5    -2.1    -1.8     4.5   -24.1   328.8
2018 03 14  0825   58191   30300    0     3.3    -1.8    -2.6     4.6   -35.1   331.9
2018 03 14  0826   58191   30360    0     3.4    -1.5    -2.2     4.3   -30.5   337.0
2018 03 14  0827   58191   30420    0     3.4    -1.6    -2.1     4.3   -29.3   335.3
2018 03 14  0828   58191   30480    0     3.5    -2.2    -2.2     4.7   -27.7   327.9
2018 03 14  0829   58191   30540    0     3.6    -2.3    -1.9     4.7   -24.2   327.1
2018 03 14  0830   58191   30600    0     3.4    -2.1    -1.6     4.3   -21.3   328.3
2018 03 14  0831   58191   30660    0     2.2    -1.6    -1.7     3.3   -32.2   323.6
2018 03 14  0832   58191   30720    0     2.1    -1.6    -1.9     3.2   -35.2   323.2
2018 03 14  0833   58191   30780    0     2.4    -2.0    -1.3     3.4   -23.0   320.0
2018 03 14  0834   58191   30840    0     2.5    -1.9    -1.0     3.3   -17.1   322.3
2018 03 14  0835   58191   30900    0     2.7    -1.7    -0.9     3.3   -15.3   328.0
2018 03 14  0836   58191   30960    0     2.5    -1.7    -0.7     3.1   -12.5   326.4
2018 03 14  0837   58191   31020    0     2.4    -1.3    -0.5     2.8    -9.9   332.8
2018 03 14  0838   58191   31080    0     2.4    -1.3    -0.4     2.8    -7.5   331.8
2018 03 14  0839   58191   31140    0     2.3    -1.4    -0.1     2.7    -2.8   328.3
2018 03 14  0840   58191   31200    0     2.3    -1.6    -0.2     2.8    -4.1   326.1
2018 03 14  0841   58191   31260    0     2.4    -1.7    -0.0     2.9    -0.3   324.9
2018 03 14  0842   58191   31320    0     1.7    -2.0     1.2     2.9    25.2   309.5
2018 03 14  0843   58191   31380    0     1.3    -2.2     1.8     3.1    34.4   301.0
2018 03 14  0844   58191   31440    0     1.4    -1.7     1.7     2.8    37.2   310.2
2018 03 14  0845   58191   31500    0    -1.5    -0.4     2.5     2.9    58.2   196.6
2018 03 14  0846   58191   31560    0    -1.4    -0.7     2.2     2.8    54.1   207.1
2018 03 14  0847   58191   31620    0    -1.6    -0.6     2.0     2.6    49.5   202.1
2018 03 14  0848   58191   31680    0     0.0    -0.9     1.8     2.0    64.7   271.5
2018 03 14  0849   58191   31740    0     1.1    -1.4     1.4     2.3    38.5   309.3
2018 03 14  0850   58191   31800    0     2.6    -2.5     0.2     3.6     3.8   316.0
2018 03 14  0851   58191   31860    0     2.6    -2.5     0.1     3.6     2.1   316.3
2018 03 14  0852   58191   31920    0     2.5    -2.5     0.2     3.6     3.7   315.1
2018 03 14  0853   58191   31980    0     2.4    -2.6     0.4     3.6     6.1   311.8
2018 03 14  0854   58191   32040    0     2.3    -2.6     0.3     3.5     4.6   311.5
2018 03 14  0855   58191   32100    0     2.4    -2.6     0.2     3.6     3.5   312.3
2018 03 14  0856   58191   32160    0     2.3    -2.7     0.3     3.6     4.2   310.8
2018 03 14  0857   58191   32220    0     2.3    -2.8     0.3     3.6     4.4   310.1
2018 03 14  0858   58191   32280    0     2.4    -2.7     0.2     3.6     3.9   311.0
2018 03 14  0859   58191   32340    0     2.2    -2.8    -0.5     3.6    -7.7   308.4
