:Data_list: 20181005_ace_mag_1m.txt
:Created: 2018 Oct 05 0901 UT
# Prepared by the U.S. Dept. of Commerce, NOAA, Space Weather Prediction Center
# Please send comments and suggestions to SWPC.Webmaster@noaa.gov 
# 
# Magnetometer values are in GSM coordinates.
# 
# Units: Bx, By, Bz, Bt in nT
# Units: Latitude  degrees +/-  90.0
# Units: Longitude degrees 0.0 - 360.0
# Status(S): 0 = nominal data, 1 to 8 = bad data record, 9 = no data
# Missing data values: -999.9
# Source: ACE Satellite - Magnetometer
#
#              1-minute averaged Real-time Interplanetary Magnetic Field Values 
# 
#                 Modified Seconds
# UT Date   Time  Julian   of the   ----------------  GSM Coordinates ---------------
# YR MO DA  HHMM    Day      Day    S     Bx      By      Bz      Bt     Lat.   Long.
#------------------------------------------------------------------------------------
2018 10 05  0000   58396       0    9  -999.9  -999.9  -999.9  -999.9  -999.9  -999.9
2018 10 05  0001   58396      60    9  -999.9  -999.9  -999.9  -999.9  -999.9  -999.9
2018 10 05  0002   58396     120    9  -999.9  -999.9  -999.9  -999.9  -999.9  -999.9
2018 10 05  0003   58396     180    9  -999.9  -999.9  -999.9  -999.9  -999.9  -999.9
2018 10 05  0004   58396     240    9  -999.9  -999.9  -999.9  -999.9  -999.9  -999.9
2018 10 05  0005   58396     300    9  -999.9  -999.9  -999.9  -999.9  -999.9  -999.9
2018 10 05  0006   58396     360    9  -999.9  -999.9  -999.9  -999.9  -999.9  -999.9
2018 10 05  0007   58396     420    9  -999.9  -999.9  -999.9  -999.9  -999.9  -999.9
2018 10 05  0008   58396     480    9  -999.9  -999.9  -999.9  -999.9  -999.9  -999.9
2018 10 05  0009   58396     540    9  -999.9  -999.9  -999.9  -999.9  -999.9  -999.9
2018 10 05  0010   58396     600    9  -999.9  -999.9  -999.9  -999.9  -999.9  -999.9
2018 10 05  0011   58396     660    9  -999.9  -999.9  -999.9  -999.9  -999.9  -999.9
2018 10 05  0012   58396     720    9  -999.9  -999.9  -999.9  -999.9  -999.9  -999.9
2018 10 05  0013   58396     780    9  -999.9  -999.9  -999.9  -999.9  -999.9  -999.9
2018 10 05  0014   58396     840    9  -999.9  -999.9  -999.9  -999.9  -999.9  -999.9
2018 10 05  0015   58396     900    9  -999.9  -999.9  -999.9  -999.9  -999.9  -999.9
2018 10 05  0016   58396     960    9  -999.9  -999.9  -999.9  -999.9  -999.9  -999.9
2018 10 05  0017   58396    1020    9  -999.9  -999.9  -999.9  -999.9  -999.9  -999.9
2018 10 05  0018   58396    1080    9  -999.9  -999.9  -999.9  -999.9  -999.9  -999.9
2018 10 05  0019   58396    1140    9  -999.9  -999.9  -999.9  -999.9  -999.9  -999.9
2018 10 05  0020   58396    1200    9  -999.9  -999.9  -999.9  -999.9  -999.9  -999.9
2018 10 05  0021   58396    1260    9  -999.9  -999.9  -999.9  -999.9  -999.9  -999.9
2018 10 05  0022   58396    1320    9  -999.9  -999.9  -999.9  -999.9  -999.9  -999.9
2018 10 05  0023   58396    1380    9  -999.9  -999.9  -999.9  -999.9  -999.9  -999.9
2018 10 05  0024   58396    1440    9  -999.9  -999.9  -999.9  -999.9  -999.9  -999.9
2018 10 05  0025   58396    1500    9  -999.9  -999.9  -999.9  -999.9  -999.9  -999.9
2018 10 05  0026   58396    1560    9  -999.9  -999.9  -999.9  -999.9  -999.9  -999.9
2018 10 05  0027   58396    1620    9  -999.9  -999.9  -999.9  -999.9  -999.9  -999.9
2018 10 05  0028   58396    1680    9  -999.9  -999.9  -999.9  -999.9  -999.9  -999.9
2018 10 05  0029   58396    1740    9  -999.9  -999.9  -999.9  -999.9  -999.9  -999.9
2018 10 05  0030   58396    1800    9  -999.9  -999.9  -999.9  -999.9  -999.9  -999.9
2018 10 05  0031   58396    1860    9  -999.9  -999.9  -999.9  -999.9  -999.9  -999.9
2018 10 05  0032   58396    1920    9  -999.9  -999.9  -999.9  -999.9  -999.9  -999.9
2018 10 05  0033   58396    1980    9  -999.9  -999.9  -999.9  -999.9  -999.9  -999.9
2018 10 05  0034   58396    2040    9  -999.9  -999.9  -999.9  -999.9  -999.9  -999.9
2018 10 05  0035   58396    2100    9  -999.9  -999.9  -999.9  -999.9  -999.9  -999.9
2018 10 05  0036   58396    2160    9  -999.9  -999.9  -999.9  -999.9  -999.9  -999.9
2018 10 05  0037   58396    2220    9  -999.9  -999.9  -999.9  -999.9  -999.9  -999.9
2018 10 05  0038   58396    2280    9  -999.9  -999.9  -999.9  -999.9  -999.9  -999.9
2018 10 05  0039   58396    2340    9  -999.9  -999.9  -999.9  -999.9  -999.9  -999.9
2018 10 05  0040   58396    2400    9  -999.9  -999.9  -999.9  -999.9  -999.9  -999.9
2018 10 05  0041   58396    2460    9  -999.9  -999.9  -999.9  -999.9  -999.9  -999.9
2018 10 05  0042   58396    2520    9  -999.9  -999.9  -999.9  -999.9  -999.9  -999.9
2018 10 05  0043   58396    2580    9  -999.9  -999.9  -999.9  -999.9  -999.9  -999.9
2018 10 05  0044   58396    2640    9  -999.9  -999.9  -999.9  -999.9  -999.9  -999.9
2018 10 05  0045   58396    2700    9  -999.9  -999.9  -999.9  -999.9  -999.9  -999.9
2018 10 05  0046   58396    2760    9  -999.9  -999.9  -999.9  -999.9  -999.9  -999.9
2018 10 05  0047   58396    2820    9  -999.9  -999.9  -999.9  -999.9  -999.9  -999.9
2018 10 05  0048   58396    2880    9  -999.9  -999.9  -999.9  -999.9  -999.9  -999.9
2018 10 05  0049   58396    2940    9  -999.9  -999.9  -999.9  -999.9  -999.9  -999.9
2018 10 05  0050   58396    3000    9  -999.9  -999.9  -999.9  -999.9  -999.9  -999.9
2018 10 05  0051   58396    3060    9  -999.9  -999.9  -999.9  -999.9  -999.9  -999.9
2018 10 05  0052   58396    3120    9  -999.9  -999.9  -999.9  -999.9  -999.9  -999.9
2018 10 05  0053   58396    3180    9  -999.9  -999.9  -999.9  -999.9  -999.9  -999.9
2018 10 05  0054   58396    3240    9  -999.9  -999.9  -999.9  -999.9  -999.9  -999.9
2018 10 05  0055   58396    3300    9  -999.9  -999.9  -999.9  -999.9  -999.9  -999.9
2018 10 05  0056   58396    3360    9  -999.9  -999.9  -999.9  -999.9  -999.9  -999.9
2018 10 05  0057   58396    3420    9  -999.9  -999.9  -999.9  -999.9  -999.9  -999.9
2018 10 05  0058   58396    3480    9  -999.9  -999.9  -999.9  -999.9  -999.9  -999.9
2018 10 05  0059   58396    3540    9  -999.9  -999.9  -999.9  -999.9  -999.9  -999.9
2018 10 05  0100   58396    3600    9  -999.9  -999.9  -999.9  -999.9  -999.9  -999.9
2018 10 05  0101   58396    3660    9  -999.9  -999.9  -999.9  -999.9  -999.9  -999.9
2018 10 05  0102   58396    3720    9  -999.9  -999.9  -999.9  -999.9  -999.9  -999.9
2018 10 05  0103   58396    3780    9  -999.9  -999.9  -999.9  -999.9  -999.9  -999.9
2018 10 05  0104   58396    3840    9  -999.9  -999.9  -999.9  -999.9  -999.9  -999.9
2018 10 05  0105   58396    3900    9  -999.9  -999.9  -999.9  -999.9  -999.9  -999.9
2018 10 05  0106   58396    3960    9  -999.9  -999.9  -999.9  -999.9  -999.9  -999.9
2018 10 05  0107   58396    4020    9  -999.9  -999.9  -999.9  -999.9  -999.9  -999.9
2018 10 05  0108   58396    4080    9  -999.9  -999.9  -999.9  -999.9  -999.9  -999.9
2018 10 05  0109   58396    4140    9  -999.9  -999.9  -999.9  -999.9  -999.9  -999.9
2018 10 05  0110   58396    4200    9  -999.9  -999.9  -999.9  -999.9  -999.9  -999.9
2018 10 05  0111   58396    4260    9  -999.9  -999.9  -999.9  -999.9  -999.9  -999.9
2018 10 05  0112   58396    4320    9  -999.9  -999.9  -999.9  -999.9  -999.9  -999.9
2018 10 05  0113   58396    4380    9  -999.9  -999.9  -999.9  -999.9  -999.9  -999.9
2018 10 05  0114   58396    4440    9  -999.9  -999.9  -999.9  -999.9  -999.9  -999.9
2018 10 05  0115   58396    4500    9  -999.9  -999.9  -999.9  -999.9  -999.9  -999.9
2018 10 05  0116   58396    4560    9  -999.9  -999.9  -999.9  -999.9  -999.9  -999.9
2018 10 05  0117   58396    4620    9  -999.9  -999.9  -999.9  -999.9  -999.9  -999.9
2018 10 05  0118   58396    4680    9  -999.9  -999.9  -999.9  -999.9  -999.9  -999.9
2018 10 05  0119   58396    4740    9  -999.9  -999.9  -999.9  -999.9  -999.9  -999.9
2018 10 05  0120   58396    4800    9  -999.9  -999.9  -999.9  -999.9  -999.9  -999.9
2018 10 05  0121   58396    4860    9  -999.9  -999.9  -999.9  -999.9  -999.9  -999.9
2018 10 05  0122   58396    4920    9  -999.9  -999.9  -999.9  -999.9  -999.9  -999.9
2018 10 05  0123   58396    4980    9  -999.9  -999.9  -999.9  -999.9  -999.9  -999.9
2018 10 05  0124   58396    5040    9  -999.9  -999.9  -999.9  -999.9  -999.9  -999.9
2018 10 05  0125   58396    5100    9  -999.9  -999.9  -999.9  -999.9  -999.9  -999.9
2018 10 05  0126   58396    5160    9  -999.9  -999.9  -999.9  -999.9  -999.9  -999.9
2018 10 05  0127   58396    5220    9  -999.9  -999.9  -999.9  -999.9  -999.9  -999.9
2018 10 05  0128   58396    5280    9  -999.9  -999.9  -999.9  -999.9  -999.9  -999.9
2018 10 05  0129   58396    5340    9  -999.9  -999.9  -999.9  -999.9  -999.9  -999.9
2018 10 05  0130   58396    5400    9  -999.9  -999.9  -999.9  -999.9  -999.9  -999.9
2018 10 05  0131   58396    5460    9  -999.9  -999.9  -999.9  -999.9  -999.9  -999.9
2018 10 05  0132   58396    5520    9  -999.9  -999.9  -999.9  -999.9  -999.9  -999.9
2018 10 05  0133   58396    5580    9  -999.9  -999.9  -999.9  -999.9  -999.9  -999.9
2018 10 05  0134   58396    5640    9  -999.9  -999.9  -999.9  -999.9  -999.9  -999.9
2018 10 05  0135   58396    5700    9  -999.9  -999.9  -999.9  -999.9  -999.9  -999.9
2018 10 05  0136   58396    5760    9  -999.9  -999.9  -999.9  -999.9  -999.9  -999.9
2018 10 05  0137   58396    5820    9  -999.9  -999.9  -999.9  -999.9  -999.9  -999.9
2018 10 05  0138   58396    5880    9  -999.9  -999.9  -999.9  -999.9  -999.9  -999.9
2018 10 05  0139   58396    5940    9  -999.9  -999.9  -999.9  -999.9  -999.9  -999.9
2018 10 05  0140   58396    6000    9  -999.9  -999.9  -999.9  -999.9  -999.9  -999.9
2018 10 05  0141   58396    6060    9  -999.9  -999.9  -999.9  -999.9  -999.9  -999.9
2018 10 05  0142   58396    6120    9  -999.9  -999.9  -999.9  -999.9  -999.9  -999.9
2018 10 05  0143   58396    6180    9  -999.9  -999.9  -999.9  -999.9  -999.9  -999.9
2018 10 05  0144   58396    6240    9  -999.9  -999.9  -999.9  -999.9  -999.9  -999.9
2018 10 05  0145   58396    6300    9  -999.9  -999.9  -999.9  -999.9  -999.9  -999.9
2018 10 05  0146   58396    6360    9  -999.9  -999.9  -999.9  -999.9  -999.9  -999.9
2018 10 05  0147   58396    6420    9  -999.9  -999.9  -999.9  -999.9  -999.9  -999.9
2018 10 05  0148   58396    6480    9  -999.9  -999.9  -999.9  -999.9  -999.9  -999.9
2018 10 05  0149   58396    6540    9  -999.9  -999.9  -999.9  -999.9  -999.9  -999.9
2018 10 05  0150   58396    6600    9  -999.9  -999.9  -999.9  -999.9  -999.9  -999.9
2018 10 05  0151   58396    6660    9  -999.9  -999.9  -999.9  -999.9  -999.9  -999.9
2018 10 05  0152   58396    6720    9  -999.9  -999.9  -999.9  -999.9  -999.9  -999.9
2018 10 05  0153   58396    6780    9  -999.9  -999.9  -999.9  -999.9  -999.9  -999.9
2018 10 05  0154   58396    6840    9  -999.9  -999.9  -999.9  -999.9  -999.9  -999.9
2018 10 05  0155   58396    6900    9  -999.9  -999.9  -999.9  -999.9  -999.9  -999.9
2018 10 05  0156   58396    6960    9  -999.9  -999.9  -999.9  -999.9  -999.9  -999.9
2018 10 05  0157   58396    7020    9  -999.9  -999.9  -999.9  -999.9  -999.9  -999.9
2018 10 05  0158   58396    7080    9  -999.9  -999.9  -999.9  -999.9  -999.9  -999.9
2018 10 05  0159   58396    7140    9  -999.9  -999.9  -999.9  -999.9  -999.9  -999.9
2018 10 05  0200   58396    7200    9  -999.9  -999.9  -999.9  -999.9  -999.9  -999.9
2018 10 05  0201   58396    7260    9  -999.9  -999.9  -999.9  -999.9  -999.9  -999.9
2018 10 05  0202   58396    7320    9  -999.9  -999.9  -999.9  -999.9  -999.9  -999.9
2018 10 05  0203   58396    7380    9  -999.9  -999.9  -999.9  -999.9  -999.9  -999.9
2018 10 05  0204   58396    7440    9  -999.9  -999.9  -999.9  -999.9  -999.9  -999.9
2018 10 05  0205   58396    7500    9  -999.9  -999.9  -999.9  -999.9  -999.9  -999.9
2018 10 05  0206   58396    7560    9  -999.9  -999.9  -999.9  -999.9  -999.9  -999.9
2018 10 05  0207   58396    7620    9  -999.9  -999.9  -999.9  -999.9  -999.9  -999.9
2018 10 05  0208   58396    7680    9  -999.9  -999.9  -999.9  -999.9  -999.9  -999.9
2018 10 05  0209   58396    7740    9  -999.9  -999.9  -999.9  -999.9  -999.9  -999.9
2018 10 05  0210   58396    7800    9  -999.9  -999.9  -999.9  -999.9  -999.9  -999.9
2018 10 05  0211   58396    7860    9  -999.9  -999.9  -999.9  -999.9  -999.9  -999.9
2018 10 05  0212   58396    7920    9  -999.9  -999.9  -999.9  -999.9  -999.9  -999.9
2018 10 05  0213   58396    7980    9  -999.9  -999.9  -999.9  -999.9  -999.9  -999.9
2018 10 05  0214   58396    8040    9  -999.9  -999.9  -999.9  -999.9  -999.9  -999.9
2018 10 05  0215   58396    8100    9  -999.9  -999.9  -999.9  -999.9  -999.9  -999.9
2018 10 05  0216   58396    8160    9  -999.9  -999.9  -999.9  -999.9  -999.9  -999.9
2018 10 05  0217   58396    8220    9  -999.9  -999.9  -999.9  -999.9  -999.9  -999.9
2018 10 05  0218   58396    8280    9  -999.9  -999.9  -999.9  -999.9  -999.9  -999.9
2018 10 05  0219   58396    8340    9  -999.9  -999.9  -999.9  -999.9  -999.9  -999.9
2018 10 05  0220   58396    8400    9  -999.9  -999.9  -999.9  -999.9  -999.9  -999.9
2018 10 05  0221   58396    8460    9  -999.9  -999.9  -999.9  -999.9  -999.9  -999.9
2018 10 05  0222   58396    8520    9  -999.9  -999.9  -999.9  -999.9  -999.9  -999.9
2018 10 05  0223   58396    8580    9  -999.9  -999.9  -999.9  -999.9  -999.9  -999.9
2018 10 05  0224   58396    8640    9  -999.9  -999.9  -999.9  -999.9  -999.9  -999.9
2018 10 05  0225   58396    8700    9  -999.9  -999.9  -999.9  -999.9  -999.9  -999.9
2018 10 05  0226   58396    8760    9  -999.9  -999.9  -999.9  -999.9  -999.9  -999.9
2018 10 05  0227   58396    8820    9  -999.9  -999.9  -999.9  -999.9  -999.9  -999.9
2018 10 05  0228   58396    8880    9  -999.9  -999.9  -999.9  -999.9  -999.9  -999.9
2018 10 05  0229   58396    8940    9  -999.9  -999.9  -999.9  -999.9  -999.9  -999.9
2018 10 05  0230   58396    9000    9  -999.9  -999.9  -999.9  -999.9  -999.9  -999.9
2018 10 05  0231   58396    9060    9  -999.9  -999.9  -999.9  -999.9  -999.9  -999.9
2018 10 05  0232   58396    9120    9  -999.9  -999.9  -999.9  -999.9  -999.9  -999.9
2018 10 05  0233   58396    9180    9  -999.9  -999.9  -999.9  -999.9  -999.9  -999.9
2018 10 05  0234   58396    9240    9  -999.9  -999.9  -999.9  -999.9  -999.9  -999.9
2018 10 05  0235   58396    9300    9  -999.9  -999.9  -999.9  -999.9  -999.9  -999.9
2018 10 05  0236   58396    9360    9  -999.9  -999.9  -999.9  -999.9  -999.9  -999.9
2018 10 05  0237   58396    9420    9  -999.9  -999.9  -999.9  -999.9  -999.9  -999.9
2018 10 05  0238   58396    9480    9  -999.9  -999.9  -999.9  -999.9  -999.9  -999.9
2018 10 05  0239   58396    9540    9  -999.9  -999.9  -999.9  -999.9  -999.9  -999.9
2018 10 05  0240   58396    9600    9  -999.9  -999.9  -999.9  -999.9  -999.9  -999.9
2018 10 05  0241   58396    9660    9  -999.9  -999.9  -999.9  -999.9  -999.9  -999.9
2018 10 05  0242   58396    9720    9  -999.9  -999.9  -999.9  -999.9  -999.9  -999.9
2018 10 05  0243   58396    9780    9  -999.9  -999.9  -999.9  -999.9  -999.9  -999.9
2018 10 05  0244   58396    9840    9  -999.9  -999.9  -999.9  -999.9  -999.9  -999.9
2018 10 05  0245   58396    9900    9  -999.9  -999.9  -999.9  -999.9  -999.9  -999.9
2018 10 05  0246   58396    9960    9  -999.9  -999.9  -999.9  -999.9  -999.9  -999.9
2018 10 05  0247   58396   10020    9  -999.9  -999.9  -999.9  -999.9  -999.9  -999.9
2018 10 05  0248   58396   10080    9  -999.9  -999.9  -999.9  -999.9  -999.9  -999.9
2018 10 05  0249   58396   10140    9  -999.9  -999.9  -999.9  -999.9  -999.9  -999.9
2018 10 05  0250   58396   10200    9  -999.9  -999.9  -999.9  -999.9  -999.9  -999.9
2018 10 05  0251   58396   10260    9  -999.9  -999.9  -999.9  -999.9  -999.9  -999.9
2018 10 05  0252   58396   10320    9  -999.9  -999.9  -999.9  -999.9  -999.9  -999.9
2018 10 05  0253   58396   10380    9  -999.9  -999.9  -999.9  -999.9  -999.9  -999.9
2018 10 05  0254   58396   10440    9  -999.9  -999.9  -999.9  -999.9  -999.9  -999.9
2018 10 05  0255   58396   10500    9  -999.9  -999.9  -999.9  -999.9  -999.9  -999.9
2018 10 05  0256   58396   10560    9  -999.9  -999.9  -999.9  -999.9  -999.9  -999.9
2018 10 05  0257   58396   10620    9  -999.9  -999.9  -999.9  -999.9  -999.9  -999.9
2018 10 05  0258   58396   10680    9  -999.9  -999.9  -999.9  -999.9  -999.9  -999.9
2018 10 05  0259   58396   10740    9  -999.9  -999.9  -999.9  -999.9  -999.9  -999.9
2018 10 05  0300   58396   10800    9  -999.9  -999.9  -999.9  -999.9  -999.9  -999.9
2018 10 05  0301   58396   10860    9  -999.9  -999.9  -999.9  -999.9  -999.9  -999.9
2018 10 05  0302   58396   10920    9  -999.9  -999.9  -999.9  -999.9  -999.9  -999.9
2018 10 05  0303   58396   10980    9  -999.9  -999.9  -999.9  -999.9  -999.9  -999.9
2018 10 05  0304   58396   11040    9  -999.9  -999.9  -999.9  -999.9  -999.9  -999.9
2018 10 05  0305   58396   11100    9  -999.9  -999.9  -999.9  -999.9  -999.9  -999.9
2018 10 05  0306   58396   11160    9  -999.9  -999.9  -999.9  -999.9  -999.9  -999.9
2018 10 05  0307   58396   11220    9  -999.9  -999.9  -999.9  -999.9  -999.9  -999.9
2018 10 05  0308   58396   11280    9  -999.9  -999.9  -999.9  -999.9  -999.9  -999.9
2018 10 05  0309   58396   11340    9  -999.9  -999.9  -999.9  -999.9  -999.9  -999.9
2018 10 05  0310   58396   11400    9  -999.9  -999.9  -999.9  -999.9  -999.9  -999.9
2018 10 05  0311   58396   11460    9  -999.9  -999.9  -999.9  -999.9  -999.9  -999.9
2018 10 05  0312   58396   11520    9  -999.9  -999.9  -999.9  -999.9  -999.9  -999.9
2018 10 05  0313   58396   11580    9  -999.9  -999.9  -999.9  -999.9  -999.9  -999.9
2018 10 05  0314   58396   11640    9  -999.9  -999.9  -999.9  -999.9  -999.9  -999.9
2018 10 05  0315   58396   11700    9  -999.9  -999.9  -999.9  -999.9  -999.9  -999.9
2018 10 05  0316   58396   11760    9  -999.9  -999.9  -999.9  -999.9  -999.9  -999.9
2018 10 05  0317   58396   11820    9  -999.9  -999.9  -999.9  -999.9  -999.9  -999.9
2018 10 05  0318   58396   11880    9  -999.9  -999.9  -999.9  -999.9  -999.9  -999.9
2018 10 05  0319   58396   11940    9  -999.9  -999.9  -999.9  -999.9  -999.9  -999.9
2018 10 05  0320   58396   12000    9  -999.9  -999.9  -999.9  -999.9  -999.9  -999.9
2018 10 05  0321   58396   12060    9  -999.9  -999.9  -999.9  -999.9  -999.9  -999.9
2018 10 05  0322   58396   12120    9  -999.9  -999.9  -999.9  -999.9  -999.9  -999.9
2018 10 05  0323   58396   12180    9  -999.9  -999.9  -999.9  -999.9  -999.9  -999.9
2018 10 05  0324   58396   12240    9  -999.9  -999.9  -999.9  -999.9  -999.9  -999.9
2018 10 05  0325   58396   12300    9  -999.9  -999.9  -999.9  -999.9  -999.9  -999.9
2018 10 05  0326   58396   12360    9  -999.9  -999.9  -999.9  -999.9  -999.9  -999.9
2018 10 05  0327   58396   12420    9  -999.9  -999.9  -999.9  -999.9  -999.9  -999.9
2018 10 05  0328   58396   12480    9  -999.9  -999.9  -999.9  -999.9  -999.9  -999.9
2018 10 05  0329   58396   12540    9  -999.9  -999.9  -999.9  -999.9  -999.9  -999.9
2018 10 05  0330   58396   12600    9  -999.9  -999.9  -999.9  -999.9  -999.9  -999.9
2018 10 05  0331   58396   12660    9  -999.9  -999.9  -999.9  -999.9  -999.9  -999.9
2018 10 05  0332   58396   12720    9  -999.9  -999.9  -999.9  -999.9  -999.9  -999.9
2018 10 05  0333   58396   12780    9  -999.9  -999.9  -999.9  -999.9  -999.9  -999.9
2018 10 05  0334   58396   12840    9  -999.9  -999.9  -999.9  -999.9  -999.9  -999.9
2018 10 05  0335   58396   12900    9  -999.9  -999.9  -999.9  -999.9  -999.9  -999.9
2018 10 05  0336   58396   12960    9  -999.9  -999.9  -999.9  -999.9  -999.9  -999.9
2018 10 05  0337   58396   13020    9  -999.9  -999.9  -999.9  -999.9  -999.9  -999.9
2018 10 05  0338   58396   13080    9  -999.9  -999.9  -999.9  -999.9  -999.9  -999.9
2018 10 05  0339   58396   13140    9  -999.9  -999.9  -999.9  -999.9  -999.9  -999.9
2018 10 05  0340   58396   13200    9  -999.9  -999.9  -999.9  -999.9  -999.9  -999.9
2018 10 05  0341   58396   13260    9  -999.9  -999.9  -999.9  -999.9  -999.9  -999.9
2018 10 05  0342   58396   13320    9  -999.9  -999.9  -999.9  -999.9  -999.9  -999.9
2018 10 05  0343   58396   13380    9  -999.9  -999.9  -999.9  -999.9  -999.9  -999.9
2018 10 05  0344   58396   13440    9  -999.9  -999.9  -999.9  -999.9  -999.9  -999.9
2018 10 05  0345   58396   13500    9  -999.9  -999.9  -999.9  -999.9  -999.9  -999.9
2018 10 05  0346   58396   13560    9  -999.9  -999.9  -999.9  -999.9  -999.9  -999.9
2018 10 05  0347   58396   13620    9  -999.9  -999.9  -999.9  -999.9  -999.9  -999.9
2018 10 05  0348   58396   13680    9  -999.9  -999.9  -999.9  -999.9  -999.9  -999.9
2018 10 05  0349   58396   13740    9  -999.9  -999.9  -999.9  -999.9  -999.9  -999.9
2018 10 05  0350   58396   13800    9  -999.9  -999.9  -999.9  -999.9  -999.9  -999.9
2018 10 05  0351   58396   13860    9  -999.9  -999.9  -999.9  -999.9  -999.9  -999.9
2018 10 05  0352   58396   13920    9  -999.9  -999.9  -999.9  -999.9  -999.9  -999.9
2018 10 05  0353   58396   13980    9  -999.9  -999.9  -999.9  -999.9  -999.9  -999.9
2018 10 05  0354   58396   14040    9  -999.9  -999.9  -999.9  -999.9  -999.9  -999.9
2018 10 05  0355   58396   14100    9  -999.9  -999.9  -999.9  -999.9  -999.9  -999.9
2018 10 05  0356   58396   14160    9  -999.9  -999.9  -999.9  -999.9  -999.9  -999.9
2018 10 05  0357   58396   14220    9  -999.9  -999.9  -999.9  -999.9  -999.9  -999.9
2018 10 05  0358   58396   14280    9  -999.9  -999.9  -999.9  -999.9  -999.9  -999.9
2018 10 05  0359   58396   14340    9  -999.9  -999.9  -999.9  -999.9  -999.9  -999.9
2018 10 05  0400   58396   14400    9  -999.9  -999.9  -999.9  -999.9  -999.9  -999.9
2018 10 05  0401   58396   14460    9  -999.9  -999.9  -999.9  -999.9  -999.9  -999.9
2018 10 05  0402   58396   14520    9  -999.9  -999.9  -999.9  -999.9  -999.9  -999.9
2018 10 05  0403   58396   14580    9  -999.9  -999.9  -999.9  -999.9  -999.9  -999.9
2018 10 05  0404   58396   14640    9  -999.9  -999.9  -999.9  -999.9  -999.9  -999.9
2018 10 05  0405   58396   14700    9  -999.9  -999.9  -999.9  -999.9  -999.9  -999.9
2018 10 05  0406   58396   14760    9  -999.9  -999.9  -999.9  -999.9  -999.9  -999.9
2018 10 05  0407   58396   14820    9  -999.9  -999.9  -999.9  -999.9  -999.9  -999.9
2018 10 05  0408   58396   14880    9  -999.9  -999.9  -999.9  -999.9  -999.9  -999.9
2018 10 05  0409   58396   14940    9  -999.9  -999.9  -999.9  -999.9  -999.9  -999.9
2018 10 05  0410   58396   15000    9  -999.9  -999.9  -999.9  -999.9  -999.9  -999.9
2018 10 05  0411   58396   15060    9  -999.9  -999.9  -999.9  -999.9  -999.9  -999.9
2018 10 05  0412   58396   15120    9  -999.9  -999.9  -999.9  -999.9  -999.9  -999.9
2018 10 05  0413   58396   15180    9  -999.9  -999.9  -999.9  -999.9  -999.9  -999.9
2018 10 05  0414   58396   15240    9  -999.9  -999.9  -999.9  -999.9  -999.9  -999.9
2018 10 05  0415   58396   15300    9  -999.9  -999.9  -999.9  -999.9  -999.9  -999.9
2018 10 05  0416   58396   15360    9  -999.9  -999.9  -999.9  -999.9  -999.9  -999.9
2018 10 05  0417   58396   15420    9  -999.9  -999.9  -999.9  -999.9  -999.9  -999.9
2018 10 05  0418   58396   15480    9  -999.9  -999.9  -999.9  -999.9  -999.9  -999.9
2018 10 05  0419   58396   15540    9  -999.9  -999.9  -999.9  -999.9  -999.9  -999.9
2018 10 05  0420   58396   15600    9  -999.9  -999.9  -999.9  -999.9  -999.9  -999.9
2018 10 05  0421   58396   15660    9  -999.9  -999.9  -999.9  -999.9  -999.9  -999.9
2018 10 05  0422   58396   15720    9  -999.9  -999.9  -999.9  -999.9  -999.9  -999.9
2018 10 05  0423   58396   15780    9  -999.9  -999.9  -999.9  -999.9  -999.9  -999.9
2018 10 05  0424   58396   15840    9  -999.9  -999.9  -999.9  -999.9  -999.9  -999.9
2018 10 05  0425   58396   15900    9  -999.9  -999.9  -999.9  -999.9  -999.9  -999.9
2018 10 05  0426   58396   15960    9  -999.9  -999.9  -999.9  -999.9  -999.9  -999.9
2018 10 05  0427   58396   16020    9  -999.9  -999.9  -999.9  -999.9  -999.9  -999.9
2018 10 05  0428   58396   16080    9  -999.9  -999.9  -999.9  -999.9  -999.9  -999.9
2018 10 05  0429   58396   16140    9  -999.9  -999.9  -999.9  -999.9  -999.9  -999.9
2018 10 05  0430   58396   16200    9  -999.9  -999.9  -999.9  -999.9  -999.9  -999.9
2018 10 05  0431   58396   16260    9  -999.9  -999.9  -999.9  -999.9  -999.9  -999.9
2018 10 05  0432   58396   16320    9  -999.9  -999.9  -999.9  -999.9  -999.9  -999.9
2018 10 05  0433   58396   16380    9  -999.9  -999.9  -999.9  -999.9  -999.9  -999.9
2018 10 05  0434   58396   16440    9  -999.9  -999.9  -999.9  -999.9  -999.9  -999.9
2018 10 05  0435   58396   16500    9  -999.9  -999.9  -999.9  -999.9  -999.9  -999.9
2018 10 05  0436   58396   16560    9  -999.9  -999.9  -999.9  -999.9  -999.9  -999.9
2018 10 05  0437   58396   16620    9  -999.9  -999.9  -999.9  -999.9  -999.9  -999.9
2018 10 05  0438   58396   16680    9  -999.9  -999.9  -999.9  -999.9  -999.9  -999.9
2018 10 05  0439   58396   16740    9  -999.9  -999.9  -999.9  -999.9  -999.9  -999.9
2018 10 05  0440   58396   16800    9  -999.9  -999.9  -999.9  -999.9  -999.9  -999.9
2018 10 05  0441   58396   16860    9  -999.9  -999.9  -999.9  -999.9  -999.9  -999.9
2018 10 05  0442   58396   16920    9  -999.9  -999.9  -999.9  -999.9  -999.9  -999.9
2018 10 05  0443   58396   16980    9  -999.9  -999.9  -999.9  -999.9  -999.9  -999.9
2018 10 05  0444   58396   17040    9  -999.9  -999.9  -999.9  -999.9  -999.9  -999.9
2018 10 05  0445   58396   17100    9  -999.9  -999.9  -999.9  -999.9  -999.9  -999.9
2018 10 05  0446   58396   17160    9  -999.9  -999.9  -999.9  -999.9  -999.9  -999.9
2018 10 05  0447   58396   17220    9  -999.9  -999.9  -999.9  -999.9  -999.9  -999.9
2018 10 05  0448   58396   17280    9  -999.9  -999.9  -999.9  -999.9  -999.9  -999.9
2018 10 05  0449   58396   17340    9  -999.9  -999.9  -999.9  -999.9  -999.9  -999.9
2018 10 05  0450   58396   17400    9  -999.9  -999.9  -999.9  -999.9  -999.9  -999.9
2018 10 05  0451   58396   17460    9  -999.9  -999.9  -999.9  -999.9  -999.9  -999.9
2018 10 05  0452   58396   17520    9  -999.9  -999.9  -999.9  -999.9  -999.9  -999.9
2018 10 05  0453   58396   17580    9  -999.9  -999.9  -999.9  -999.9  -999.9  -999.9
2018 10 05  0454   58396   17640    9  -999.9  -999.9  -999.9  -999.9  -999.9  -999.9
2018 10 05  0455   58396   17700    9  -999.9  -999.9  -999.9  -999.9  -999.9  -999.9
2018 10 05  0456   58396   17760    9  -999.9  -999.9  -999.9  -999.9  -999.9  -999.9
2018 10 05  0457   58396   17820    9  -999.9  -999.9  -999.9  -999.9  -999.9  -999.9
2018 10 05  0458   58396   17880    9  -999.9  -999.9  -999.9  -999.9  -999.9  -999.9
2018 10 05  0459   58396   17940    9  -999.9  -999.9  -999.9  -999.9  -999.9  -999.9
2018 10 05  0500   58396   18000    9  -999.9  -999.9  -999.9  -999.9  -999.9  -999.9
2018 10 05  0501   58396   18060    9  -999.9  -999.9  -999.9  -999.9  -999.9  -999.9
2018 10 05  0502   58396   18120    9  -999.9  -999.9  -999.9  -999.9  -999.9  -999.9
2018 10 05  0503   58396   18180    9  -999.9  -999.9  -999.9  -999.9  -999.9  -999.9
2018 10 05  0504   58396   18240    9  -999.9  -999.9  -999.9  -999.9  -999.9  -999.9
2018 10 05  0505   58396   18300    9  -999.9  -999.9  -999.9  -999.9  -999.9  -999.9
2018 10 05  0506   58396   18360    9  -999.9  -999.9  -999.9  -999.9  -999.9  -999.9
2018 10 05  0507   58396   18420    9  -999.9  -999.9  -999.9  -999.9  -999.9  -999.9
2018 10 05  0508   58396   18480    9  -999.9  -999.9  -999.9  -999.9  -999.9  -999.9
2018 10 05  0509   58396   18540    9  -999.9  -999.9  -999.9  -999.9  -999.9  -999.9
2018 10 05  0510   58396   18600    9  -999.9  -999.9  -999.9  -999.9  -999.9  -999.9
2018 10 05  0511   58396   18660    9  -999.9  -999.9  -999.9  -999.9  -999.9  -999.9
2018 10 05  0512   58396   18720    9  -999.9  -999.9  -999.9  -999.9  -999.9  -999.9
2018 10 05  0513   58396   18780    9  -999.9  -999.9  -999.9  -999.9  -999.9  -999.9
2018 10 05  0514   58396   18840    9  -999.9  -999.9  -999.9  -999.9  -999.9  -999.9
2018 10 05  0515   58396   18900    9  -999.9  -999.9  -999.9  -999.9  -999.9  -999.9
2018 10 05  0516   58396   18960    9  -999.9  -999.9  -999.9  -999.9  -999.9  -999.9
2018 10 05  0517   58396   19020    9  -999.9  -999.9  -999.9  -999.9  -999.9  -999.9
2018 10 05  0518   58396   19080    9  -999.9  -999.9  -999.9  -999.9  -999.9  -999.9
2018 10 05  0519   58396   19140    9  -999.9  -999.9  -999.9  -999.9  -999.9  -999.9
2018 10 05  0520   58396   19200    9  -999.9  -999.9  -999.9  -999.9  -999.9  -999.9
2018 10 05  0521   58396   19260    9  -999.9  -999.9  -999.9  -999.9  -999.9  -999.9
2018 10 05  0522   58396   19320    9  -999.9  -999.9  -999.9  -999.9  -999.9  -999.9
2018 10 05  0523   58396   19380    9  -999.9  -999.9  -999.9  -999.9  -999.9  -999.9
2018 10 05  0524   58396   19440    9  -999.9  -999.9  -999.9  -999.9  -999.9  -999.9
2018 10 05  0525   58396   19500    9  -999.9  -999.9  -999.9  -999.9  -999.9  -999.9
2018 10 05  0526   58396   19560    9  -999.9  -999.9  -999.9  -999.9  -999.9  -999.9
2018 10 05  0527   58396   19620    9  -999.9  -999.9  -999.9  -999.9  -999.9  -999.9
2018 10 05  0528   58396   19680    9  -999.9  -999.9  -999.9  -999.9  -999.9  -999.9
2018 10 05  0529   58396   19740    9  -999.9  -999.9  -999.9  -999.9  -999.9  -999.9
2018 10 05  0530   58396   19800    9  -999.9  -999.9  -999.9  -999.9  -999.9  -999.9
2018 10 05  0531   58396   19860    9  -999.9  -999.9  -999.9  -999.9  -999.9  -999.9
2018 10 05  0532   58396   19920    9  -999.9  -999.9  -999.9  -999.9  -999.9  -999.9
2018 10 05  0533   58396   19980    9  -999.9  -999.9  -999.9  -999.9  -999.9  -999.9
2018 10 05  0534   58396   20040    9  -999.9  -999.9  -999.9  -999.9  -999.9  -999.9
2018 10 05  0535   58396   20100    9  -999.9  -999.9  -999.9  -999.9  -999.9  -999.9
2018 10 05  0536   58396   20160    9  -999.9  -999.9  -999.9  -999.9  -999.9  -999.9
2018 10 05  0537   58396   20220    9  -999.9  -999.9  -999.9  -999.9  -999.9  -999.9
2018 10 05  0538   58396   20280    9  -999.9  -999.9  -999.9  -999.9  -999.9  -999.9
2018 10 05  0539   58396   20340    9  -999.9  -999.9  -999.9  -999.9  -999.9  -999.9
2018 10 05  0540   58396   20400    9  -999.9  -999.9  -999.9  -999.9  -999.9  -999.9
2018 10 05  0541   58396   20460    9  -999.9  -999.9  -999.9  -999.9  -999.9  -999.9
2018 10 05  0542   58396   20520    9  -999.9  -999.9  -999.9  -999.9  -999.9  -999.9
2018 10 05  0543   58396   20580    9  -999.9  -999.9  -999.9  -999.9  -999.9  -999.9
2018 10 05  0544   58396   20640    9  -999.9  -999.9  -999.9  -999.9  -999.9  -999.9
2018 10 05  0545   58396   20700    9  -999.9  -999.9  -999.9  -999.9  -999.9  -999.9
2018 10 05  0546   58396   20760    9  -999.9  -999.9  -999.9  -999.9  -999.9  -999.9
2018 10 05  0547   58396   20820    9  -999.9  -999.9  -999.9  -999.9  -999.9  -999.9
2018 10 05  0548   58396   20880    9  -999.9  -999.9  -999.9  -999.9  -999.9  -999.9
2018 10 05  0549   58396   20940    9  -999.9  -999.9  -999.9  -999.9  -999.9  -999.9
2018 10 05  0550   58396   21000    9  -999.9  -999.9  -999.9  -999.9  -999.9  -999.9
2018 10 05  0551   58396   21060    9  -999.9  -999.9  -999.9  -999.9  -999.9  -999.9
2018 10 05  0552   58396   21120    9  -999.9  -999.9  -999.9  -999.9  -999.9  -999.9
2018 10 05  0553   58396   21180    9  -999.9  -999.9  -999.9  -999.9  -999.9  -999.9
2018 10 05  0554   58396   21240    9  -999.9  -999.9  -999.9  -999.9  -999.9  -999.9
2018 10 05  0555   58396   21300    9  -999.9  -999.9  -999.9  -999.9  -999.9  -999.9
2018 10 05  0556   58396   21360    9  -999.9  -999.9  -999.9  -999.9  -999.9  -999.9
2018 10 05  0557   58396   21420    9  -999.9  -999.9  -999.9  -999.9  -999.9  -999.9
2018 10 05  0558   58396   21480    9  -999.9  -999.9  -999.9  -999.9  -999.9  -999.9
2018 10 05  0559   58396   21540    9  -999.9  -999.9  -999.9  -999.9  -999.9  -999.9
2018 10 05  0600   58396   21600    9  -999.9  -999.9  -999.9  -999.9  -999.9  -999.9
2018 10 05  0601   58396   21660    9  -999.9  -999.9  -999.9  -999.9  -999.9  -999.9
2018 10 05  0602   58396   21720    9  -999.9  -999.9  -999.9  -999.9  -999.9  -999.9
2018 10 05  0603   58396   21780    9  -999.9  -999.9  -999.9  -999.9  -999.9  -999.9
2018 10 05  0604   58396   21840    9  -999.9  -999.9  -999.9  -999.9  -999.9  -999.9
2018 10 05  0605   58396   21900    9  -999.9  -999.9  -999.9  -999.9  -999.9  -999.9
2018 10 05  0606   58396   21960    9  -999.9  -999.9  -999.9  -999.9  -999.9  -999.9
2018 10 05  0607   58396   22020    9  -999.9  -999.9  -999.9  -999.9  -999.9  -999.9
2018 10 05  0608   58396   22080    9  -999.9  -999.9  -999.9  -999.9  -999.9  -999.9
2018 10 05  0609   58396   22140    9  -999.9  -999.9  -999.9  -999.9  -999.9  -999.9
2018 10 05  0610   58396   22200    9  -999.9  -999.9  -999.9  -999.9  -999.9  -999.9
2018 10 05  0611   58396   22260    9  -999.9  -999.9  -999.9  -999.9  -999.9  -999.9
2018 10 05  0612   58396   22320    9  -999.9  -999.9  -999.9  -999.9  -999.9  -999.9
2018 10 05  0613   58396   22380    9  -999.9  -999.9  -999.9  -999.9  -999.9  -999.9
2018 10 05  0614   58396   22440    9  -999.9  -999.9  -999.9  -999.9  -999.9  -999.9
2018 10 05  0615   58396   22500    9  -999.9  -999.9  -999.9  -999.9  -999.9  -999.9
2018 10 05  0616   58396   22560    9  -999.9  -999.9  -999.9  -999.9  -999.9  -999.9
2018 10 05  0617   58396   22620    9  -999.9  -999.9  -999.9  -999.9  -999.9  -999.9
2018 10 05  0618   58396   22680    9  -999.9  -999.9  -999.9  -999.9  -999.9  -999.9
2018 10 05  0619   58396   22740    9  -999.9  -999.9  -999.9  -999.9  -999.9  -999.9
2018 10 05  0620   58396   22800    9  -999.9  -999.9  -999.9  -999.9  -999.9  -999.9
2018 10 05  0621   58396   22860    9  -999.9  -999.9  -999.9  -999.9  -999.9  -999.9
2018 10 05  0622   58396   22920    9  -999.9  -999.9  -999.9  -999.9  -999.9  -999.9
2018 10 05  0623   58396   22980    9  -999.9  -999.9  -999.9  -999.9  -999.9  -999.9
2018 10 05  0624   58396   23040    9  -999.9  -999.9  -999.9  -999.9  -999.9  -999.9
2018 10 05  0625   58396   23100    9  -999.9  -999.9  -999.9  -999.9  -999.9  -999.9
2018 10 05  0626   58396   23160    9  -999.9  -999.9  -999.9  -999.9  -999.9  -999.9
2018 10 05  0627   58396   23220    9  -999.9  -999.9  -999.9  -999.9  -999.9  -999.9
2018 10 05  0628   58396   23280    9  -999.9  -999.9  -999.9  -999.9  -999.9  -999.9
2018 10 05  0629   58396   23340    9  -999.9  -999.9  -999.9  -999.9  -999.9  -999.9
2018 10 05  0630   58396   23400    9  -999.9  -999.9  -999.9  -999.9  -999.9  -999.9
2018 10 05  0631   58396   23460    9  -999.9  -999.9  -999.9  -999.9  -999.9  -999.9
2018 10 05  0632   58396   23520    9  -999.9  -999.9  -999.9  -999.9  -999.9  -999.9
2018 10 05  0633   58396   23580    9  -999.9  -999.9  -999.9  -999.9  -999.9  -999.9
2018 10 05  0634   58396   23640    9  -999.9  -999.9  -999.9  -999.9  -999.9  -999.9
2018 10 05  0635   58396   23700    9  -999.9  -999.9  -999.9  -999.9  -999.9  -999.9
2018 10 05  0636   58396   23760    9  -999.9  -999.9  -999.9  -999.9  -999.9  -999.9
2018 10 05  0637   58396   23820    9  -999.9  -999.9  -999.9  -999.9  -999.9  -999.9
2018 10 05  0638   58396   23880    9  -999.9  -999.9  -999.9  -999.9  -999.9  -999.9
2018 10 05  0639   58396   23940    9  -999.9  -999.9  -999.9  -999.9  -999.9  -999.9
2018 10 05  0640   58396   24000    9  -999.9  -999.9  -999.9  -999.9  -999.9  -999.9
2018 10 05  0641   58396   24060    9  -999.9  -999.9  -999.9  -999.9  -999.9  -999.9
2018 10 05  0642   58396   24120    9  -999.9  -999.9  -999.9  -999.9  -999.9  -999.9
2018 10 05  0643   58396   24180    9  -999.9  -999.9  -999.9  -999.9  -999.9  -999.9
2018 10 05  0644   58396   24240    9  -999.9  -999.9  -999.9  -999.9  -999.9  -999.9
2018 10 05  0645   58396   24300    0    -1.3     3.7    -0.6     3.9    -8.6   109.3
2018 10 05  0646   58396   24360    9  -999.9  -999.9  -999.9  -999.9  -999.9  -999.9
2018 10 05  0647   58396   24420    9  -999.9  -999.9  -999.9  -999.9  -999.9  -999.9
2018 10 05  0648   58396   24480    9  -999.9  -999.9  -999.9  -999.9  -999.9  -999.9
2018 10 05  0649   58396   24540    9  -999.9  -999.9  -999.9  -999.9  -999.9  -999.9
2018 10 05  0650   58396   24600    9  -999.9  -999.9  -999.9  -999.9  -999.9  -999.9
2018 10 05  0651   58396   24660    0    -2.0     3.5    -0.8     4.1   -11.5   119.8
2018 10 05  0652   58396   24720    0    -1.7     3.0     0.0     3.5     0.6   118.6
2018 10 05  0653   58396   24780    0    -1.7     1.9     1.1     2.8    24.0   132.2
2018 10 05  0654   58396   24840    0    -2.4     2.1     1.1     3.3    19.5   138.3
2018 10 05  0655   58396   24900    9  -999.9  -999.9  -999.9  -999.9  -999.9  -999.9
2018 10 05  0656   58396   24960    0    -3.8     1.7     0.7     4.2     9.5   156.0
2018 10 05  0657   58396   25020    0    -3.2     1.3     1.2     3.6    19.8   158.1
2018 10 05  0658   58396   25080    0    -2.4     2.8    -0.0     3.7    -0.5   131.1
2018 10 05  0659   58396   25140    9  -999.9  -999.9  -999.9  -999.9  -999.9  -999.9
2018 10 05  0700   58396   25200    9  -999.9  -999.9  -999.9  -999.9  -999.9  -999.9
2018 10 05  0701   58396   25260    0    -2.9     2.2     0.2     3.6     2.7   143.2
2018 10 05  0702   58396   25320    0    -2.6     3.4     0.5     4.3     7.1   127.6
2018 10 05  0703   58396   25380    0    -2.5     2.4    -0.5     3.5    -8.3   136.8
2018 10 05  0704   58396   25440    0    -2.6     2.1    -0.3     3.3    -4.8   141.9
2018 10 05  0705   58396   25500    0    -3.2     3.8    -0.3     5.0    -3.7   130.4
2018 10 05  0706   58396   25560    9  -999.9  -999.9  -999.9  -999.9  -999.9  -999.9
2018 10 05  0707   58396   25620    0    -1.8     2.6    -0.7     3.2   -12.2   123.9
2018 10 05  0708   58396   25680    0    -2.5     2.1    -0.9     3.4   -15.9   140.7
2018 10 05  0709   58396   25740    0    -2.1     2.3    -1.5     3.5   -25.9   131.5
2018 10 05  0710   58396   25800    0    -0.9     1.4    -0.6     1.7   -20.3   122.5
2018 10 05  0711   58396   25860    0    -1.1     1.8    -1.4     2.5   -34.2   121.8
2018 10 05  0712   58396   25920    0    -1.0     1.7    -1.6     2.6   -37.6   120.8
2018 10 05  0713   58396   25980    0    -0.4     0.9    -1.1     1.5   -48.2   112.2
2018 10 05  0714   58396   26040    0    -2.0     3.7    -1.2     4.4   -16.3   118.2
2018 10 05  0715   58396   26100    9  -999.9  -999.9  -999.9  -999.9  -999.9  -999.9
2018 10 05  0716   58396   26160    0    -2.3     2.6    -0.3     3.5    -5.5   131.8
2018 10 05  0717   58396   26220    0    -1.9     3.2    -0.9     3.8   -14.0   120.0
2018 10 05  0718   58396   26280    0    -1.9     2.4    -0.7     3.1   -13.4   129.0
2018 10 05  0719   58396   26340    0    -2.4     2.3    -0.8     3.5   -13.9   135.9
2018 10 05  0720   58396   26400    0    -2.3     2.5    -0.8     3.5   -13.0   132.4
2018 10 05  0721   58396   26460    0    -2.3     2.6    -0.5     3.5    -8.4   130.6
2018 10 05  0722   58396   26520    0    -1.9     3.9     1.1     4.4    14.2   115.7
2018 10 05  0723   58396   26580    0    -1.7     4.3     0.6     4.7     7.9   112.1
2018 10 05  0724   58396   26640    0    -1.5     4.3     0.5     4.5     6.4   109.3
2018 10 05  0725   58396   26700    0    -1.0     4.5     0.3     4.6     3.6   103.1
2018 10 05  0726   58396   26760    0    -2.4     3.7     1.4     4.6    17.6   123.6
2018 10 05  0727   58396   26820    0    -2.6     4.1     0.3     4.8     3.0   122.2
2018 10 05  0728   58396   26880    0    -2.2     4.1     0.1     4.7     1.6   118.2
2018 10 05  0729   58396   26940    0    -1.3     4.2     0.5     4.4     6.4   107.8
2018 10 05  0730   58396   27000    0    -1.4     4.7     0.0     4.9     0.3   106.9
2018 10 05  0731   58396   27060    0    -2.4     3.7    -0.6     4.5    -8.0   123.3
2018 10 05  0732   58396   27120    0    -1.9     3.9     0.0     4.4     0.5   116.0
2018 10 05  0733   58396   27180    0    -2.0     4.0     0.3     4.5     3.3   116.3
2018 10 05  0734   58396   27240    0    -2.2     4.3     0.3     4.9     4.1   117.3
2018 10 05  0735   58396   27300    0    -2.0     4.2     0.8     4.7    10.2   115.4
2018 10 05  0736   58396   27360    0    -1.9     4.4     1.3     4.9    15.2   113.7
2018 10 05  0737   58396   27420    0    -2.2     4.1     0.3     4.6     3.4   118.6
2018 10 05  0738   58396   27480    0    -2.1     3.5    -0.1     4.1    -1.7   120.8
2018 10 05  0739   58396   27540    0     0.2     1.4     1.8     2.3    51.5    79.9
2018 10 05  0740   58396   27600    0     0.7     0.8     2.6     2.8    66.8    48.3
2018 10 05  0741   58396   27660    0    -0.4     2.1     2.6     3.4    50.0   101.6
2018 10 05  0742   58396   27720    0    -0.7     2.5     2.5     3.6    44.7   105.6
2018 10 05  0743   58396   27780    0    -0.7     2.5     2.6     3.7    44.0   105.8
2018 10 05  0744   58396   27840    0    -0.7     2.9     2.4     3.8    38.2   102.9
2018 10 05  0745   58396   27900    9  -999.9  -999.9  -999.9  -999.9  -999.9  -999.9
2018 10 05  0746   58396   27960    0    -1.5     3.4     1.6     4.0    24.0   114.0
2018 10 05  0747   58396   28020    0    -1.6     3.3     1.7     4.0    24.8   116.5
2018 10 05  0748   58396   28080    9  -999.9  -999.9  -999.9  -999.9  -999.9  -999.9
2018 10 05  0749   58396   28140    0    -2.6     3.0     0.8     4.1    11.1   131.0
2018 10 05  0750   58396   28200    0    -2.8     3.1     0.7     4.2     9.9   132.1
2018 10 05  0751   58396   28260    0    -3.1     2.9     0.1     4.2     1.8   136.5
2018 10 05  0752   58396   28320    0    -2.7     2.7     0.3     3.8     5.0   135.7
2018 10 05  0753   58396   28380    0    -3.0     3.1     0.4     4.3     5.8   134.2
2018 10 05  0754   58396   28440    0    -3.3     3.4     0.1     4.8     1.8   134.2
2018 10 05  0755   58396   28500    0    -3.4     3.3     0.1     4.8     1.1   135.8
2018 10 05  0756   58396   28560    0    -3.4     3.2    -0.3     4.7    -3.7   137.0
2018 10 05  0757   58396   28620    0    -3.3     3.2    -0.4     4.6    -5.1   135.9
2018 10 05  0758   58396   28680    0    -3.3     3.3    -0.4     4.6    -4.4   135.1
2018 10 05  0759   58396   28740    0    -3.4     3.2    -0.2     4.7    -3.0   136.8
2018 10 05  0800   58396   28800    0    -3.5     3.2    -0.4     4.7    -5.0   137.8
2018 10 05  0801   58396   28860    0    -3.5     3.2    -0.5     4.7    -5.9   137.8
2018 10 05  0802   58396   28920    0    -3.7     3.1    -0.6     4.8    -6.8   140.2
2018 10 05  0803   58396   28980    0    -3.6     3.0    -0.5     4.8    -6.5   140.3
2018 10 05  0804   58396   29040    0    -3.7     2.8    -0.7     4.7    -8.1   142.9
2018 10 05  0805   58396   29100    9  -999.9  -999.9  -999.9  -999.9  -999.9  -999.9
2018 10 05  0806   58396   29160    0    -3.4     3.4    -0.8     4.8    -9.0   135.5
2018 10 05  0807   58396   29220    0    -3.2     3.1    -1.0     4.6   -12.9   136.0
2018 10 05  0808   58396   29280    0    -3.6     2.2    -1.6     4.5   -21.0   149.2
2018 10 05  0809   58396   29340    0    -3.5     1.9    -1.6     4.3   -21.4   151.8
2018 10 05  0810   58396   29400    0    -3.4     1.6    -1.7     4.1   -23.9   154.9
2018 10 05  0811   58396   29460    0    -3.4     1.4    -1.7     4.0   -24.6   158.0
2018 10 05  0812   58396   29520    0    -3.6     1.6    -1.5     4.2   -21.1   155.9
2018 10 05  0813   58396   29580    0    -3.6     1.8    -1.6     4.4   -22.0   153.0
2018 10 05  0814   58396   29640    0    -3.5     1.3    -2.0     4.3   -28.4   160.1
2018 10 05  0815   58396   29700    0    -3.4     1.8    -1.8     4.2   -25.1   152.3
2018 10 05  0816   58396   29760    0    -3.6     1.4    -2.3     4.5   -30.6   158.7
2018 10 05  0817   58396   29820    0    -3.3     0.8    -2.7     4.3   -37.9   166.7
2018 10 05  0818   58396   29880    0    -3.4     0.4    -2.8     4.4   -39.5   172.6
2018 10 05  0819   58396   29940    0    -3.1     1.1    -2.8     4.4   -40.3   160.9
2018 10 05  0820   58396   30000    0    -3.0     0.3    -3.1     4.3   -45.6   173.8
2018 10 05  0821   58396   30060    0    -2.9     0.2    -2.8     4.0   -44.5   176.8
2018 10 05  0822   58396   30120    0    -2.7     0.4    -2.6     3.7   -43.6   170.6
2018 10 05  0823   58396   30180    0    -2.2     0.2    -2.2     3.1   -43.8   174.9
2018 10 05  0824   58396   30240    0    -2.1    -0.1    -2.2     3.1   -46.9   183.4
2018 10 05  0825   58396   30300    0    -2.0    -0.5    -2.2     3.0   -47.3   195.5
2018 10 05  0826   58396   30360    0    -2.9     0.0    -3.3     4.4   -48.8   179.8
2018 10 05  0827   58396   30420    0    -3.1     0.1    -3.4     4.6   -48.1   179.0
2018 10 05  0828   58396   30480    0    -3.2     0.0    -3.4     4.7   -47.0   179.5
2018 10 05  0829   58396   30540    0    -3.2     0.1    -3.4     4.7   -47.1   178.3
2018 10 05  0830   58396   30600    0    -3.1    -0.0    -3.4     4.6   -47.7   180.1
2018 10 05  0831   58396   30660    0    -2.4     0.2    -2.5     3.4   -46.3   175.2
2018 10 05  0832   58396   30720    0    -2.5     0.8    -2.2     3.4   -40.2   162.8
2018 10 05  0833   58396   30780    0    -2.4    -0.1    -2.5     3.5   -46.8   181.6
2018 10 05  0834   58396   30840    0    -2.1    -0.3    -2.4     3.2   -48.3   188.7
2018 10 05  0835   58396   30900    0    -1.9    -1.2    -2.8     3.6   -50.6   212.3
2018 10 05  0836   58396   30960    0    -1.8    -1.0    -2.7     3.4   -52.0   207.9
2018 10 05  0837   58396   31020    0    -1.8    -1.3    -2.2     3.1   -44.7   214.9
2018 10 05  0838   58396   31080    0    -2.1    -0.1    -1.7     2.7   -40.0   183.5
2018 10 05  0839   58396   31140    0    -2.2     0.7    -1.5     2.7   -34.1   163.3
2018 10 05  0840   58396   31200    0    -2.0     1.1    -1.2     2.6   -27.7   151.5
2018 10 05  0841   58396   31260    0    -2.0     1.3    -1.0     2.6   -23.0   147.1
2018 10 05  0842   58396   31320    0    -2.1     0.9    -1.1     2.5   -27.0   157.8
2018 10 05  0843   58396   31380    0    -2.1     0.8    -1.0     2.5   -24.8   159.7
2018 10 05  0844   58396   31440    0    -2.3     0.7    -1.0     2.6   -21.4   162.2
2018 10 05  0845   58396   31500    0    -2.0     1.0    -0.7     2.3   -17.5   153.7
2018 10 05  0846   58396   31560    9  -999.9  -999.9  -999.9  -999.9  -999.9  -999.9
2018 10 05  0847   58396   31620    0    -2.1     0.9    -0.7     2.4   -16.4   155.4
2018 10 05  0848   58396   31680    0    -2.3     1.0    -1.1     2.7   -23.5   156.3
2018 10 05  0849   58396   31740    0    -2.3     1.1    -1.1     2.8   -22.9   154.4
2018 10 05  0850   58396   31800    0    -2.3     0.6    -1.0     2.6   -23.7   165.6
2018 10 05  0851   58396   31860    0    -2.3     0.3    -1.1     2.6   -25.2   172.8
2018 10 05  0852   58396   31920    0    -2.5     0.5    -1.2     2.8   -25.3   167.7
2018 10 05  0853   58396   31980    0    -2.6     0.7    -1.1     2.9   -23.1   164.9
2018 10 05  0854   58396   32040    0    -2.4     1.1    -0.9     2.8   -19.5   156.3
2018 10 05  0855   58396   32100    0    -2.6     0.8    -0.9     2.9   -18.6   162.4
2018 10 05  0856   58396   32160    0    -2.6     0.9    -1.1     2.9   -21.5   160.7
2018 10 05  0857   58396   32220    0    -2.6     0.8    -1.0     2.9   -20.4   162.4
2018 10 05  0858   58396   32280    0    -2.8     0.8    -0.9     3.1   -16.7   164.9
2018 10 05  0859   58396   32340    0    -3.0     0.8    -0.7     3.2   -12.8   165.4
