:Data_list: 20181108_ace_sis_5m.txt
:Created: 2018 Nov 09 0011 UT
# Prepared by the U.S. Dept. of Commerce, NOAA, Space Weather Prediction Center
# Please send comments and suggestions to SWPC.Webmaster@noaa.gov 
# 
# Units: proton flux p/cs2-sec-ster
# Status(S): 0 = nominal data, 1 to 8 = bad data record, 9 = no data
# Missing data values: -1.00e+05
# Source: ACE Satellite - Solar Isotope Spectrometer
#
# 5-minute averaged Real-time Integral Flux of High-energy Solar Protons
# 
#                 Modified Seconds
# UT Date   Time   Julian  of the      ---- Integral Proton Flux ----
# YR MO DA  HHMM     Day     Day       S    > 10 MeV    S    > 30 MeV
#--------------------------------------------------------------------
2018 11 08  0000    58430       0      0    2.31e+00    0    1.63e+00
2018 11 08  0005    58430     300      0    2.36e+00    0    1.67e+00
2018 11 08  0010    58430     600      0    2.32e+00    0    1.62e+00
2018 11 08  0015    58430     900      0    2.34e+00    0    1.65e+00
2018 11 08  0020    58430    1200      0    2.32e+00    0    1.63e+00
2018 11 08  0025    58430    1500      0    2.32e+00    0    1.62e+00
2018 11 08  0030    58430    1800      0    2.33e+00    0    1.63e+00
2018 11 08  0035    58430    2100      0    2.34e+00    0    1.64e+00
2018 11 08  0040    58430    2400      0    2.37e+00    0    1.67e+00
2018 11 08  0045    58430    2700      0    2.32e+00    0    1.63e+00
2018 11 08  0050    58430    3000      0    2.31e+00    0    1.61e+00
2018 11 08  0055    58430    3300      0    2.32e+00    0    1.61e+00
2018 11 08  0100    58430    3600      0    2.34e+00    0    1.64e+00
2018 11 08  0105    58430    3900      0    2.27e+00    0    1.59e+00
2018 11 08  0110    58430    4200      0    2.33e+00    0    1.64e+00
2018 11 08  0115    58430    4500      0    2.34e+00    0    1.65e+00
2018 11 08  0120    58430    4800      0    2.31e+00    0    1.62e+00
2018 11 08  0125    58430    5100      0    2.33e+00    0    1.64e+00
2018 11 08  0130    58430    5400      0    2.35e+00    0    1.65e+00
2018 11 08  0135    58430    5700      0    2.31e+00    0    1.62e+00
2018 11 08  0140    58430    6000      0    2.29e+00    0    1.60e+00
2018 11 08  0145    58430    6300      0    2.35e+00    0    1.65e+00
2018 11 08  0150    58430    6600      0    2.33e+00    0    1.64e+00
2018 11 08  0155    58430    6900      0    2.32e+00    0    1.64e+00
2018 11 08  0200    58430    7200      0    2.31e+00    0    1.63e+00
2018 11 08  0205    58430    7500      0    2.31e+00    0    1.61e+00
2018 11 08  0210    58430    7800      0    2.31e+00    0    1.61e+00
2018 11 08  0215    58430    8100      0    2.32e+00    0    1.62e+00
2018 11 08  0220    58430    8400      0    2.34e+00    0    1.64e+00
2018 11 08  0225    58430    8700      0    2.30e+00    0    1.62e+00
2018 11 08  0230    58430    9000      0    2.31e+00    0    1.63e+00
2018 11 08  0235    58430    9300      0    2.29e+00    0    1.61e+00
2018 11 08  0240    58430    9600      0    2.33e+00    0    1.65e+00
2018 11 08  0245    58430    9900      0    2.29e+00    0    1.61e+00
2018 11 08  0250    58430   10200      0    2.31e+00    0    1.62e+00
2018 11 08  0255    58430   10500      0    2.28e+00    0    1.60e+00
2018 11 08  0300    58430   10800      0    2.25e+00    0    1.58e+00
2018 11 08  0305    58430   11100      0    2.34e+00    0    1.66e+00
2018 11 08  0310    58430   11400      0    2.30e+00    0    1.62e+00
2018 11 08  0315    58430   11700      0    2.30e+00    0    1.61e+00
2018 11 08  0320    58430   12000      0    2.28e+00    0    1.61e+00
2018 11 08  0325    58430   12300      0    2.33e+00    0    1.62e+00
2018 11 08  0330    58430   12600      0    2.34e+00    0    1.62e+00
2018 11 08  0335    58430   12900      0    2.30e+00    0    1.62e+00
2018 11 08  0340    58430   13200      0    2.32e+00    0    1.62e+00
2018 11 08  0345    58430   13500      0    2.32e+00    0    1.61e+00
2018 11 08  0350    58430   13800      0    2.34e+00    0    1.64e+00
2018 11 08  0355    58430   14100      0    2.32e+00    0    1.63e+00
2018 11 08  0400    58430   14400      0    2.34e+00    0    1.63e+00
2018 11 08  0405    58430   14700      0    2.29e+00    0    1.63e+00
2018 11 08  0410    58430   15000      0    2.34e+00    0    1.63e+00
2018 11 08  0415    58430   15300      0    2.31e+00    0    1.62e+00
2018 11 08  0420    58430   15600      0    2.29e+00    0    1.60e+00
2018 11 08  0425    58430   15900      0    2.28e+00    0    1.59e+00
2018 11 08  0430    58430   16200      0    2.31e+00    0    1.61e+00
2018 11 08  0435    58430   16500      0    2.33e+00    0    1.64e+00
2018 11 08  0440    58430   16800      0    2.31e+00    0    1.62e+00
2018 11 08  0445    58430   17100      0    2.32e+00    0    1.63e+00
2018 11 08  0450    58430   17400      0    2.25e+00    0    1.58e+00
2018 11 08  0455    58430   17700      0    2.29e+00    0    1.59e+00
2018 11 08  0500    58430   18000      0    2.29e+00    0    1.61e+00
2018 11 08  0505    58430   18300      0    2.30e+00    0    1.61e+00
2018 11 08  0510    58430   18600      0    2.30e+00    0    1.62e+00
2018 11 08  0515    58430   18900      0    2.30e+00    0    1.61e+00
2018 11 08  0520    58430   19200      0    2.33e+00    0    1.64e+00
2018 11 08  0525    58430   19500      0    2.29e+00    0    1.60e+00
2018 11 08  0530    58430   19800      0    2.27e+00    0    1.59e+00
2018 11 08  0535    58430   20100      0    2.28e+00    0    1.61e+00
2018 11 08  0540    58430   20400      0    2.24e+00    0    1.57e+00
2018 11 08  0545    58430   20700      0    2.32e+00    0    1.62e+00
2018 11 08  0550    58430   21000      0    2.29e+00    0    1.61e+00
2018 11 08  0555    58430   21300      0    2.33e+00    0    1.63e+00
2018 11 08  0600    58430   21600      0    2.32e+00    0    1.63e+00
2018 11 08  0605    58430   21900      0    2.32e+00    0    1.64e+00
2018 11 08  0610    58430   22200      0    2.37e+00    0    1.66e+00
2018 11 08  0615    58430   22500      0    2.32e+00    0    1.63e+00
2018 11 08  0620    58430   22800      0    2.29e+00    0    1.59e+00
2018 11 08  0625    58430   23100      0    2.30e+00    0    1.61e+00
2018 11 08  0630    58430   23400      0    2.31e+00    0    1.62e+00
2018 11 08  0635    58430   23700      0    2.34e+00    0    1.66e+00
2018 11 08  0640    58430   24000      0    2.31e+00    0    1.62e+00
2018 11 08  0645    58430   24300      0    2.29e+00    0    1.62e+00
2018 11 08  0650    58430   24600      0    2.13e+00    0    1.50e+00
2018 11 08  0655    58430   24900      0    2.27e+00    0    1.60e+00
2018 11 08  0700    58430   25200      0    2.32e+00    0    1.65e+00
2018 11 08  0705    58430   25500      0    2.27e+00    0    1.59e+00
2018 11 08  0710    58430   25800      0    2.28e+00    0    1.61e+00
2018 11 08  0715    58430   26100      0    2.27e+00    0    1.61e+00
2018 11 08  0720    58430   26400      0    2.28e+00    0    1.60e+00
2018 11 08  0725    58430   26700      0    2.30e+00    0    1.61e+00
2018 11 08  0730    58430   27000      0    2.29e+00    0    1.60e+00
2018 11 08  0735    58430   27300      0    2.33e+00    0    1.64e+00
2018 11 08  0740    58430   27600      0    2.27e+00    0    1.60e+00
2018 11 08  0745    58430   27900      0    2.28e+00    0    1.61e+00
2018 11 08  0750    58430   28200      0    2.29e+00    0    1.61e+00
2018 11 08  0755    58430   28500      0    2.24e+00    0    1.56e+00
2018 11 08  0800    58430   28800      0    2.28e+00    0    1.59e+00
2018 11 08  0805    58430   29100      0    2.29e+00    0    1.62e+00
2018 11 08  0810    58430   29400      0    2.26e+00    0    1.59e+00
2018 11 08  0815    58430   29700      0    2.29e+00    0    1.61e+00
2018 11 08  0820    58430   30000      0    2.29e+00    0    1.61e+00
2018 11 08  0825    58430   30300      9   -1.00e+05    9   -1.00e+05
2018 11 08  0830    58430   30600      9   -1.00e+05    9   -1.00e+05
2018 11 08  0835    58430   30900      9   -1.00e+05    9   -1.00e+05
2018 11 08  0840    58430   31200      9   -1.00e+05    9   -1.00e+05
2018 11 08  0845    58430   31500      9   -1.00e+05    9   -1.00e+05
2018 11 08  0850    58430   31800      9   -1.00e+05    9   -1.00e+05
2018 11 08  0855    58430   32100      9   -1.00e+05    9   -1.00e+05
2018 11 08  0900    58430   32400      9   -1.00e+05    9   -1.00e+05
2018 11 08  0905    58430   32700      9   -1.00e+05    9   -1.00e+05
2018 11 08  0910    58430   33000      9   -1.00e+05    9   -1.00e+05
2018 11 08  0915    58430   33300      9   -1.00e+05    9   -1.00e+05
2018 11 08  0920    58430   33600      9   -1.00e+05    9   -1.00e+05
2018 11 08  0925    58430   33900      9   -1.00e+05    9   -1.00e+05
2018 11 08  0930    58430   34200      9   -1.00e+05    9   -1.00e+05
2018 11 08  0935    58430   34500      9   -1.00e+05    9   -1.00e+05
2018 11 08  0940    58430   34800      9   -1.00e+05    9   -1.00e+05
2018 11 08  0945    58430   35100      9   -1.00e+05    9   -1.00e+05
2018 11 08  0950    58430   35400      9   -1.00e+05    9   -1.00e+05
2018 11 08  0955    58430   35700      9   -1.00e+05    9   -1.00e+05
2018 11 08  1000    58430   36000      9   -1.00e+05    9   -1.00e+05
2018 11 08  1005    58430   36300      9   -1.00e+05    9   -1.00e+05
2018 11 08  1010    58430   36600      9   -1.00e+05    9   -1.00e+05
2018 11 08  1015    58430   36900      9   -1.00e+05    9   -1.00e+05
2018 11 08  1020    58430   37200      9   -1.00e+05    9   -1.00e+05
2018 11 08  1025    58430   37500      9   -1.00e+05    9   -1.00e+05
2018 11 08  1030    58430   37800      9   -1.00e+05    9   -1.00e+05
2018 11 08  1035    58430   38100      9   -1.00e+05    9   -1.00e+05
2018 11 08  1040    58430   38400      9   -1.00e+05    9   -1.00e+05
2018 11 08  1045    58430   38700      9   -1.00e+05    9   -1.00e+05
2018 11 08  1050    58430   39000      9   -1.00e+05    9   -1.00e+05
2018 11 08  1055    58430   39300      9   -1.00e+05    9   -1.00e+05
2018 11 08  1100    58430   39600      9   -1.00e+05    9   -1.00e+05
2018 11 08  1105    58430   39900      9   -1.00e+05    9   -1.00e+05
2018 11 08  1110    58430   40200      9   -1.00e+05    9   -1.00e+05
2018 11 08  1115    58430   40500      9   -1.00e+05    9   -1.00e+05
2018 11 08  1120    58430   40800      9   -1.00e+05    9   -1.00e+05
2018 11 08  1125    58430   41100      9   -1.00e+05    9   -1.00e+05
2018 11 08  1130    58430   41400      9   -1.00e+05    9   -1.00e+05
2018 11 08  1135    58430   41700      9   -1.00e+05    9   -1.00e+05
2018 11 08  1140    58430   42000      9   -1.00e+05    9   -1.00e+05
2018 11 08  1145    58430   42300      9   -1.00e+05    9   -1.00e+05
2018 11 08  1150    58430   42600      9   -1.00e+05    9   -1.00e+05
2018 11 08  1155    58430   42900      9   -1.00e+05    9   -1.00e+05
2018 11 08  1200    58430   43200      0    2.33e+00    0    1.62e+00
2018 11 08  1205    58430   43500      0    2.26e+00    0    1.58e+00
2018 11 08  1210    58430   43800      0    2.23e+00    0    1.56e+00
2018 11 08  1215    58430   44100      0    2.26e+00    0    1.59e+00
2018 11 08  1220    58430   44400      0    2.30e+00    0    1.63e+00
2018 11 08  1225    58430   44700      0    2.30e+00    0    1.61e+00
2018 11 08  1230    58430   45000      0    2.24e+00    0    1.58e+00
2018 11 08  1235    58430   45300      0    2.29e+00    0    1.60e+00
2018 11 08  1240    58430   45600      0    2.24e+00    0    1.59e+00
2018 11 08  1245    58430   45900      0    2.27e+00    0    1.59e+00
2018 11 08  1250    58430   46200      0    2.29e+00    0    1.63e+00
2018 11 08  1255    58430   46500      0    2.32e+00    0    1.64e+00
2018 11 08  1300    58430   46800      0    2.32e+00    0    1.62e+00
2018 11 08  1305    58430   47100      0    2.24e+00    0    1.56e+00
2018 11 08  1310    58430   47400      0    2.29e+00    0    1.61e+00
2018 11 08  1315    58430   47700      0    2.28e+00    0    1.60e+00
2018 11 08  1320    58430   48000      0    2.26e+00    0    1.59e+00
2018 11 08  1325    58430   48300      0    2.22e+00    0    1.56e+00
2018 11 08  1330    58430   48600      0    2.26e+00    0    1.58e+00
2018 11 08  1335    58430   48900      0    2.22e+00    0    1.56e+00
2018 11 08  1340    58430   49200      0    2.22e+00    0    1.55e+00
2018 11 08  1345    58430   49500      0    2.28e+00    0    1.61e+00
2018 11 08  1350    58430   49800      0    2.22e+00    0    1.55e+00
2018 11 08  1355    58430   50100      0    2.24e+00    0    1.57e+00
2018 11 08  1400    58430   50400      0    2.30e+00    0    1.63e+00
2018 11 08  1405    58430   50700      0    2.27e+00    0    1.60e+00
2018 11 08  1410    58430   51000      0    2.24e+00    0    1.57e+00
2018 11 08  1415    58430   51300      0    2.26e+00    0    1.58e+00
2018 11 08  1420    58430   51600      0    2.26e+00    0    1.58e+00
2018 11 08  1425    58430   51900      0    2.28e+00    0    1.61e+00
2018 11 08  1430    58430   52200      0    2.27e+00    0    1.58e+00
2018 11 08  1435    58430   52500      0    2.30e+00    0    1.62e+00
2018 11 08  1440    58430   52800      0    2.25e+00    0    1.58e+00
2018 11 08  1445    58430   53100      0    2.27e+00    0    1.61e+00
2018 11 08  1450    58430   53400      0    2.26e+00    0    1.59e+00
2018 11 08  1455    58430   53700      0    2.26e+00    0    1.58e+00
2018 11 08  1500    58430   54000      0    2.26e+00    0    1.58e+00
2018 11 08  1505    58430   54300      0    2.29e+00    0    1.62e+00
2018 11 08  1510    58430   54600      0    2.30e+00    0    1.62e+00
2018 11 08  1515    58430   54900      0    2.25e+00    0    1.58e+00
2018 11 08  1520    58430   55200      0    2.25e+00    0    1.58e+00
2018 11 08  1525    58430   55500      0    2.30e+00    0    1.61e+00
2018 11 08  1530    58430   55800      0    2.31e+00    0    1.61e+00
2018 11 08  1535    58430   56100      0    2.26e+00    0    1.60e+00
2018 11 08  1540    58430   56400      0    2.24e+00    0    1.58e+00
2018 11 08  1545    58430   56700      0    2.24e+00    0    1.58e+00
2018 11 08  1550    58430   57000      0    2.31e+00    0    1.63e+00
2018 11 08  1555    58430   57300      0    2.27e+00    0    1.61e+00
2018 11 08  1600    58430   57600      0    2.28e+00    0    1.59e+00
2018 11 08  1605    58430   57900      0    2.30e+00    0    1.61e+00
2018 11 08  1610    58430   58200      0    2.27e+00    0    1.57e+00
2018 11 08  1615    58430   58500      0    2.29e+00    0    1.59e+00
2018 11 08  1620    58430   58800      0    2.25e+00    0    1.59e+00
2018 11 08  1625    58430   59100      0    2.22e+00    0    1.56e+00
2018 11 08  1630    58430   59400      0    2.26e+00    0    1.59e+00
2018 11 08  1635    58430   59700      0    2.28e+00    0    1.60e+00
2018 11 08  1640    58430   60000      0    2.26e+00    0    1.59e+00
2018 11 08  1645    58430   60300      0    2.22e+00    0    1.55e+00
2018 11 08  1650    58430   60600      0    2.27e+00    0    1.60e+00
2018 11 08  1655    58430   60900      0    2.29e+00    0    1.60e+00
2018 11 08  1700    58430   61200      0    2.31e+00    0    1.61e+00
2018 11 08  1705    58430   61500      0    2.33e+00    0    1.63e+00
2018 11 08  1710    58430   61800      0    2.31e+00    0    1.62e+00
2018 11 08  1715    58430   62100      0    2.31e+00    0    1.62e+00
2018 11 08  1720    58430   62400      0    2.31e+00    0    1.62e+00
2018 11 08  1725    58430   62700      0    2.28e+00    0    1.61e+00
2018 11 08  1730    58430   63000      0    2.30e+00    0    1.62e+00
2018 11 08  1735    58430   63300      0    2.29e+00    0    1.62e+00
2018 11 08  1740    58430   63600      0    2.23e+00    0    1.56e+00
2018 11 08  1745    58430   63900      0    2.31e+00    0    1.63e+00
2018 11 08  1750    58430   64200      0    2.30e+00    0    1.63e+00
2018 11 08  1755    58430   64500      0    2.33e+00    0    1.65e+00
2018 11 08  1800    58430   64800      0    2.26e+00    0    1.58e+00
2018 11 08  1805    58430   65100      0    2.28e+00    0    1.59e+00
2018 11 08  1810    58430   65400      0    2.33e+00    0    1.64e+00
2018 11 08  1815    58430   65700      0    2.27e+00    0    1.58e+00
2018 11 08  1820    58430   66000      0    2.25e+00    0    1.58e+00
2018 11 08  1825    58430   66300      0    2.26e+00    0    1.60e+00
2018 11 08  1830    58430   66600      0    2.27e+00    0    1.59e+00
2018 11 08  1835    58430   66900      0    2.26e+00    0    1.59e+00
2018 11 08  1840    58430   67200      0    2.26e+00    0    1.59e+00
2018 11 08  1845    58430   67500      0    2.31e+00    0    1.62e+00
2018 11 08  1850    58430   67800      0    2.26e+00    0    1.58e+00
2018 11 08  1855    58430   68100      0    2.27e+00    0    1.59e+00
2018 11 08  1900    58430   68400      0    2.27e+00    0    1.60e+00
2018 11 08  1905    58430   68700      0    2.31e+00    0    1.62e+00
2018 11 08  1910    58430   69000      0    2.30e+00    0    1.63e+00
2018 11 08  1915    58430   69300      0    2.26e+00    0    1.59e+00
2018 11 08  1920    58430   69600      0    2.25e+00    0    1.58e+00
2018 11 08  1925    58430   69900      0    2.25e+00    0    1.58e+00
2018 11 08  1930    58430   70200      0    2.30e+00    0    1.63e+00
2018 11 08  1935    58430   70500      0    2.26e+00    0    1.58e+00
2018 11 08  1940    58430   70800      0    2.25e+00    0    1.58e+00
2018 11 08  1945    58430   71100      0    2.27e+00    0    1.59e+00
2018 11 08  1950    58430   71400      0    2.31e+00    0    1.63e+00
2018 11 08  1955    58430   71700      0    2.24e+00    0    1.56e+00
2018 11 08  2000    58430   72000      0    2.28e+00    0    1.62e+00
2018 11 08  2005    58430   72300      0    2.24e+00    0    1.56e+00
2018 11 08  2010    58430   72600      0    2.23e+00    0    1.56e+00
2018 11 08  2015    58430   72900      0    2.20e+00    0    1.53e+00
2018 11 08  2020    58430   73200      0    2.24e+00    0    1.56e+00
2018 11 08  2025    58430   73500      0    2.28e+00    0    1.61e+00
2018 11 08  2030    58430   73800      9   -1.00e+05    9   -1.00e+05
2018 11 08  2035    58430   74100      0    2.35e+00    0    1.61e+00
2018 11 08  2040    58430   74400      0    2.23e+00    0    1.56e+00
2018 11 08  2045    58430   74700      0    2.17e+00    0    1.55e+00
2018 11 08  2050    58430   75000      0    2.32e+00    0    1.64e+00
2018 11 08  2055    58430   75300      0    2.30e+00    0    1.62e+00
2018 11 08  2100    58430   75600      0    2.27e+00    0    1.61e+00
2018 11 08  2105    58430   75900      0    2.26e+00    0    1.58e+00
2018 11 08  2110    58430   76200      0    2.18e+00    0    1.56e+00
2018 11 08  2115    58430   76500      0    2.22e+00    0    1.52e+00
2018 11 08  2120    58430   76800      0    2.31e+00    0    1.66e+00
2018 11 08  2125    58430   77100      0    2.29e+00    0    1.58e+00
2018 11 08  2130    58430   77400      0    2.33e+00    0    1.65e+00
2018 11 08  2135    58430   77700      0    2.32e+00    0    1.65e+00
2018 11 08  2140    58430   78000      0    2.23e+00    0    1.57e+00
2018 11 08  2145    58430   78300      0    2.30e+00    0    1.59e+00
2018 11 08  2150    58430   78600      0    2.28e+00    0    1.61e+00
2018 11 08  2155    58430   78900      0    2.19e+00    0    1.51e+00
2018 11 08  2200    58430   79200      0    2.35e+00    0    1.68e+00
2018 11 08  2205    58430   79500      9   -1.00e+05    9   -1.00e+05
2018 11 08  2210    58430   79800      0    2.37e+00    0    1.64e+00
2018 11 08  2215    58430   80100      0    2.33e+00    0    1.66e+00
2018 11 08  2220    58430   80400      0    2.27e+00    0    1.54e+00
2018 11 08  2225    58430   80700      0    2.24e+00    0    1.57e+00
2018 11 08  2230    58430   81000      0    2.24e+00    0    1.59e+00
2018 11 08  2235    58430   81300      0    2.28e+00    0    1.62e+00
2018 11 08  2240    58430   81600      0    2.43e+00    0    1.73e+00
2018 11 08  2245    58430   81900      0    2.35e+00    0    1.62e+00
2018 11 08  2250    58430   82200      0    2.25e+00    0    1.60e+00
2018 11 08  2255    58430   82500      0    2.28e+00    0    1.60e+00
2018 11 08  2300    58430   82800      0    2.30e+00    0    1.63e+00
2018 11 08  2305    58430   83100      0    2.32e+00    0    1.67e+00
2018 11 08  2310    58430   83400      0    2.24e+00    0    1.57e+00
2018 11 08  2315    58430   83700      0    2.21e+00    0    1.54e+00
2018 11 08  2320    58430   84000      0    2.17e+00    0    1.54e+00
2018 11 08  2325    58430   84300      0    2.28e+00    0    1.63e+00
2018 11 08  2330    58430   84600      0    2.26e+00    0    1.60e+00
2018 11 08  2335    58430   84900      0    2.31e+00    0    1.62e+00
2018 11 08  2340    58430   85200      0    2.21e+00    0    1.55e+00
2018 11 08  2345    58430   85500      0    2.29e+00    0    1.64e+00
2018 11 08  2350    58430   85800      0    2.29e+00    0    1.61e+00
2018 11 08  2355    58430   86100      0    2.29e+00    0    1.60e+00
