:Data_list: 20181012_ace_epam_5m.txt
:Created: 2018 Oct 12 0901 UT
# Prepared by the U.S. Dept. of Commerce, NOAA, Space Weather Prediction Center
# Please send comments and suggestions to SWPC.Webmaster@noaa.gov 
# 
# Units: Differential Flux particles/cm2-s-ster-MeV
# Units: Anisotropy Index 0.0 - 2.0
# Status(S): 0 = nominal, 4,6,7,8 = bad data, unable to process, 9 = no data
# Missing data values: -1.00e+05, index = -1.00
# Source: ACE Satellite - Electron, Proton, and Alpha Monitor
#
#
#                      5-minute averaged Real-time Differential Electron and Proton Flux 
# 
#                Modified Seconds ---------------------------- Differential Flux ---------------------------
# UT Date   Time  Julian  of the  ----- Electron -----   ------------------- Protons keV -------------------   Anis.
# YR MO DA  HHMM    Day    Day    S    38-53   175-315   S    47-68   115-195   310-580   795-1193 1060-1900   Index
#-------------------------------------------------------------------------------------------------------------------
2018 10 12  0000   58403       0 -1 -1.00e+05 -1.00e+05 -1 -1.00e+05 -1.00e+05 -1.00e+05 -1.00e+05 -1.00e+05  -1.00
2018 10 12  0005   58403     300 -1 -1.00e+05 -1.00e+05 -1 -1.00e+05 -1.00e+05 -1.00e+05 -1.00e+05 -1.00e+05  -1.00
2018 10 12  0010   58403     600 -1 -1.00e+05 -1.00e+05 -1 -1.00e+05 -1.00e+05 -1.00e+05 -1.00e+05 -1.00e+05  -1.00
2018 10 12  0015   58403     900 -1 -1.00e+05 -1.00e+05 -1 -1.00e+05 -1.00e+05 -1.00e+05 -1.00e+05 -1.00e+05  -1.00
2018 10 12  0020   58403    1200 -1 -1.00e+05 -1.00e+05 -1 -1.00e+05 -1.00e+05 -1.00e+05 -1.00e+05 -1.00e+05  -1.00
2018 10 12  0025   58403    1500 -1 -1.00e+05 -1.00e+05 -1 -1.00e+05 -1.00e+05 -1.00e+05 -1.00e+05 -1.00e+05  -1.00
2018 10 12  0030   58403    1800 -1 -1.00e+05 -1.00e+05 -1 -1.00e+05 -1.00e+05 -1.00e+05 -1.00e+05 -1.00e+05  -1.00
2018 10 12  0035   58403    2100 -1 -1.00e+05 -1.00e+05 -1 -1.00e+05 -1.00e+05 -1.00e+05 -1.00e+05 -1.00e+05  -1.00
2018 10 12  0040   58403    2400 -1 -1.00e+05 -1.00e+05 -1 -1.00e+05 -1.00e+05 -1.00e+05 -1.00e+05 -1.00e+05  -1.00
2018 10 12  0045   58403    2700 -1 -1.00e+05 -1.00e+05 -1 -1.00e+05 -1.00e+05 -1.00e+05 -1.00e+05 -1.00e+05  -1.00
2018 10 12  0050   58403    3000 -1 -1.00e+05 -1.00e+05 -1 -1.00e+05 -1.00e+05 -1.00e+05 -1.00e+05 -1.00e+05  -1.00
2018 10 12  0055   58403    3300 -1 -1.00e+05 -1.00e+05 -1 -1.00e+05 -1.00e+05 -1.00e+05 -1.00e+05 -1.00e+05  -1.00
2018 10 12  0100   58403    3600 -1 -1.00e+05 -1.00e+05 -1 -1.00e+05 -1.00e+05 -1.00e+05 -1.00e+05 -1.00e+05  -1.00
2018 10 12  0105   58403    3900 -1 -1.00e+05 -1.00e+05 -1 -1.00e+05 -1.00e+05 -1.00e+05 -1.00e+05 -1.00e+05  -1.00
2018 10 12  0110   58403    4200 -1 -1.00e+05 -1.00e+05 -1 -1.00e+05 -1.00e+05 -1.00e+05 -1.00e+05 -1.00e+05  -1.00
2018 10 12  0115   58403    4500 -1 -1.00e+05 -1.00e+05 -1 -1.00e+05 -1.00e+05 -1.00e+05 -1.00e+05 -1.00e+05  -1.00
2018 10 12  0120   58403    4800 -1 -1.00e+05 -1.00e+05 -1 -1.00e+05 -1.00e+05 -1.00e+05 -1.00e+05 -1.00e+05  -1.00
2018 10 12  0125   58403    5100 -1 -1.00e+05 -1.00e+05 -1 -1.00e+05 -1.00e+05 -1.00e+05 -1.00e+05 -1.00e+05  -1.00
2018 10 12  0130   58403    5400 -1 -1.00e+05 -1.00e+05 -1 -1.00e+05 -1.00e+05 -1.00e+05 -1.00e+05 -1.00e+05  -1.00
2018 10 12  0135   58403    5700 -1 -1.00e+05 -1.00e+05 -1 -1.00e+05 -1.00e+05 -1.00e+05 -1.00e+05 -1.00e+05  -1.00
2018 10 12  0140   58403    6000 -1 -1.00e+05 -1.00e+05 -1 -1.00e+05 -1.00e+05 -1.00e+05 -1.00e+05 -1.00e+05  -1.00
2018 10 12  0145   58403    6300 -1 -1.00e+05 -1.00e+05 -1 -1.00e+05 -1.00e+05 -1.00e+05 -1.00e+05 -1.00e+05  -1.00
2018 10 12  0150   58403    6600 -1 -1.00e+05 -1.00e+05 -1 -1.00e+05 -1.00e+05 -1.00e+05 -1.00e+05 -1.00e+05  -1.00
2018 10 12  0155   58403    6900 -1 -1.00e+05 -1.00e+05 -1 -1.00e+05 -1.00e+05 -1.00e+05 -1.00e+05 -1.00e+05  -1.00
2018 10 12  0200   58403    7200 -1 -1.00e+05 -1.00e+05 -1 -1.00e+05 -1.00e+05 -1.00e+05 -1.00e+05 -1.00e+05  -1.00
2018 10 12  0205   58403    7500 -1 -1.00e+05 -1.00e+05 -1 -1.00e+05 -1.00e+05 -1.00e+05 -1.00e+05 -1.00e+05  -1.00
2018 10 12  0210   58403    7800 -1 -1.00e+05 -1.00e+05 -1 -1.00e+05 -1.00e+05 -1.00e+05 -1.00e+05 -1.00e+05  -1.00
2018 10 12  0215   58403    8100 -1 -1.00e+05 -1.00e+05 -1 -1.00e+05 -1.00e+05 -1.00e+05 -1.00e+05 -1.00e+05  -1.00
2018 10 12  0220   58403    8400 -1 -1.00e+05 -1.00e+05 -1 -1.00e+05 -1.00e+05 -1.00e+05 -1.00e+05 -1.00e+05  -1.00
2018 10 12  0225   58403    8700 -1 -1.00e+05 -1.00e+05 -1 -1.00e+05 -1.00e+05 -1.00e+05 -1.00e+05 -1.00e+05  -1.00
2018 10 12  0230   58403    9000 -1 -1.00e+05 -1.00e+05 -1 -1.00e+05 -1.00e+05 -1.00e+05 -1.00e+05 -1.00e+05  -1.00
2018 10 12  0235   58403    9300 -1 -1.00e+05 -1.00e+05 -1 -1.00e+05 -1.00e+05 -1.00e+05 -1.00e+05 -1.00e+05  -1.00
2018 10 12  0240   58403    9600 -1 -1.00e+05 -1.00e+05 -1 -1.00e+05 -1.00e+05 -1.00e+05 -1.00e+05 -1.00e+05  -1.00
2018 10 12  0245   58403    9900 -1 -1.00e+05 -1.00e+05 -1 -1.00e+05 -1.00e+05 -1.00e+05 -1.00e+05 -1.00e+05  -1.00
2018 10 12  0250   58403   10200 -1 -1.00e+05 -1.00e+05 -1 -1.00e+05 -1.00e+05 -1.00e+05 -1.00e+05 -1.00e+05  -1.00
2018 10 12  0255   58403   10500 -1 -1.00e+05 -1.00e+05 -1 -1.00e+05 -1.00e+05 -1.00e+05 -1.00e+05 -1.00e+05  -1.00
2018 10 12  0300   58403   10800 -1 -1.00e+05 -1.00e+05 -1 -1.00e+05 -1.00e+05 -1.00e+05 -1.00e+05 -1.00e+05  -1.00
2018 10 12  0305   58403   11100 -1 -1.00e+05 -1.00e+05 -1 -1.00e+05 -1.00e+05 -1.00e+05 -1.00e+05 -1.00e+05  -1.00
2018 10 12  0310   58403   11400 -1 -1.00e+05 -1.00e+05 -1 -1.00e+05 -1.00e+05 -1.00e+05 -1.00e+05 -1.00e+05  -1.00
2018 10 12  0315   58403   11700 -1 -1.00e+05 -1.00e+05 -1 -1.00e+05 -1.00e+05 -1.00e+05 -1.00e+05 -1.00e+05  -1.00
2018 10 12  0320   58403   12000 -1 -1.00e+05 -1.00e+05 -1 -1.00e+05 -1.00e+05 -1.00e+05 -1.00e+05 -1.00e+05  -1.00
2018 10 12  0325   58403   12300 -1 -1.00e+05 -1.00e+05 -1 -1.00e+05 -1.00e+05 -1.00e+05 -1.00e+05 -1.00e+05  -1.00
2018 10 12  0330   58403   12600 -1 -1.00e+05 -1.00e+05 -1 -1.00e+05 -1.00e+05 -1.00e+05 -1.00e+05 -1.00e+05  -1.00
2018 10 12  0335   58403   12900 -1 -1.00e+05 -1.00e+05 -1 -1.00e+05 -1.00e+05 -1.00e+05 -1.00e+05 -1.00e+05  -1.00
2018 10 12  0340   58403   13200 -1 -1.00e+05 -1.00e+05 -1 -1.00e+05 -1.00e+05 -1.00e+05 -1.00e+05 -1.00e+05  -1.00
2018 10 12  0345   58403   13500 -1 -1.00e+05 -1.00e+05 -1 -1.00e+05 -1.00e+05 -1.00e+05 -1.00e+05 -1.00e+05  -1.00
2018 10 12  0350   58403   13800 -1 -1.00e+05 -1.00e+05 -1 -1.00e+05 -1.00e+05 -1.00e+05 -1.00e+05 -1.00e+05  -1.00
2018 10 12  0355   58403   14100 -1 -1.00e+05 -1.00e+05 -1 -1.00e+05 -1.00e+05 -1.00e+05 -1.00e+05 -1.00e+05  -1.00
2018 10 12  0400   58403   14400 -1 -1.00e+05 -1.00e+05 -1 -1.00e+05 -1.00e+05 -1.00e+05 -1.00e+05 -1.00e+05  -1.00
2018 10 12  0405   58403   14700 -1 -1.00e+05 -1.00e+05 -1 -1.00e+05 -1.00e+05 -1.00e+05 -1.00e+05 -1.00e+05  -1.00
2018 10 12  0410   58403   15000 -1 -1.00e+05 -1.00e+05 -1 -1.00e+05 -1.00e+05 -1.00e+05 -1.00e+05 -1.00e+05  -1.00
2018 10 12  0415   58403   15300 -1 -1.00e+05 -1.00e+05 -1 -1.00e+05 -1.00e+05 -1.00e+05 -1.00e+05 -1.00e+05  -1.00
2018 10 12  0420   58403   15600 -1 -1.00e+05 -1.00e+05 -1 -1.00e+05 -1.00e+05 -1.00e+05 -1.00e+05 -1.00e+05  -1.00
2018 10 12  0425   58403   15900 -1 -1.00e+05 -1.00e+05 -1 -1.00e+05 -1.00e+05 -1.00e+05 -1.00e+05 -1.00e+05  -1.00
2018 10 12  0430   58403   16200 -1 -1.00e+05 -1.00e+05 -1 -1.00e+05 -1.00e+05 -1.00e+05 -1.00e+05 -1.00e+05  -1.00
2018 10 12  0435   58403   16500 -1 -1.00e+05 -1.00e+05 -1 -1.00e+05 -1.00e+05 -1.00e+05 -1.00e+05 -1.00e+05  -1.00
2018 10 12  0440   58403   16800 -1 -1.00e+05 -1.00e+05 -1 -1.00e+05 -1.00e+05 -1.00e+05 -1.00e+05 -1.00e+05  -1.00
2018 10 12  0445   58403   17100 -1 -1.00e+05 -1.00e+05 -1 -1.00e+05 -1.00e+05 -1.00e+05 -1.00e+05 -1.00e+05  -1.00
2018 10 12  0450   58403   17400 -1 -1.00e+05 -1.00e+05 -1 -1.00e+05 -1.00e+05 -1.00e+05 -1.00e+05 -1.00e+05  -1.00
2018 10 12  0455   58403   17700 -1 -1.00e+05 -1.00e+05 -1 -1.00e+05 -1.00e+05 -1.00e+05 -1.00e+05 -1.00e+05  -1.00
2018 10 12  0500   58403   18000 -1 -1.00e+05 -1.00e+05 -1 -1.00e+05 -1.00e+05 -1.00e+05 -1.00e+05 -1.00e+05  -1.00
2018 10 12  0505   58403   18300 -1 -1.00e+05 -1.00e+05 -1 -1.00e+05 -1.00e+05 -1.00e+05 -1.00e+05 -1.00e+05  -1.00
2018 10 12  0510   58403   18600 -1 -1.00e+05 -1.00e+05 -1 -1.00e+05 -1.00e+05 -1.00e+05 -1.00e+05 -1.00e+05  -1.00
2018 10 12  0515   58403   18900 -1 -1.00e+05 -1.00e+05 -1 -1.00e+05 -1.00e+05 -1.00e+05 -1.00e+05 -1.00e+05  -1.00
2018 10 12  0520   58403   19200 -1 -1.00e+05 -1.00e+05 -1 -1.00e+05 -1.00e+05 -1.00e+05 -1.00e+05 -1.00e+05  -1.00
2018 10 12  0525   58403   19500 -1 -1.00e+05 -1.00e+05 -1 -1.00e+05 -1.00e+05 -1.00e+05 -1.00e+05 -1.00e+05  -1.00
2018 10 12  0530   58403   19800 -1 -1.00e+05 -1.00e+05 -1 -1.00e+05 -1.00e+05 -1.00e+05 -1.00e+05 -1.00e+05  -1.00
2018 10 12  0535   58403   20100 -1 -1.00e+05 -1.00e+05 -1 -1.00e+05 -1.00e+05 -1.00e+05 -1.00e+05 -1.00e+05  -1.00
2018 10 12  0540   58403   20400 -1 -1.00e+05 -1.00e+05 -1 -1.00e+05 -1.00e+05 -1.00e+05 -1.00e+05 -1.00e+05  -1.00
2018 10 12  0545   58403   20700 -1 -1.00e+05 -1.00e+05 -1 -1.00e+05 -1.00e+05 -1.00e+05 -1.00e+05 -1.00e+05  -1.00
2018 10 12  0550   58403   21000 -1 -1.00e+05 -1.00e+05 -1 -1.00e+05 -1.00e+05 -1.00e+05 -1.00e+05 -1.00e+05  -1.00
2018 10 12  0555   58403   21300 -1 -1.00e+05 -1.00e+05 -1 -1.00e+05 -1.00e+05 -1.00e+05 -1.00e+05 -1.00e+05  -1.00
2018 10 12  0600   58403   21600 -1 -1.00e+05 -1.00e+05 -1 -1.00e+05 -1.00e+05 -1.00e+05 -1.00e+05 -1.00e+05  -1.00
2018 10 12  0605   58403   21900 -1 -1.00e+05 -1.00e+05 -1 -1.00e+05 -1.00e+05 -1.00e+05 -1.00e+05 -1.00e+05  -1.00
2018 10 12  0610   58403   22200 -1 -1.00e+05 -1.00e+05 -1 -1.00e+05 -1.00e+05 -1.00e+05 -1.00e+05 -1.00e+05  -1.00
2018 10 12  0615   58403   22500 -1 -1.00e+05 -1.00e+05 -1 -1.00e+05 -1.00e+05 -1.00e+05 -1.00e+05 -1.00e+05  -1.00
2018 10 12  0620   58403   22800 -1 -1.00e+05 -1.00e+05 -1 -1.00e+05 -1.00e+05 -1.00e+05 -1.00e+05 -1.00e+05  -1.00
2018 10 12  0625   58403   23100 -1 -1.00e+05 -1.00e+05 -1 -1.00e+05 -1.00e+05 -1.00e+05 -1.00e+05 -1.00e+05  -1.00
2018 10 12  0630   58403   23400 -1 -1.00e+05 -1.00e+05 -1 -1.00e+05 -1.00e+05 -1.00e+05 -1.00e+05 -1.00e+05  -1.00
2018 10 12  0635   58403   23700  0  6.94e+02  3.83e+01  0  2.19e+03  1.30e+01  9.62e-01  2.61e-01  2.65e-01  -1.00
2018 10 12  0640   58403   24000  0  9.77e+02  3.31e+01  0  2.64e+03  2.52e+01  3.06e+00  5.82e-01  1.83e-01  -1.00
2018 10 12  0645   58403   24300  0  7.70e+02  2.62e+01  0  2.56e+03  2.10e+01  2.72e+00  7.25e-01  2.09e-01  -1.00
2018 10 12  0650   58403   24600  0  7.94e+02  2.56e+01  0  2.57e+03  1.74e+01  2.98e+00  6.26e-01  9.81e-02  -1.00
2018 10 12  0655   58403   24900  0  9.55e+02  2.74e+01  0  2.54e+03  1.90e+01  2.68e+00  6.76e-01  2.24e-01  -1.00
2018 10 12  0700   58403   25200  0  8.38e+02  3.18e+01  0  2.58e+03  2.03e+01  2.47e+00  6.73e-01  1.73e-01  -1.00
2018 10 12  0705   58403   25500  0  7.24e+02  3.17e+01  0  2.55e+03  2.00e+01  2.71e+00  7.58e-01  2.61e-01  -1.00
2018 10 12  0710   58403   25800  0  7.25e+02  3.49e+01  0  2.41e+03  2.06e+01  2.71e+00  7.29e-01  1.54e-01  -1.00
2018 10 12  0715   58403   26100  0  9.05e+02  3.04e+01  0  2.57e+03  2.24e+01  2.28e+00  4.82e-01  1.06e-01  -1.00
2018 10 12  0720   58403   26400  0  8.26e+02  2.34e+01  0  2.57e+03  2.23e+01  2.75e+00  8.12e-01  9.95e-02  -1.00
2018 10 12  0725   58403   26700  0  7.06e+02  2.18e+01  0  2.45e+03  1.99e+01  3.05e+00  9.08e-01  3.10e-01  -1.00
2018 10 12  0730   58403   27000  0  8.84e+02  2.67e+01  0  2.60e+03  2.05e+01  2.86e+00  7.42e-01  2.62e-01  -1.00
2018 10 12  0735   58403   27300  0  7.03e+02  3.51e+01  0  2.56e+03  2.09e+01  2.39e+00  5.42e-01  1.89e-01  -1.00
2018 10 12  0740   58403   27600  0  7.32e+02  2.49e+01  0  2.49e+03  2.19e+01  2.89e+00  6.15e-01  1.60e-01  -1.00
2018 10 12  0745   58403   27900  0  7.37e+02  3.20e+01  0  2.38e+03  2.07e+01  2.48e+00  8.62e-01  1.69e-01  -1.00
2018 10 12  0750   58403   28200  0  8.63e+02  3.09e+01  0  2.59e+03  2.08e+01  2.47e+00  6.68e-01  1.84e-01  -1.00
2018 10 12  0755   58403   28500  0  7.95e+02  2.91e+01  0  2.56e+03  2.22e+01  2.48e+00  5.60e-01  1.66e-01  -1.00
2018 10 12  0800   58403   28800  0  8.76e+02  2.73e+01  0  2.43e+03  1.84e+01  2.58e+00  5.56e-01  8.01e-02  -1.00
2018 10 12  0805   58403   29100  0  8.58e+02  2.67e+01  0  2.53e+03  2.03e+01  3.07e+00  6.19e-01  1.89e-01  -1.00
2018 10 12  0810   58403   29400  0  6.99e+02  3.20e+01  0  2.47e+03  1.70e+01  2.40e+00  7.12e-01  1.68e-01  -1.00
2018 10 12  0815   58403   29700  0  7.36e+02  3.02e+01  0  2.44e+03  1.73e+01  2.39e+00  7.74e-01  2.04e-01  -1.00
2018 10 12  0820   58403   30000  0  8.36e+02  2.95e+01  0  2.49e+03  2.04e+01  2.38e+00  8.72e-01  2.34e-01  -1.00
2018 10 12  0825   58403   30300  0  7.92e+02  2.81e+01  0  2.51e+03  1.88e+01  3.10e+00  6.67e-01  1.43e-01  -1.00
2018 10 12  0830   58403   30600  0  7.46e+02  3.16e+01  0  2.55e+03  2.24e+01  2.66e+00  5.38e-01  2.07e-01  -1.00
2018 10 12  0835   58403   30900  0  7.73e+02  2.76e+01  0  2.38e+03  1.82e+01  2.70e+00  4.02e-01  1.94e-01  -1.00
2018 10 12  0840   58403   31200  0  8.79e+02  2.89e+01  0  2.63e+03  1.96e+01  2.53e+00  6.68e-01  1.94e-01  -1.00
2018 10 12  0845   58403   31500  0  8.03e+02  2.88e+01  0  2.56e+03  1.84e+01  2.79e+00  6.68e-01  1.06e-01  -1.00
2018 10 12  0850   58403   31800  0  8.66e+02  3.50e+01  0  2.47e+03  1.98e+01  2.17e+00  6.83e-01  2.37e-01  -1.00
2018 10 12  0855   58403   32100  0  9.73e+02  3.72e+01  0  2.56e+03  2.30e+01  2.47e+00  5.17e-01  2.04e-01  -1.00
