:Data_list: 20180109_ace_epam_5m.txt
:Created: 2018 Jan 10 0011 UT
# Prepared by the U.S. Dept. of Commerce, NOAA, Space Weather Prediction Center
# Please send comments and suggestions to SWPC.Webmaster@noaa.gov 
# 
# Units: Differential Flux particles/cm2-s-ster-MeV
# Units: Anisotropy Index 0.0 - 2.0
# Status(S): 0 = nominal, 4,6,7,8 = bad data, unable to process, 9 = no data
# Missing data values: -1.00e+05, index = -1.00
# Source: ACE Satellite - Electron, Proton, and Alpha Monitor
#
#
#                      5-minute averaged Real-time Differential Electron and Proton Flux 
# 
#                Modified Seconds ---------------------------- Differential Flux ---------------------------
# UT Date   Time  Julian  of the  ----- Electron -----   ------------------- Protons keV -------------------   Anis.
# YR MO DA  HHMM    Day    Day    S    38-53   175-315   S    47-68   115-195   310-580   795-1193 1060-1900   Index
#-------------------------------------------------------------------------------------------------------------------
2018 01 09  0000   58127       0 -1 -1.00e+05 -1.00e+05 -1 -1.00e+05 -1.00e+05 -1.00e+05 -1.00e+05 -1.00e+05  -1.00
2018 01 09  0005   58127     300 -1 -1.00e+05 -1.00e+05 -1 -1.00e+05 -1.00e+05 -1.00e+05 -1.00e+05 -1.00e+05  -1.00
2018 01 09  0010   58127     600 -1 -1.00e+05 -1.00e+05 -1 -1.00e+05 -1.00e+05 -1.00e+05 -1.00e+05 -1.00e+05  -1.00
2018 01 09  0015   58127     900 -1 -1.00e+05 -1.00e+05 -1 -1.00e+05 -1.00e+05 -1.00e+05 -1.00e+05 -1.00e+05  -1.00
2018 01 09  0020   58127    1200 -1 -1.00e+05 -1.00e+05 -1 -1.00e+05 -1.00e+05 -1.00e+05 -1.00e+05 -1.00e+05  -1.00
2018 01 09  0025   58127    1500 -1 -1.00e+05 -1.00e+05 -1 -1.00e+05 -1.00e+05 -1.00e+05 -1.00e+05 -1.00e+05  -1.00
2018 01 09  0030   58127    1800 -1 -1.00e+05 -1.00e+05 -1 -1.00e+05 -1.00e+05 -1.00e+05 -1.00e+05 -1.00e+05  -1.00
2018 01 09  0035   58127    2100 -1 -1.00e+05 -1.00e+05 -1 -1.00e+05 -1.00e+05 -1.00e+05 -1.00e+05 -1.00e+05  -1.00
2018 01 09  0040   58127    2400 -1 -1.00e+05 -1.00e+05 -1 -1.00e+05 -1.00e+05 -1.00e+05 -1.00e+05 -1.00e+05  -1.00
2018 01 09  0045   58127    2700 -1 -1.00e+05 -1.00e+05 -1 -1.00e+05 -1.00e+05 -1.00e+05 -1.00e+05 -1.00e+05  -1.00
2018 01 09  0050   58127    3000 -1 -1.00e+05 -1.00e+05 -1 -1.00e+05 -1.00e+05 -1.00e+05 -1.00e+05 -1.00e+05  -1.00
2018 01 09  0055   58127    3300 -1 -1.00e+05 -1.00e+05 -1 -1.00e+05 -1.00e+05 -1.00e+05 -1.00e+05 -1.00e+05  -1.00
2018 01 09  0100   58127    3600 -1 -1.00e+05 -1.00e+05 -1 -1.00e+05 -1.00e+05 -1.00e+05 -1.00e+05 -1.00e+05  -1.00
2018 01 09  0105   58127    3900 -1 -1.00e+05 -1.00e+05 -1 -1.00e+05 -1.00e+05 -1.00e+05 -1.00e+05 -1.00e+05  -1.00
2018 01 09  0110   58127    4200 -1 -1.00e+05 -1.00e+05 -1 -1.00e+05 -1.00e+05 -1.00e+05 -1.00e+05 -1.00e+05  -1.00
2018 01 09  0115   58127    4500 -1 -1.00e+05 -1.00e+05 -1 -1.00e+05 -1.00e+05 -1.00e+05 -1.00e+05 -1.00e+05  -1.00
2018 01 09  0120   58127    4800 -1 -1.00e+05 -1.00e+05 -1 -1.00e+05 -1.00e+05 -1.00e+05 -1.00e+05 -1.00e+05  -1.00
2018 01 09  0125   58127    5100 -1 -1.00e+05 -1.00e+05 -1 -1.00e+05 -1.00e+05 -1.00e+05 -1.00e+05 -1.00e+05  -1.00
2018 01 09  0130   58127    5400 -1 -1.00e+05 -1.00e+05 -1 -1.00e+05 -1.00e+05 -1.00e+05 -1.00e+05 -1.00e+05  -1.00
2018 01 09  0135   58127    5700 -1 -1.00e+05 -1.00e+05 -1 -1.00e+05 -1.00e+05 -1.00e+05 -1.00e+05 -1.00e+05  -1.00
2018 01 09  0140   58127    6000 -1 -1.00e+05 -1.00e+05 -1 -1.00e+05 -1.00e+05 -1.00e+05 -1.00e+05 -1.00e+05  -1.00
2018 01 09  0145   58127    6300 -1 -1.00e+05 -1.00e+05 -1 -1.00e+05 -1.00e+05 -1.00e+05 -1.00e+05 -1.00e+05  -1.00
2018 01 09  0150   58127    6600 -1 -1.00e+05 -1.00e+05 -1 -1.00e+05 -1.00e+05 -1.00e+05 -1.00e+05 -1.00e+05  -1.00
2018 01 09  0155   58127    6900 -1 -1.00e+05 -1.00e+05 -1 -1.00e+05 -1.00e+05 -1.00e+05 -1.00e+05 -1.00e+05  -1.00
2018 01 09  0200   58127    7200 -1 -1.00e+05 -1.00e+05 -1 -1.00e+05 -1.00e+05 -1.00e+05 -1.00e+05 -1.00e+05  -1.00
2018 01 09  0205   58127    7500 -1 -1.00e+05 -1.00e+05 -1 -1.00e+05 -1.00e+05 -1.00e+05 -1.00e+05 -1.00e+05  -1.00
2018 01 09  0210   58127    7800 -1 -1.00e+05 -1.00e+05 -1 -1.00e+05 -1.00e+05 -1.00e+05 -1.00e+05 -1.00e+05  -1.00
2018 01 09  0215   58127    8100 -1 -1.00e+05 -1.00e+05 -1 -1.00e+05 -1.00e+05 -1.00e+05 -1.00e+05 -1.00e+05  -1.00
2018 01 09  0220   58127    8400 -1 -1.00e+05 -1.00e+05 -1 -1.00e+05 -1.00e+05 -1.00e+05 -1.00e+05 -1.00e+05  -1.00
2018 01 09  0225   58127    8700 -1 -1.00e+05 -1.00e+05 -1 -1.00e+05 -1.00e+05 -1.00e+05 -1.00e+05 -1.00e+05  -1.00
2018 01 09  0230   58127    9000 -1 -1.00e+05 -1.00e+05 -1 -1.00e+05 -1.00e+05 -1.00e+05 -1.00e+05 -1.00e+05  -1.00
2018 01 09  0235   58127    9300 -1 -1.00e+05 -1.00e+05 -1 -1.00e+05 -1.00e+05 -1.00e+05 -1.00e+05 -1.00e+05  -1.00
2018 01 09  0240   58127    9600 -1 -1.00e+05 -1.00e+05 -1 -1.00e+05 -1.00e+05 -1.00e+05 -1.00e+05 -1.00e+05  -1.00
2018 01 09  0245   58127    9900 -1 -1.00e+05 -1.00e+05 -1 -1.00e+05 -1.00e+05 -1.00e+05 -1.00e+05 -1.00e+05  -1.00
2018 01 09  0250   58127   10200 -1 -1.00e+05 -1.00e+05 -1 -1.00e+05 -1.00e+05 -1.00e+05 -1.00e+05 -1.00e+05  -1.00
2018 01 09  0255   58127   10500 -1 -1.00e+05 -1.00e+05 -1 -1.00e+05 -1.00e+05 -1.00e+05 -1.00e+05 -1.00e+05  -1.00
2018 01 09  0300   58127   10800 -1 -1.00e+05 -1.00e+05 -1 -1.00e+05 -1.00e+05 -1.00e+05 -1.00e+05 -1.00e+05  -1.00
2018 01 09  0305   58127   11100 -1 -1.00e+05 -1.00e+05 -1 -1.00e+05 -1.00e+05 -1.00e+05 -1.00e+05 -1.00e+05  -1.00
2018 01 09  0310   58127   11400 -1 -1.00e+05 -1.00e+05 -1 -1.00e+05 -1.00e+05 -1.00e+05 -1.00e+05 -1.00e+05  -1.00
2018 01 09  0315   58127   11700 -1 -1.00e+05 -1.00e+05 -1 -1.00e+05 -1.00e+05 -1.00e+05 -1.00e+05 -1.00e+05  -1.00
2018 01 09  0320   58127   12000 -1 -1.00e+05 -1.00e+05 -1 -1.00e+05 -1.00e+05 -1.00e+05 -1.00e+05 -1.00e+05  -1.00
2018 01 09  0325   58127   12300 -1 -1.00e+05 -1.00e+05 -1 -1.00e+05 -1.00e+05 -1.00e+05 -1.00e+05 -1.00e+05  -1.00
2018 01 09  0330   58127   12600 -1 -1.00e+05 -1.00e+05 -1 -1.00e+05 -1.00e+05 -1.00e+05 -1.00e+05 -1.00e+05  -1.00
2018 01 09  0335   58127   12900 -1 -1.00e+05 -1.00e+05 -1 -1.00e+05 -1.00e+05 -1.00e+05 -1.00e+05 -1.00e+05  -1.00
2018 01 09  0340   58127   13200 -1 -1.00e+05 -1.00e+05 -1 -1.00e+05 -1.00e+05 -1.00e+05 -1.00e+05 -1.00e+05  -1.00
2018 01 09  0345   58127   13500 -1 -1.00e+05 -1.00e+05 -1 -1.00e+05 -1.00e+05 -1.00e+05 -1.00e+05 -1.00e+05  -1.00
2018 01 09  0350   58127   13800 -1 -1.00e+05 -1.00e+05 -1 -1.00e+05 -1.00e+05 -1.00e+05 -1.00e+05 -1.00e+05  -1.00
2018 01 09  0355   58127   14100 -1 -1.00e+05 -1.00e+05 -1 -1.00e+05 -1.00e+05 -1.00e+05 -1.00e+05 -1.00e+05  -1.00
2018 01 09  0400   58127   14400 -1 -1.00e+05 -1.00e+05 -1 -1.00e+05 -1.00e+05 -1.00e+05 -1.00e+05 -1.00e+05  -1.00
2018 01 09  0405   58127   14700 -1 -1.00e+05 -1.00e+05 -1 -1.00e+05 -1.00e+05 -1.00e+05 -1.00e+05 -1.00e+05  -1.00
2018 01 09  0410   58127   15000 -1 -1.00e+05 -1.00e+05 -1 -1.00e+05 -1.00e+05 -1.00e+05 -1.00e+05 -1.00e+05  -1.00
2018 01 09  0415   58127   15300 -1 -1.00e+05 -1.00e+05 -1 -1.00e+05 -1.00e+05 -1.00e+05 -1.00e+05 -1.00e+05  -1.00
2018 01 09  0420   58127   15600 -1 -1.00e+05 -1.00e+05 -1 -1.00e+05 -1.00e+05 -1.00e+05 -1.00e+05 -1.00e+05  -1.00
2018 01 09  0425   58127   15900 -1 -1.00e+05 -1.00e+05 -1 -1.00e+05 -1.00e+05 -1.00e+05 -1.00e+05 -1.00e+05  -1.00
2018 01 09  0430   58127   16200 -1 -1.00e+05 -1.00e+05 -1 -1.00e+05 -1.00e+05 -1.00e+05 -1.00e+05 -1.00e+05  -1.00
2018 01 09  0435   58127   16500 -1 -1.00e+05 -1.00e+05 -1 -1.00e+05 -1.00e+05 -1.00e+05 -1.00e+05 -1.00e+05  -1.00
2018 01 09  0440   58127   16800 -1 -1.00e+05 -1.00e+05 -1 -1.00e+05 -1.00e+05 -1.00e+05 -1.00e+05 -1.00e+05  -1.00
2018 01 09  0445   58127   17100 -1 -1.00e+05 -1.00e+05 -1 -1.00e+05 -1.00e+05 -1.00e+05 -1.00e+05 -1.00e+05  -1.00
2018 01 09  0450   58127   17400 -1 -1.00e+05 -1.00e+05 -1 -1.00e+05 -1.00e+05 -1.00e+05 -1.00e+05 -1.00e+05  -1.00
2018 01 09  0455   58127   17700 -1 -1.00e+05 -1.00e+05 -1 -1.00e+05 -1.00e+05 -1.00e+05 -1.00e+05 -1.00e+05  -1.00
2018 01 09  0500   58127   18000 -1 -1.00e+05 -1.00e+05 -1 -1.00e+05 -1.00e+05 -1.00e+05 -1.00e+05 -1.00e+05  -1.00
2018 01 09  0505   58127   18300 -1 -1.00e+05 -1.00e+05 -1 -1.00e+05 -1.00e+05 -1.00e+05 -1.00e+05 -1.00e+05  -1.00
2018 01 09  0510   58127   18600 -1 -1.00e+05 -1.00e+05 -1 -1.00e+05 -1.00e+05 -1.00e+05 -1.00e+05 -1.00e+05  -1.00
2018 01 09  0515   58127   18900 -1 -1.00e+05 -1.00e+05 -1 -1.00e+05 -1.00e+05 -1.00e+05 -1.00e+05 -1.00e+05  -1.00
2018 01 09  0520   58127   19200 -1 -1.00e+05 -1.00e+05 -1 -1.00e+05 -1.00e+05 -1.00e+05 -1.00e+05 -1.00e+05  -1.00
2018 01 09  0525   58127   19500 -1 -1.00e+05 -1.00e+05 -1 -1.00e+05 -1.00e+05 -1.00e+05 -1.00e+05 -1.00e+05  -1.00
2018 01 09  0530   58127   19800 -1 -1.00e+05 -1.00e+05 -1 -1.00e+05 -1.00e+05 -1.00e+05 -1.00e+05 -1.00e+05  -1.00
2018 01 09  0535   58127   20100 -1 -1.00e+05 -1.00e+05 -1 -1.00e+05 -1.00e+05 -1.00e+05 -1.00e+05 -1.00e+05  -1.00
2018 01 09  0540   58127   20400 -1 -1.00e+05 -1.00e+05 -1 -1.00e+05 -1.00e+05 -1.00e+05 -1.00e+05 -1.00e+05  -1.00
2018 01 09  0545   58127   20700 -1 -1.00e+05 -1.00e+05 -1 -1.00e+05 -1.00e+05 -1.00e+05 -1.00e+05 -1.00e+05  -1.00
2018 01 09  0550   58127   21000 -1 -1.00e+05 -1.00e+05 -1 -1.00e+05 -1.00e+05 -1.00e+05 -1.00e+05 -1.00e+05  -1.00
2018 01 09  0555   58127   21300 -1 -1.00e+05 -1.00e+05 -1 -1.00e+05 -1.00e+05 -1.00e+05 -1.00e+05 -1.00e+05  -1.00
2018 01 09  0600   58127   21600 -1 -1.00e+05 -1.00e+05 -1 -1.00e+05 -1.00e+05 -1.00e+05 -1.00e+05 -1.00e+05  -1.00
2018 01 09  0605   58127   21900 -1 -1.00e+05 -1.00e+05 -1 -1.00e+05 -1.00e+05 -1.00e+05 -1.00e+05 -1.00e+05  -1.00
2018 01 09  0610   58127   22200 -1 -1.00e+05 -1.00e+05 -1 -1.00e+05 -1.00e+05 -1.00e+05 -1.00e+05 -1.00e+05  -1.00
2018 01 09  0615   58127   22500 -1 -1.00e+05 -1.00e+05 -1 -1.00e+05 -1.00e+05 -1.00e+05 -1.00e+05 -1.00e+05  -1.00
2018 01 09  0620   58127   22800 -1 -1.00e+05 -1.00e+05 -1 -1.00e+05 -1.00e+05 -1.00e+05 -1.00e+05 -1.00e+05  -1.00
2018 01 09  0625   58127   23100 -1 -1.00e+05 -1.00e+05 -1 -1.00e+05 -1.00e+05 -1.00e+05 -1.00e+05 -1.00e+05  -1.00
2018 01 09  0630   58127   23400 -1 -1.00e+05 -1.00e+05 -1 -1.00e+05 -1.00e+05 -1.00e+05 -1.00e+05 -1.00e+05  -1.00
2018 01 09  0635   58127   23700 -1 -1.00e+05 -1.00e+05 -1 -1.00e+05 -1.00e+05 -1.00e+05 -1.00e+05 -1.00e+05  -1.00
2018 01 09  0640   58127   24000 -1 -1.00e+05 -1.00e+05 -1 -1.00e+05 -1.00e+05 -1.00e+05 -1.00e+05 -1.00e+05  -1.00
2018 01 09  0645   58127   24300 -1 -1.00e+05 -1.00e+05 -1 -1.00e+05 -1.00e+05 -1.00e+05 -1.00e+05 -1.00e+05  -1.00
2018 01 09  0650   58127   24600 -1 -1.00e+05 -1.00e+05 -1 -1.00e+05 -1.00e+05 -1.00e+05 -1.00e+05 -1.00e+05  -1.00
2018 01 09  0655   58127   24900 -1 -1.00e+05 -1.00e+05 -1 -1.00e+05 -1.00e+05 -1.00e+05 -1.00e+05 -1.00e+05  -1.00
2018 01 09  0700   58127   25200  0  9.34e+02  2.47e+01  0  3.60e+03  1.83e+01  2.70e+00  6.34e-01  1.75e-01  -1.00
2018 01 09  0705   58127   25500  0  1.08e+03  3.24e+01  0  3.69e+03  1.91e+01  2.84e+00  7.11e-01  2.01e-01  -1.00
2018 01 09  0710   58127   25800  0  9.73e+02  3.33e+01  0  3.76e+03  2.15e+01  2.56e+00  6.79e-01  1.05e-01  -1.00
2018 01 09  0715   58127   26100  0  1.03e+03  3.09e+01  0  3.65e+03  2.03e+01  2.34e+00  6.37e-01  2.51e-01  -1.00
2018 01 09  0720   58127   26400  0  1.04e+03  3.33e+01  0  3.65e+03  1.73e+01  2.35e+00  5.40e-01  2.81e-01  -1.00
2018 01 09  0725   58127   26700  0  1.12e+03  2.89e+01  0  3.93e+03  1.85e+01  2.57e+00  5.70e-01  1.36e-01  -1.00
2018 01 09  0730   58127   27000  0  9.03e+02  2.73e+01  0  3.89e+03  1.64e+01  2.01e+00  6.26e-01  1.12e-01  -1.00
2018 01 09  0735   58127   27300  0  9.47e+02  3.08e+01  0  3.58e+03  2.11e+01  2.56e+00  8.50e-01  1.77e-01  -1.00
2018 01 09  0740   58127   27600  0  1.22e+03  3.04e+01  0  4.60e+03  2.96e+01  2.11e+00  6.97e-01  2.30e-01  -1.00
2018 01 09  0745   58127   27900  0  1.04e+03  2.78e+01  0  3.90e+03  2.34e+01  2.14e+00  7.82e-01  2.08e-01  -1.00
2018 01 09  0750   58127   28200  0  8.57e+02  2.23e+01  0  3.86e+03  2.27e+01  2.31e+00  5.47e-01  1.15e-01  -1.00
2018 01 09  0755   58127   28500  0  1.00e+03  2.62e+01  0  3.91e+03  2.58e+01  2.18e+00  5.39e-01  1.66e-01  -1.00
2018 01 09  0800   58127   28800  0  1.07e+03  3.01e+01  0  3.93e+03  2.53e+01  2.54e+00  6.86e-01  2.03e-01  -1.00
2018 01 09  0805   58127   29100  0  9.37e+02  2.91e+01  0  3.89e+03  2.58e+01  2.11e+00  6.13e-01  1.95e-01  -1.00
2018 01 09  0810   58127   29400  0  1.05e+03  2.70e+01  0  3.61e+03  2.32e+01  2.07e+00  6.22e-01  1.54e-01  -1.00
2018 01 09  0815   58127   29700  0  1.08e+03  2.76e+01  0  3.89e+03  2.31e+01  2.92e+00  4.22e-01  1.99e-01  -1.00
2018 01 09  0820   58127   30000  0  8.16e+02  2.52e+01  0  3.83e+03  1.98e+01  2.33e+00  6.23e-01  1.58e-01  -1.00
2018 01 09  0825   58127   30300  0  9.53e+02  2.66e+01  0  3.61e+03  1.70e+01  2.27e+00  7.04e-01  1.05e-01  -1.00
2018 01 09  0830   58127   30600  0  1.12e+03  2.74e+01  0  3.79e+03  1.70e+01  2.54e+00  8.27e-01  2.09e-01  -1.00
2018 01 09  0835   58127   30900  0  8.04e+02  2.34e+01  0  3.78e+03  1.84e+01  1.97e+00  5.10e-01  1.13e-01  -1.00
2018 01 09  0840   58127   31200  0  8.28e+02  2.67e+01  0  3.71e+03  1.81e+01  1.81e+00  6.38e-01  1.18e-01  -1.00
2018 01 09  0845   58127   31500  0  1.01e+03  3.07e+01  0  3.56e+03  1.94e+01  2.40e+00  6.79e-01  1.45e-01  -1.00
2018 01 09  0850   58127   31800  0  1.22e+03  2.57e+01  0  3.80e+03  2.20e+01  2.29e+00  5.05e-01  1.72e-01  -1.00
2018 01 09  0855   58127   32100  0  9.95e+02  3.08e+01  0  3.86e+03  1.70e+01  2.58e+00  8.91e-01  1.48e-01  -1.00
2018 01 09  0900   58127   32400  0  7.81e+02  2.63e+01  0  3.57e+03  1.89e+01  2.18e+00  6.73e-01  1.73e-01  -1.00
2018 01 09  0905   58127   32700  0  1.02e+03  2.64e+01  0  3.82e+03  2.21e+01  2.12e+00  6.32e-01  1.06e-01  -1.00
2018 01 09  0910   58127   33000  0  8.16e+02  2.71e+01  0  3.85e+03  1.95e+01  2.74e+00  6.61e-01  1.40e-01  -1.00
2018 01 09  0915   58127   33300  0  8.42e+02  2.84e+01  0  3.72e+03  1.61e+01  1.98e+00  6.44e-01  2.69e-01  -1.00
2018 01 09  0920   58127   33600  0  8.20e+02  2.50e+01  0  3.62e+03  1.91e+01  2.28e+00  7.64e-01  1.48e-01  -1.00
2018 01 09  0925   58127   33900  0  8.21e+02  2.00e+01  0  3.83e+03  1.81e+01  2.47e+00  5.27e-01  1.43e-01  -1.00
2018 01 09  0930   58127   34200  0  8.68e+02  2.76e+01  0  3.74e+03  2.05e+01  2.20e+00  7.73e-01  1.69e-01  -1.00
2018 01 09  0935   58127   34500  0  7.94e+02  2.65e+01  0  3.53e+03  1.99e+01  2.62e+00  5.16e-01  2.22e-01  -1.00
2018 01 09  0940   58127   34800  0  1.07e+03  2.71e+01  0  3.80e+03  1.86e+01  2.69e+00  6.04e-01  1.46e-01  -1.00
2018 01 09  0945   58127   35100  0  7.44e+02  2.26e+01  0  3.70e+03  1.99e+01  2.45e+00  6.76e-01  1.96e-01  -1.00
2018 01 09  0950   58127   35400  0  8.62e+02  2.36e+01  0  3.69e+03  1.98e+01  1.90e+00  4.32e-01  2.57e-01  -1.00
2018 01 09  0955   58127   35700  0  1.09e+03  2.70e+01  0  3.80e+03  2.05e+01  2.67e+00  6.89e-01  1.14e-01  -1.00
2018 01 09  1000   58127   36000  0  9.27e+02  2.90e+01  0  3.81e+03  1.90e+01  2.11e+00  6.94e-01  1.43e-01  -1.00
2018 01 09  1005   58127   36300  0  9.33e+02  3.04e+01  0  3.77e+03  1.80e+01  2.18e+00  7.50e-01  1.38e-01  -1.00
2018 01 09  1010   58127   36600  0  9.27e+02  3.01e+01  0  3.46e+03  2.16e+01  2.75e+00  7.38e-01  1.28e-01  -1.00
2018 01 09  1015   58127   36900  0  1.09e+03  2.60e+01  0  3.91e+03  2.33e+01  2.59e+00  5.76e-01  1.86e-01  -1.00
2018 01 09  1020   58127   37200  0  7.33e+02  2.36e+01  0  3.68e+03  2.06e+01  2.59e+00  5.16e-01  1.39e-01  -1.00
2018 01 09  1025   58127   37500  0  9.34e+02  2.57e+01  0  3.59e+03  2.28e+01  2.65e+00  6.42e-01  1.87e-01  -1.00
2018 01 09  1030   58127   37800  0  1.06e+03  2.63e+01  0  3.74e+03  1.88e+01  2.66e+00  6.85e-01  1.79e-01  -1.00
2018 01 09  1035   58127   38100  0  7.31e+02  2.20e+01  0  3.75e+03  1.96e+01  2.29e+00  7.96e-01  2.00e-01  -1.00
2018 01 09  1040   58127   38400  0  8.66e+02  2.94e+01  0  3.78e+03  2.08e+01  2.42e+00  5.27e-01  1.00e-01  -1.00
2018 01 09  1045   58127   38700  0  9.39e+02  2.48e+01  0  3.61e+03  2.08e+01  2.45e+00  7.42e-01  1.63e-01  -1.00
2018 01 09  1050   58127   39000  0  9.71e+02  2.99e+01  0  3.88e+03  1.93e+01  2.15e+00  6.85e-01  1.84e-01  -1.00
2018 01 09  1055   58127   39300  0  8.41e+02  3.41e+01  0  3.77e+03  2.05e+01  2.43e+00  3.68e-01  1.73e-01  -1.00
2018 01 09  1100   58127   39600  0  8.72e+02  2.30e+01  0  3.65e+03  2.01e+01  2.65e+00  5.14e-01  1.35e-01  -1.00
2018 01 09  1105   58127   39900  0  1.03e+03  2.51e+01  0  3.87e+03  1.86e+01  2.42e+00  5.99e-01  2.29e-01  -1.00
2018 01 09  1110   58127   40200  0  7.89e+02  2.69e+01  0  3.73e+03  2.14e+01  2.35e+00  6.00e-01  1.35e-01  -1.00
2018 01 09  1115   58127   40500  0  9.38e+02  2.85e+01  0  3.67e+03  2.11e+01  1.85e+00  9.25e-01  1.30e-01  -1.00
2018 01 09  1120   58127   40800  0  9.87e+02  3.02e+01  0  3.74e+03  2.20e+01  2.30e+00  5.99e-01  1.45e-01  -1.00
2018 01 09  1125   58127   41100  0  9.16e+02  2.57e+01  0  3.78e+03  1.93e+01  2.43e+00  6.45e-01  2.56e-01  -1.00
2018 01 09  1130   58127   41400  0  8.51e+02  3.13e+01  0  3.62e+03  2.09e+01  2.47e+00  7.23e-01  7.82e-02  -1.00
2018 01 09  1135   58127   41700  0  7.41e+02  2.53e+01  0  3.51e+03  2.13e+01  2.56e+00  5.74e-01  1.89e-01  -1.00
2018 01 09  1140   58127   42000  0  1.14e+03  3.18e+01  0  3.82e+03  1.94e+01  1.88e+00  7.00e-01  1.79e-01  -1.00
2018 01 09  1145   58127   42300  0  8.21e+02  2.50e+01  0  3.97e+03  2.00e+01  2.76e+00  5.22e-01  9.44e-02  -1.00
2018 01 09  1150   58127   42600  0  9.26e+02  2.61e+01  0  3.75e+03  2.02e+01  2.45e+00  7.77e-01  1.83e-01  -1.00
2018 01 09  1155   58127   42900  0  1.10e+03  3.11e+01  0  3.90e+03  2.24e+01  1.87e+00  5.67e-01  1.05e-01  -1.00
2018 01 09  1200   58127   43200  0  8.47e+02  2.99e+01  0  3.90e+03  2.24e+01  2.72e+00  7.52e-01  1.87e-01  -1.00
2018 01 09  1205   58127   43500  0  9.24e+02  3.27e+01  0  3.93e+03  2.68e+01  2.28e+00  5.99e-01  2.43e-01  -1.00
2018 01 09  1210   58127   43800  0  8.97e+02  2.53e+01  0  3.85e+03  2.64e+01  2.62e+00  4.62e-01  2.33e-01  -1.00
2018 01 09  1215   58127   44100  0  9.78e+02  2.70e+01  0  4.99e+03  4.29e+01  2.88e+00  6.54e-01  1.99e-01  -1.00
2018 01 09  1220   58127   44400  0  9.97e+02  3.20e+01  0  4.48e+03  3.64e+01  2.85e+00  6.25e-01  2.22e-01  -1.00
2018 01 09  1225   58127   44700  0  9.22e+02  2.68e+01  0  5.51e+03  4.75e+01  2.46e+00  5.49e-01  2.45e-01  -1.00
2018 01 09  1230   58127   45000  0  1.20e+03  2.86e+01  0  3.74e+03  2.02e+01  2.70e+00  5.62e-01  1.75e-01  -1.00
2018 01 09  1235   58127   45300  0  9.63e+02  3.27e+01  0  3.73e+03  2.11e+01  2.15e+00  6.68e-01  1.54e-01  -1.00
2018 01 09  1240   58127   45600  0  9.34e+02  2.76e+01  0  3.74e+03  2.30e+01  2.20e+00  6.56e-01  1.05e-01  -1.00
2018 01 09  1245   58127   45900  0  1.17e+03  2.35e+01  0  3.85e+03  2.39e+01  2.85e+00  7.54e-01  1.83e-01  -1.00
2018 01 09  1250   58127   46200  0  1.01e+03  2.71e+01  0  3.88e+03  2.05e+01  1.95e+00  3.66e-01  1.79e-01  -1.00
2018 01 09  1255   58127   46500  0  7.64e+02  3.18e+01  0  3.90e+03  2.32e+01  2.73e+00  6.13e-01  1.31e-01  -1.00
2018 01 09  1300   58127   46800  0  7.92e+02  3.23e+01  0  3.53e+03  2.33e+01  2.45e+00  6.20e-01  1.74e-01  -1.00
2018 01 09  1305   58127   47100  0  9.42e+02  2.66e+01  0  3.81e+03  2.16e+01  2.42e+00  6.38e-01  1.96e-01  -1.00
2018 01 09  1310   58127   47400  0  7.11e+02  2.27e+01  0  3.82e+03  2.38e+01  2.24e+00  7.48e-01  9.34e-02  -1.00
2018 01 09  1315   58127   47700  0  8.29e+02  2.62e+01  0  3.80e+03  2.43e+01  2.04e+00  7.27e-01  1.57e-01  -1.00
2018 01 09  1320   58127   48000  0  9.30e+02  2.85e+01  0  3.95e+03  2.45e+01  2.19e+00  1.04e+00  1.06e-01  -1.00
2018 01 09  1325   58127   48300  0  8.53e+02  2.32e+01  0  3.76e+03  1.92e+01  2.64e+00  6.75e-01  1.97e-01  -1.00
2018 01 09  1330   58127   48600  0  9.17e+02  3.06e+01  0  3.82e+03  2.20e+01  2.33e+00  6.89e-01  2.95e-01  -1.00
2018 01 09  1335   58127   48900  0  8.15e+02  1.96e+01  0  3.63e+03  2.03e+01  2.17e+00  9.36e-01  1.60e-01  -1.00
2018 01 09  1340   58127   49200  0  9.86e+02  2.84e+01  0  3.96e+03  2.25e+01  2.34e+00  7.78e-01  2.15e-01  -1.00
2018 01 09  1345   58127   49500  0  7.39e+02  2.72e+01  0  3.93e+03  2.37e+01  2.17e+00  3.92e-01  1.02e-01  -1.00
2018 01 09  1350   58127   49800  0  8.72e+02  3.16e+01  0  3.68e+03  2.29e+01  2.16e+00  6.02e-01  2.61e-01  -1.00
2018 01 09  1355   58127   50100  0  1.06e+03  2.58e+01  0  3.84e+03  2.10e+01  2.43e+00  6.42e-01  1.75e-01  -1.00
2018 01 09  1400   58127   50400  0  7.52e+02  2.36e+01  0  3.77e+03  2.49e+01  2.42e+00  5.32e-01  1.32e-01  -1.00
2018 01 09  1405   58127   50700  0  9.75e+02  2.91e+01  0  3.85e+03  2.29e+01  2.15e+00  7.42e-01  2.40e-01  -1.00
2018 01 09  1410   58127   51000  0  8.45e+02  2.42e+01  0  3.72e+03  2.08e+01  2.62e+00  7.68e-01  1.68e-01  -1.00
2018 01 09  1415   58127   51300  0  1.03e+03  2.71e+01  0  3.91e+03  1.90e+01  2.06e+00  7.70e-01  1.87e-01  -1.00
2018 01 09  1420   58127   51600  0  1.02e+03  2.49e+01  0  3.82e+03  2.03e+01  2.54e+00  7.37e-01  2.38e-01  -1.00
2018 01 09  1425   58127   51900  0  9.74e+02  2.95e+01  0  3.59e+03  2.09e+01  2.77e+00  7.70e-01  1.86e-01  -1.00
2018 01 09  1430   58127   52200  0  9.84e+02  2.83e+01  0  3.74e+03  2.22e+01  2.69e+00  7.93e-01  2.01e-01  -1.00
2018 01 09  1435   58127   52500  0  8.48e+02  2.69e+01  0  3.84e+03  2.30e+01  2.86e+00  6.91e-01  1.45e-01  -1.00
2018 01 09  1440   58127   52800  0  9.16e+02  3.25e+01  0  3.80e+03  2.32e+01  1.76e+00  6.22e-01  9.23e-02  -1.00
2018 01 09  1445   58127   53100  0  8.97e+02  2.51e+01  0  3.77e+03  2.16e+01  2.43e+00  4.38e-01  7.82e-02  -1.00
2018 01 09  1450   58127   53400  0  7.01e+02  2.24e+01  0  3.85e+03  2.08e+01  2.26e+00  5.20e-01  1.30e-01  -1.00
2018 01 09  1455   58127   53700  0  9.90e+02  3.10e+01  0  3.75e+03  2.08e+01  2.21e+00  9.06e-01  1.95e-01  -1.00
2018 01 09  1500   58127   54000  0  8.55e+02  2.77e+01  0  3.53e+03  2.29e+01  2.92e+00  6.32e-01  9.99e-02  -1.00
2018 01 09  1505   58127   54300  0  1.02e+03  2.32e+01  0  3.83e+03  1.90e+01  1.98e+00  5.40e-01  2.31e-01  -1.00
2018 01 09  1510   58127   54600  0  9.45e+02  2.83e+01  0  3.80e+03  2.19e+01  2.72e+00  5.58e-01  1.59e-01  -1.00
2018 01 09  1515   58127   54900  0  8.01e+02  2.40e+01  0  3.66e+03  2.06e+01  2.70e+00  5.69e-01  2.36e-01  -1.00
2018 01 09  1520   58127   55200  0  1.05e+03  2.71e+01  0  3.93e+03  2.68e+01  3.12e+00  4.77e-01  2.12e-01  -1.00
2018 01 09  1525   58127   55500  0  8.37e+02  2.65e+01  0  3.80e+03  2.31e+01  2.77e+00  7.07e-01  1.74e-01  -1.00
2018 01 09  1530   58127   55800  0  8.00e+02  2.73e+01  0  3.79e+03  2.20e+01  2.68e+00  5.32e-01  1.65e-01  -1.00
2018 01 09  1535   58127   56100  0  9.76e+02  2.85e+01  0  3.53e+03  1.85e+01  2.76e+00  7.49e-01  2.10e-01  -1.00
2018 01 09  1540   58127   56400  0  1.13e+03  2.78e+01  0  3.83e+03  1.89e+01  2.34e+00  5.55e-01  1.43e-01  -1.00
2018 01 09  1545   58127   56700  0  8.55e+02  3.08e+01  0  3.76e+03  1.94e+01  2.56e+00  5.08e-01  2.40e-01  -1.00
2018 01 09  1550   58127   57000  0  8.52e+02  2.72e+01  0  3.50e+03  1.88e+01  2.77e+00  7.68e-01  9.30e-02  -1.00
2018 01 09  1555   58127   57300  0  9.56e+02  2.62e+01  0  3.78e+03  2.16e+01  2.47e+00  6.58e-01  1.55e-01  -1.00
2018 01 09  1600   58127   57600  0  7.99e+02  2.53e+01  0  3.76e+03  2.07e+01  2.40e+00  5.69e-01  1.87e-01  -1.00
2018 01 09  1605   58127   57900  0  9.46e+02  2.88e+01  0  3.61e+03  1.95e+01  1.98e+00  7.68e-01  1.78e-01  -1.00
2018 01 09  1610   58127   58200  0  9.24e+02  1.99e+01  0  3.67e+03  1.81e+01  2.71e+00  6.52e-01  1.51e-01  -1.00
2018 01 09  1615   58127   58500  0  7.67e+02  2.23e+01  0  3.84e+03  2.14e+01  2.54e+00  6.02e-01  1.56e-01  -1.00
2018 01 09  1620   58127   58800  0  8.30e+02  2.52e+01  0  3.73e+03  2.04e+01  2.00e+00  6.80e-01  1.52e-01  -1.00
2018 01 09  1625   58127   59100  0  9.00e+02  2.69e+01  0  3.54e+03  2.13e+01  1.94e+00  7.38e-01  1.54e-01  -1.00
2018 01 09  1630   58127   59400  0  1.05e+03  3.11e+01  0  3.77e+03  1.91e+01  2.13e+00  7.20e-01  1.56e-01  -1.00
2018 01 09  1635   58127   59700  0  9.28e+02  3.09e+01  0  3.79e+03  1.96e+01  3.07e+00  6.95e-01  1.76e-01  -1.00
2018 01 09  1640   58127   60000  0  9.89e+02  3.70e+01  0  3.64e+03  1.94e+01  2.84e+00  7.70e-01  1.83e-01  -1.00
2018 01 09  1645   58127   60300  0  1.12e+03  2.52e+01  0  3.74e+03  2.04e+01  2.09e+00  6.47e-01  1.14e-01  -1.00
2018 01 09  1650   58127   60600  0  9.27e+02  3.03e+01  0  3.75e+03  1.97e+01  2.35e+00  6.60e-01  2.02e-01  -1.00
2018 01 09  1655   58127   60900  0  9.01e+02  2.59e+01  0  3.78e+03  2.10e+01  2.34e+00  6.77e-01  1.36e-01  -1.00
2018 01 09  1700   58127   61200  0  8.07e+02  2.67e+01  0  3.48e+03  2.34e+01  2.47e+00  6.34e-01  1.17e-01  -1.00
2018 01 09  1705   58127   61500  0  1.17e+03  2.94e+01  0  3.89e+03  2.14e+01  2.08e+00  5.48e-01  1.46e-01  -1.00
2018 01 09  1710   58127   61800  0  9.18e+02  2.51e+01  0  3.86e+03  2.39e+01  2.31e+00  4.91e-01  2.84e-01  -1.00
2018 01 09  1715   58127   62100  0  8.83e+02  3.31e+01  0  3.59e+03  1.98e+01  2.46e+00  8.27e-01  1.91e-01  -1.00
2018 01 09  1720   58127   62400  0  1.30e+03  2.42e+01  0  3.86e+03  1.89e+01  2.29e+00  5.90e-01  1.77e-01  -1.00
2018 01 09  1725   58127   62700  0  9.03e+02  2.84e+01  0  3.69e+03  1.90e+01  2.80e+00  7.42e-01  1.83e-01  -1.00
2018 01 09  1730   58127   63000  0  8.38e+02  2.90e+01  0  3.72e+03  2.35e+01  2.37e+00  6.65e-01  1.16e-01  -1.00
2018 01 09  1735   58127   63300  0  8.33e+02  2.87e+01  0  3.63e+03  2.23e+01  2.92e+00  5.12e-01  1.10e-01  -1.00
2018 01 09  1740   58127   63600  0  1.01e+03  2.92e+01  0  3.84e+03  1.95e+01  2.67e+00  8.13e-01  1.68e-01  -1.00
2018 01 09  1745   58127   63900  0  1.10e+03  2.92e+01  0  3.77e+03  2.10e+01  1.88e+00  1.02e+00  2.02e-01  -1.00
2018 01 09  1750   58127   64200  0  8.11e+02  2.69e+01  0  3.63e+03  2.13e+01  2.55e+00  6.06e-01  1.92e-01  -1.00
2018 01 09  1755   58127   64500  0  1.05e+03  2.56e+01  0  3.79e+03  2.29e+01  2.68e+00  6.91e-01  2.00e-01  -1.00
2018 01 09  1800   58127   64800  0  9.73e+02  3.09e+01  0  3.86e+03  1.90e+01  2.09e+00  7.59e-01  1.22e-01  -1.00
2018 01 09  1805   58127   65100  0  8.46e+02  3.11e+01  0  3.69e+03  2.01e+01  2.08e+00  7.24e-01  1.55e-01  -1.00
2018 01 09  1810   58127   65400  0  1.08e+03  3.25e+01  0  3.77e+03  1.99e+01  2.39e+00  7.14e-01  1.87e-01  -1.00
2018 01 09  1815   58127   65700  0  9.69e+02  2.99e+01  0  3.71e+03  2.13e+01  1.73e+00  6.56e-01  1.45e-01  -1.00
2018 01 09  1820   58127   66000  0  8.09e+02  2.43e+01  0  3.65e+03  1.81e+01  2.23e+00  6.38e-01  9.55e-02  -1.00
2018 01 09  1825   58127   66300  0  8.39e+02  2.72e+01  0  3.50e+03  1.96e+01  2.29e+00  6.10e-01  2.00e-01  -1.00
2018 01 09  1830   58127   66600  0  9.76e+02  2.95e+01  0  3.77e+03  1.89e+01  2.07e+00  6.26e-01  1.71e-01  -1.00
2018 01 09  1835   58127   66900  0  7.95e+02  2.19e+01  0  3.75e+03  1.83e+01  2.27e+00  6.46e-01  7.13e-02  -1.00
2018 01 09  1840   58127   67200  0  1.02e+03  2.83e+01  0  3.61e+03  1.86e+01  1.71e+00  8.52e-01  1.63e-01  -1.00
2018 01 09  1845   58127   67500  0  1.12e+03  1.82e+01  0  3.74e+03  1.83e+01  2.20e+00  6.21e-01  1.87e-01  -1.00
2018 01 09  1850   58127   67800  0  9.71e+02  2.59e+01  0  3.66e+03  1.76e+01  2.52e+00  5.94e-01  8.57e-02  -1.00
2018 01 09  1855   58127   68100  0  8.56e+02  2.35e+01  0  3.66e+03  2.12e+01  1.87e+00  5.44e-01  1.11e-01  -1.00
2018 01 09  1900   58127   68400  0  9.13e+02  2.76e+01  0  3.66e+03  2.33e+01  2.54e+00  5.28e-01  2.19e-01  -1.00
2018 01 09  1905   58127   68700  0  1.27e+03  3.05e+01  0  3.82e+03  2.02e+01  2.04e+00  9.49e-01  1.42e-01  -1.00
2018 01 09  1910   58127   69000  0  7.17e+02  2.14e+01  0  3.75e+03  2.15e+01  1.72e+00  5.92e-01  2.02e-01  -1.00
2018 01 09  1915   58127   69300  0  1.13e+03  2.42e+01  0  3.52e+03  2.13e+01  2.39e+00  7.46e-01  3.27e-01  -1.00
2018 01 09  1920   58127   69600  0  9.60e+02  2.48e+01  0  3.75e+03  1.96e+01  2.11e+00  7.49e-01  1.63e-01  -1.00
2018 01 09  1925   58127   69900  0  7.87e+02  2.92e+01  0  3.67e+03  1.73e+01  2.01e+00  4.91e-01  1.67e-01  -1.00
2018 01 09  1930   58127   70200  0  1.06e+03  3.18e+01  0  3.61e+03  1.74e+01  1.78e+00  5.60e-01  2.50e-01  -1.00
2018 01 09  1935   58127   70500  0  1.18e+03  2.12e+01  0  3.58e+03  1.82e+01  2.20e+00  2.58e-01  1.39e-01  -1.00
2018 01 09  1940   58127   70800  0  1.12e+03  3.40e+01  0  3.76e+03  2.14e+01  2.29e+00  5.99e-01  2.05e-01  -1.00
2018 01 09  1945   58127   71100  0  7.95e+02  1.61e+01  0  3.72e+03  2.00e+01  2.21e+00  4.75e-01  1.48e-01  -1.00
2018 01 09  1950   58127   71400  0  7.98e+02  2.26e+01  0  3.48e+03  1.81e+01  2.42e+00  6.17e-01  1.80e-01  -1.00
2018 01 09  1955   58127   71700  0  1.18e+03  2.62e+01  0  3.85e+03  1.87e+01  2.26e+00  5.91e-01  2.21e-01  -1.00
2018 01 09  2000   58127   72000  0  7.51e+02  1.96e+01  0  3.63e+03  2.15e+01  2.27e+00  7.79e-01  1.54e-01  -1.00
2018 01 09  2005   58127   72300  0  9.68e+02  2.63e+01  0  3.54e+03  2.25e+01  2.31e+00  5.42e-01  2.50e-01  -1.00
2018 01 09  2010   58127   72600  0  1.01e+03  2.21e+01  0  3.77e+03  1.95e+01  2.59e+00  5.24e-01  1.60e-01  -1.00
2018 01 09  2015   58127   72900  0  7.42e+02  2.23e+01  0  3.66e+03  1.86e+01  2.43e+00  6.91e-01  1.71e-01  -1.00
2018 01 09  2020   58127   73200  0  9.46e+02  2.76e+01  0  3.58e+03  1.99e+01  2.30e+00  9.71e-01  2.89e-01  -1.00
2018 01 09  2025   58127   73500  0  1.02e+03  2.44e+01  0  3.56e+03  1.89e+01  2.09e+00  4.57e-01  2.02e-01  -1.00
2018 01 09  2030   58127   73800  0  9.99e+02  2.87e+01  0  3.77e+03  1.91e+01  2.36e+00  5.38e-01  1.74e-01  -1.00
2018 01 09  2035   58127   74100  0  8.99e+02  2.79e+01  0  3.63e+03  1.77e+01  2.57e+00  4.02e-01  1.35e-01  -1.00
2018 01 09  2040   58127   74400  0  8.80e+02  2.39e+01  0  3.54e+03  2.06e+01  2.45e+00  5.05e-01  1.02e-01  -1.00
2018 01 09  2045   58127   74700  0  9.64e+02  2.25e+01  0  3.91e+03  2.11e+01  2.57e+00  5.50e-01  1.02e-01  -1.00
2018 01 09  2050   58127   75000  0  9.58e+02  2.41e+01  0  3.69e+03  2.19e+01  2.32e+00  6.86e-01  1.04e-01  -1.00
2018 01 09  2055   58127   75300  0  1.10e+03  3.60e+01  0  3.66e+03  1.94e+01  2.50e+00  7.01e-01  1.72e-01  -1.00
2018 01 09  2100   58127   75600  0  1.10e+03  2.80e+01  0  3.65e+03  1.73e+01  2.77e+00  8.84e-01  2.02e-01  -1.00
2018 01 09  2105   58127   75900  0  9.54e+02  2.65e+01  0  3.77e+03  1.82e+01  2.27e+00  6.56e-01  1.44e-01  -1.00
2018 01 09  2110   58127   76200 -1 -1.00e+05 -1.00e+05 -1 -1.00e+05 -1.00e+05 -1.00e+05 -1.00e+05 -1.00e+05  -1.00
2018 01 09  2115   58127   76500 -1 -1.00e+05 -1.00e+05 -1 -1.00e+05 -1.00e+05 -1.00e+05 -1.00e+05 -1.00e+05  -1.00
2018 01 09  2120   58127   76800 -1 -1.00e+05 -1.00e+05 -1 -1.00e+05 -1.00e+05 -1.00e+05 -1.00e+05 -1.00e+05  -1.00
2018 01 09  2125   58127   77100 -1 -1.00e+05 -1.00e+05 -1 -1.00e+05 -1.00e+05 -1.00e+05 -1.00e+05 -1.00e+05  -1.00
2018 01 09  2130   58127   77400 -1 -1.00e+05 -1.00e+05 -1 -1.00e+05 -1.00e+05 -1.00e+05 -1.00e+05 -1.00e+05  -1.00
2018 01 09  2135   58127   77700 -1 -1.00e+05 -1.00e+05 -1 -1.00e+05 -1.00e+05 -1.00e+05 -1.00e+05 -1.00e+05  -1.00
2018 01 09  2140   58127   78000 -1 -1.00e+05 -1.00e+05 -1 -1.00e+05 -1.00e+05 -1.00e+05 -1.00e+05 -1.00e+05  -1.00
2018 01 09  2145   58127   78300 -1 -1.00e+05 -1.00e+05 -1 -1.00e+05 -1.00e+05 -1.00e+05 -1.00e+05 -1.00e+05  -1.00
2018 01 09  2150   58127   78600 -1 -1.00e+05 -1.00e+05 -1 -1.00e+05 -1.00e+05 -1.00e+05 -1.00e+05 -1.00e+05  -1.00
2018 01 09  2155   58127   78900 -1 -1.00e+05 -1.00e+05 -1 -1.00e+05 -1.00e+05 -1.00e+05 -1.00e+05 -1.00e+05  -1.00
2018 01 09  2200   58127   79200 -1 -1.00e+05 -1.00e+05 -1 -1.00e+05 -1.00e+05 -1.00e+05 -1.00e+05 -1.00e+05  -1.00
2018 01 09  2205   58127   79500 -1 -1.00e+05 -1.00e+05 -1 -1.00e+05 -1.00e+05 -1.00e+05 -1.00e+05 -1.00e+05  -1.00
2018 01 09  2210   58127   79800 -1 -1.00e+05 -1.00e+05 -1 -1.00e+05 -1.00e+05 -1.00e+05 -1.00e+05 -1.00e+05  -1.00
2018 01 09  2215   58127   80100 -1 -1.00e+05 -1.00e+05 -1 -1.00e+05 -1.00e+05 -1.00e+05 -1.00e+05 -1.00e+05  -1.00
2018 01 09  2220   58127   80400 -1 -1.00e+05 -1.00e+05 -1 -1.00e+05 -1.00e+05 -1.00e+05 -1.00e+05 -1.00e+05  -1.00
2018 01 09  2225   58127   80700 -1 -1.00e+05 -1.00e+05 -1 -1.00e+05 -1.00e+05 -1.00e+05 -1.00e+05 -1.00e+05  -1.00
2018 01 09  2230   58127   81000 -1 -1.00e+05 -1.00e+05 -1 -1.00e+05 -1.00e+05 -1.00e+05 -1.00e+05 -1.00e+05  -1.00
2018 01 09  2235   58127   81300 -1 -1.00e+05 -1.00e+05 -1 -1.00e+05 -1.00e+05 -1.00e+05 -1.00e+05 -1.00e+05  -1.00
2018 01 09  2240   58127   81600 -1 -1.00e+05 -1.00e+05 -1 -1.00e+05 -1.00e+05 -1.00e+05 -1.00e+05 -1.00e+05  -1.00
2018 01 09  2245   58127   81900 -1 -1.00e+05 -1.00e+05 -1 -1.00e+05 -1.00e+05 -1.00e+05 -1.00e+05 -1.00e+05  -1.00
2018 01 09  2250   58127   82200 -1 -1.00e+05 -1.00e+05 -1 -1.00e+05 -1.00e+05 -1.00e+05 -1.00e+05 -1.00e+05  -1.00
2018 01 09  2255   58127   82500 -1 -1.00e+05 -1.00e+05 -1 -1.00e+05 -1.00e+05 -1.00e+05 -1.00e+05 -1.00e+05  -1.00
2018 01 09  2300   58127   82800 -1 -1.00e+05 -1.00e+05 -1 -1.00e+05 -1.00e+05 -1.00e+05 -1.00e+05 -1.00e+05  -1.00
2018 01 09  2305   58127   83100 -1 -1.00e+05 -1.00e+05 -1 -1.00e+05 -1.00e+05 -1.00e+05 -1.00e+05 -1.00e+05  -1.00
2018 01 09  2310   58127   83400 -1 -1.00e+05 -1.00e+05 -1 -1.00e+05 -1.00e+05 -1.00e+05 -1.00e+05 -1.00e+05  -1.00
2018 01 09  2315   58127   83700 -1 -1.00e+05 -1.00e+05 -1 -1.00e+05 -1.00e+05 -1.00e+05 -1.00e+05 -1.00e+05  -1.00
2018 01 09  2320   58127   84000 -1 -1.00e+05 -1.00e+05 -1 -1.00e+05 -1.00e+05 -1.00e+05 -1.00e+05 -1.00e+05  -1.00
2018 01 09  2325   58127   84300 -1 -1.00e+05 -1.00e+05 -1 -1.00e+05 -1.00e+05 -1.00e+05 -1.00e+05 -1.00e+05  -1.00
2018 01 09  2330   58127   84600 -1 -1.00e+05 -1.00e+05 -1 -1.00e+05 -1.00e+05 -1.00e+05 -1.00e+05 -1.00e+05  -1.00
2018 01 09  2335   58127   84900 -1 -1.00e+05 -1.00e+05 -1 -1.00e+05 -1.00e+05 -1.00e+05 -1.00e+05 -1.00e+05  -1.00
2018 01 09  2340   58127   85200 -1 -1.00e+05 -1.00e+05 -1 -1.00e+05 -1.00e+05 -1.00e+05 -1.00e+05 -1.00e+05  -1.00
2018 01 09  2345   58127   85500 -1 -1.00e+05 -1.00e+05 -1 -1.00e+05 -1.00e+05 -1.00e+05 -1.00e+05 -1.00e+05  -1.00
2018 01 09  2350   58127   85800 -1 -1.00e+05 -1.00e+05 -1 -1.00e+05 -1.00e+05 -1.00e+05 -1.00e+05 -1.00e+05  -1.00
2018 01 09  2355   58127   86100 -1 -1.00e+05 -1.00e+05 -1 -1.00e+05 -1.00e+05 -1.00e+05 -1.00e+05 -1.00e+05  -1.00
