:Data_list: 20191001_ace_mag_1m.txt
:Created: 2019 Oct 01 0901 UT
# Prepared by the U.S. Dept. of Commerce, NOAA, Space Weather Prediction Center
# Please send comments and suggestions to SWPC.Webmaster@noaa.gov 
# 
# Magnetometer values are in GSM coordinates.
# 
# Units: Bx, By, Bz, Bt in nT
# Units: Latitude  degrees +/-  90.0
# Units: Longitude degrees 0.0 - 360.0
# Status(S): 0 = nominal data, 1 to 8 = bad data record, 9 = no data
# Missing data values: -999.9
# Source: ACE Satellite - Magnetometer
#
#              1-minute averaged Real-time Interplanetary Magnetic Field Values 
# 
#                 Modified Seconds
# UT Date   Time  Julian   of the   ----------------  GSM Coordinates ---------------
# YR MO DA  HHMM    Day      Day    S     Bx      By      Bz      Bt     Lat.   Long.
#------------------------------------------------------------------------------------
2019 10 01  0000   58757       0    0    -2.7    -1.1    -1.3     3.2   -24.8   202.7
2019 10 01  0001   58757      60    0    -3.0    -2.4    -1.3     4.0   -18.3   218.3
2019 10 01  0002   58757     120    0    -2.3    -2.2    -0.8     3.3   -13.8   223.7
2019 10 01  0003   58757     180    0    -1.1    -1.0    -1.4     2.0   -42.3   220.3
2019 10 01  0004   58757     240    0    -0.5    -0.5    -2.2     2.3   -73.8   224.1
2019 10 01  0005   58757     300    0    -2.7    -2.7    -2.6     4.6   -34.9   224.5
2019 10 01  0006   58757     360    0    -2.8    -2.5    -2.5     4.6   -33.5   221.5
2019 10 01  0007   58757     420    0    -3.4    -2.1    -2.0     4.5   -26.9   211.5
2019 10 01  0008   58757     480    0    -2.6    -2.6    -2.2     4.2   -31.2   225.2
2019 10 01  0009   58757     540    0    -1.2    -1.7    -0.9     2.3   -23.8   235.0
2019 10 01  0010   58757     600    0    -0.6     1.5    -1.6     2.3   -45.1   113.4
2019 10 01  0011   58757     660    0    -1.2     4.9    -3.3     6.0   -33.5   103.3
2019 10 01  0012   58757     720    0    -1.4     4.7    -3.8     6.2   -37.9   107.0
2019 10 01  0013   58757     780    0    -1.6     4.8    -3.8     6.3   -36.8   108.3
2019 10 01  0014   58757     840    0    -1.6     4.7    -3.8     6.3   -37.7   108.7
2019 10 01  0015   58757     900    0    -2.0     3.5    -4.0     5.7   -44.9   119.9
2019 10 01  0016   58757     960    0    -0.8     0.6    -2.8     3.0   -70.3   142.1
2019 10 01  0017   58757    1020    0    -1.6     2.7    -1.6     3.5   -27.9   120.4
2019 10 01  0018   58757    1080    0    -1.8     3.0    -1.6     3.8   -24.5   121.4
2019 10 01  0019   58757    1140    0    -1.2     2.0    -3.6     4.3   -57.6   122.5
2019 10 01  0020   58757    1200    0    -1.5     1.3    -4.0     4.5   -63.7   137.8
2019 10 01  0021   58757    1260    0    -1.8     1.2    -4.0     4.6   -61.5   146.1
2019 10 01  0022   58757    1320    0    -1.9     0.3    -4.4     4.8   -66.2   169.7
2019 10 01  0023   58757    1380    0    -2.2    -0.2    -3.5     4.1   -58.0   185.0
2019 10 01  0024   58757    1440    0    -0.6     4.4    -2.1     4.9   -25.5    97.6
2019 10 01  0025   58757    1500    0    -1.6     3.5    -3.1     4.9   -38.3   115.1
2019 10 01  0026   58757    1560    0    -1.7     2.9    -2.9     4.5   -41.4   121.2
2019 10 01  0027   58757    1620    0    -1.9     3.1    -2.7     4.6   -36.7   121.5
2019 10 01  0028   58757    1680    0    -2.2     2.9    -2.9     4.6   -38.3   127.0
2019 10 01  0029   58757    1740    0    -2.6     2.3    -3.1     4.7   -41.9   139.0
2019 10 01  0030   58757    1800    0    -2.8     2.4    -3.4     5.0   -42.3   139.1
2019 10 01  0031   58757    1860    0    -2.8     1.0    -3.2     4.4   -47.0   160.2
2019 10 01  0032   58757    1920    0    -2.5     2.2    -3.4     4.8   -45.8   138.2
2019 10 01  0033   58757    1980    0    -2.5     2.2    -3.7     5.0   -47.6   138.5
2019 10 01  0034   58757    2040    0    -2.1     0.8    -2.6     3.4   -48.7   160.6
2019 10 01  0035   58757    2100    0    -1.6    -0.7    -1.5     2.3   -40.8   203.9
2019 10 01  0036   58757    2160    0    -1.5    -0.3    -2.2     2.6   -55.1   190.5
2019 10 01  0037   58757    2220    0    -1.8     1.8    -3.5     4.3   -54.2   134.4
2019 10 01  0038   58757    2280    0    -1.9     2.4    -3.6     4.7   -49.9   127.9
2019 10 01  0039   58757    2340    0    -2.0     2.8    -3.8     5.1   -47.8   126.4
2019 10 01  0040   58757    2400    0    -1.9     2.9    -3.9     5.2   -48.1   123.4
2019 10 01  0041   58757    2460    0    -2.1     3.1    -4.0     5.5   -47.5   124.0
2019 10 01  0042   58757    2520    0    -2.0     3.1    -3.7     5.2   -45.6   122.7
2019 10 01  0043   58757    2580    0    -1.9     3.3    -3.7     5.2   -44.3   119.6
2019 10 01  0044   58757    2640    0    -2.5     3.2    -3.4     5.3   -40.1   127.6
2019 10 01  0045   58757    2700    0    -2.6     3.3    -3.3     5.3   -38.3   128.3
2019 10 01  0046   58757    2760    0    -2.7     3.3    -3.3     5.4   -38.3   129.1
2019 10 01  0047   58757    2820    0    -2.6     3.3    -3.3     5.3   -38.2   128.5
2019 10 01  0048   58757    2880    0    -2.6     3.3    -3.3     5.3   -37.7   128.3
2019 10 01  0049   58757    2940    0    -2.7     3.2    -3.3     5.3   -37.8   130.5
2019 10 01  0050   58757    3000    0    -2.5     3.4    -3.3     5.3   -38.4   126.4
2019 10 01  0051   58757    3060    0    -1.9     3.5    -3.7     5.4   -43.5   118.6
2019 10 01  0052   58757    3120    0    -1.7     3.4    -3.9     5.5   -45.6   116.6
2019 10 01  0053   58757    3180    0    -2.2     3.1    -4.0     5.6   -46.6   124.7
2019 10 01  0054   58757    3240    0    -1.9     3.1    -4.1     5.5   -48.1   121.6
2019 10 01  0055   58757    3300    0    -1.0     3.1    -4.4     5.5   -53.6   108.5
2019 10 01  0056   58757    3360    0    -2.8     2.2    -4.3     5.6   -50.7   140.9
2019 10 01  0057   58757    3420    0    -2.5     2.5    -4.3     5.6   -50.6   134.5
2019 10 01  0058   58757    3480    0    -2.8     2.2    -4.2     5.5   -49.4   141.4
2019 10 01  0059   58757    3540    0    -3.1     2.6    -4.1     5.8   -45.7   139.4
2019 10 01  0100   58757    3600    0    -2.8     3.0    -4.2     5.9   -46.0   132.8
2019 10 01  0101   58757    3660    0    -2.8     2.8    -4.4     5.9   -47.8   135.3
2019 10 01  0102   58757    3720    0    -2.4     3.6    -4.2     6.0   -44.2   123.2
2019 10 01  0103   58757    3780    0    -2.3     3.7    -4.2     6.1   -43.7   122.5
2019 10 01  0104   58757    3840    0    -2.3     3.7    -4.1     6.0   -43.3   122.6
2019 10 01  0105   58757    3900    0    -2.2     4.1    -3.8     6.0   -39.5   118.4
2019 10 01  0106   58757    3960    0    -2.1     4.3    -3.8     6.1   -38.3   116.2
2019 10 01  0107   58757    4020    0    -2.2     4.2    -3.9     6.1   -39.5   117.5
2019 10 01  0108   58757    4080    0    -2.2     4.1    -4.0     6.1   -40.7   118.3
2019 10 01  0109   58757    4140    0    -2.3     3.9    -3.9     6.0   -40.7   120.4
2019 10 01  0110   58757    4200    0    -2.3     4.0    -3.8     6.0   -39.8   119.3
2019 10 01  0111   58757    4260    0    -1.9     4.1    -4.0     6.0   -41.3   115.5
2019 10 01  0112   58757    4320    0    -1.9     4.6    -3.5     6.0   -34.9   112.2
2019 10 01  0113   58757    4380    0    -1.9     4.9    -2.9     6.0   -28.7   111.7
2019 10 01  0114   58757    4440    0    -1.9     5.1    -2.7     6.1   -26.5   110.5
2019 10 01  0115   58757    4500    0    -1.4     5.3    -2.5     6.0   -24.6   105.3
2019 10 01  0116   58757    4560    0    -1.7     4.5    -3.5     6.0   -36.1   110.8
2019 10 01  0117   58757    4620    0    -0.8     4.8    -3.4     6.0   -34.6    99.7
2019 10 01  0118   58757    4680    0    -2.0     4.2    -3.8     5.9   -39.3   115.4
2019 10 01  0119   58757    4740    0    -4.1     0.4    -4.5     6.1   -47.8   173.9
2019 10 01  0120   58757    4800    0    -4.0     0.6    -4.7     6.2   -49.2   172.2
2019 10 01  0121   58757    4860    0    -3.8    -1.3    -4.6     6.1   -48.6   198.2
2019 10 01  0122   58757    4920    0    -4.5     0.3    -4.3     6.3   -43.7   176.3
2019 10 01  0123   58757    4980    0    -4.5     0.8    -4.4     6.3   -43.6   170.2
2019 10 01  0124   58757    5040    0    -4.5     1.0    -4.3     6.3   -43.1   167.4
2019 10 01  0125   58757    5100    0    -4.5     1.5    -4.2     6.3   -41.4   161.1
2019 10 01  0126   58757    5160    0    -4.4     1.0    -4.6     6.4   -45.4   167.3
2019 10 01  0127   58757    5220    0    -4.5     1.0    -4.4     6.4   -43.8   168.0
2019 10 01  0128   58757    5280    0    -4.1     0.7    -4.7     6.3   -47.9   169.9
2019 10 01  0129   58757    5340    0    -3.9     0.4    -4.8     6.2   -51.1   174.4
2019 10 01  0130   58757    5400    0    -3.9     0.3    -4.7     6.1   -50.6   176.0
2019 10 01  0131   58757    5460    0    -4.0     0.6    -4.7     6.2   -49.4   172.1
2019 10 01  0132   58757    5520    0    -3.8     0.9    -4.7     6.1   -50.3   166.0
2019 10 01  0133   58757    5580    0    -3.6     1.4    -4.9     6.3   -51.8   158.7
2019 10 01  0134   58757    5640    0    -3.4     0.8    -5.2     6.3   -56.2   167.3
2019 10 01  0135   58757    5700    0    -3.6     1.4    -4.9     6.3   -52.1   159.1
2019 10 01  0136   58757    5760    0    -3.8     1.6    -4.7     6.3   -49.0   156.8
2019 10 01  0137   58757    5820    0    -3.6     1.6    -4.8     6.2   -50.3   156.2
2019 10 01  0138   58757    5880    0    -3.6     1.4    -4.9     6.3   -51.7   158.1
2019 10 01  0139   58757    5940    0    -4.2     2.4    -4.0     6.2   -39.3   150.4
2019 10 01  0140   58757    6000    0    -4.9     3.2    -2.4     6.4   -22.3   147.1
2019 10 01  0141   58757    6060    0    -4.9     3.1    -2.8     6.4   -25.6   147.6
2019 10 01  0142   58757    6120    0    -4.5     3.2    -3.2     6.4   -30.0   144.3
2019 10 01  0143   58757    6180    0    -4.5     2.8    -3.4     6.3   -32.9   148.0
2019 10 01  0144   58757    6240    0    -4.9     2.7    -3.1     6.4   -29.0   151.5
2019 10 01  0145   58757    6300    0    -4.8     2.1    -3.5     6.3   -34.3   156.2
2019 10 01  0146   58757    6360    0    -4.7     1.9    -3.8     6.4   -37.0   157.7
2019 10 01  0147   58757    6420    0    -4.3     2.7    -3.8     6.4   -36.7   148.4
2019 10 01  0148   58757    6480    0    -4.1     3.0    -3.7     6.3   -36.2   144.2
2019 10 01  0149   58757    6540    0    -4.0     3.2    -3.9     6.5   -37.2   141.1
2019 10 01  0150   58757    6600    0    -4.1     3.1    -4.1     6.6   -38.3   142.9
2019 10 01  0151   58757    6660    0    -4.1     1.5    -4.6     6.4   -46.5   159.6
2019 10 01  0152   58757    6720    0    -3.7     2.7    -4.4     6.4   -44.2   143.1
2019 10 01  0153   58757    6780    0    -3.7     3.1    -4.2     6.5   -41.0   140.1
2019 10 01  0154   58757    6840    0    -3.9     3.3    -3.9     6.4   -37.6   139.5
2019 10 01  0155   58757    6900    0    -3.8     3.6    -4.2     6.7   -38.7   136.7
2019 10 01  0156   58757    6960    0    -4.1     3.4    -3.8     6.5   -35.3   139.8
2019 10 01  0157   58757    7020    0    -3.8     3.9    -3.3     6.3   -31.2   133.7
2019 10 01  0158   58757    7080    0    -3.4     4.3    -3.3     6.4   -30.9   128.4
2019 10 01  0159   58757    7140    0    -3.5     3.9    -3.6     6.4   -35.0   131.8
2019 10 01  0200   58757    7200    0    -3.0     3.1    -4.6     6.3   -46.6   134.2
2019 10 01  0201   58757    7260    0    -3.6     2.7    -4.4     6.3   -44.4   143.1
2019 10 01  0202   58757    7320    0    -3.8     2.7    -4.4     6.4   -43.2   144.9
2019 10 01  0203   58757    7380    0    -3.7     3.3    -4.0     6.4   -38.7   137.7
2019 10 01  0204   58757    7440    0    -4.1     2.7    -4.1     6.4   -40.2   146.5
2019 10 01  0205   58757    7500    0    -3.8     2.9    -4.2     6.4   -41.5   142.6
2019 10 01  0206   58757    7560    0    -3.7     2.6    -4.5     6.4   -45.1   144.8
2019 10 01  0207   58757    7620    0    -3.2     2.0    -5.1     6.4   -54.0   147.6
2019 10 01  0208   58757    7680    0    -2.7     1.8    -5.4     6.4   -58.8   146.0
2019 10 01  0209   58757    7740    0    -2.7     1.4    -5.4     6.2   -60.5   152.4
2019 10 01  0210   58757    7800    0    -4.9     2.5    -2.8     6.1   -27.1   153.0
2019 10 01  0211   58757    7860    0    -5.9     2.8    -1.0     6.6    -9.0   154.9
2019 10 01  0212   58757    7920    0    -6.3     1.6    -0.6     6.6    -5.1   165.7
2019 10 01  0213   58757    7980    0    -6.0     1.3    -2.2     6.5   -19.6   168.1
2019 10 01  0214   58757    8040    0    -6.2     1.0    -1.5     6.5   -13.2   170.5
2019 10 01  0215   58757    8100    0    -6.6    -0.0     0.3     6.6     2.9   180.1
2019 10 01  0216   58757    8160    0    -6.6     0.0     0.4     6.6     3.2   179.6
2019 10 01  0217   58757    8220    0    -6.0     1.2    -2.2     6.5   -19.6   168.6
2019 10 01  0218   58757    8280    0    -6.3     0.5    -1.8     6.6   -15.9   175.7
2019 10 01  0219   58757    8340    0    -5.9     0.5    -2.5     6.4   -22.8   175.1
2019 10 01  0220   58757    8400    0    -5.8     0.7    -2.8     6.5   -25.8   172.9
2019 10 01  0221   58757    8460    0    -5.2     2.0    -3.5     6.6   -31.9   159.5
2019 10 01  0222   58757    8520    0    -5.0     2.5    -3.5     6.6   -32.0   153.3
2019 10 01  0223   58757    8580    0    -3.4     3.6    -4.1     6.4   -40.0   133.8
2019 10 01  0224   58757    8640    0    -2.8     3.1    -4.7     6.3   -48.8   132.1
2019 10 01  0225   58757    8700    0    -5.0    -0.4    -4.0     6.4   -38.9   184.0
2019 10 01  0226   58757    8760    0    -5.3    -1.6    -3.4     6.5   -31.6   197.1
2019 10 01  0227   58757    8820    0    -5.4    -1.1    -3.4     6.5   -31.5   191.5
2019 10 01  0228   58757    8880    0    -4.8    -1.0    -3.9     6.3   -38.1   191.9
2019 10 01  0229   58757    8940    0    -4.5    -1.0    -4.4     6.4   -43.8   192.1
2019 10 01  0230   58757    9000    0    -4.4    -1.6    -4.3     6.4   -43.1   199.7
2019 10 01  0231   58757    9060    0    -4.6    -2.1    -3.9     6.5   -37.7   204.7
2019 10 01  0232   58757    9120    0    -4.2    -1.0    -4.7     6.4   -47.3   193.3
2019 10 01  0233   58757    9180    0    -4.4    -1.3    -4.3     6.3   -43.1   196.9
2019 10 01  0234   58757    9240    0    -5.3    -2.5    -2.8     6.5   -26.0   205.5
2019 10 01  0235   58757    9300    0    -4.6    -2.3    -3.7     6.4   -35.8   206.9
2019 10 01  0236   58757    9360    0    -4.5    -2.6    -4.0     6.5   -37.8   209.8
2019 10 01  0237   58757    9420    0    -5.2    -1.9    -3.6     6.6   -33.3   200.6
2019 10 01  0238   58757    9480    0    -4.2    -2.0    -4.7     6.6   -45.2   205.6
2019 10 01  0239   58757    9540    0    -4.0    -2.2    -4.5     6.5   -44.6   209.3
2019 10 01  0240   58757    9600    0    -4.3    -2.6    -4.0     6.4   -38.4   211.8
2019 10 01  0241   58757    9660    0    -3.7    -2.9    -4.1     6.3   -41.1   217.6
2019 10 01  0242   58757    9720    0    -5.0    -1.8    -2.5     5.8   -25.3   199.9
2019 10 01  0243   58757    9780    0    -3.1    -2.3    -4.7     6.1   -50.6   216.1
2019 10 01  0244   58757    9840    0    -4.4    -2.8    -3.4     6.2   -33.0   212.3
2019 10 01  0245   58757    9900    0    -3.7    -3.8    -3.1     6.2   -30.3   225.5
2019 10 01  0246   58757    9960    0    -3.3    -5.1    -1.6     6.3   -15.0   236.6
2019 10 01  0247   58757   10020    0    -3.7    -3.8    -2.2     5.7   -22.6   225.1
2019 10 01  0248   58757   10080    0    -4.5    -0.7    -4.2     6.2   -42.5   189.0
2019 10 01  0249   58757   10140    0    -3.7    -1.3    -4.8     6.2   -51.1   199.2
2019 10 01  0250   58757   10200    0    -3.1    -0.8    -5.3     6.2   -59.1   194.9
2019 10 01  0251   58757   10260    0    -3.7    -1.7    -4.5     6.1   -48.3   204.4
2019 10 01  0252   58757   10320    0    -4.1    -0.7    -4.6     6.2   -47.5   190.2
2019 10 01  0253   58757   10380    0    -4.1    -2.4    -4.0     6.2   -39.8   209.9
2019 10 01  0254   58757   10440    0    -3.8     0.9    -4.4     5.9   -48.7   167.1
2019 10 01  0255   58757   10500    0    -4.6    -1.0    -3.9     6.2   -39.7   192.2
2019 10 01  0256   58757   10560    0    -3.8     0.7    -4.3     5.8   -47.7   169.8
2019 10 01  0257   58757   10620    0    -3.2     2.8    -4.4     6.1   -45.8   138.5
2019 10 01  0258   58757   10680    0    -3.3     1.5    -4.8     6.0   -53.4   155.5
2019 10 01  0259   58757   10740    0    -2.7     2.0    -5.5     6.5   -58.4   142.9
2019 10 01  0300   58757   10800    0    -2.9     2.4    -5.4     6.6   -55.2   141.0
2019 10 01  0301   58757   10860    0    -2.7     2.3    -5.5     6.6   -56.8   139.7
2019 10 01  0302   58757   10920    0    -2.1     2.8    -5.7     6.7   -58.2   126.8
2019 10 01  0303   58757   10980    0    -1.8     3.1    -5.6     6.7   -57.6   120.3
2019 10 01  0304   58757   11040    0    -1.8     3.7    -5.2     6.6   -51.7   115.9
2019 10 01  0305   58757   11100    0    -2.1     3.4    -4.9     6.4   -50.7   121.1
2019 10 01  0306   58757   11160    0    -3.3     0.6    -5.1     6.1   -56.6   169.5
2019 10 01  0307   58757   11220    0    -1.2     4.0    -3.3     5.3   -38.7   106.6
2019 10 01  0308   58757   11280    0    -0.4     4.1    -3.4     5.3   -39.5    95.1
2019 10 01  0309   58757   11340    0    -1.0     3.8    -3.6     5.3   -42.7   104.2
2019 10 01  0310   58757   11400    0    -1.0     3.5    -3.3     4.9   -42.7   106.2
2019 10 01  0311   58757   11460    0    -1.3     3.5    -3.9     5.5   -46.3   110.3
2019 10 01  0312   58757   11520    0    -1.4     3.3    -4.2     5.6   -49.8   112.9
2019 10 01  0313   58757   11580    0    -1.9     2.5    -4.3     5.3   -53.6   127.3
2019 10 01  0314   58757   11640    0    -2.4     1.8    -4.0     5.0   -52.5   143.2
2019 10 01  0315   58757   11700    0    -2.2     2.1    -4.0     5.0   -52.3   136.4
2019 10 01  0316   58757   11760    9  -999.9  -999.9  -999.9  -999.9  -999.9  -999.9
2019 10 01  0317   58757   11820    0    -3.6    -0.4    -2.9     4.6   -38.9   186.7
2019 10 01  0318   58757   11880    0    -4.2    -1.3    -2.4     5.0   -28.6   197.1
2019 10 01  0319   58757   11940    0    -4.4    -1.7    -2.1     5.1   -23.9   201.0
2019 10 01  0320   58757   12000    0    -2.6     1.4    -2.6     4.0   -40.6   151.2
2019 10 01  0321   58757   12060    0    -2.1     3.4    -3.3     5.2   -39.6   121.9
2019 10 01  0322   58757   12120    0    -2.8     2.4    -3.5     5.0   -43.6   139.8
2019 10 01  0323   58757   12180    0    -2.9     0.5    -4.1     5.1   -54.7   169.3
2019 10 01  0324   58757   12240    0    -2.8     1.2    -3.3     4.5   -47.7   157.7
2019 10 01  0325   58757   12300    0    -1.7     2.0    -3.2     4.2   -51.1   129.7
2019 10 01  0326   58757   12360    0    -2.4     1.0    -3.4     4.3   -53.2   157.1
2019 10 01  0327   58757   12420    0    -3.2     1.0    -3.2     4.6   -43.5   161.9
2019 10 01  0328   58757   12480    0    -2.8     1.1    -3.4     4.6   -48.0   158.2
2019 10 01  0329   58757   12540    0    -3.3     0.4    -3.1     4.5   -42.7   173.7
2019 10 01  0330   58757   12600    0    -3.8    -0.8    -2.3     4.5   -30.4   191.8
2019 10 01  0331   58757   12660    0    -2.3     0.5    -2.8     3.7   -49.5   168.7
2019 10 01  0332   58757   12720    0    -0.4     2.3    -4.4     5.0   -62.2    98.7
2019 10 01  0333   58757   12780    0    -0.4     1.4    -4.7     4.9   -72.7   107.4
2019 10 01  0334   58757   12840    0    -0.7     1.1    -4.4     4.5   -73.5   121.0
2019 10 01  0335   58757   12900    0    -0.0     1.8    -4.0     4.4   -65.9    91.4
2019 10 01  0336   58757   12960    0    -0.7     2.4    -4.2     4.9   -59.7   106.1
2019 10 01  0337   58757   13020    0    -0.1     3.1    -3.6     4.8   -49.9    91.1
2019 10 01  0338   58757   13080    0    -0.3     1.5    -4.6     4.9   -71.3   101.7
2019 10 01  0339   58757   13140    0     0.1    -0.4    -5.1     5.1   -85.4   280.4
2019 10 01  0340   58757   13200    0    -1.1     0.9    -4.0     4.2   -70.9   142.1
2019 10 01  0341   58757   13260    0    -1.6     4.1    -0.8     4.5   -10.6   110.9
2019 10 01  0342   58757   13320    0    -2.3     3.8    -1.1     4.6   -13.5   121.1
2019 10 01  0343   58757   13380    0    -1.4     3.3    -1.7     3.9   -24.9   112.6
2019 10 01  0344   58757   13440    0    -0.3     2.0     2.0     2.8    44.4    98.6
2019 10 01  0345   58757   13500    0    -2.1     2.4    -0.0     3.2    -0.1   130.7
2019 10 01  0346   58757   13560    0    -3.4     0.8    -3.5     4.9   -44.4   166.8
2019 10 01  0347   58757   13620    0    -3.4     1.2    -3.6     5.1   -45.2   161.0
2019 10 01  0348   58757   13680    0    -3.5    -0.2    -3.7     5.1   -46.9   183.7
2019 10 01  0349   58757   13740    0    -3.2     1.5    -3.1     4.8   -41.1   154.6
2019 10 01  0350   58757   13800    0    -2.5     3.0    -2.8     4.9   -35.8   129.5
2019 10 01  0351   58757   13860    0    -2.7     3.8    -1.1     4.8   -13.3   124.7
2019 10 01  0352   58757   13920    0    -3.2     3.5    -1.6     5.0   -18.5   132.8
2019 10 01  0353   58757   13980    0    -3.6     2.4    -2.8     5.1   -32.7   146.4
2019 10 01  0354   58757   14040    0    -3.5     2.0    -3.6     5.4   -41.8   151.1
2019 10 01  0355   58757   14100    0    -3.0     1.4    -4.2     5.3   -51.6   155.3
2019 10 01  0356   58757   14160    0    -3.0     1.3    -4.3     5.4   -52.4   156.5
2019 10 01  0357   58757   14220    0    -2.9     1.5    -4.3     5.4   -52.8   152.3
2019 10 01  0358   58757   14280    0    -2.7     1.4    -4.6     5.5   -56.6   152.4
2019 10 01  0359   58757   14340    0    -2.7     0.6    -4.7     5.4   -59.5   167.4
2019 10 01  0400   58757   14400    0    -1.5     1.0    -5.0     5.3   -70.5   147.5
2019 10 01  0401   58757   14460    0    -1.8     2.5    -4.2     5.2   -53.5   126.5
2019 10 01  0402   58757   14520    0    -2.3     2.8    -3.0     4.7   -40.2   130.1
2019 10 01  0403   58757   14580    0    -3.6     1.8    -2.9     4.9   -36.2   153.5
2019 10 01  0404   58757   14640    0    -2.8     2.6    -3.2     5.0   -40.4   137.5
2019 10 01  0405   58757   14700    0    -3.1     1.4    -3.9     5.3   -48.8   155.3
2019 10 01  0406   58757   14760    0    -2.3     1.8    -3.7     4.7   -51.4   142.5
2019 10 01  0407   58757   14820    0    -2.0     3.0    -3.5     5.0   -44.3   123.5
2019 10 01  0408   58757   14880    0    -2.5     2.1    -3.6     4.9   -47.6   139.4
2019 10 01  0409   58757   14940    0    -2.1     2.8    -2.6     4.4   -36.7   126.4
2019 10 01  0410   58757   15000    0    -2.5     3.5    -0.7     4.3    -9.2   125.7
2019 10 01  0411   58757   15060    0    -1.9     4.0     0.8     4.5     9.8   114.9
2019 10 01  0412   58757   15120    0    -1.0     3.3     2.2     4.0    32.5   107.2
2019 10 01  0413   58757   15180    0    -1.2     1.8     4.2     4.8    63.0   122.5
2019 10 01  0414   58757   15240    0    -0.7     0.7     5.3     5.4    79.5   136.0
2019 10 01  0415   58757   15300    0    -0.9     1.4     5.3     5.6    72.7   124.0
2019 10 01  0416   58757   15360    0    -1.4     2.6     3.9     4.9    52.8   119.0
2019 10 01  0417   58757   15420    0    -2.4     4.6    -0.7     5.2    -7.2   118.1
2019 10 01  0418   58757   15480    0    -1.2     1.4    -4.7     5.0   -68.9   129.6
2019 10 01  0419   58757   15540    0     0.2    -0.4    -6.5     6.6   -86.3   294.1
2019 10 01  0420   58757   15600    0     0.3    -0.1    -6.7     6.7   -87.5   330.6
2019 10 01  0421   58757   15660    0     0.5    -1.3    -6.4     6.6   -78.1   289.5
2019 10 01  0422   58757   15720    0     0.9    -1.9    -6.2     6.6   -71.2   295.8
2019 10 01  0423   58757   15780    0     1.7    -2.7    -5.7     6.5   -60.5   302.3
2019 10 01  0424   58757   15840    0     1.3    -2.2    -5.9     6.4   -66.7   299.9
2019 10 01  0425   58757   15900    0    -0.2     0.7    -6.2     6.2   -83.4   105.5
2019 10 01  0426   58757   15960    0    -0.2     1.7    -6.1     6.3   -74.7    95.8
2019 10 01  0427   58757   16020    0    -0.2     1.4    -6.3     6.4   -77.3    98.2
2019 10 01  0428   58757   16080    0     0.0     2.0    -6.2     6.5   -72.1    89.7
2019 10 01  0429   58757   16140    0     0.4     1.9    -6.2     6.5   -72.5    77.8
2019 10 01  0430   58757   16200    0    -0.5     2.2    -6.0     6.5   -69.1   103.7
2019 10 01  0431   58757   16260    0    -0.6     3.2    -5.6     6.4   -59.7    99.8
2019 10 01  0432   58757   16320    0    -0.1     1.6    -6.3     6.5   -75.4    94.2
2019 10 01  0433   58757   16380    0    -1.7     2.8    -5.5     6.4   -58.9   121.0
2019 10 01  0434   58757   16440    0    -1.9     2.7    -5.2     6.2   -58.1   125.2
2019 10 01  0435   58757   16500    0    -2.3     3.0    -4.8     6.1   -51.9   127.9
2019 10 01  0436   58757   16560    0    -2.9     2.9    -5.3     6.7   -52.2   135.3
2019 10 01  0437   58757   16620    0    -2.4     3.5    -4.6     6.3   -47.3   124.8
2019 10 01  0438   58757   16680    0    -3.0     3.2    -4.6     6.4   -46.3   133.4
2019 10 01  0439   58757   16740    0    -2.8     3.5    -4.6     6.4   -46.2   128.8
2019 10 01  0440   58757   16800    0    -2.5     3.3    -4.6     6.2   -48.0   126.9
2019 10 01  0441   58757   16860    0    -2.4     3.7    -4.1     6.1   -42.8   123.2
2019 10 01  0442   58757   16920    0    -2.0     4.5    -3.8     6.2   -37.4   114.2
2019 10 01  0443   58757   16980    0    -2.8     3.4    -4.8     6.6   -47.2   129.6
2019 10 01  0444   58757   17040    0    -2.9     4.0    -4.3     6.5   -40.7   125.9
2019 10 01  0445   58757   17100    0    -2.8     4.1    -4.1     6.5   -39.9   124.9
2019 10 01  0446   58757   17160    0    -3.1     4.1    -4.2     6.6   -39.7   127.0
2019 10 01  0447   58757   17220    0    -3.0     4.1    -4.1     6.5   -39.1   126.0
2019 10 01  0448   58757   17280    0    -3.0     3.6    -4.3     6.3   -42.1   129.4
2019 10 01  0449   58757   17340    0    -2.8     0.6    -5.7     6.4   -63.1   168.2
2019 10 01  0450   58757   17400    0    -2.7    -0.2    -5.8     6.4   -65.4   184.3
2019 10 01  0451   58757   17460    0    -1.8     1.1    -6.1     6.5   -70.6   148.9
2019 10 01  0452   58757   17520    0    -2.5     1.7    -5.7     6.4   -62.3   146.4
2019 10 01  0453   58757   17580    0    -2.9     1.9    -5.7     6.7   -58.7   146.3
2019 10 01  0454   58757   17640    0    -2.7     1.8    -5.7     6.6   -60.6   145.7
2019 10 01  0455   58757   17700    0    -3.0     2.1    -5.5     6.7   -56.3   145.0
2019 10 01  0456   58757   17760    0    -3.6     2.0    -5.3     6.7   -51.8   151.2
2019 10 01  0457   58757   17820    0    -3.4     1.8    -5.5     6.7   -55.5   152.4
2019 10 01  0458   58757   17880    0    -3.2     1.7    -5.7     6.7   -57.7   151.9
2019 10 01  0459   58757   17940    0    -2.8     2.3    -5.8     6.8   -57.7   140.4
2019 10 01  0500   58757   18000    0    -2.6     2.7    -5.7     6.8   -56.2   134.1
2019 10 01  0501   58757   18060    0    -2.3     2.8    -5.8     6.8   -58.0   129.9
2019 10 01  0502   58757   18120    0    -3.1     2.9    -5.3     6.8   -51.9   137.1
2019 10 01  0503   58757   18180    0    -3.1     2.9    -5.5     6.9   -52.0   137.2
2019 10 01  0504   58757   18240    0    -3.0     3.2    -5.4     6.9   -50.9   133.1
2019 10 01  0505   58757   18300    0    -2.1     4.2    -5.0     6.8   -47.1   116.8
2019 10 01  0506   58757   18360    0    -1.5     4.9    -4.6     6.9   -42.0   107.3
2019 10 01  0507   58757   18420    0    -1.5     5.1    -4.6     7.0   -40.8   106.0
2019 10 01  0508   58757   18480    0    -1.4     4.7    -4.8     6.9   -44.3   106.1
2019 10 01  0509   58757   18540    0    -1.0     4.8    -4.7     6.8   -43.9   101.6
2019 10 01  0510   58757   18600    0    -1.3     5.3    -4.1     6.9   -36.9   103.5
2019 10 01  0511   58757   18660    0    -1.5     5.4    -4.1     7.0   -36.0   105.4
2019 10 01  0512   58757   18720    0    -1.2     4.5    -4.8     6.7   -45.7   104.3
2019 10 01  0513   58757   18780    0    -1.0     4.1    -5.3     6.8   -51.5   103.3
2019 10 01  0514   58757   18840    0    -0.8     4.4    -5.2     6.8   -49.1    99.7
2019 10 01  0515   58757   18900    0    -0.1     4.8    -4.5     6.6   -43.2    91.1
2019 10 01  0516   58757   18960    0    -0.1     5.0    -4.2     6.6   -39.7    91.6
2019 10 01  0517   58757   19020    0    -0.4     4.9    -4.5     6.7   -42.2    94.4
2019 10 01  0518   58757   19080    0    -0.2     4.9    -4.5     6.7   -42.4    91.8
2019 10 01  0519   58757   19140    0     0.6     5.1    -4.3     6.7   -39.6    83.9
2019 10 01  0520   58757   19200    0     0.2     5.0    -4.4     6.7   -41.2    87.3
2019 10 01  0521   58757   19260    0     0.2     5.1    -4.3     6.6   -40.0    87.7
2019 10 01  0522   58757   19320    0    -0.1     5.0    -4.3     6.7   -40.6    91.0
2019 10 01  0523   58757   19380    0    -0.4     5.1    -4.4     6.7   -41.2    94.5
2019 10 01  0524   58757   19440    0    -0.6     4.9    -4.6     6.7   -42.7    97.5
2019 10 01  0525   58757   19500    0     0.5     5.1    -4.3     6.7   -40.4    84.5
2019 10 01  0526   58757   19560    0     0.3     5.0    -4.4     6.6   -41.4    86.4
2019 10 01  0527   58757   19620    0     0.0     5.3    -4.1     6.7   -38.2    89.6
2019 10 01  0528   58757   19680    0    -0.2     5.3    -4.0     6.7   -36.6    92.5
2019 10 01  0529   58757   19740    0    -0.7     5.1    -4.3     6.7   -40.0    97.4
2019 10 01  0530   58757   19800    0    -0.6     5.4    -4.0     6.7   -36.7    96.4
2019 10 01  0531   58757   19860    0    -0.4     5.8    -3.5     6.8   -31.0    94.2
2019 10 01  0532   58757   19920    0    -0.4     5.8    -3.5     6.8   -30.7    94.0
2019 10 01  0533   58757   19980    0    -1.3     5.8    -3.3     6.8   -29.2   102.8
2019 10 01  0534   58757   20040    0    -1.3     5.7    -3.4     6.8   -29.9   102.4
2019 10 01  0535   58757   20100    0    -0.7     5.5    -3.9     6.8   -35.0    96.9
2019 10 01  0536   58757   20160    0    -0.7     5.5    -3.9     6.8   -35.6    97.4
2019 10 01  0537   58757   20220    0    -0.2     5.4    -4.0     6.7   -36.0    92.2
2019 10 01  0538   58757   20280    0    -0.3     5.3    -4.0     6.6   -36.9    93.0
2019 10 01  0539   58757   20340    0    -1.7     5.8    -2.6     6.6   -23.3   106.6
2019 10 01  0540   58757   20400    0    -1.5     5.8    -2.5     6.5   -22.9   104.6
2019 10 01  0541   58757   20460    0    -0.7     6.0    -2.4     6.5   -21.4    96.9
2019 10 01  0542   58757   20520    0    -1.3     6.1    -2.2     6.6   -19.5   102.3
2019 10 01  0543   58757   20580    0    -1.6     6.0    -2.2     6.6   -19.8   105.1
2019 10 01  0544   58757   20640    0    -1.6     6.0    -2.4     6.6   -21.3   105.1
2019 10 01  0545   58757   20700    0    -1.7     5.8    -2.7     6.7   -23.7   106.6
2019 10 01  0546   58757   20760    0    -1.6     5.9    -2.5     6.6   -22.4   105.4
2019 10 01  0547   58757   20820    0    -2.0     6.0    -1.8     6.5   -16.0   108.4
2019 10 01  0548   58757   20880    0    -2.1     5.7    -2.5     6.6   -22.7   109.9
2019 10 01  0549   58757   20940    0    -2.4     5.8    -1.6     6.5   -14.0   112.5
2019 10 01  0550   58757   21000    0    -2.2     5.6    -2.1     6.4   -19.0   111.8
2019 10 01  0551   58757   21060    0    -1.8     5.5    -3.1     6.5   -27.9   107.8
2019 10 01  0552   58757   21120    0    -1.9     5.0    -3.5     6.4   -33.2   110.6
2019 10 01  0553   58757   21180    0    -2.0     5.2    -3.3     6.5   -30.5   111.3
2019 10 01  0554   58757   21240    0    -2.2     5.5    -2.5     6.4   -23.2   111.8
2019 10 01  0555   58757   21300    0    -2.1     5.8    -1.6     6.4   -14.2   110.1
2019 10 01  0556   58757   21360    0    -2.3     5.8    -1.4     6.4   -12.8   111.1
2019 10 01  0557   58757   21420    0    -2.3     5.8    -1.6     6.4   -14.2   111.5
2019 10 01  0558   58757   21480    0    -2.1     6.0    -1.3     6.4   -11.8   109.1
2019 10 01  0559   58757   21540    0    -1.8     6.0    -1.2     6.4   -10.7   107.0
2019 10 01  0600   58757   21600    0    -1.5     6.1    -1.1     6.4    -9.8   103.6
2019 10 01  0601   58757   21660    0    -1.8     6.0    -1.0     6.4    -9.3   106.5
2019 10 01  0602   58757   21720    0    -1.9     6.0    -1.0     6.4    -9.1   108.0
2019 10 01  0603   58757   21780    0    -2.3     5.9    -0.5     6.4    -4.5   111.2
2019 10 01  0604   58757   21840    0    -2.2     5.9    -0.7     6.3    -5.9   110.7
2019 10 01  0605   58757   21900    0    -2.3     5.9    -0.7     6.3    -6.5   111.1
2019 10 01  0606   58757   21960    0    -2.5     5.8    -0.5     6.3    -4.3   113.0
2019 10 01  0607   58757   22020    0    -2.7     5.7    -0.3     6.3    -2.9   115.2
2019 10 01  0608   58757   22080    0    -2.4     5.7    -0.5     6.2    -5.0   113.2
2019 10 01  0609   58757   22140    0    -2.0     5.6    -0.9     6.0    -8.7   109.3
2019 10 01  0610   58757   22200    0    -1.8     5.5     0.6     5.8     6.1   108.4
2019 10 01  0611   58757   22260    0    -2.2     5.4     0.1     5.8     1.4   111.7
2019 10 01  0612   58757   22320    0    -3.0     4.9    -1.2     5.9   -12.0   121.6
2019 10 01  0613   58757   22380    0    -3.4     4.8    -0.9     6.0    -8.8   124.8
2019 10 01  0614   58757   22440    0    -2.7     5.2    -0.6     5.9    -6.2   117.9
2019 10 01  0615   58757   22500    0    -2.8     5.1     0.3     5.8     3.4   118.4
2019 10 01  0616   58757   22560    0    -3.2     4.7     1.1     5.8    11.0   124.6
2019 10 01  0617   58757   22620    0    -2.8     5.0     0.3     5.7     2.8   119.2
2019 10 01  0618   58757   22680    0    -2.7     4.7     1.8     5.7    18.1   119.9
2019 10 01  0619   58757   22740    0    -2.4     5.0     1.4     5.8    14.5   115.8
2019 10 01  0620   58757   22800    0    -3.0     4.9     0.9     5.8     9.2   122.0
2019 10 01  0621   58757   22860    0    -3.2     4.9     0.0     5.8     0.3   122.8
2019 10 01  0622   58757   22920    0    -2.8     5.2     0.1     5.9     1.3   118.1
2019 10 01  0623   58757   22980    0    -2.6     5.3    -0.1     5.9    -1.0   116.5
2019 10 01  0624   58757   23040    0    -1.1     5.3    -1.4     5.6   -14.9   102.2
2019 10 01  0625   58757   23100    0    -1.2     5.4    -1.4     5.7   -14.5   103.0
2019 10 01  0626   58757   23160    0    -1.5     5.3    -1.5     5.7   -14.7   106.1
2019 10 01  0627   58757   23220    0    -0.6     5.7    -0.3     5.8    -2.8    95.8
2019 10 01  0628   58757   23280    0    -1.3     5.5    -1.2     5.8   -12.0   103.1
2019 10 01  0629   58757   23340    0    -1.3     5.7    -0.4     5.8    -4.1   102.8
2019 10 01  0630   58757   23400    0    -2.1     3.8    -0.1     4.3    -1.4   118.5
2019 10 01  0631   58757   23460    0    -1.3     5.5    -1.3     5.8   -12.8   103.5
2019 10 01  0632   58757   23520    0    -1.5     3.6    -2.4     4.6   -31.3   112.2
2019 10 01  0633   58757   23580    0    -1.1     5.2     1.8     5.6    18.3   102.2
2019 10 01  0634   58757   23640    0    -1.3     5.3     0.3     5.4     3.7   104.2
2019 10 01  0635   58757   23700    0    -1.4     4.6    -3.0     5.6   -31.6   107.3
2019 10 01  0636   58757   23760    0    -1.4     3.6    -3.0     4.9   -37.7   111.7
2019 10 01  0637   58757   23820    0    -1.8     4.3    -2.5     5.3   -28.3   112.2
2019 10 01  0638   58757   23880    0    -2.1     3.3    -2.9     4.9   -36.7   122.6
2019 10 01  0639   58757   23940    0    -1.6     3.3    -3.4     4.9   -42.9   116.1
2019 10 01  0640   58757   24000    0    -1.3     4.1    -2.1     4.8   -26.3   107.0
2019 10 01  0641   58757   24060    0    -1.6     3.6    -3.8     5.5   -44.3   114.1
2019 10 01  0642   58757   24120    0    -1.4     4.0    -3.3     5.4   -37.6   109.1
2019 10 01  0643   58757   24180    0    -1.6     4.0    -3.6     5.6   -39.8   111.8
2019 10 01  0644   58757   24240    0    -1.4     2.9    -3.8     5.0   -49.4   116.1
2019 10 01  0645   58757   24300    0    -1.5     3.9    -4.0     5.7   -43.7   110.7
2019 10 01  0646   58757   24360    0    -1.7     3.6    -4.2     5.8   -46.9   115.1
2019 10 01  0647   58757   24420    0    -1.2     4.1    -3.7     5.6   -40.6   106.1
2019 10 01  0648   58757   24480    0    -0.9     3.0    -2.0     3.7   -32.8   106.4
2019 10 01  0649   58757   24540    0    -1.4     5.5    -1.3     5.8   -13.4   104.2
2019 10 01  0650   58757   24600    0    -1.1     4.8    -0.6     4.9    -7.2   102.9
2019 10 01  0651   58757   24660    0    -1.5     5.2    -0.6     5.4    -5.9   106.3
2019 10 01  0652   58757   24720    0    -1.4     5.6    -0.5     5.8    -4.7   103.8
2019 10 01  0653   58757   24780    0    -2.0     5.1    -0.1     5.4    -1.1   111.2
2019 10 01  0654   58757   24840    0    -1.9     5.4     0.0     5.7     0.1   109.1
2019 10 01  0655   58757   24900    0    -2.2     5.2     0.2     5.7     1.8   112.4
2019 10 01  0656   58757   24960    0    -2.1     5.1     1.4     5.7    14.6   111.9
2019 10 01  0657   58757   25020    0    -1.4     5.2     2.0     5.7    20.5   105.0
2019 10 01  0658   58757   25080    0    -0.9     5.4     1.3     5.7    13.3    99.1
2019 10 01  0659   58757   25140    0    -2.3     5.2     0.5     5.7     5.4   113.4
2019 10 01  0700   58757   25200    0    -2.4     5.2     0.7     5.8     6.9   114.2
2019 10 01  0701   58757   25260    0    -1.6     5.7    -0.0     5.9    -0.2   105.5
2019 10 01  0702   58757   25320    0    -1.5     4.8    -1.2     5.2   -13.1   107.2
2019 10 01  0703   58757   25380    0    -1.1     5.6    -0.7     5.8    -7.4   100.6
2019 10 01  0704   58757   25440    0    -1.2     5.5    -1.2     5.7   -12.0   101.9
2019 10 01  0705   58757   25500    0    -1.4     5.3    -1.6     5.7   -16.1   104.6
2019 10 01  0706   58757   25560    0    -1.1     4.4    -1.2     4.7   -14.8   103.4
2019 10 01  0707   58757   25620    0    -1.9     3.9    -2.0     4.8   -24.0   116.0
2019 10 01  0708   58757   25680    0    -1.5     5.1    -1.6     5.5   -17.0   106.7
2019 10 01  0709   58757   25740    0    -1.8     4.4    -2.1     5.2   -23.5   112.5
2019 10 01  0710   58757   25800    0    -2.0     4.2    -3.4     5.7   -35.8   115.0
2019 10 01  0711   58757   25860    0    -1.4     3.5    -3.8     5.3   -45.2   111.4
2019 10 01  0712   58757   25920    0    -0.9     4.1    -2.8     5.1   -33.7   102.4
2019 10 01  0713   58757   25980    0    -0.2     4.4    -3.3     5.5   -36.6    92.7
2019 10 01  0714   58757   26040    0    -0.6     4.2    -2.6     4.9   -31.2    97.5
2019 10 01  0715   58757   26100    0    -1.8    14.2   -10.9    18.0   -37.3    97.3
2019 10 01  0716   58757   26160    0     0.3     3.1    -3.2     4.5   -46.0    84.3
2019 10 01  0717   58757   26220    0    -0.7     3.3    -2.9     4.4   -40.6   102.7
2019 10 01  0718   58757   26280    0    -0.1     1.8    -1.8     2.6   -45.9    93.2
2019 10 01  0719   58757   26340    0     0.0     3.9    -3.8     5.4   -44.0    89.9
2019 10 01  0720   58757   26400    0     0.2     3.8    -3.5     5.2   -42.5    87.0
2019 10 01  0721   58757   26460    0    -0.8     3.5    -2.2     4.2   -31.1   102.4
2019 10 01  0722   58757   26520    0    -1.1     4.0    -2.9     5.0   -35.2   105.0
2019 10 01  0723   58757   26580    0    -1.2     3.1    -1.3     3.5   -21.0   110.8
2019 10 01  0724   58757   26640    0    -1.0     3.9    -0.1     4.0    -1.9   104.0
2019 10 01  0725   58757   26700    0    -1.7     4.4     0.8     4.8    10.1   110.7
2019 10 01  0726   58757   26760    0    -1.7     4.5     0.9     4.9    10.9   110.6
2019 10 01  0727   58757   26820    0    -1.0     3.4    -3.5     5.0   -44.7   106.1
2019 10 01  0728   58757   26880    0    -1.4     3.0    -2.7     4.3   -39.8   114.9
2019 10 01  0729   58757   26940    0    -1.1     3.3    -3.8     5.2   -47.4   108.4
2019 10 01  0730   58757   27000    0    -1.3     2.5    -4.4     5.2   -57.1   117.3
2019 10 01  0731   58757   27060    0    -1.7     2.7    -4.5     5.5   -54.0   122.1
2019 10 01  0732   58757   27120    0    -2.7     2.5    -4.1     5.6   -47.7   137.2
2019 10 01  0733   58757   27180    0    -2.4     2.0    -4.2     5.3   -53.2   140.7
2019 10 01  0734   58757   27240    0    -1.1     3.5    -3.6     5.1   -44.7   107.9
2019 10 01  0735   58757   27300    0     0.1     4.4    -3.4     5.5   -37.3    88.7
2019 10 01  0736   58757   27360    0     0.1     4.8    -3.2     5.8   -33.6    88.2
2019 10 01  0737   58757   27420    0     0.2     4.8    -2.8     5.6   -30.0    88.0
2019 10 01  0738   58757   27480    0     1.1     4.7    -2.5     5.4   -27.5    76.2
2019 10 01  0739   58757   27540    0    -0.2     4.8    -3.0     5.7   -31.5    92.2
2019 10 01  0740   58757   27600    0    -0.6     4.8    -3.0     5.7   -32.0    96.5
2019 10 01  0741   58757   27660    0    -0.8     4.9    -3.1     5.9   -31.6    99.3
2019 10 01  0742   58757   27720    0    -0.4     5.2    -2.7     5.9   -27.9    94.8
2019 10 01  0743   58757   27780    0    -0.1     5.2    -2.6     5.8   -26.1    90.8
2019 10 01  0744   58757   27840    0     0.2     5.4    -2.3     5.9   -23.1    87.4
2019 10 01  0745   58757   27900    0     0.2     5.5    -1.9     5.8   -18.9    88.3
2019 10 01  0746   58757   27960    0     0.3     5.7    -0.8     5.7    -8.4    86.8
2019 10 01  0747   58757   28020    0     0.8     5.1     0.5     5.2     5.5    81.1
2019 10 01  0748   58757   28080    0     0.9     5.7    -0.3     5.8    -2.8    80.7
2019 10 01  0749   58757   28140    0    -0.7     5.6    -0.9     5.7    -9.2    96.9
2019 10 01  0750   58757   28200    0    -0.4     5.7    -1.2     5.9   -12.1    94.3
2019 10 01  0751   58757   28260    0    -0.6     5.7    -1.3     5.9   -12.8    95.9
2019 10 01  0752   58757   28320    0    -0.5     5.7    -1.1     5.8   -11.1    94.7
2019 10 01  0753   58757   28380    0     0.3     5.7    -0.8     5.7    -7.8    86.9
2019 10 01  0754   58757   28440    0    -0.2     5.5    -1.6     5.8   -16.0    92.3
2019 10 01  0755   58757   28500    0    -0.7     5.7    -1.6     5.9   -15.2    96.9
2019 10 01  0756   58757   28560    0    -0.4     5.4    -1.8     5.7   -18.2    94.0
2019 10 01  0757   58757   28620    0    -0.3     5.2    -2.2     5.6   -23.3    93.1
2019 10 01  0758   58757   28680    0    -0.3     5.2    -2.4     5.7   -24.4    93.1
2019 10 01  0759   58757   28740    0    -0.4     4.9    -2.5     5.6   -27.1    94.9
2019 10 01  0800   58757   28800    0     1.2     3.7    -2.8     4.8   -36.3    72.6
2019 10 01  0801   58757   28860    0     1.7     4.2    -2.7     5.3   -30.4    68.0
2019 10 01  0802   58757   28920    0     0.7     4.2    -3.0     5.2   -35.1    80.5
2019 10 01  0803   58757   28980    0     0.7     4.2    -3.0     5.2   -34.7    80.3
2019 10 01  0804   58757   29040    0    -0.1     4.2    -3.3     5.3   -38.5    91.7
2019 10 01  0805   58757   29100    0    -0.1     4.1    -3.3     5.3   -38.6    90.8
2019 10 01  0806   58757   29160    0    -0.2     3.9    -3.5     5.3   -41.6    92.3
2019 10 01  0807   58757   29220    0    -0.4     3.5    -3.9     5.3   -48.5    96.5
2019 10 01  0808   58757   29280    0    -0.6     3.6    -3.8     5.3   -45.8   100.1
2019 10 01  0809   58757   29340    0    -0.8     4.3    -2.8     5.2   -32.7   100.6
2019 10 01  0810   58757   29400    0    -0.9     3.7    -3.3     5.1   -41.0   104.1
2019 10 01  0811   58757   29460    0    -2.2     5.0    -1.2     5.6   -12.8   113.4
2019 10 01  0812   58757   29520    0    -2.0     5.1    -1.3     5.7   -13.0   111.6
2019 10 01  0813   58757   29580    0    -1.8     5.3    -0.5     5.6    -5.3   108.8
2019 10 01  0814   58757   29640    0    -1.8     5.3    -0.9     5.7    -9.3   108.7
2019 10 01  0815   58757   29700    0    -1.7     4.9    -1.4     5.4   -15.5   108.8
2019 10 01  0816   58757   29760    0    -1.2     4.8    -1.6     5.2   -18.3   103.7
2019 10 01  0817   58757   29820    0    -1.0     4.9    -1.5     5.2   -16.8   102.0
2019 10 01  0818   58757   29880    0    -2.0     4.0     1.9     4.9    23.6   117.1
2019 10 01  0819   58757   29940    0    -2.3     3.8     2.7     5.2    31.1   121.4
2019 10 01  0820   58757   30000    0    -2.9     4.0     2.4     5.5    26.2   125.7
2019 10 01  0821   58757   30060    0    -3.1     4.2     2.2     5.6    22.5   126.0
2019 10 01  0822   58757   30120    0    -3.1     4.1     2.3     5.6    23.8   127.2
2019 10 01  0823   58757   30180    0    -3.3     3.9     2.3     5.6    24.6   130.2
2019 10 01  0824   58757   30240    0    -3.4     3.8     2.4     5.7    25.4   131.8
2019 10 01  0825   58757   30300    0    -3.4     3.6     2.6     5.6    28.1   133.7
2019 10 01  0826   58757   30360    0    -3.5     3.4     2.4     5.4    26.1   135.4
2019 10 01  0827   58757   30420    0    -3.7     4.0     1.5     5.6    15.0   133.2
2019 10 01  0828   58757   30480    0    -3.7     4.1     1.3     5.7    13.6   132.6
2019 10 01  0829   58757   30540    0    -3.7     4.2     1.0     5.7     9.7   132.0
2019 10 01  0830   58757   30600    0    -4.0     2.5     0.3     4.7     3.8   147.5
2019 10 01  0831   58757   30660    0    -3.8     3.4     2.2     5.6    23.3   138.1
2019 10 01  0832   58757   30720    0    -3.6     3.4     2.1     5.4    22.7   136.2
2019 10 01  0833   58757   30780    0    -3.7     3.2     2.2     5.4    23.6   139.1
2019 10 01  0834   58757   30840    0    -3.5     3.1     2.0     5.1    23.1   138.8
2019 10 01  0835   58757   30900    0    -3.0     2.4     0.3     3.9     4.2   140.8
2019 10 01  0836   58757   30960    0    -1.7    -1.1    -3.3     3.8   -58.8   212.3
2019 10 01  0837   58757   31020    0    -0.8    -1.4    -4.5     4.8   -70.1   241.8
2019 10 01  0838   58757   31080    0    -0.6    -1.9    -4.1     4.6   -64.2   253.2
2019 10 01  0839   58757   31140    0    -1.5    -1.4    -4.3     4.7   -64.4   222.4
2019 10 01  0840   58757   31200    0    -2.2    -0.5    -4.0     4.6   -60.2   192.5
2019 10 01  0841   58757   31260    0    -2.6     0.2    -3.8     4.6   -55.1   175.1
2019 10 01  0842   58757   31320    0    -4.4    -0.3    -1.6     4.7   -19.8   183.3
2019 10 01  0843   58757   31380    0    -3.3     1.1    -3.0     4.6   -40.2   162.0
2019 10 01  0844   58757   31440    0    -3.2     0.2    -3.4     4.7   -46.1   176.5
2019 10 01  0845   58757   31500    0    -2.8     0.2    -3.6     4.6   -51.5   176.1
2019 10 01  0846   58757   31560    0    -2.6     0.6    -3.8     4.6   -54.6   168.1
2019 10 01  0847   58757   31620    0    -3.0     0.5    -3.4     4.6   -48.6   169.6
2019 10 01  0848   58757   31680    0    -3.1     0.5    -2.4     4.0   -36.4   171.3
2019 10 01  0849   58757   31740    0    -3.2     1.4    -2.9     4.5   -39.4   156.4
2019 10 01  0850   58757   31800    0    -3.6     0.8    -2.6     4.5   -35.1   167.6
2019 10 01  0851   58757   31860    0    -3.6     0.8    -2.1     4.2   -29.8   167.5
2019 10 01  0852   58757   31920    0    -3.3     0.2    -3.1     4.5   -43.3   177.0
2019 10 01  0853   58757   31980    0    -3.6    -0.2    -2.9     4.6   -39.5   182.8
2019 10 01  0854   58757   32040    0    -3.5    -0.4    -2.6     4.3   -36.3   187.3
2019 10 01  0855   58757   32100    0    -2.6     1.2    -3.2     4.4   -48.1   154.6
2019 10 01  0856   58757   32160    0    -2.7     2.0    -2.6     4.2   -37.7   143.6
2019 10 01  0857   58757   32220    0    -2.9     2.8    -1.4     4.3   -19.4   136.1
2019 10 01  0858   58757   32280    0    -3.0     1.2    -2.2     3.9   -34.6   158.7
2019 10 01  0859   58757   32340    0    -2.1     1.7    -3.3     4.2   -50.5   141.6
