:Data_list: 20190428_ace_sis_5m.txt
:Created: 2019 Apr 28 0901 UT
# Prepared by the U.S. Dept. of Commerce, NOAA, Space Weather Prediction Center
# Please send comments and suggestions to SWPC.Webmaster@noaa.gov 
# 
# Units: proton flux p/cs2-sec-ster
# Status(S): 0 = nominal data, 1 to 8 = bad data record, 9 = no data
# Missing data values: -1.00e+05
# Source: ACE Satellite - Solar Isotope Spectrometer
#
# 5-minute averaged Real-time Integral Flux of High-energy Solar Protons
# 
#                 Modified Seconds
# UT Date   Time   Julian  of the      ---- Integral Proton Flux ----
# YR MO DA  HHMM     Day     Day       S    > 10 MeV    S    > 30 MeV
#--------------------------------------------------------------------
2019 04 28  0000    58601       0      0    2.28e+00    0    1.60e+00
2019 04 28  0005    58601     300      0    2.29e+00    0    1.61e+00
2019 04 28  0010    58601     600      0    2.32e+00    0    1.64e+00
2019 04 28  0015    58601     900      0    2.31e+00    0    1.62e+00
2019 04 28  0020    58601    1200      0    2.35e+00    0    1.65e+00
2019 04 28  0025    58601    1500      0    2.40e+00    0    1.68e+00
2019 04 28  0030    58601    1800      0    2.32e+00    0    1.61e+00
2019 04 28  0035    58601    2100      0    2.29e+00    0    1.61e+00
2019 04 28  0040    58601    2400      0    2.30e+00    0    1.61e+00
2019 04 28  0045    58601    2700      0    2.34e+00    0    1.64e+00
2019 04 28  0050    58601    3000      0    2.35e+00    0    1.65e+00
2019 04 28  0055    58601    3300      0    2.37e+00    0    1.66e+00
2019 04 28  0100    58601    3600      0    2.36e+00    0    1.65e+00
2019 04 28  0105    58601    3900      0    2.30e+00    0    1.61e+00
2019 04 28  0110    58601    4200      0    2.26e+00    0    1.61e+00
2019 04 28  0115    58601    4500      0    2.36e+00    0    1.66e+00
2019 04 28  0120    58601    4800      0    2.39e+00    0    1.67e+00
2019 04 28  0125    58601    5100      0    2.30e+00    0    1.61e+00
2019 04 28  0130    58601    5400      0    2.36e+00    0    1.65e+00
2019 04 28  0135    58601    5700      0    2.37e+00    0    1.66e+00
2019 04 28  0140    58601    6000      0    2.27e+00    0    1.58e+00
2019 04 28  0145    58601    6300      0    2.24e+00    0    1.58e+00
2019 04 28  0150    58601    6600      0    2.32e+00    0    1.65e+00
2019 04 28  0155    58601    6900      0    2.31e+00    0    1.63e+00
2019 04 28  0200    58601    7200      0    2.36e+00    0    1.65e+00
2019 04 28  0205    58601    7500      0    2.35e+00    0    1.62e+00
2019 04 28  0210    58601    7800      0    2.34e+00    0    1.63e+00
2019 04 28  0215    58601    8100      0    2.32e+00    0    1.62e+00
2019 04 28  0220    58601    8400      0    2.30e+00    0    1.60e+00
2019 04 28  0225    58601    8700      0    2.33e+00    0    1.62e+00
2019 04 28  0230    58601    9000      0    2.19e+00    0    1.54e+00
2019 04 28  0235    58601    9300      0    2.28e+00    0    1.60e+00
2019 04 28  0240    58601    9600      0    2.40e+00    0    1.70e+00
2019 04 28  0245    58601    9900      0    2.38e+00    0    1.66e+00
2019 04 28  0250    58601   10200      0    2.24e+00    0    1.56e+00
2019 04 28  0255    58601   10500      0    2.26e+00    0    1.59e+00
2019 04 28  0300    58601   10800      0    2.30e+00    0    1.59e+00
2019 04 28  0305    58601   11100      0    2.33e+00    0    1.64e+00
2019 04 28  0310    58601   11400      0    2.35e+00    0    1.65e+00
2019 04 28  0315    58601   11700      0    2.30e+00    0    1.62e+00
2019 04 28  0320    58601   12000      0    2.38e+00    0    1.67e+00
2019 04 28  0325    58601   12300      0    2.21e+00    0    1.56e+00
2019 04 28  0330    58601   12600      0    2.28e+00    0    1.57e+00
2019 04 28  0335    58601   12900      0    2.29e+00    0    1.61e+00
2019 04 28  0340    58601   13200      0    2.32e+00    0    1.63e+00
2019 04 28  0345    58601   13500      0    2.31e+00    0    1.63e+00
2019 04 28  0350    58601   13800      0    2.32e+00    0    1.64e+00
2019 04 28  0355    58601   14100      0    2.29e+00    0    1.60e+00
2019 04 28  0400    58601   14400      0    2.22e+00    0    1.56e+00
2019 04 28  0405    58601   14700      0    2.30e+00    0    1.60e+00
2019 04 28  0410    58601   15000      0    2.31e+00    0    1.61e+00
2019 04 28  0415    58601   15300      0    2.33e+00    0    1.63e+00
2019 04 28  0420    58601   15600      0    2.33e+00    0    1.63e+00
2019 04 28  0425    58601   15900      0    2.35e+00    0    1.64e+00
2019 04 28  0430    58601   16200      0    2.30e+00    0    1.60e+00
2019 04 28  0435    58601   16500      0    2.26e+00    0    1.57e+00
2019 04 28  0440    58601   16800      0    2.30e+00    0    1.61e+00
2019 04 28  0445    58601   17100      0    2.31e+00    0    1.62e+00
2019 04 28  0450    58601   17400      0    2.31e+00    0    1.61e+00
2019 04 28  0455    58601   17700      0    2.37e+00    0    1.66e+00
2019 04 28  0500    58601   18000      0    2.35e+00    0    1.65e+00
2019 04 28  0505    58601   18300      0    2.25e+00    0    1.57e+00
2019 04 28  0510    58601   18600      0    2.25e+00    0    1.59e+00
2019 04 28  0515    58601   18900      0    2.29e+00    0    1.60e+00
2019 04 28  0520    58601   19200      0    2.28e+00    0    1.59e+00
2019 04 28  0525    58601   19500      0    2.32e+00    0    1.62e+00
2019 04 28  0530    58601   19800      0    2.28e+00    0    1.61e+00
2019 04 28  0535    58601   20100      0    2.33e+00    0    1.64e+00
2019 04 28  0540    58601   20400      0    2.31e+00    0    1.63e+00
2019 04 28  0545    58601   20700      0    2.29e+00    0    1.60e+00
2019 04 28  0550    58601   21000      0    2.36e+00    0    1.65e+00
2019 04 28  0555    58601   21300      0    2.31e+00    0    1.60e+00
2019 04 28  0600    58601   21600      0    2.27e+00    0    1.58e+00
2019 04 28  0605    58601   21900      0    2.36e+00    0    1.65e+00
2019 04 28  0610    58601   22200      0    2.32e+00    0    1.62e+00
2019 04 28  0615    58601   22500      0    2.24e+00    0    1.55e+00
2019 04 28  0620    58601   22800      0    2.26e+00    0    1.58e+00
2019 04 28  0625    58601   23100      0    2.28e+00    0    1.58e+00
2019 04 28  0630    58601   23400      0    2.30e+00    0    1.61e+00
2019 04 28  0635    58601   23700      0    2.39e+00    0    1.67e+00
2019 04 28  0640    58601   24000      0    2.33e+00    0    1.61e+00
2019 04 28  0645    58601   24300      0    2.38e+00    0    1.68e+00
2019 04 28  0650    58601   24600      0    2.27e+00    0    1.59e+00
2019 04 28  0655    58601   24900      0    2.28e+00    0    1.59e+00
2019 04 28  0700    58601   25200      0    2.31e+00    0    1.61e+00
2019 04 28  0705    58601   25500      0    2.36e+00    0    1.67e+00
2019 04 28  0710    58601   25800      0    2.35e+00    0    1.63e+00
2019 04 28  0715    58601   26100      0    2.37e+00    0    1.66e+00
2019 04 28  0720    58601   26400      0    2.32e+00    0    1.62e+00
2019 04 28  0725    58601   26700      0    2.25e+00    0    1.57e+00
2019 04 28  0730    58601   27000      0    2.33e+00    0    1.63e+00
2019 04 28  0735    58601   27300      0    2.36e+00    0    1.65e+00
2019 04 28  0740    58601   27600      0    2.36e+00    0    1.65e+00
2019 04 28  0745    58601   27900      0    2.37e+00    0    1.66e+00
2019 04 28  0750    58601   28200      0    2.32e+00    0    1.63e+00
2019 04 28  0755    58601   28500      0    2.29e+00    0    1.60e+00
2019 04 28  0800    58601   28800      0    2.27e+00    0    1.60e+00
2019 04 28  0805    58601   29100      0    2.31e+00    0    1.61e+00
2019 04 28  0810    58601   29400      0    2.33e+00    0    1.64e+00
2019 04 28  0815    58601   29700      0    2.38e+00    0    1.67e+00
2019 04 28  0820    58601   30000      0    2.30e+00    0    1.63e+00
2019 04 28  0825    58601   30300      0    2.32e+00    0    1.63e+00
2019 04 28  0830    58601   30600      0    2.25e+00    0    1.56e+00
2019 04 28  0835    58601   30900      0    2.29e+00    0    1.59e+00
2019 04 28  0840    58601   31200      0    2.32e+00    0    1.63e+00
2019 04 28  0845    58601   31500      0    2.26e+00    0    1.58e+00
2019 04 28  0850    58601   31800      0    2.37e+00    0    1.68e+00
2019 04 28  0855    58601   32100      0    2.38e+00    0    1.67e+00
