:Data_list: 20190619_ace_swepam_1m.txt
:Created: 2019 Jun 19 0901 UT
# Prepared by the U.S. Dept. of Commerce, NOAA, Space Weather Prediction Center
# Please send comments and suggestions to SWPC.Webmaster@noaa.gov 
# 
# Units: Proton density p/cc
# Units: Bulk speed km/s
# Units: Ion tempeture degrees K
# Status(S): 0 = nominal data, 1 to 8 = bad data record, 9 = no data
# Missing data values: Density and Speed = -9999.9, Temp. = -1.00e+05
# Source: ACE Satellite - Solar Wind Electron Proton Alpha Monitor
#
#   1-minute averaged Real-time Bulk Parameters of the Solar Wind Plasma
# 
#                Modified Seconds   -------------  Solar Wind  -----------
# UT Date   Time  Julian  of the          Proton      Bulk         Ion
# YR MO DA  HHMM    Day     Day     S    Density     Speed     Temperature
#-------------------------------------------------------------------------
2019 06 19  0000   58653       0    0        3.0      330.0     3.46e+04
2019 06 19  0001   58653      60    0        3.8      324.0     4.08e+04
2019 06 19  0002   58653     120    0        4.3      321.0     4.67e+04
2019 06 19  0003   58653     180    0        3.7      326.0     3.98e+04
2019 06 19  0004   58653     240    0        3.5      328.7     3.59e+04
2019 06 19  0005   58653     300    0        3.3      329.8     3.82e+04
2019 06 19  0006   58653     360    1        3.1      330.6     3.55e+04
2019 06 19  0007   58653     420    0        3.0      328.9     3.66e+04
2019 06 19  0008   58653     480    0        2.8      328.4     3.62e+04
2019 06 19  0009   58653     540    0        4.6      318.3     4.57e+04
2019 06 19  0010   58653     600    0        3.2      321.7     4.64e+04
2019 06 19  0011   58653     660    0        5.4      330.1     4.02e+04
2019 06 19  0012   58653     720    0        5.5      330.6     3.99e+04
2019 06 19  0013   58653     780    0        4.2      329.4     3.47e+04
2019 06 19  0014   58653     840    0        4.5      328.4     3.43e+04
2019 06 19  0015   58653     900    0        5.8      329.5     3.26e+04
2019 06 19  0016   58653     960    0        4.6      329.3     2.92e+04
2019 06 19  0017   58653    1020    0        5.0      330.8     2.96e+04
2019 06 19  0018   58653    1080    0        5.6      331.0     3.09e+04
2019 06 19  0019   58653    1140    0        5.5      326.8     3.19e+04
2019 06 19  0020   58653    1200    0        5.9      323.8     3.54e+04
2019 06 19  0021   58653    1260    0        5.3      326.1     3.75e+04
2019 06 19  0022   58653    1320    0        5.2      328.6     3.48e+04
2019 06 19  0023   58653    1380    0        4.4      327.0     3.00e+04
2019 06 19  0024   58653    1440    0        5.3      327.3     3.15e+04
2019 06 19  0025   58653    1500    0        5.0      323.3     3.43e+04
2019 06 19  0026   58653    1560    0        4.1      323.3     3.26e+04
2019 06 19  0027   58653    1620    0        6.1      319.5     3.36e+04
2019 06 19  0028   58653    1680    0        6.2      320.7     3.40e+04
2019 06 19  0029   58653    1740    0        4.9      319.6     3.81e+04
2019 06 19  0030   58653    1800    0        5.0      321.6     3.74e+04
2019 06 19  0031   58653    1860    0        4.9      323.1     3.68e+04
2019 06 19  0032   58653    1920    0        4.6      325.2     3.86e+04
2019 06 19  0033   58653    1980    0        6.5      331.2     3.55e+04
2019 06 19  0034   58653    2040    0        7.9      329.1     3.42e+04
2019 06 19  0035   58653    2100    0        7.4      322.2     3.46e+04
2019 06 19  0036   58653    2160    0        6.6      322.2     3.66e+04
2019 06 19  0037   58653    2220    0        5.6      322.6     4.70e+04
2019 06 19  0038   58653    2280    0        5.2      322.2     4.78e+04
2019 06 19  0039   58653    2340    0        5.4      326.2     3.48e+04
2019 06 19  0040   58653    2400    0        4.4      330.5     2.79e+04
2019 06 19  0041   58653    2460    0        5.4      327.1     3.16e+04
2019 06 19  0042   58653    2520    0        3.9      328.8     2.66e+04
2019 06 19  0043   58653    2580    0        3.4      332.1     2.75e+04
2019 06 19  0044   58653    2640    0        3.5      329.5     2.79e+04
2019 06 19  0045   58653    2700    0        3.6      329.1     2.79e+04
2019 06 19  0046   58653    2760    0        4.7      326.2     3.06e+04
2019 06 19  0047   58653    2820    0        4.8      325.5     3.20e+04
2019 06 19  0048   58653    2880    0        4.4      326.1     3.23e+04
2019 06 19  0049   58653    2940    0        3.8      328.5     3.09e+04
2019 06 19  0050   58653    3000    0        3.9      327.7     3.06e+04
2019 06 19  0051   58653    3060    0        3.9      326.1     2.89e+04
2019 06 19  0052   58653    3120    0        4.4      323.0     3.21e+04
2019 06 19  0053   58653    3180    0        6.0      315.4     4.57e+04
2019 06 19  0054   58653    3240    0        5.6      316.9     4.84e+04
2019 06 19  0055   58653    3300    0        5.6      316.5     4.55e+04
2019 06 19  0056   58653    3360    0        5.6      318.6     4.71e+04
2019 06 19  0057   58653    3420    0        4.7      317.1     4.09e+04
2019 06 19  0058   58653    3480    0        5.5      317.0     4.44e+04
2019 06 19  0059   58653    3540    0        4.9      318.9     4.38e+04
2019 06 19  0100   58653    3600    0        4.9      320.3     4.38e+04
2019 06 19  0101   58653    3660    0        5.2      320.1     4.07e+04
2019 06 19  0102   58653    3720    0        4.2      319.7     4.73e+04
2019 06 19  0103   58653    3780    0        3.8      322.0     4.43e+04
2019 06 19  0104   58653    3840    0        3.6      323.7     4.62e+04
2019 06 19  0105   58653    3900    0        4.3      321.8     4.36e+04
2019 06 19  0106   58653    3960    0        4.5      320.6     4.38e+04
2019 06 19  0107   58653    4020    0        4.4      321.0     4.56e+04
2019 06 19  0108   58653    4080    0        5.1      321.0     4.03e+04
2019 06 19  0109   58653    4140    0        5.5      321.3     3.90e+04
2019 06 19  0110   58653    4200    0        5.4      320.0     4.07e+04
2019 06 19  0111   58653    4260    0        5.8      321.0     4.48e+04
2019 06 19  0112   58653    4320    0        6.6      319.0     4.75e+04
2019 06 19  0113   58653    4380    0        6.5      316.1     4.78e+04
2019 06 19  0114   58653    4440    0        6.5      317.6     4.84e+04
2019 06 19  0115   58653    4500    0        5.2      321.2     5.46e+04
2019 06 19  0116   58653    4560    0        4.8      325.0     3.95e+04
2019 06 19  0117   58653    4620    0        4.5      327.2     3.55e+04
2019 06 19  0118   58653    4680    0        4.4      327.5     3.51e+04
2019 06 19  0119   58653    4740    0        4.7      329.1     3.48e+04
2019 06 19  0120   58653    4800    0        4.5      329.8     3.59e+04
2019 06 19  0121   58653    4860    0        4.2      330.2     3.44e+04
2019 06 19  0122   58653    4920    0        4.7      330.0     3.43e+04
2019 06 19  0123   58653    4980    0        5.3      328.5     4.10e+04
2019 06 19  0124   58653    5040    0        5.5      327.6     4.42e+04
2019 06 19  0125   58653    5100    0        6.4      328.0     3.90e+04
2019 06 19  0126   58653    5160    0        7.7      325.3     4.19e+04
2019 06 19  0127   58653    5220    0        7.1      323.2     4.33e+04
2019 06 19  0128   58653    5280    0        5.6      324.9     4.85e+04
2019 06 19  0129   58653    5340    0        6.2      327.7     3.69e+04
2019 06 19  0130   58653    5400    0        6.3      331.6     2.76e+04
2019 06 19  0131   58653    5460    0        5.0      330.4     2.53e+04
2019 06 19  0132   58653    5520    0        5.9      330.2     2.82e+04
2019 06 19  0133   58653    5580    0        7.1      324.2     3.99e+04
2019 06 19  0134   58653    5640    0        5.4      325.8     4.52e+04
2019 06 19  0135   58653    5700    0        4.3      326.4     4.70e+04
2019 06 19  0136   58653    5760    0        4.7      326.1     4.36e+04
2019 06 19  0137   58653    5820    0        5.2      326.3     3.90e+04
2019 06 19  0138   58653    5880    0        4.9      328.0     3.46e+04
2019 06 19  0139   58653    5940    0        4.6      330.5     2.98e+04
2019 06 19  0140   58653    6000    0        4.9      331.2     2.81e+04
2019 06 19  0141   58653    6060    0        5.2      330.6     2.91e+04
2019 06 19  0142   58653    6120    0        4.6      331.7     2.73e+04
2019 06 19  0143   58653    6180    0        4.8      330.6     3.34e+04
2019 06 19  0144   58653    6240    0       14.0      325.2     3.76e+04
2019 06 19  0145   58653    6300    0       95.6      303.7     2.24e+04
2019 06 19  0146   58653    6360    0        5.6      328.8     4.54e+04
2019 06 19  0147   58653    6420    0        3.9      332.4     2.80e+04
2019 06 19  0148   58653    6480    0        4.5      331.0     2.62e+04
2019 06 19  0149   58653    6540    0        4.6      329.8     3.02e+04
2019 06 19  0150   58653    6600    0        4.4      331.7     2.91e+04
2019 06 19  0151   58653    6660    0        4.3      332.4     2.84e+04
2019 06 19  0152   58653    6720    3    -9999.9    -9999.9    -1.00e+05
2019 06 19  0153   58653    6780    0        5.3      331.0     2.65e+04
2019 06 19  0154   58653    6840    0        5.8      329.0     2.89e+04
2019 06 19  0155   58653    6900    0        5.8      329.0     3.00e+04
2019 06 19  0156   58653    6960    0        5.3      331.0     2.85e+04
2019 06 19  0157   58653    7020    0        5.4      330.1     2.87e+04
2019 06 19  0158   58653    7080    0        4.9      328.6     2.50e+04
2019 06 19  0159   58653    7140    0        4.3      316.7     2.48e+04
2019 06 19  0200   58653    7200    0        4.6      327.0     4.71e+04
2019 06 19  0201   58653    7260    0        4.6      329.7     3.05e+04
2019 06 19  0202   58653    7320    0        3.9      320.0     1.52e+04
2019 06 19  0203   58653    7380    0        5.3      323.8     3.81e+04
2019 06 19  0204   58653    7440    0        5.3      327.0     4.04e+04
2019 06 19  0205   58653    7500    0        5.4      330.1     3.98e+04
2019 06 19  0206   58653    7560    0        4.8      332.0     3.19e+04
2019 06 19  0207   58653    7620    1        3.7      321.8     2.08e+04
2019 06 19  0208   58653    7680    0        3.2      321.6     2.84e+04
2019 06 19  0209   58653    7740    0        7.1      324.8     2.44e+04
2019 06 19  0210   58653    7800    0        6.9      324.1     2.69e+04
2019 06 19  0211   58653    7860    1        3.7      324.3     3.66e+04
2019 06 19  0212   58653    7920    0        4.2      325.8     3.04e+04
2019 06 19  0213   58653    7980    0        3.7      324.1     2.54e+04
2019 06 19  0214   58653    8040    0        3.8      322.1     2.60e+04
2019 06 19  0215   58653    8100    0        4.5      326.0     3.24e+04
2019 06 19  0216   58653    8160    0        3.9      328.0     3.41e+04
2019 06 19  0217   58653    8220    0        5.1      323.9     3.19e+04
2019 06 19  0218   58653    8280    0        4.9      322.0     3.85e+04
2019 06 19  0219   58653    8340    0        5.1      324.4     3.66e+04
2019 06 19  0220   58653    8400    0        5.1      327.3     3.70e+04
2019 06 19  0221   58653    8460    0        4.6      326.7     3.89e+04
2019 06 19  0222   58653    8520    0        7.6      326.9     2.84e+04
2019 06 19  0223   58653    8580    0        6.3      323.4     3.36e+04
2019 06 19  0224   58653    8640    0        5.3      321.8     3.78e+04
2019 06 19  0225   58653    8700    0        4.6      332.3     5.27e+04
2019 06 19  0226   58653    8760    0        4.6      331.2     3.98e+04
2019 06 19  0227   58653    8820    0        4.2      325.2     2.51e+04
2019 06 19  0228   58653    8880    0        4.3      322.7     2.60e+04
2019 06 19  0229   58653    8940    0        4.8      327.7     2.91e+04
2019 06 19  0230   58653    9000    0        3.8      322.9     2.84e+04
2019 06 19  0231   58653    9060    0        5.7      328.0     3.55e+04
2019 06 19  0232   58653    9120    1        4.1      325.1     3.10e+04
2019 06 19  0233   58653    9180    0        4.6      323.7     3.39e+04
2019 06 19  0234   58653    9240    0        3.9      324.9     3.69e+04
2019 06 19  0235   58653    9300    0        4.9      319.1     1.77e+04
2019 06 19  0236   58653    9360    0        3.9      320.1     3.42e+04
2019 06 19  0237   58653    9420    0        3.4      321.6     3.75e+04
2019 06 19  0238   58653    9480    0        3.8      325.4     3.71e+04
2019 06 19  0239   58653    9540    0        4.7      320.3     2.79e+04
2019 06 19  0240   58653    9600    0        5.4      319.4     3.38e+04
2019 06 19  0241   58653    9660    0        5.2      319.5     3.77e+04
2019 06 19  0242   58653    9720    0        7.6      320.0     2.94e+04
2019 06 19  0243   58653    9780    0        8.3      319.9     2.84e+04
2019 06 19  0244   58653    9840    0        5.4      319.5     4.09e+04
2019 06 19  0245   58653    9900    0        5.7      323.0     5.01e+04
2019 06 19  0246   58653    9960    0        4.8      324.2     5.09e+04
2019 06 19  0247   58653   10020    0        6.4      329.8     4.36e+04
2019 06 19  0248   58653   10080    0        5.4      332.4     4.92e+04
2019 06 19  0249   58653   10140    0        5.3      333.5     3.23e+04
2019 06 19  0250   58653   10200    1        4.7      317.8     3.25e+04
2019 06 19  0251   58653   10260    0        5.4      327.2     6.85e+04
2019 06 19  0252   58653   10320    0        6.0      330.9     4.57e+04
2019 06 19  0253   58653   10380    0        5.8      325.8     5.27e+04
2019 06 19  0254   58653   10440    0        6.1      330.4     4.89e+04
2019 06 19  0255   58653   10500    0        6.3      334.7     3.63e+04
2019 06 19  0256   58653   10560    0        5.0      332.9     3.12e+04
2019 06 19  0257   58653   10620    0        4.1      331.1     3.12e+04
2019 06 19  0258   58653   10680    0        4.4      326.9     3.29e+04
2019 06 19  0259   58653   10740    0        4.8      326.8     3.52e+04
2019 06 19  0300   58653   10800    0        6.7      324.7     4.14e+04
2019 06 19  0301   58653   10860    0        8.9      321.2     4.76e+04
2019 06 19  0302   58653   10920    0        7.9      321.0     5.17e+04
2019 06 19  0303   58653   10980    0        7.4      318.7     5.80e+04
2019 06 19  0304   58653   11040    0        8.2      320.7     4.97e+04
2019 06 19  0305   58653   11100    0        7.5      321.8     5.47e+04
2019 06 19  0306   58653   11160    0        5.1      324.3     6.55e+04
2019 06 19  0307   58653   11220    0        4.6      324.7     6.70e+04
2019 06 19  0308   58653   11280    1       29.9      318.5     2.06e+04
2019 06 19  0309   58653   11340    0       12.4      320.9     4.95e+04
2019 06 19  0310   58653   11400    0        7.0      322.1     5.63e+04
2019 06 19  0311   58653   11460    0        6.9      322.7     5.70e+04
2019 06 19  0312   58653   11520    0        7.0      321.2     5.91e+04
2019 06 19  0313   58653   11580    0        6.5      322.5     5.15e+04
2019 06 19  0314   58653   11640    0        6.6      332.4     7.29e+04
2019 06 19  0315   58653   11700    0       10.7      333.2     6.99e+04
2019 06 19  0316   58653   11760    0       11.8      322.3     3.91e+04
2019 06 19  0317   58653   11820    0        5.1      323.6     6.78e+04
2019 06 19  0318   58653   11880    0        5.6      325.9     6.20e+04
2019 06 19  0319   58653   11940    0        6.0      324.9     4.85e+04
2019 06 19  0320   58653   12000    0        5.1      331.4     5.28e+04
2019 06 19  0321   58653   12060    0        3.3      337.6     3.66e+04
2019 06 19  0322   58653   12120    1        3.8      332.2     3.34e+04
2019 06 19  0323   58653   12180    1        4.3      314.9     3.95e+04
2019 06 19  0324   58653   12240    0        5.8      326.1     5.57e+04
2019 06 19  0325   58653   12300    0        4.4      332.2     4.63e+04
2019 06 19  0326   58653   12360    0        5.1      321.0     5.44e+04
2019 06 19  0327   58653   12420    0        5.5      318.8     5.90e+04
2019 06 19  0328   58653   12480    0        6.0      321.3     6.16e+04
2019 06 19  0329   58653   12540    0        5.8      322.0     6.36e+04
2019 06 19  0330   58653   12600    0        5.3      321.9     6.40e+04
2019 06 19  0331   58653   12660    0        5.5      330.9     6.32e+04
2019 06 19  0332   58653   12720    0        5.1      333.3     5.33e+04
2019 06 19  0333   58653   12780    0        4.3      331.8     3.34e+04
2019 06 19  0334   58653   12840    1        4.9      318.7     3.64e+04
2019 06 19  0335   58653   12900    1        5.8      326.3     5.99e+04
2019 06 19  0336   58653   12960    0        5.6      331.1     5.81e+04
2019 06 19  0337   58653   13020    0        5.1      330.2     4.30e+04
2019 06 19  0338   58653   13080    0        4.3      337.2     4.11e+04
2019 06 19  0339   58653   13140    0        3.9      339.3     3.22e+04
2019 06 19  0340   58653   13200    1        4.5      334.9     3.37e+04
2019 06 19  0341   58653   13260    0        5.7      326.4     5.95e+04
2019 06 19  0342   58653   13320    0       16.6      324.6     3.64e+04
2019 06 19  0343   58653   13380    0       11.5      319.3     4.65e+04
2019 06 19  0344   58653   13440    0        8.4      318.8     5.21e+04
2019 06 19  0345   58653   13500    0        8.4      319.0     5.25e+04
2019 06 19  0346   58653   13560    0        8.2      319.1     5.30e+04
2019 06 19  0347   58653   13620    0        9.8      320.8     4.57e+04
2019 06 19  0348   58653   13680    0       10.1      320.9     4.43e+04
2019 06 19  0349   58653   13740    0        7.4      318.9     5.57e+04
2019 06 19  0350   58653   13800    0        7.7      317.5     5.67e+04
2019 06 19  0351   58653   13860    0        7.6      319.4     5.79e+04
2019 06 19  0352   58653   13920    0       10.6      320.8     4.22e+04
2019 06 19  0353   58653   13980    0        7.5      317.5     5.77e+04
2019 06 19  0354   58653   14040    0        8.0      320.4     5.36e+04
2019 06 19  0355   58653   14100    0        7.2      319.9     5.69e+04
2019 06 19  0356   58653   14160    0        7.6      318.3     5.52e+04
2019 06 19  0357   58653   14220    0        7.7      323.9     4.47e+04
2019 06 19  0358   58653   14280    0        7.2      323.1     5.56e+04
2019 06 19  0359   58653   14340    0       16.6      324.1     3.41e+04
2019 06 19  0400   58653   14400    0       12.9      322.3     4.66e+04
2019 06 19  0401   58653   14460    0        7.3      321.7     6.05e+04
2019 06 19  0402   58653   14520    0        6.3      324.4     5.52e+04
2019 06 19  0403   58653   14580    0        5.7      326.2     5.08e+04
2019 06 19  0404   58653   14640    0        5.8      337.2     7.42e+04
2019 06 19  0405   58653   14700    0        5.3      337.9     6.18e+04
2019 06 19  0406   58653   14760    0        4.2      334.9     3.06e+04
2019 06 19  0407   58653   14820    1        4.8      319.8     3.53e+04
2019 06 19  0408   58653   14880    0        6.1      329.8     5.61e+04
2019 06 19  0409   58653   14940    0        3.7      336.9     4.49e+04
2019 06 19  0410   58653   15000    0        6.0      324.0     3.76e+04
2019 06 19  0411   58653   15060    0        5.0      332.8     4.35e+04
2019 06 19  0412   58653   15120    0        4.8      335.1     3.83e+04
2019 06 19  0413   58653   15180    0        4.6      334.5     3.34e+04
2019 06 19  0414   58653   15240    1        4.1      323.6     2.67e+04
2019 06 19  0415   58653   15300    0        5.8      329.2     4.55e+04
2019 06 19  0416   58653   15360    0        5.5      334.7     4.62e+04
2019 06 19  0417   58653   15420    0        4.8      332.5     4.54e+04
2019 06 19  0418   58653   15480    0        5.1      327.9     5.37e+04
2019 06 19  0419   58653   15540    0        6.4      326.8     5.44e+04
2019 06 19  0420   58653   15600    0        7.0      330.5     4.47e+04
2019 06 19  0421   58653   15660    0        5.7      332.1     3.85e+04
2019 06 19  0422   58653   15720    0        6.7      326.7     4.41e+04
2019 06 19  0423   58653   15780    0        6.0      330.7     4.91e+04
2019 06 19  0424   58653   15840    0        5.5      330.6     4.42e+04
2019 06 19  0425   58653   15900    0        6.2      318.3     2.66e+04
2019 06 19  0426   58653   15960    0        6.0      326.1     5.10e+04
2019 06 19  0427   58653   16020    0        5.6      328.6     5.42e+04
2019 06 19  0428   58653   16080    0        6.5      333.3     5.50e+04
2019 06 19  0429   58653   16140    0        5.9      335.6     4.28e+04
2019 06 19  0430   58653   16200    0        4.8      323.1     3.48e+04
2019 06 19  0431   58653   16260    0        5.6      327.3     4.79e+04
2019 06 19  0432   58653   16320    0        7.5      324.4     3.92e+04
2019 06 19  0433   58653   16380    0        8.4      321.2     4.24e+04
2019 06 19  0434   58653   16440    0        8.4      322.5     5.00e+04
2019 06 19  0435   58653   16500    0        7.8      321.5     4.91e+04
2019 06 19  0436   58653   16560    0        6.8      319.4     5.19e+04
2019 06 19  0437   58653   16620    3    -9999.9    -9999.9    -1.00e+05
2019 06 19  0438   58653   16680    3    -9999.9    -9999.9    -1.00e+05
2019 06 19  0439   58653   16740    0        4.0      334.6     3.31e+04
2019 06 19  0440   58653   16800    1        4.5      318.8     3.09e+04
2019 06 19  0441   58653   16860    0       12.6      323.9     2.81e+04
2019 06 19  0442   58653   16920    0        7.5      322.8     5.33e+04
2019 06 19  0443   58653   16980    0        8.1      321.7     5.29e+04
2019 06 19  0444   58653   17040    0        9.6      323.6     4.86e+04
2019 06 19  0445   58653   17100    0        8.4      322.4     5.51e+04
2019 06 19  0446   58653   17160    0        6.7      324.0     6.06e+04
2019 06 19  0447   58653   17220    1       15.3      323.0     3.57e+04
2019 06 19  0448   58653   17280    0       11.7      320.9     4.47e+04
2019 06 19  0449   58653   17340    0        7.2      320.3     5.55e+04
2019 06 19  0450   58653   17400    0       15.5      322.4     3.83e+04
2019 06 19  0451   58653   17460    0       17.2      322.9     3.33e+04
2019 06 19  0452   58653   17520    0        6.9      322.2     5.44e+04
2019 06 19  0453   58653   17580    0        6.2      326.3     5.80e+04
2019 06 19  0454   58653   17640    0        7.3      330.7     4.14e+04
2019 06 19  0455   58653   17700    0        7.6      334.2     3.58e+04
2019 06 19  0456   58653   17760    0        5.3      337.2     2.90e+04
2019 06 19  0457   58653   17820    0        5.5      334.1     2.99e+04
2019 06 19  0458   58653   17880    0        7.4      326.4     5.27e+04
2019 06 19  0459   58653   17940    0        7.4      331.9     4.84e+04
2019 06 19  0500   58653   18000    0        6.9      332.9     3.29e+04
2019 06 19  0501   58653   18060    0        7.3      328.4     3.28e+04
2019 06 19  0502   58653   18120    0        7.2      324.4     3.22e+04
2019 06 19  0503   58653   18180    0        6.1      329.5     4.14e+04
2019 06 19  0504   58653   18240    0        4.2      334.8     3.62e+04
2019 06 19  0505   58653   18300    1        3.8      325.5     3.03e+04
2019 06 19  0506   58653   18360    1        5.2      321.4     4.05e+04
2019 06 19  0507   58653   18420    0        6.0      328.2     4.77e+04
2019 06 19  0508   58653   18480    0        6.3      324.7     3.96e+04
2019 06 19  0509   58653   18540    1        7.4      314.1     3.43e+04
2019 06 19  0510   58653   18600    0        6.4      332.2     5.58e+04
2019 06 19  0511   58653   18660    0        6.2      332.6     5.27e+04
2019 06 19  0512   58653   18720    0        5.4      335.1     3.47e+04
2019 06 19  0513   58653   18780    0        5.1      335.7     3.20e+04
2019 06 19  0514   58653   18840    0        4.8      315.9     3.48e+04
2019 06 19  0515   58653   18900    0        5.5      327.5     6.19e+04
2019 06 19  0516   58653   18960    0       11.1      321.4     3.65e+04
2019 06 19  0517   58653   19020    0        8.2      318.7     5.04e+04
2019 06 19  0518   58653   19080    0        8.0      320.3     5.17e+04
2019 06 19  0519   58653   19140    0        8.5      322.3     5.00e+04
2019 06 19  0520   58653   19200    0        7.5      321.1     5.59e+04
2019 06 19  0521   58653   19260    0        7.2      320.5     6.12e+04
2019 06 19  0522   58653   19320    0        8.1      322.1     5.78e+04
2019 06 19  0523   58653   19380    0       14.1      323.6     3.99e+04
2019 06 19  0524   58653   19440    0       16.5      322.7     3.20e+04
2019 06 19  0525   58653   19500    0        7.0      320.6     4.96e+04
2019 06 19  0526   58653   19560    0        7.6      322.0     4.65e+04
2019 06 19  0527   58653   19620    0        7.5      320.5     5.10e+04
2019 06 19  0528   58653   19680    0        6.7      322.5     5.33e+04
2019 06 19  0529   58653   19740    0        6.1      322.6     5.40e+04
2019 06 19  0530   58653   19800    0        6.6      326.1     3.93e+04
2019 06 19  0531   58653   19860    0       12.2      321.5     3.48e+04
2019 06 19  0532   58653   19920    0        6.3      322.3     5.24e+04
2019 06 19  0533   58653   19980    0        7.5      319.0     3.05e+04
2019 06 19  0534   58653   20040    0       24.6      332.4     4.01e+04
2019 06 19  0535   58653   20100    0       14.7      327.0     4.69e+04
2019 06 19  0536   58653   20160    0        6.4      323.8     3.64e+04
2019 06 19  0537   58653   20220    0        7.2      333.3     6.53e+04
2019 06 19  0538   58653   20280    0        8.1      336.5     6.51e+04
2019 06 19  0539   58653   20340    0        6.7      327.0     3.06e+04
2019 06 19  0540   58653   20400    0        6.2      323.4     3.41e+04
2019 06 19  0541   58653   20460    0        9.1      328.3     3.93e+04
2019 06 19  0542   58653   20520    1       11.9      321.9     1.72e+04
2019 06 19  0543   58653   20580    1        7.0      334.5     6.61e+04
2019 06 19  0544   58653   20640    1        6.9      334.3     6.31e+04
2019 06 19  0545   58653   20700    0        6.2      332.1     2.96e+04
2019 06 19  0546   58653   20760    9    -9999.9    -9999.9    -1.00e+05
2019 06 19  0547   58653   20820    0        7.6      329.5     3.20e+04
2019 06 19  0548   58653   20880    0        6.3      329.3     4.14e+04
2019 06 19  0549   58653   20940    0        7.2      319.0     3.16e+04
2019 06 19  0550   58653   21000    0        5.5      316.2     3.08e+04
2019 06 19  0551   58653   21060    0        5.5      319.8     4.61e+04
2019 06 19  0552   58653   21120    0        6.6      324.2     4.75e+04
2019 06 19  0553   58653   21180    0        6.0      322.1     3.94e+04
2019 06 19  0554   58653   21240    0        6.2      320.1     3.95e+04
2019 06 19  0555   58653   21300    0        7.3      322.4     4.22e+04
2019 06 19  0556   58653   21360    0        9.4      322.2     3.37e+04
2019 06 19  0557   58653   21420    1       11.7      319.4     2.68e+04
2019 06 19  0558   58653   21480    0        7.8      319.5     4.25e+04
2019 06 19  0559   58653   21540    0        7.5      316.0     5.12e+04
2019 06 19  0600   58653   21600    0        8.5      317.9     4.17e+04
2019 06 19  0601   58653   21660    0        7.4      317.9     4.50e+04
2019 06 19  0602   58653   21720    0        7.6      319.2     4.49e+04
2019 06 19  0603   58653   21780    0        5.8      320.5     5.25e+04
2019 06 19  0604   58653   21840    0        5.5      318.6     5.51e+04
2019 06 19  0605   58653   21900    0        6.7      323.4     5.04e+04
2019 06 19  0606   58653   21960    0        5.2      327.7     3.39e+04
2019 06 19  0607   58653   22020    1        6.1      319.3     2.89e+04
2019 06 19  0608   58653   22080    0        6.1      318.2     4.00e+04
2019 06 19  0609   58653   22140    0        7.0      319.3     4.69e+04
2019 06 19  0610   58653   22200    0        6.9      319.4     4.79e+04
2019 06 19  0611   58653   22260    0        5.7      320.2     4.96e+04
2019 06 19  0612   58653   22320    0        6.5      321.1     4.69e+04
2019 06 19  0613   58653   22380    0        6.8      324.2     3.95e+04
2019 06 19  0614   58653   22440    0        5.8      324.2     3.45e+04
2019 06 19  0615   58653   22500    0        6.7      314.5     2.68e+04
2019 06 19  0616   58653   22560    0        5.9      328.3     4.80e+04
2019 06 19  0617   58653   22620    0        5.9      328.2     4.78e+04
2019 06 19  0618   58653   22680    0        6.8      322.7     3.52e+04
2019 06 19  0619   58653   22740    1        5.6      320.2     4.21e+04
2019 06 19  0620   58653   22800    0        8.2      319.1     4.19e+04
2019 06 19  0621   58653   22860    0        5.9      321.2     4.86e+04
2019 06 19  0622   58653   22920    0        5.3      321.7     5.02e+04
2019 06 19  0623   58653   22980    0       12.6      321.7     3.30e+04
2019 06 19  0624   58653   23040    0        9.5      318.2     4.50e+04
2019 06 19  0625   58653   23100    0        8.5      318.3     4.76e+04
2019 06 19  0626   58653   23160    0        8.4      319.5     4.49e+04
2019 06 19  0627   58653   23220    0        8.1      319.5     4.55e+04
2019 06 19  0628   58653   23280    0        8.5      319.9     4.47e+04
2019 06 19  0629   58653   23340    0        7.2      319.6     4.88e+04
2019 06 19  0630   58653   23400    0        5.6      319.9     5.51e+04
2019 06 19  0631   58653   23460    0        7.7      319.4     4.47e+04
2019 06 19  0632   58653   23520    0       11.4      323.2     3.38e+04
2019 06 19  0633   58653   23580    0       19.9      320.9     2.05e+04
2019 06 19  0634   58653   23640    0        7.5      316.5     4.89e+04
2019 06 19  0635   58653   23700    0        6.8      317.6     4.29e+04
2019 06 19  0636   58653   23760    0        6.9      316.8     4.27e+04
2019 06 19  0637   58653   23820    0        7.6      317.9     4.66e+04
2019 06 19  0638   58653   23880    0        8.3      321.4     4.37e+04
2019 06 19  0639   58653   23940    0        7.4      322.1     4.67e+04
2019 06 19  0640   58653   24000    0       11.3      322.6     3.66e+04
2019 06 19  0641   58653   24060    0       10.5      319.7     3.81e+04
2019 06 19  0642   58653   24120    0        7.5      317.6     4.47e+04
2019 06 19  0643   58653   24180    0        7.5      318.4     4.35e+04
2019 06 19  0644   58653   24240    0        7.6      318.5     4.37e+04
2019 06 19  0645   58653   24300    0        7.3      317.6     4.54e+04
2019 06 19  0646   58653   24360    0        7.5      318.1     4.58e+04
2019 06 19  0647   58653   24420    0        9.1      322.3     4.14e+04
2019 06 19  0648   58653   24480    0       11.4      322.4     2.56e+04
2019 06 19  0649   58653   24540    1        4.1    -9999.9    -1.00e+05
2019 06 19  0650   58653   24600    1        4.1      328.2     6.64e+04
2019 06 19  0651   58653   24660    0        6.8      314.2     2.69e+04
2019 06 19  0652   58653   24720    0        8.1      319.4     3.56e+04
2019 06 19  0653   58653   24780    0        7.6      316.8     2.71e+04
2019 06 19  0654   58653   24840    0        7.6      318.4     3.31e+04
2019 06 19  0655   58653   24900    0        7.9      319.9     3.91e+04
2019 06 19  0656   58653   24960    0        8.4      321.3     3.88e+04
2019 06 19  0657   58653   25020    0        8.2      319.6     4.04e+04
2019 06 19  0658   58653   25080    0        7.4      318.5     4.20e+04
2019 06 19  0659   58653   25140    0        7.2      318.2     4.32e+04
2019 06 19  0700   58653   25200    0        7.2      316.6     4.53e+04
2019 06 19  0701   58653   25260    0        7.1      317.0     4.44e+04
2019 06 19  0702   58653   25320    0        7.4      317.5     3.79e+04
2019 06 19  0703   58653   25380    0        7.9      319.3     2.68e+04
2019 06 19  0704   58653   25440    0       15.2      334.4     6.73e+04
2019 06 19  0705   58653   25500    0        4.7      320.6     3.13e+04
2019 06 19  0706   58653   25560    0        7.5      317.3     4.36e+04
2019 06 19  0707   58653   25620    0        6.8      315.5     2.90e+04
2019 06 19  0708   58653   25680    0        7.2      316.3     4.06e+04
2019 06 19  0709   58653   25740    0        8.0      317.8     3.45e+04
2019 06 19  0710   58653   25800    0        7.5      317.0     3.58e+04
2019 06 19  0711   58653   25860    0        5.6      317.7     4.26e+04
2019 06 19  0712   58653   25920    0        5.3      324.1     6.60e+04
2019 06 19  0713   58653   25980    1        8.5      323.4     4.94e+04
2019 06 19  0714   58653   26040    1        9.3      318.2     2.99e+04
2019 06 19  0715   58653   26100    0        7.7      317.9     3.34e+04
2019 06 19  0716   58653   26160    0        6.8      319.9     3.38e+04
2019 06 19  0717   58653   26220    0        5.8      318.5     3.75e+04
2019 06 19  0718   58653   26280    0        9.7      320.8     4.17e+04
2019 06 19  0719   58653   26340    0       15.9      335.1     6.11e+04
2019 06 19  0720   58653   26400    0        5.7      323.4     4.81e+04
2019 06 19  0721   58653   26460    0        7.3      326.3     4.29e+04
2019 06 19  0722   58653   26520    9    -9999.9    -9999.9    -1.00e+05
2019 06 19  0723   58653   26580    0        5.2      328.4     3.46e+04
2019 06 19  0724   58653   26640    0        4.4      314.5     2.11e+04
2019 06 19  0725   58653   26700    0       15.4      336.2     5.42e+04
2019 06 19  0726   58653   26760    0        8.6      327.6     5.04e+04
2019 06 19  0727   58653   26820    0        6.7      324.5     4.29e+04
2019 06 19  0728   58653   26880    0        6.2      328.5     3.31e+04
2019 06 19  0729   58653   26940    0        5.7      328.8     2.93e+04
2019 06 19  0730   58653   27000    0        5.3      328.5     2.86e+04
2019 06 19  0731   58653   27060    0        4.5      323.2     2.50e+04
2019 06 19  0732   58653   27120    0        4.8      316.8     3.07e+04
2019 06 19  0733   58653   27180    0        5.9      322.6     4.46e+04
2019 06 19  0734   58653   27240    0        6.5      325.7     3.75e+04
2019 06 19  0735   58653   27300    0        5.5      327.6     2.37e+04
2019 06 19  0736   58653   27360    0        5.6      325.6     2.66e+04
2019 06 19  0737   58653   27420    0        5.1      327.9     2.38e+04
2019 06 19  0738   58653   27480    0        6.0      326.1     2.86e+04
2019 06 19  0739   58653   27540    0        6.5      313.2     2.18e+04
2019 06 19  0740   58653   27600    0        8.6      320.6     3.49e+04
2019 06 19  0741   58653   27660    0        7.8      318.9     4.15e+04
2019 06 19  0742   58653   27720    0        6.4      319.3     4.47e+04
2019 06 19  0743   58653   27780    0        6.9      321.4     4.22e+04
2019 06 19  0744   58653   27840    0        7.1      324.1     4.17e+04
2019 06 19  0745   58653   27900    0        5.8      327.5     3.36e+04
2019 06 19  0746   58653   27960    0        5.4      323.9     3.44e+04
2019 06 19  0747   58653   28020    0        6.3      318.5     3.95e+04
2019 06 19  0748   58653   28080    0        6.6      320.2     3.60e+04
2019 06 19  0749   58653   28140    0        6.8      320.1     3.20e+04
2019 06 19  0750   58653   28200    0        8.1      315.0     1.99e+04
2019 06 19  0751   58653   28260    0        8.2      316.3     2.96e+04
2019 06 19  0752   58653   28320    0        7.8      317.1     2.96e+04
2019 06 19  0753   58653   28380    0        7.9      317.0     2.80e+04
2019 06 19  0754   58653   28440    0        7.3      315.2     2.44e+04
2019 06 19  0755   58653   28500    0        7.3    -9999.9    -1.00e+05
2019 06 19  0756   58653   28560    0        6.8      317.1     2.62e+04
2019 06 19  0757   58653   28620    0        8.3      315.8     1.73e+04
2019 06 19  0758   58653   28680    0        7.6      315.1     2.22e+04
2019 06 19  0759   58653   28740    0        7.5      315.6     2.31e+04
2019 06 19  0800   58653   28800    0        7.5      315.9     2.24e+04
2019 06 19  0801   58653   28860    0        7.4      315.9     2.24e+04
2019 06 19  0802   58653   28920    0        7.6      315.8     2.24e+04
2019 06 19  0803   58653   28980    0        7.5      315.8     2.28e+04
2019 06 19  0804   58653   29040    0        7.3      315.8     2.21e+04
2019 06 19  0805   58653   29100    0        8.1      315.4     2.04e+04
2019 06 19  0806   58653   29160    0        8.5      315.3     2.23e+04
2019 06 19  0807   58653   29220    0        8.6      315.2     2.11e+04
2019 06 19  0808   58653   29280    0        8.5      313.9     2.22e+04
2019 06 19  0809   58653   29340    0        9.0      314.9     2.29e+04
2019 06 19  0810   58653   29400    0        8.8      315.1     2.37e+04
2019 06 19  0811   58653   29460    0        8.8      315.9     2.51e+04
2019 06 19  0812   58653   29520    0        8.6      317.1     2.47e+04
2019 06 19  0813   58653   29580    0        8.6      316.5     2.49e+04
2019 06 19  0814   58653   29640    0        8.3      315.7     2.38e+04
2019 06 19  0815   58653   29700    0        8.9      315.7     2.15e+04
2019 06 19  0816   58653   29760    0        8.8      316.1     2.31e+04
2019 06 19  0817   58653   29820    0        8.9      316.8     2.30e+04
2019 06 19  0818   58653   29880    0        8.9      316.8     2.30e+04
2019 06 19  0819   58653   29940    0        8.9      316.1     2.41e+04
2019 06 19  0820   58653   30000    0        9.2      315.5     2.39e+04
2019 06 19  0821   58653   30060    0        8.8      315.4     2.47e+04
2019 06 19  0822   58653   30120    0        8.5      316.3     2.54e+04
2019 06 19  0823   58653   30180    0        8.9      315.0     2.45e+04
2019 06 19  0824   58653   30240    0        9.2      315.9     2.53e+04
2019 06 19  0825   58653   30300    0        8.5      315.1     2.55e+04
2019 06 19  0826   58653   30360    0        9.2      317.1     2.36e+04
2019 06 19  0827   58653   30420    0        9.2      315.8     2.39e+04
2019 06 19  0828   58653   30480    0        9.2      315.7     2.39e+04
2019 06 19  0829   58653   30540    0        6.8      322.2     2.59e+04
2019 06 19  0830   58653   30600    0        7.9      314.9     1.82e+04
2019 06 19  0831   58653   30660    0        8.5      313.4     2.33e+04
2019 06 19  0832   58653   30720    0        8.5      314.2     2.25e+04
2019 06 19  0833   58653   30780    0        8.4      313.9     2.12e+04
2019 06 19  0834   58653   30840    0        8.4      312.9     2.29e+04
2019 06 19  0835   58653   30900    0        8.2      312.6     2.26e+04
2019 06 19  0836   58653   30960    0        8.1      313.2     2.22e+04
2019 06 19  0837   58653   31020    0        8.2      313.0     2.29e+04
2019 06 19  0838   58653   31080    0        8.6      312.6     2.16e+04
2019 06 19  0839   58653   31140    0        8.6      313.2     2.37e+04
2019 06 19  0840   58653   31200    0        8.3      312.8     2.36e+04
2019 06 19  0841   58653   31260    0        7.8      312.0     2.08e+04
2019 06 19  0842   58653   31320    0        7.7      311.0     2.27e+04
2019 06 19  0843   58653   31380    0        6.7      313.5     2.24e+04
2019 06 19  0844   58653   31440    0        7.6      312.2     2.07e+04
2019 06 19  0845   58653   31500    0        8.0      310.7     1.79e+04
2019 06 19  0846   58653   31560    0        8.4      311.5     2.16e+04
2019 06 19  0847   58653   31620    0        7.9      312.8     2.56e+04
2019 06 19  0848   58653   31680    0        8.7      313.7     2.06e+04
2019 06 19  0849   58653   31740    0        9.1      314.1     2.18e+04
2019 06 19  0850   58653   31800    0        8.7      313.5     2.57e+04
2019 06 19  0851   58653   31860    0        8.3      313.4     2.51e+04
2019 06 19  0852   58653   31920    0        8.2      314.2     2.44e+04
2019 06 19  0853   58653   31980    0        8.3      313.5     2.51e+04
2019 06 19  0854   58653   32040    0        7.6      312.8     2.59e+04
2019 06 19  0855   58653   32100    0        6.4      312.3     2.33e+04
2019 06 19  0856   58653   32160    0        7.0      312.2     2.25e+04
2019 06 19  0857   58653   32220    0        7.4      314.5     2.25e+04
2019 06 19  0858   58653   32280    0        7.1      312.8     2.87e+04
2019 06 19  0859   58653   32340    0        6.5      313.0     2.44e+04
