:Data_list: 20190510_ace_swepam_1m.txt
:Created: 2019 May 10 0901 UT
# Prepared by the U.S. Dept. of Commerce, NOAA, Space Weather Prediction Center
# Please send comments and suggestions to SWPC.Webmaster@noaa.gov 
# 
# Units: Proton density p/cc
# Units: Bulk speed km/s
# Units: Ion tempeture degrees K
# Status(S): 0 = nominal data, 1 to 8 = bad data record, 9 = no data
# Missing data values: Density and Speed = -9999.9, Temp. = -1.00e+05
# Source: ACE Satellite - Solar Wind Electron Proton Alpha Monitor
#
#   1-minute averaged Real-time Bulk Parameters of the Solar Wind Plasma
# 
#                Modified Seconds   -------------  Solar Wind  -----------
# UT Date   Time  Julian  of the          Proton      Bulk         Ion
# YR MO DA  HHMM    Day     Day     S    Density     Speed     Temperature
#-------------------------------------------------------------------------
2019 05 10  0000   58613       0    0        2.7      379.4     5.99e+04
2019 05 10  0001   58613      60    0        2.9      379.3     6.23e+04
2019 05 10  0002   58613     120    0        2.9      379.6     6.97e+04
2019 05 10  0003   58613     180    0        2.8      381.4     7.60e+04
2019 05 10  0004   58613     240    0        2.7      379.9     7.54e+04
2019 05 10  0005   58613     300    0        2.4      377.3     6.43e+04
2019 05 10  0006   58613     360    0        2.6      378.5     7.15e+04
2019 05 10  0007   58613     420    0        2.8      384.2     7.07e+04
2019 05 10  0008   58613     480    0        2.9      380.6     7.84e+04
2019 05 10  0009   58613     540    0        3.2      381.4     7.04e+04
2019 05 10  0010   58613     600    0        2.7      379.4     7.22e+04
2019 05 10  0011   58613     660    0        2.7      377.8     6.01e+04
2019 05 10  0012   58613     720    0        2.8      376.3     6.81e+04
2019 05 10  0013   58613     780    0        2.8      376.7     6.83e+04
2019 05 10  0014   58613     840    0        2.8      377.3     7.75e+04
2019 05 10  0015   58613     900    0        2.7      379.0     8.70e+04
2019 05 10  0016   58613     960    0        2.6      379.3     8.91e+04
2019 05 10  0017   58613    1020    0        2.5      377.7     8.68e+04
2019 05 10  0018   58613    1080    0        2.4      375.4     7.56e+04
2019 05 10  0019   58613    1140    0        2.6      375.9     6.65e+04
2019 05 10  0020   58613    1200    0        2.8      382.6     7.87e+04
2019 05 10  0021   58613    1260    1        2.0      383.6     7.11e+04
2019 05 10  0022   58613    1320    0        2.1      383.9     6.33e+04
2019 05 10  0023   58613    1380    0        2.0      382.1     6.44e+04
2019 05 10  0024   58613    1440    0        2.2      382.7     6.26e+04
2019 05 10  0025   58613    1500    0        2.1      384.3     6.83e+04
2019 05 10  0026   58613    1560    0        2.3      384.3     6.76e+04
2019 05 10  0027   58613    1620    0        2.2      383.1     7.29e+04
2019 05 10  0028   58613    1680    0        2.1      383.6     6.99e+04
2019 05 10  0029   58613    1740    0        2.2      382.6     7.26e+04
2019 05 10  0030   58613    1800    0        2.3      382.1     7.42e+04
2019 05 10  0031   58613    1860    0        2.4      381.1     7.27e+04
2019 05 10  0032   58613    1920    0        2.2      380.4     7.30e+04
2019 05 10  0033   58613    1980    0        2.0      379.9     7.50e+04
2019 05 10  0034   58613    2040    0        2.1      379.9     7.74e+04
2019 05 10  0035   58613    2100    3    -9999.9    -9999.9    -1.00e+05
2019 05 10  0036   58613    2160    0        2.0      382.9     6.42e+04
2019 05 10  0037   58613    2220    0        2.0      382.8     6.18e+04
2019 05 10  0038   58613    2280    0        2.2      385.7     6.74e+04
2019 05 10  0039   58613    2340    0        2.4      382.9     8.57e+04
2019 05 10  0040   58613    2400    0        2.7      379.8     6.45e+04
2019 05 10  0041   58613    2460    0        3.0      376.3     5.84e+04
2019 05 10  0042   58613    2520    0        3.4      376.2     5.57e+04
2019 05 10  0043   58613    2580    1        2.0      378.5     7.26e+04
2019 05 10  0044   58613    2640    0        2.1      379.5     7.75e+04
2019 05 10  0045   58613    2700    0        2.4      378.7     7.11e+04
2019 05 10  0046   58613    2760    0        2.3      380.7     6.47e+04
2019 05 10  0047   58613    2820    0        2.3      380.8     6.58e+04
2019 05 10  0048   58613    2880    0        2.4      380.1     6.55e+04
2019 05 10  0049   58613    2940    0        2.3      381.3     6.20e+04
2019 05 10  0050   58613    3000    0        2.0      382.7     5.93e+04
2019 05 10  0051   58613    3060    0        2.1      382.0     5.78e+04
2019 05 10  0052   58613    3120    0        2.2      380.3     6.01e+04
2019 05 10  0053   58613    3180    0        2.3      380.5     5.92e+04
2019 05 10  0054   58613    3240    0        2.4      378.2     6.22e+04
2019 05 10  0055   58613    3300    0        2.3      380.2     6.71e+04
2019 05 10  0056   58613    3360    0        2.2      380.8     7.08e+04
2019 05 10  0057   58613    3420    0        2.2      381.9     6.73e+04
2019 05 10  0058   58613    3480    1        2.4      380.7     6.48e+04
2019 05 10  0059   58613    3540    0        2.1      383.7     7.55e+04
2019 05 10  0100   58613    3600    1        2.0      384.1     7.68e+04
2019 05 10  0101   58613    3660    0        2.2      382.9     7.36e+04
2019 05 10  0102   58613    3720    1        2.3      381.6     7.03e+04
2019 05 10  0103   58613    3780    1        2.3      381.0     6.91e+04
2019 05 10  0104   58613    3840    0        3.3      377.3     5.83e+04
2019 05 10  0105   58613    3900    0        3.1      377.4     5.51e+04
2019 05 10  0106   58613    3960    0        2.6      377.9     5.20e+04
2019 05 10  0107   58613    4020    0        2.4      378.4     5.34e+04
2019 05 10  0108   58613    4080    0        2.4      378.1     5.35e+04
2019 05 10  0109   58613    4140    0        2.3      379.0     5.88e+04
2019 05 10  0110   58613    4200    0        2.2      378.9     5.90e+04
2019 05 10  0111   58613    4260    0        2.6      380.2     6.29e+04
2019 05 10  0112   58613    4320    0        2.5      375.6     7.31e+04
2019 05 10  0113   58613    4380    0        2.7      377.9     6.08e+04
2019 05 10  0114   58613    4440    0        2.7      378.9     6.57e+04
2019 05 10  0115   58613    4500    0        2.6      380.3     6.14e+04
2019 05 10  0116   58613    4560    0        2.5      379.1     6.29e+04
2019 05 10  0117   58613    4620    0        2.6      379.4     6.45e+04
2019 05 10  0118   58613    4680    0        2.6      379.1     6.95e+04
2019 05 10  0119   58613    4740    0        2.5      379.5     6.95e+04
2019 05 10  0120   58613    4800    0        2.5      380.2     7.26e+04
2019 05 10  0121   58613    4860    0        2.5      380.8     7.39e+04
2019 05 10  0122   58613    4920    0        2.5      380.5     6.74e+04
2019 05 10  0123   58613    4980    0        2.6      379.2     6.42e+04
2019 05 10  0124   58613    5040    0        2.8      380.6     6.43e+04
2019 05 10  0125   58613    5100    0        2.6      382.0     6.72e+04
2019 05 10  0126   58613    5160    0        2.9      381.6     5.83e+04
2019 05 10  0127   58613    5220    0        2.6      380.7     7.00e+04
2019 05 10  0128   58613    5280    0        2.6      381.2     8.82e+04
2019 05 10  0129   58613    5340    0        2.5      379.9     8.77e+04
2019 05 10  0130   58613    5400    0        2.8      379.7     7.60e+04
2019 05 10  0131   58613    5460    0        2.6      378.3     8.44e+04
2019 05 10  0132   58613    5520    0        3.2      377.9     7.05e+04
2019 05 10  0133   58613    5580    1        2.8      378.8     8.25e+04
2019 05 10  0134   58613    5640    0        2.5      377.4     8.90e+04
2019 05 10  0135   58613    5700    0        2.3      377.4     9.38e+04
2019 05 10  0136   58613    5760    0        2.2      378.2     9.78e+04
2019 05 10  0137   58613    5820    0        2.1      377.6     9.41e+04
2019 05 10  0138   58613    5880    0        2.1      377.9     9.29e+04
2019 05 10  0139   58613    5940    0        2.0      379.3     9.25e+04
2019 05 10  0140   58613    6000    0        2.0      380.2     9.66e+04
2019 05 10  0141   58613    6060    1        2.0      377.8     9.55e+04
2019 05 10  0142   58613    6120    0        1.9      381.3     8.71e+04
2019 05 10  0143   58613    6180    0        1.9      379.8     8.21e+04
2019 05 10  0144   58613    6240    0        2.1      379.2     8.79e+04
2019 05 10  0145   58613    6300    1        1.8      381.0     9.72e+04
2019 05 10  0146   58613    6360    0        1.8      380.4     9.85e+04
2019 05 10  0147   58613    6420    1        2.1      375.8     9.58e+04
2019 05 10  0148   58613    6480    0        2.0      378.8     9.20e+04
2019 05 10  0149   58613    6540    1        1.8      381.4     1.04e+05
2019 05 10  0150   58613    6600    0        1.7      380.2     1.03e+05
2019 05 10  0151   58613    6660    1        1.6      383.2     9.97e+04
2019 05 10  0152   58613    6720    1        1.5      385.3     9.74e+04
2019 05 10  0153   58613    6780    0        1.5      382.3     1.03e+05
2019 05 10  0154   58613    6840    0        1.5      380.3     1.07e+05
2019 05 10  0155   58613    6900    1        1.5      380.4     9.97e+04
2019 05 10  0156   58613    6960    1        1.5      379.4     1.05e+05
2019 05 10  0157   58613    7020    1        1.4      381.8     1.07e+05
2019 05 10  0158   58613    7080    0        1.3      376.2     1.04e+05
2019 05 10  0159   58613    7140    0        1.5      380.6     1.10e+05
2019 05 10  0200   58613    7200    0        1.6      377.3     9.84e+04
2019 05 10  0201   58613    7260    0        1.7      373.7     7.46e+04
2019 05 10  0202   58613    7320    1        1.5      376.8     7.31e+04
2019 05 10  0203   58613    7380    0        1.7      376.1     7.59e+04
2019 05 10  0204   58613    7440    0        1.7      375.1     8.17e+04
2019 05 10  0205   58613    7500    0        1.7      375.1     7.25e+04
2019 05 10  0206   58613    7560    0        1.8      375.0     7.49e+04
2019 05 10  0207   58613    7620    1        1.8      376.6     7.76e+04
2019 05 10  0208   58613    7680    1        1.6      376.6     7.36e+04
2019 05 10  0209   58613    7740    1        1.5      375.4     7.06e+04
2019 05 10  0210   58613    7800    0        1.5      383.8     8.19e+04
2019 05 10  0211   58613    7860    0        1.4      384.2     8.17e+04
2019 05 10  0212   58613    7920    0        1.3      385.1     7.90e+04
2019 05 10  0213   58613    7980    0        1.5      383.8     7.27e+04
2019 05 10  0214   58613    8040    0        1.6      381.3     7.52e+04
2019 05 10  0215   58613    8100    0        1.6      383.6     7.94e+04
2019 05 10  0216   58613    8160    0        1.9      375.5     8.24e+04
2019 05 10  0217   58613    8220    0        1.4      382.4     8.19e+04
2019 05 10  0218   58613    8280    0        1.3      384.3     7.80e+04
2019 05 10  0219   58613    8340    0        1.5      381.0     8.94e+04
2019 05 10  0220   58613    8400    0        1.4      381.0     9.28e+04
2019 05 10  0221   58613    8460    0        1.2      385.2     8.79e+04
2019 05 10  0222   58613    8520    0        1.3      384.8     8.83e+04
2019 05 10  0223   58613    8580    0        1.4      383.2     8.70e+04
2019 05 10  0224   58613    8640    0        1.3      383.1     8.71e+04
2019 05 10  0225   58613    8700    0        1.3      383.6     8.74e+04
2019 05 10  0226   58613    8760    0        1.3      383.0     8.39e+04
2019 05 10  0227   58613    8820    0        1.4      382.4     8.29e+04
2019 05 10  0228   58613    8880    0        1.2      386.4     8.42e+04
2019 05 10  0229   58613    8940    1        1.0      388.1     8.48e+04
2019 05 10  0230   58613    9000    0        1.2      383.5     8.70e+04
2019 05 10  0231   58613    9060    0        1.3      383.7     8.31e+04
2019 05 10  0232   58613    9120    0        1.3      382.0     7.14e+04
2019 05 10  0233   58613    9180    0        1.4      381.4     8.06e+04
2019 05 10  0234   58613    9240    0        1.4      383.2     8.34e+04
2019 05 10  0235   58613    9300    0        1.2      385.5     7.32e+04
2019 05 10  0236   58613    9360    0        1.3      382.9     6.63e+04
2019 05 10  0237   58613    9420    0        1.5      379.7     6.34e+04
2019 05 10  0238   58613    9480    0        1.6      379.5     7.89e+04
2019 05 10  0239   58613    9540    1        1.3      381.5     9.33e+04
2019 05 10  0240   58613    9600    1        1.2      382.7     9.59e+04
2019 05 10  0241   58613    9660    0        1.3      382.1     9.23e+04
2019 05 10  0242   58613    9720    0        1.2      381.2     8.95e+04
2019 05 10  0243   58613    9780    0        1.3      376.7     6.51e+04
2019 05 10  0244   58613    9840    0        1.3      376.4     6.78e+04
2019 05 10  0245   58613    9900    0        1.2      375.4     7.65e+04
2019 05 10  0246   58613    9960    0        1.4      374.8     7.46e+04
2019 05 10  0247   58613   10020    0        1.3      374.4     7.69e+04
2019 05 10  0248   58613   10080    0        1.2      376.7     6.97e+04
2019 05 10  0249   58613   10140    0        1.4      374.5     7.43e+04
2019 05 10  0250   58613   10200    0        1.4      378.1     7.22e+04
2019 05 10  0251   58613   10260    0        1.1      382.3     8.63e+04
2019 05 10  0252   58613   10320    1        1.1      382.1     8.59e+04
2019 05 10  0253   58613   10380    0        1.1      381.9     9.87e+04
2019 05 10  0254   58613   10440    1        1.1      383.1     9.86e+04
2019 05 10  0255   58613   10500    0        1.1      383.9     8.90e+04
2019 05 10  0256   58613   10560    0        1.2      384.6     8.48e+04
2019 05 10  0257   58613   10620    0        1.3      382.6     9.32e+04
2019 05 10  0258   58613   10680    0        1.3      381.1     1.01e+05
2019 05 10  0259   58613   10740    0        1.1      384.7     9.49e+04
2019 05 10  0300   58613   10800    0        1.1      385.7     8.57e+04
2019 05 10  0301   58613   10860    0        1.2      387.4     7.52e+04
2019 05 10  0302   58613   10920    0        1.1      387.9     7.57e+04
2019 05 10  0303   58613   10980    0        1.4      380.9     8.40e+04
2019 05 10  0304   58613   11040    0        1.2      383.7     8.71e+04
2019 05 10  0305   58613   11100    0        1.0      388.6     7.74e+04
2019 05 10  0306   58613   11160    0        1.1      383.6     9.02e+04
2019 05 10  0307   58613   11220    0        1.4      381.1     7.43e+04
2019 05 10  0308   58613   11280    0        1.3      381.6     8.56e+04
2019 05 10  0309   58613   11340    0        1.2      380.2     7.69e+04
2019 05 10  0310   58613   11400    0        1.2      375.3     8.73e+04
2019 05 10  0311   58613   11460    0        1.1      374.1     9.84e+04
2019 05 10  0312   58613   11520    0        1.1      374.8     9.30e+04
2019 05 10  0313   58613   11580    0        1.2      373.4     8.52e+04
2019 05 10  0314   58613   11640    0        1.2      373.3     7.96e+04
2019 05 10  0315   58613   11700    0        1.1      375.5     7.21e+04
2019 05 10  0316   58613   11760    0        1.1      378.3     9.40e+04
2019 05 10  0317   58613   11820    0        1.1      378.6     9.48e+04
2019 05 10  0318   58613   11880    0        1.0      380.4     9.82e+04
2019 05 10  0319   58613   11940    0        1.0      380.6     9.25e+04
2019 05 10  0320   58613   12000    0        1.0      376.4     1.04e+05
2019 05 10  0321   58613   12060    1        0.9      364.8     5.26e+04
2019 05 10  0322   58613   12120    0        1.0      377.1     1.02e+05
2019 05 10  0323   58613   12180    0        1.3      375.8     1.11e+05
2019 05 10  0324   58613   12240    0        1.0      373.8     9.82e+04
2019 05 10  0325   58613   12300    0        1.0      377.5     1.03e+05
2019 05 10  0326   58613   12360    1        1.1      383.6     1.34e+05
2019 05 10  0327   58613   12420    0        1.2      380.6     1.27e+05
2019 05 10  0328   58613   12480    0        1.0      372.8     9.64e+04
2019 05 10  0329   58613   12540    0        0.9      370.7     7.75e+04
2019 05 10  0330   58613   12600    0        0.9      377.9     9.25e+04
2019 05 10  0331   58613   12660    1        1.1      381.5     1.15e+05
2019 05 10  0332   58613   12720    0        1.0      372.1     9.13e+04
2019 05 10  0333   58613   12780    1        1.1      381.9     1.38e+05
2019 05 10  0334   58613   12840    0        1.1      376.4     1.21e+05
2019 05 10  0335   58613   12900    0        1.1      376.9     1.02e+05
2019 05 10  0336   58613   12960    0        1.1      386.0     8.81e+04
2019 05 10  0337   58613   13020    0        0.8      371.6     8.16e+04
2019 05 10  0338   58613   13080    0        0.9      381.0     8.57e+04
2019 05 10  0339   58613   13140    0        1.0      377.4     7.30e+04
2019 05 10  0340   58613   13200    1        0.9      380.2     9.34e+04
2019 05 10  0341   58613   13260    0        1.3      377.9     1.34e+05
2019 05 10  0342   58613   13320    0        1.2      373.5     1.24e+05
2019 05 10  0343   58613   13380    0        1.0      375.5     1.07e+05
2019 05 10  0344   58613   13440    0        1.0      381.7     1.05e+05
2019 05 10  0345   58613   13500    0        1.1      385.3     1.02e+05
2019 05 10  0346   58613   13560    1        1.1      382.9     9.64e+04
2019 05 10  0347   58613   13620    0        1.1      378.6     9.79e+04
2019 05 10  0348   58613   13680    0        1.1      380.8     1.13e+05
2019 05 10  0349   58613   13740    0        0.8      375.0     4.74e+04
2019 05 10  0350   58613   13800    0        0.9      375.6     5.53e+04
2019 05 10  0351   58613   13860    0        1.1      381.3     1.25e+05
2019 05 10  0352   58613   13920    0        1.0      384.0     8.83e+04
2019 05 10  0353   58613   13980    0        1.1      387.6     1.36e+05
2019 05 10  0354   58613   14040    0        1.1      386.0     1.13e+05
2019 05 10  0355   58613   14100    0        1.0      379.0     1.10e+05
2019 05 10  0356   58613   14160    0        1.0      381.6     1.02e+05
2019 05 10  0357   58613   14220    0        1.0      376.3     9.14e+04
2019 05 10  0358   58613   14280    0        1.1      381.5     1.21e+05
2019 05 10  0359   58613   14340    0        1.1      392.0     1.30e+05
2019 05 10  0400   58613   14400    0        1.3      387.5     8.04e+04
2019 05 10  0401   58613   14460    0        1.4      378.6     4.59e+04
2019 05 10  0402   58613   14520    0        1.5      382.9     6.51e+04
2019 05 10  0403   58613   14580    0        1.7      391.4     8.69e+04
2019 05 10  0404   58613   14640    0        1.4      387.1     8.49e+04
2019 05 10  0405   58613   14700    0        0.9      366.1     2.79e+04
2019 05 10  0406   58613   14760    0        1.1      376.8     4.13e+04
2019 05 10  0407   58613   14820    0        1.6      384.4     7.49e+04
2019 05 10  0408   58613   14880    0        1.0      369.7     3.81e+04
2019 05 10  0409   58613   14940    0        1.3      376.9     5.01e+04
2019 05 10  0410   58613   15000    0        1.4      380.8     7.26e+04
2019 05 10  0411   58613   15060    0        1.6      384.6     7.80e+04
2019 05 10  0412   58613   15120    0        1.4      383.0     6.78e+04
2019 05 10  0413   58613   15180    0        1.4      387.0     8.84e+04
2019 05 10  0414   58613   15240    0        1.5      395.3     1.15e+05
2019 05 10  0415   58613   15300    1        1.2      383.7     7.45e+04
2019 05 10  0416   58613   15360    1        1.1      381.4     6.46e+04
2019 05 10  0417   58613   15420    0        1.3      390.8     9.08e+04
2019 05 10  0418   58613   15480    0        1.2      388.1     7.68e+04
2019 05 10  0419   58613   15540    0        1.0      379.6     5.17e+04
2019 05 10  0420   58613   15600    0        1.1      373.6     4.80e+04
2019 05 10  0421   58613   15660    0        1.4      382.1     7.69e+04
2019 05 10  0422   58613   15720    0        1.2      374.9     5.10e+04
2019 05 10  0423   58613   15780    0        1.2      375.1     5.19e+04
2019 05 10  0424   58613   15840    0        1.3      380.9     7.79e+04
2019 05 10  0425   58613   15900    0        1.5      389.9     8.93e+04
2019 05 10  0426   58613   15960    0        1.1      383.7     5.81e+04
2019 05 10  0427   58613   16020    0        1.2      390.8     7.62e+04
2019 05 10  0428   58613   16080    0        1.1      388.6     7.57e+04
2019 05 10  0429   58613   16140    0        1.1      389.9     7.34e+04
2019 05 10  0430   58613   16200    0        0.9      378.5     4.72e+04
2019 05 10  0431   58613   16260    0        1.0      379.9     5.90e+04
2019 05 10  0432   58613   16320    0        1.1      385.8     7.60e+04
2019 05 10  0433   58613   16380    0        1.0      380.7     6.56e+04
2019 05 10  0434   58613   16440    0        1.1      375.7     5.92e+04
2019 05 10  0435   58613   16500    0        1.2      380.3     6.74e+04
2019 05 10  0436   58613   16560    0        1.2      390.5     8.84e+04
2019 05 10  0437   58613   16620    0        1.3      391.7     1.13e+05
2019 05 10  0438   58613   16680    0        0.9      374.2     4.25e+04
2019 05 10  0439   58613   16740    0        1.1      384.9     7.95e+04
2019 05 10  0440   58613   16800    1        1.2      388.7     1.24e+05
2019 05 10  0441   58613   16860    0        1.1      379.3     8.68e+04
2019 05 10  0442   58613   16920    0        1.2      383.3     8.53e+04
2019 05 10  0443   58613   16980    0        1.0      381.5     7.30e+04
2019 05 10  0444   58613   17040    0        1.0      385.6     6.85e+04
2019 05 10  0445   58613   17100    1        1.1      386.5     8.22e+04
2019 05 10  0446   58613   17160    0        1.0      385.2     7.70e+04
2019 05 10  0447   58613   17220    0        1.0      386.8     7.99e+04
2019 05 10  0448   58613   17280    0        1.0      383.7     7.11e+04
2019 05 10  0449   58613   17340    0        0.9      379.8     6.39e+04
2019 05 10  0450   58613   17400    0        1.0      385.4     8.57e+04
2019 05 10  0451   58613   17460    0        1.1      389.0     8.88e+04
2019 05 10  0452   58613   17520    0        0.8      380.0     5.48e+04
2019 05 10  0453   58613   17580    0        0.9      384.6     5.95e+04
2019 05 10  0454   58613   17640    1        1.1      389.1     8.97e+04
2019 05 10  0455   58613   17700    0        0.9    -9999.9    -1.00e+05
2019 05 10  0456   58613   17760    0        0.9      370.7     4.79e+04
2019 05 10  0457   58613   17820    0        1.2      386.1     1.34e+05
2019 05 10  0458   58613   17880    0        1.2      389.3     1.06e+05
2019 05 10  0459   58613   17940    0        0.9      371.4     7.57e+04
2019 05 10  0500   58613   18000    0        1.0      378.8     6.73e+04
2019 05 10  0501   58613   18060    0        1.1      385.0     7.26e+04
2019 05 10  0502   58613   18120    0        1.0      380.0     7.62e+04
2019 05 10  0503   58613   18180    0        0.9      374.2     5.97e+04
2019 05 10  0504   58613   18240    0        0.9      376.4     6.69e+04
2019 05 10  0505   58613   18300    0        1.1      383.3     1.04e+05
2019 05 10  0506   58613   18360    0        1.1      379.7     9.56e+04
2019 05 10  0507   58613   18420    0        1.0      372.1     6.71e+04
2019 05 10  0508   58613   18480    1        1.0      383.9     1.12e+05
2019 05 10  0509   58613   18540    0        1.0      380.4     7.72e+04
2019 05 10  0510   58613   18600    0        1.0      374.1     6.30e+04
2019 05 10  0511   58613   18660    0        1.5      381.1     8.87e+04
2019 05 10  0512   58613   18720    0        0.9      384.1     7.98e+04
2019 05 10  0513   58613   18780    0        0.8      387.8     7.51e+04
2019 05 10  0514   58613   18840    1        0.4      367.5     3.59e+04
2019 05 10  0515   58613   18900    0        0.9      385.4     8.03e+04
2019 05 10  0516   58613   18960    1        1.0      381.5     6.25e+04
2019 05 10  0517   58613   19020    0        0.7      372.9     4.14e+04
2019 05 10  0518   58613   19080    0        0.9      381.8     6.75e+04
2019 05 10  0519   58613   19140    0        0.9      384.0     6.28e+04
2019 05 10  0520   58613   19200    0        0.9      381.1     4.84e+04
2019 05 10  0521   58613   19260    0        1.0      377.7     5.63e+04
2019 05 10  0522   58613   19320    0        1.1      373.0     6.12e+04
2019 05 10  0523   58613   19380    0        1.2      376.6     6.55e+04
2019 05 10  0524   58613   19440    0        1.2      380.8     7.85e+04
2019 05 10  0525   58613   19500    0        1.4      375.1     7.66e+04
2019 05 10  0526   58613   19560    0        1.2      391.2     9.54e+04
2019 05 10  0527   58613   19620    0        1.0      377.0     6.42e+04
2019 05 10  0528   58613   19680    9    -9999.9    -9999.9    -1.00e+05
2019 05 10  0529   58613   19740    0        0.8      371.6     3.48e+04
2019 05 10  0530   58613   19800    1        1.1      375.7     6.71e+04
2019 05 10  0531   58613   19860    0        1.3      382.9     8.61e+04
2019 05 10  0532   58613   19920    0        1.2      375.3     6.46e+04
2019 05 10  0533   58613   19980    0        1.4      379.8     9.44e+04
2019 05 10  0534   58613   20040    0        1.3      381.6     9.18e+04
2019 05 10  0535   58613   20100    0        1.1      375.5     5.31e+04
2019 05 10  0536   58613   20160    0        1.1      373.3     4.67e+04
2019 05 10  0537   58613   20220    0        1.4      377.9     6.94e+04
2019 05 10  0538   58613   20280    0        1.3      378.4     7.11e+04
2019 05 10  0539   58613   20340    0        1.1      373.1     5.09e+04
2019 05 10  0540   58613   20400    0        0.9      373.9     3.95e+04
2019 05 10  0541   58613   20460    0        1.0      376.3     4.87e+04
2019 05 10  0542   58613   20520    0        0.9      381.9     5.92e+04
2019 05 10  0543   58613   20580    0        0.7      368.3     3.11e+04
2019 05 10  0544   58613   20640    0        1.2      381.3     7.34e+04
2019 05 10  0545   58613   20700    0        1.0      377.4     5.87e+04
2019 05 10  0546   58613   20760    0        0.9      375.4     4.63e+04
2019 05 10  0547   58613   20820    0        0.8      373.9     5.22e+04
2019 05 10  0548   58613   20880    0        0.9      373.9     4.76e+04
2019 05 10  0549   58613   20940    0        0.9      379.8     6.46e+04
2019 05 10  0550   58613   21000    0        0.7      372.4     4.96e+04
2019 05 10  0551   58613   21060    0        0.9      372.7     5.23e+04
2019 05 10  0552   58613   21120    0        1.1      376.5     6.39e+04
2019 05 10  0553   58613   21180    0        1.1      374.7     6.19e+04
2019 05 10  0554   58613   21240    0        1.0      374.8     5.82e+04
2019 05 10  0555   58613   21300    0        1.0      375.5     6.47e+04
2019 05 10  0556   58613   21360    0        1.0      373.1     8.11e+04
2019 05 10  0557   58613   21420    0        1.0      373.7     5.30e+04
2019 05 10  0558   58613   21480    0        0.7      360.8     3.02e+04
2019 05 10  0559   58613   21540    0        1.2      376.9     1.08e+05
2019 05 10  0600   58613   21600    0        1.1      388.5     1.04e+05
2019 05 10  0601   58613   21660    0        1.1    -9999.9    -1.00e+05
2019 05 10  0602   58613   21720    0        0.8      364.2     4.26e+04
2019 05 10  0603   58613   21780    1        1.2      380.5     9.43e+04
2019 05 10  0604   58613   21840    0        1.0      376.4     6.44e+04
2019 05 10  0605   58613   21900    0        0.9      372.7     6.49e+04
2019 05 10  0606   58613   21960    0        1.1      364.1     5.80e+04
2019 05 10  0607   58613   22020    0        1.1      375.0     7.90e+04
2019 05 10  0608   58613   22080    0        1.0      377.6     7.42e+04
2019 05 10  0609   58613   22140    0        1.1      369.7     5.96e+04
2019 05 10  0610   58613   22200    1        1.3      376.1     7.73e+04
2019 05 10  0611   58613   22260    0        1.1      380.3     6.99e+04
2019 05 10  0612   58613   22320    0        1.0      372.0     5.00e+04
2019 05 10  0613   58613   22380    0        1.1      372.6     6.79e+04
2019 05 10  0614   58613   22440    0        0.9      363.6     5.47e+04
2019 05 10  0615   58613   22500    0        1.0      375.9     6.10e+04
2019 05 10  0616   58613   22560    1        1.1      362.3     5.80e+04
2019 05 10  0617   58613   22620    0        1.3      373.5     7.47e+04
2019 05 10  0618   58613   22680    0        0.8      379.4     7.24e+04
2019 05 10  0619   58613   22740    1        0.7      370.9     5.20e+04
2019 05 10  0620   58613   22800    0        0.8      369.9     6.53e+04
2019 05 10  0621   58613   22860    0        0.9      375.6     6.53e+04
2019 05 10  0622   58613   22920    0        1.1      379.7     7.72e+04
2019 05 10  0623   58613   22980    0        1.0      369.3     6.06e+04
2019 05 10  0624   58613   23040    0        0.9      368.7     4.75e+04
2019 05 10  0625   58613   23100    1        1.1      380.3     7.81e+04
2019 05 10  0626   58613   23160    1        1.2      374.7     8.88e+04
2019 05 10  0627   58613   23220    0        1.2      361.5     6.55e+04
2019 05 10  0628   58613   23280    0        1.4      372.5     8.88e+04
2019 05 10  0629   58613   23340    0        1.0      374.0     5.33e+04
2019 05 10  0630   58613   23400    1        1.0      370.6     4.10e+04
2019 05 10  0631   58613   23460    0        1.1      371.1     6.65e+04
2019 05 10  0632   58613   23520    0        1.2      381.5     9.04e+04
2019 05 10  0633   58613   23580    0        1.0      378.1     6.35e+04
2019 05 10  0634   58613   23640    0        1.0      378.0     6.26e+04
2019 05 10  0635   58613   23700    1        0.7      358.6     5.18e+04
2019 05 10  0636   58613   23760    0        1.0      372.2     8.10e+04
2019 05 10  0637   58613   23820    0        1.1      376.8     7.89e+04
2019 05 10  0638   58613   23880    0        1.0      371.8     6.59e+04
2019 05 10  0639   58613   23940    0        1.0      377.7     8.03e+04
2019 05 10  0640   58613   24000    0        1.2      380.1     9.49e+04
2019 05 10  0641   58613   24060    1        1.1      368.2     6.69e+04
2019 05 10  0642   58613   24120    0        1.0      366.7     6.25e+04
2019 05 10  0643   58613   24180    0        1.5      380.5     1.09e+05
2019 05 10  0644   58613   24240    0        1.4      376.8     8.43e+04
2019 05 10  0645   58613   24300    0        1.2      371.3     7.31e+04
2019 05 10  0646   58613   24360    0        1.3      376.6     9.03e+04
2019 05 10  0647   58613   24420    0        1.1      374.9     6.02e+04
2019 05 10  0648   58613   24480    0        1.2      376.1     6.76e+04
2019 05 10  0649   58613   24540    0        1.0      361.7     5.33e+04
2019 05 10  0650   58613   24600    0        1.0      370.4     5.17e+04
2019 05 10  0651   58613   24660    0        1.1      374.5     7.48e+04
2019 05 10  0652   58613   24720    0        1.1      363.1     6.94e+04
2019 05 10  0653   58613   24780    0        1.2      365.5     7.24e+04
2019 05 10  0654   58613   24840    0        1.2      371.4     8.29e+04
2019 05 10  0655   58613   24900    0        1.2      376.6     9.24e+04
2019 05 10  0656   58613   24960    0        1.2      375.6     8.75e+04
2019 05 10  0657   58613   25020    0        1.2      372.2     7.90e+04
2019 05 10  0658   58613   25080    0        1.3      372.2     7.92e+04
2019 05 10  0659   58613   25140    6        1.1      373.3     6.56e+04
2019 05 10  0700   58613   25200    0        1.1      373.9     6.38e+04
2019 05 10  0701   58613   25260    0        1.1      374.7     5.50e+04
2019 05 10  0702   58613   25320    1        0.9      369.7     4.47e+04
2019 05 10  0703   58613   25380    0        1.1      372.5     7.60e+04
2019 05 10  0704   58613   25440    0        1.0      369.9     7.17e+04
2019 05 10  0705   58613   25500    0        1.5      370.1     8.85e+04
2019 05 10  0706   58613   25560    3    -9999.9    -9999.9    -1.00e+05
2019 05 10  0707   58613   25620    3    -9999.9    -9999.9    -1.00e+05
2019 05 10  0708   58613   25680    0        1.1      372.6     6.55e+04
2019 05 10  0709   58613   25740    0        1.1      372.7     7.09e+04
2019 05 10  0710   58613   25800    1        1.0      373.3     7.09e+04
2019 05 10  0711   58613   25860    0        1.0      373.1     7.67e+04
2019 05 10  0712   58613   25920    0        1.0      372.7     8.08e+04
2019 05 10  0713   58613   25980    0        1.1      369.4     8.44e+04
2019 05 10  0714   58613   26040    0        1.0      369.7     7.88e+04
2019 05 10  0715   58613   26100    0        0.9      376.6     6.29e+04
2019 05 10  0716   58613   26160    0        0.9      374.1     7.62e+04
2019 05 10  0717   58613   26220    0        1.0      372.5     7.84e+04
2019 05 10  0718   58613   26280    0        0.8      373.5     7.11e+04
2019 05 10  0719   58613   26340    0        1.0      372.7     8.57e+04
2019 05 10  0720   58613   26400    9    -9999.9    -9999.9    -1.00e+05
2019 05 10  0721   58613   26460    0        1.0      371.2     9.03e+04
2019 05 10  0722   58613   26520    0        0.9      366.8     9.51e+04
2019 05 10  0723   58613   26580    0        0.9      366.0     8.34e+04
2019 05 10  0724   58613   26640    0        0.9      364.7     7.49e+04
2019 05 10  0725   58613   26700    0        1.1      358.8     8.62e+04
2019 05 10  0726   58613   26760    0        1.0      360.1     9.38e+04
2019 05 10  0727   58613   26820    0        0.9      364.1     8.74e+04
2019 05 10  0728   58613   26880    0        0.9      365.7     7.77e+04
2019 05 10  0729   58613   26940    0        1.1      365.1     7.79e+04
2019 05 10  0730   58613   27000    0        1.2      363.6     8.31e+04
2019 05 10  0731   58613   27060    0        1.0      364.4     8.25e+04
2019 05 10  0732   58613   27120    0        1.0      369.3     7.73e+04
2019 05 10  0733   58613   27180    0        0.8      373.0     6.10e+04
2019 05 10  0734   58613   27240    0        0.8      373.6     5.89e+04
2019 05 10  0735   58613   27300    0        0.8      371.7     5.89e+04
2019 05 10  0736   58613   27360    1        1.1      363.6     8.12e+04
2019 05 10  0737   58613   27420    0        1.1      360.8     9.17e+04
2019 05 10  0738   58613   27480    0        1.0      363.5     9.71e+04
2019 05 10  0739   58613   27540    3    -9999.9    -9999.9    -1.00e+05
2019 05 10  0740   58613   27600    3    -9999.9    -9999.9    -1.00e+05
2019 05 10  0741   58613   27660    0        1.0      366.7     7.76e+04
2019 05 10  0742   58613   27720    0        0.9      369.8     6.53e+04
2019 05 10  0743   58613   27780    0        0.9      370.4     6.56e+04
2019 05 10  0744   58613   27840    0        1.1      366.3     7.99e+04
2019 05 10  0745   58613   27900    0        1.2      358.3     8.60e+04
2019 05 10  0746   58613   27960    0        1.2      352.6     8.01e+04
2019 05 10  0747   58613   28020    0        1.3      355.2     7.67e+04
2019 05 10  0748   58613   28080    0        1.2      361.0     7.38e+04
2019 05 10  0749   58613   28140    0        1.1      365.0     5.61e+04
2019 05 10  0750   58613   28200    0        1.1      364.0     5.89e+04
2019 05 10  0751   58613   28260    0        1.3      357.6     7.43e+04
2019 05 10  0752   58613   28320    0        1.2      362.0     7.80e+04
2019 05 10  0753   58613   28380    0        1.1      362.7     6.98e+04
2019 05 10  0754   58613   28440    0        1.1      365.3     6.22e+04
2019 05 10  0755   58613   28500    0        1.4      359.6     8.12e+04
2019 05 10  0756   58613   28560    0        1.4      363.5     6.29e+04
2019 05 10  0757   58613   28620    0        1.1      367.0     6.27e+04
2019 05 10  0758   58613   28680    0        1.0      370.0     6.36e+04
2019 05 10  0759   58613   28740    0        0.9      372.3     5.76e+04
2019 05 10  0800   58613   28800    0        1.0      371.6     6.09e+04
2019 05 10  0801   58613   28860    0        1.1      367.8     7.44e+04
2019 05 10  0802   58613   28920    0        1.2      366.1     7.54e+04
2019 05 10  0803   58613   28980    0        1.2      368.6     6.35e+04
2019 05 10  0804   58613   29040    0        1.1      368.4     6.57e+04
2019 05 10  0805   58613   29100    0        1.2      368.3     6.40e+04
2019 05 10  0806   58613   29160    0        1.3      366.6     6.01e+04
2019 05 10  0807   58613   29220    0        0.9      370.9     6.25e+04
2019 05 10  0808   58613   29280    0        1.0      364.4     6.32e+04
2019 05 10  0809   58613   29340    0        1.2      361.1     6.57e+04
2019 05 10  0810   58613   29400    0        1.2      357.9     8.14e+04
2019 05 10  0811   58613   29460    0        1.1      360.9     7.65e+04
2019 05 10  0812   58613   29520    3    -9999.9    -9999.9    -1.00e+05
2019 05 10  0813   58613   29580    3    -9999.9    -9999.9    -1.00e+05
2019 05 10  0814   58613   29640    0        1.2      361.3     8.92e+04
2019 05 10  0815   58613   29700    0        1.1      360.1     8.71e+04
2019 05 10  0816   58613   29760    0        1.1      361.6     8.02e+04
2019 05 10  0817   58613   29820    0        1.1      362.7     7.98e+04
2019 05 10  0818   58613   29880    0        1.1      361.5     8.50e+04
2019 05 10  0819   58613   29940    0        1.0      362.0     8.35e+04
2019 05 10  0820   58613   30000    0        1.1      360.8     8.59e+04
2019 05 10  0821   58613   30060    0        1.1      360.9     8.69e+04
2019 05 10  0822   58613   30120    0        1.0      362.3     8.04e+04
2019 05 10  0823   58613   30180    0        1.0      365.7     8.12e+04
2019 05 10  0824   58613   30240    0        1.0      361.0     7.60e+04
2019 05 10  0825   58613   30300    0        1.0      366.1     6.65e+04
2019 05 10  0826   58613   30360    0        1.0      364.2     7.54e+04
2019 05 10  0827   58613   30420    0        1.1      362.9     7.51e+04
2019 05 10  0828   58613   30480    0        1.1      363.7     7.90e+04
2019 05 10  0829   58613   30540    0        1.0      365.6     7.31e+04
2019 05 10  0830   58613   30600    0        1.2      365.2     8.16e+04
2019 05 10  0831   58613   30660    0        1.4      366.2     8.97e+04
2019 05 10  0832   58613   30720    0        1.4      364.3     8.50e+04
2019 05 10  0833   58613   30780    0        1.3      364.7     7.55e+04
2019 05 10  0834   58613   30840    0        1.3      368.2     7.15e+04
2019 05 10  0835   58613   30900    0        1.3      367.3     7.50e+04
2019 05 10  0836   58613   30960    0        1.3      368.1     7.67e+04
2019 05 10  0837   58613   31020    0        1.4      365.2     6.36e+04
2019 05 10  0838   58613   31080    0        1.3      365.3     6.15e+04
2019 05 10  0839   58613   31140    1        1.6      359.1     7.11e+04
2019 05 10  0840   58613   31200    0        1.5      368.1     6.48e+04
2019 05 10  0841   58613   31260    0        1.3      369.9     5.87e+04
2019 05 10  0842   58613   31320    0        1.3      362.5     7.92e+04
2019 05 10  0843   58613   31380    0        1.2      361.8     6.17e+04
2019 05 10  0844   58613   31440    0        1.1      361.6     6.52e+04
2019 05 10  0845   58613   31500    3    -9999.9    -9999.9    -1.00e+05
2019 05 10  0846   58613   31560    3    -9999.9    -9999.9    -1.00e+05
2019 05 10  0847   58613   31620    0        1.0      364.7     7.04e+04
2019 05 10  0848   58613   31680    0        1.0      364.5     6.93e+04
2019 05 10  0849   58613   31740    0        1.0      365.9     6.87e+04
2019 05 10  0850   58613   31800    0        1.2      367.4     6.94e+04
2019 05 10  0851   58613   31860    0        1.4      368.3     6.57e+04
2019 05 10  0852   58613   31920    0        1.4      368.9     6.14e+04
2019 05 10  0853   58613   31980    0        1.6      360.3     7.49e+04
2019 05 10  0854   58613   32040    0        1.5      365.0     6.99e+04
2019 05 10  0855   58613   32100    0        1.2      365.2     6.66e+04
2019 05 10  0856   58613   32160    0        1.4      365.3     6.82e+04
2019 05 10  0857   58613   32220    0        1.5      363.0     5.93e+04
2019 05 10  0858   58613   32280    0        1.2      365.6     7.16e+04
2019 05 10  0859   58613   32340    0        1.0      366.9     6.92e+04
