:Data_list: 20191110_ace_mag_1m.txt
:Created: 2019 Nov 10 1001 UT
# Prepared by the U.S. Dept. of Commerce, NOAA, Space Weather Prediction Center
# Please send comments and suggestions to SWPC.Webmaster@noaa.gov 
# 
# Magnetometer values are in GSM coordinates.
# 
# Units: Bx, By, Bz, Bt in nT
# Units: Latitude  degrees +/-  90.0
# Units: Longitude degrees 0.0 - 360.0
# Status(S): 0 = nominal data, 1 to 8 = bad data record, 9 = no data
# Missing data values: -999.9
# Source: ACE Satellite - Magnetometer
#
#              1-minute averaged Real-time Interplanetary Magnetic Field Values 
# 
#                 Modified Seconds
# UT Date   Time  Julian   of the   ----------------  GSM Coordinates ---------------
# YR MO DA  HHMM    Day      Day    S     Bx      By      Bz      Bt     Lat.   Long.
#------------------------------------------------------------------------------------
2019 11 10  0000   58797       0    0    -2.2     2.4    -1.0     3.4   -17.2   132.3
2019 11 10  0001   58797      60    0    -2.9     2.3    -0.5     3.7    -7.6   141.9
2019 11 10  0002   58797     120    0    -2.8     2.3    -0.8     3.7   -11.8   140.4
2019 11 10  0003   58797     180    0    -2.6     2.6    -0.5     3.7    -8.5   134.6
2019 11 10  0004   58797     240    0    -2.5     2.6    -0.8     3.7   -12.4   132.8
2019 11 10  0005   58797     300    0    -2.0     2.7    -1.0     3.5   -16.6   127.3
2019 11 10  0006   58797     360    0    -1.7     2.6    -1.0     3.2   -18.1   123.2
2019 11 10  0007   58797     420    0    -0.1     2.0    -1.4     2.4   -35.0    93.4
2019 11 10  0008   58797     480    0     2.1     1.5    -1.5     3.0   -29.8    35.4
2019 11 10  0009   58797     540    0     2.1     1.6    -1.0     2.8   -21.4    36.8
2019 11 10  0010   58797     600    0     1.7     1.5    -0.9     2.5   -21.4    40.7
2019 11 10  0011   58797     660    0     1.7     2.0    -0.7     2.8   -15.4    49.3
2019 11 10  0012   58797     720    0     0.7     2.7    -1.0     3.0   -20.0    76.4
2019 11 10  0013   58797     780    0     0.0     2.9    -1.1     3.2   -21.2    89.5
2019 11 10  0014   58797     840    0     0.4     2.9    -1.3     3.2   -23.6    82.9
2019 11 10  0015   58797     900    0     0.9     2.6    -1.5     3.1   -28.8    70.3
2019 11 10  0016   58797     960    0     0.8     2.6    -1.7     3.2   -32.1    72.6
2019 11 10  0017   58797    1020    0     1.1     2.5    -1.5     3.1   -29.3    66.0
2019 11 10  0018   58797    1080    0     1.1     2.6    -1.4     3.2   -26.2    68.0
2019 11 10  0019   58797    1140    0     1.2     2.4    -1.5     3.1   -29.4    63.9
2019 11 10  0020   58797    1200    0     1.2     2.3    -1.5     3.0   -29.3    61.6
2019 11 10  0021   58797    1260    0     1.3     2.2    -1.5     3.0   -30.3    59.2
2019 11 10  0022   58797    1320    0     1.6     2.0    -1.3     2.9   -27.8    51.0
2019 11 10  0023   58797    1380    0     1.5     2.2    -1.4     3.0   -28.1    56.2
2019 11 10  0024   58797    1440    0     2.1     1.5    -1.4     2.9   -28.3    35.2
2019 11 10  0025   58797    1500    0     1.8     1.6    -1.3     2.8   -27.7    41.7
2019 11 10  0026   58797    1560    0     1.7     2.0    -1.3     2.9   -26.7    51.1
2019 11 10  0027   58797    1620    0     1.9     1.6    -1.4     2.9   -29.0    40.0
2019 11 10  0028   58797    1680    0     2.0     1.8    -1.1     2.9   -22.3    41.8
2019 11 10  0029   58797    1740    0     2.3     1.5    -0.9     2.9   -17.8    32.1
2019 11 10  0030   58797    1800    0     2.5     1.1    -1.1     2.9   -23.1    23.4
2019 11 10  0031   58797    1860    0     2.6     0.4    -1.0     2.8   -20.6     8.5
2019 11 10  0032   58797    1920    0     2.8    -0.1    -0.8     2.9   -16.6   357.5
2019 11 10  0033   58797    1980    0     2.8     0.4    -0.8     2.9   -16.6     8.8
2019 11 10  0034   58797    2040    0     2.9     0.6    -0.6     3.0   -12.1    12.5
2019 11 10  0035   58797    2100    0     3.0     0.5     0.1     3.0     1.8     9.5
2019 11 10  0036   58797    2160    0     2.6     0.8     0.9     2.9    18.0    16.0
2019 11 10  0037   58797    2220    0     2.3     0.9     1.1     2.7    23.5    21.8
2019 11 10  0038   58797    2280    0     1.9     1.8     0.1     2.6     2.8    43.5
2019 11 10  0039   58797    2340    0     1.7     2.0    -0.1     2.6    -3.0    49.8
2019 11 10  0040   58797    2400    0     0.4     2.7    -1.3     3.1   -25.9    80.7
2019 11 10  0041   58797    2460    0     0.9     2.6    -1.1     3.0   -22.0    70.7
2019 11 10  0042   58797    2520    0     0.8     2.6    -1.3     3.0   -25.8    73.4
2019 11 10  0043   58797    2580    0     1.0     2.5    -1.4     3.0   -27.6    68.9
2019 11 10  0044   58797    2640    0     1.0     2.5    -1.4     3.1   -27.6    67.7
2019 11 10  0045   58797    2700    0     1.0     2.6    -0.9     3.0   -17.9    68.2
2019 11 10  0046   58797    2760    0    -0.2     2.7    -1.7     3.2   -31.4    94.3
2019 11 10  0047   58797    2820    0    -0.1     2.7    -1.8     3.3   -34.1    92.6
2019 11 10  0048   58797    2880    0     0.7     2.6    -1.4     3.0   -27.9    74.5
2019 11 10  0049   58797    2940    0     0.8     2.6    -1.5     3.1   -29.6    73.6
2019 11 10  0050   58797    3000    0     0.3     2.6    -1.9     3.2   -36.2    84.4
2019 11 10  0051   58797    3060    0     0.3     2.5    -1.8     3.1   -35.5    82.7
2019 11 10  0052   58797    3120    0    -0.9     2.4    -2.1     3.3   -38.6   110.2
2019 11 10  0053   58797    3180    0    -0.5     2.5    -2.1     3.3   -39.2   100.4
2019 11 10  0054   58797    3240    0    -0.6     2.6    -2.0     3.3   -37.2   103.3
2019 11 10  0055   58797    3300    0    -0.7     2.6    -1.9     3.3   -35.0   104.4
2019 11 10  0056   58797    3360    0    -0.3     2.7    -1.8     3.3   -32.9    97.0
2019 11 10  0057   58797    3420    0    -0.1     2.9    -1.5     3.3   -28.2    92.9
2019 11 10  0058   58797    3480    0    -0.2     2.8    -1.5     3.2   -28.4    93.3
2019 11 10  0059   58797    3540    0    -0.3     2.8    -1.6     3.2   -30.1    96.3
2019 11 10  0100   58797    3600    0     0.2     2.9    -1.2     3.2   -22.7    86.6
2019 11 10  0101   58797    3660    0     0.0     3.0    -1.3     3.2   -23.6    89.9
2019 11 10  0102   58797    3720    0    -1.9     2.2    -1.8     3.4   -31.3   131.1
2019 11 10  0103   58797    3780    0    -1.3     2.4    -1.8     3.3   -33.8   119.0
2019 11 10  0104   58797    3840    0    -1.7     2.3    -1.9     3.4   -33.2   126.9
2019 11 10  0105   58797    3900    0    -1.7     2.4    -1.7     3.4   -30.7   125.9
2019 11 10  0106   58797    3960    0    -1.9     2.3    -1.7     3.4   -29.3   128.6
2019 11 10  0107   58797    4020    0    -2.2     1.8    -1.9     3.5   -33.8   140.2
2019 11 10  0108   58797    4080    0    -2.4     0.8    -2.5     3.5   -44.0   161.0
2019 11 10  0109   58797    4140    0    -1.9     1.4    -2.5     3.4   -46.6   144.3
2019 11 10  0110   58797    4200    0    -2.1     2.0    -1.7     3.4   -31.0   136.3
2019 11 10  0111   58797    4260    0    -1.7     2.3    -1.6     3.3   -29.0   126.9
2019 11 10  0112   58797    4320    0    -1.6     2.3    -1.6     3.2   -29.7   124.6
2019 11 10  0113   58797    4380    0    -1.6     2.2    -1.7     3.2   -31.5   125.4
2019 11 10  0114   58797    4440    0    -1.5     2.3    -1.6     3.2   -30.9   122.5
2019 11 10  0115   58797    4500    0    -0.9     2.4    -1.6     3.1   -31.8   110.3
2019 11 10  0116   58797    4560    0     1.1     2.5    -0.8     2.8   -17.3    65.6
2019 11 10  0117   58797    4620    0     0.9     2.4    -1.1     2.8   -23.8    69.6
2019 11 10  0118   58797    4680    0     0.6     2.3    -1.5     2.9   -31.9    75.2
2019 11 10  0119   58797    4740    0     0.8     2.5    -1.4     2.9   -27.7    73.1
2019 11 10  0120   58797    4800    0     0.7     2.6    -1.3     3.0   -26.3    75.4
2019 11 10  0121   58797    4860    0     0.7     2.7    -1.1     3.0   -21.6    74.6
2019 11 10  0122   58797    4920    0     0.7     2.5    -1.4     3.0   -28.6    74.0
2019 11 10  0123   58797    4980    0     0.7     2.5    -1.5     3.0   -29.5    74.2
2019 11 10  0124   58797    5040    0     0.7     2.5    -1.3     2.9   -27.3    74.6
2019 11 10  0125   58797    5100    0     0.7     2.5    -1.5     2.9   -30.0    75.0
2019 11 10  0126   58797    5160    0     0.8     2.4    -1.4     2.9   -29.4    71.4
2019 11 10  0127   58797    5220    0     0.9     2.3    -1.6     2.9   -33.6    69.2
2019 11 10  0128   58797    5280    0     0.7     2.5    -1.4     2.9   -29.0    74.6
2019 11 10  0129   58797    5340    0     1.1     2.5    -0.9     2.9   -18.7    66.5
2019 11 10  0130   58797    5400    0     1.0     2.5    -0.8     2.8   -15.7    68.5
2019 11 10  0131   58797    5460    0     0.9     2.5    -0.9     2.8   -19.0    70.0
2019 11 10  0132   58797    5520    0     1.1     2.3    -1.0     2.8   -22.2    64.0
2019 11 10  0133   58797    5580    0     0.6     2.7    -0.9     2.8   -17.7    78.2
2019 11 10  0134   58797    5640    0     0.3     2.8    -1.1     3.0   -21.6    82.9
2019 11 10  0135   58797    5700    0     0.6     2.6    -1.0     2.9   -19.9    76.8
2019 11 10  0136   58797    5760    0     0.9     2.5    -1.0     2.8   -20.0    71.2
2019 11 10  0137   58797    5820    0     0.9     2.5    -1.0     2.8   -20.4    70.9
2019 11 10  0138   58797    5880    0     0.9     2.5    -1.0     2.8   -19.9    71.1
2019 11 10  0139   58797    5940    0     1.0     2.3    -1.0     2.7   -21.8    67.4
2019 11 10  0140   58797    6000    0     0.9     2.3    -1.0     2.7   -22.6    69.1
2019 11 10  0141   58797    6060    0     1.2     2.2    -1.0     2.7   -21.0    61.7
2019 11 10  0142   58797    6120    0     1.3     2.3    -0.9     2.8   -19.3    61.3
2019 11 10  0143   58797    6180    0     1.1     2.4    -0.8     2.8   -16.7    65.6
2019 11 10  0144   58797    6240    0     1.1     2.4    -0.7     2.8   -15.0    65.9
2019 11 10  0145   58797    6300    0     1.0     2.3    -1.0     2.7   -20.9    65.8
2019 11 10  0146   58797    6360    0     0.9     2.4    -0.9     2.7   -20.2    70.3
2019 11 10  0147   58797    6420    0     1.0     2.5    -0.7     2.7   -14.9    67.9
2019 11 10  0148   58797    6480    0     0.8     2.6    -0.5     2.8    -9.9    72.6
2019 11 10  0149   58797    6540    0     1.0     2.4    -0.7     2.7   -15.1    66.4
2019 11 10  0150   58797    6600    0     1.1     2.3    -0.6     2.7   -13.6    64.2
2019 11 10  0151   58797    6660    0     1.2     2.3    -0.6     2.7   -13.5    63.7
2019 11 10  0152   58797    6720    0     1.2     2.3    -0.7     2.7   -15.0    62.7
2019 11 10  0153   58797    6780    0     1.3     2.1    -0.8     2.6   -18.5    59.2
2019 11 10  0154   58797    6840    0     1.2     1.9    -1.3     2.6   -30.6    57.1
2019 11 10  0155   58797    6900    0     1.1     1.9    -1.4     2.6   -31.6    59.7
2019 11 10  0156   58797    6960    0     1.0     2.0    -1.5     2.7   -34.2    63.9
2019 11 10  0157   58797    7020    0     0.7     2.3    -1.5     2.8   -31.9    72.5
2019 11 10  0158   58797    7080    0     1.0     2.5    -0.0     2.7    -1.0    68.4
2019 11 10  0159   58797    7140    0     1.1     2.6    -0.1     2.9    -1.3    66.6
2019 11 10  0200   58797    7200    0     1.4     2.4    -0.4     2.8    -7.9    60.4
2019 11 10  0201   58797    7260    0     1.4     2.4    -0.3     2.8    -6.5    60.6
2019 11 10  0202   58797    7320    0     1.6     2.3    -0.2     2.8    -5.0    54.8
2019 11 10  0203   58797    7380    0     1.4     2.4    -0.0     2.8    -0.3    59.0
2019 11 10  0204   58797    7440    0     1.6     2.3     0.2     2.8     3.4    56.0
2019 11 10  0205   58797    7500    0     1.5     2.3     0.4     2.8     7.8    55.7
2019 11 10  0206   58797    7560    0     1.7     2.0     0.7     2.7    14.6    51.0
2019 11 10  0207   58797    7620    0     1.6     2.1     0.1     2.7     1.7    52.8
2019 11 10  0208   58797    7680    0     1.6     2.1     0.1     2.7     1.5    53.2
2019 11 10  0209   58797    7740    0     1.5     2.2     0.1     2.6     1.4    54.9
2019 11 10  0210   58797    7800    0     1.4     2.2    -0.0     2.6    -1.1    56.9
2019 11 10  0211   58797    7860    0     1.5     2.1     0.1     2.6     1.4    55.7
2019 11 10  0212   58797    7920    0     1.4     2.0     0.1     2.5     3.2    56.5
2019 11 10  0213   58797    7980    0     1.5     1.9     0.2     2.4     5.8    51.8
2019 11 10  0214   58797    8040    0     1.3     1.8     0.9     2.4    21.4    53.7
2019 11 10  0215   58797    8100    0     1.6     1.7     0.7     2.4    17.5    46.6
2019 11 10  0216   58797    8160    0     1.6     1.6     0.6     2.4    13.9    44.9
2019 11 10  0217   58797    8220    0     2.0     1.4     0.4     2.4     8.5    35.9
2019 11 10  0218   58797    8280    0     2.0     1.3     0.4     2.4     9.7    33.1
2019 11 10  0219   58797    8340    0     1.8     1.3     0.4     2.3     9.4    36.3
2019 11 10  0220   58797    8400    0     1.9     1.4     0.5     2.4    12.0    37.3
2019 11 10  0221   58797    8460    0     1.9     1.4     0.7     2.4    17.2    36.0
2019 11 10  0222   58797    8520    0     1.7     0.8     1.0     2.2    29.2    25.1
2019 11 10  0223   58797    8580    0     2.0     0.9     1.0     2.4    25.7    23.6
2019 11 10  0224   58797    8640    0     2.0     1.1     0.8     2.4    19.3    28.7
2019 11 10  0225   58797    8700    0     1.9     1.3     0.7     2.4    17.7    33.3
2019 11 10  0226   58797    8760    0     1.8     1.4     0.7     2.4    17.3    36.9
2019 11 10  0227   58797    8820    0     1.6     1.5     0.7     2.3    16.6    43.1
2019 11 10  0228   58797    8880    0     1.7     1.5     0.5     2.3    13.5    41.0
2019 11 10  0229   58797    8940    0     1.8     1.4     0.4     2.4    11.0    37.5
2019 11 10  0230   58797    9000    0     1.9     1.3     0.4     2.3    10.1    33.8
2019 11 10  0231   58797    9060    0     1.9     0.8     0.9     2.2    23.1    21.8
2019 11 10  0232   58797    9120    0     1.8     1.4     0.5     2.3    13.2    36.3
2019 11 10  0233   58797    9180    0     0.8     2.0     0.0     2.2     0.4    67.5
2019 11 10  0234   58797    9240    0    -0.0     2.4    -0.6     2.5   -14.5    90.2
2019 11 10  0235   58797    9300    0     0.6     2.2     0.3     2.3     7.3    75.1
2019 11 10  0236   58797    9360    0     0.3     2.4    -0.6     2.4   -13.1    82.2
2019 11 10  0237   58797    9420    0     1.4     1.4    -1.0     2.2   -27.5    45.1
2019 11 10  0238   58797    9480    0    -0.6     2.0    -1.0     2.3   -26.3   106.3
2019 11 10  0239   58797    9540    0    -1.3     1.5    -1.9     2.8   -43.5   131.4
2019 11 10  0240   58797    9600    0    -1.0     1.2    -2.3     2.8   -56.0   131.3
2019 11 10  0241   58797    9660    0    -1.7     1.2    -2.1     2.9   -45.9   144.9
2019 11 10  0242   58797    9720    0    -1.7     1.3    -2.0     2.9   -43.5   143.9
2019 11 10  0243   58797    9780    0    -2.0     0.8    -2.0     3.0   -42.8   157.9
2019 11 10  0244   58797    9840    0    -1.9     0.6    -2.0     2.8   -44.6   161.7
2019 11 10  0245   58797    9900    0    -1.4     2.0    -1.3     2.8   -27.5   124.3
2019 11 10  0246   58797    9960    0    -1.8     1.6    -1.6     2.9   -33.2   139.0
2019 11 10  0247   58797   10020    0    -1.4     1.4    -2.0     2.8   -46.0   134.5
2019 11 10  0248   58797   10080    0    -1.7     2.0    -1.5     3.0   -29.4   130.9
2019 11 10  0249   58797   10140    0    -1.8     1.5    -1.8     3.0   -36.5   139.6
2019 11 10  0250   58797   10200    0    -0.9     2.1     0.3     2.3     6.8   113.4
2019 11 10  0251   58797   10260    0    -0.4     2.6    -0.2     2.6    -4.3    99.1
2019 11 10  0252   58797   10320    0    -0.0     2.7    -0.0     2.7    -0.8    91.0
2019 11 10  0253   58797   10380    0     0.2     2.6     0.5     2.6    10.0    85.1
2019 11 10  0254   58797   10440    0    -0.1     2.8    -0.0     2.8    -0.9    92.7
2019 11 10  0255   58797   10500    0     0.1     2.8    -0.1     2.8    -1.8    87.8
2019 11 10  0256   58797   10560    0     0.1     2.8    -0.2     2.8    -4.4    87.5
2019 11 10  0257   58797   10620    0    -0.4     2.7     0.0     2.8     0.3    97.7
2019 11 10  0258   58797   10680    0    -0.6     2.9    -0.1     2.9    -1.3   102.2
2019 11 10  0259   58797   10740    0    -1.7     2.2    -0.8     2.9   -16.5   127.2
2019 11 10  0300   58797   10800    0    -1.8     1.7    -1.1     2.7   -24.1   136.3
2019 11 10  0301   58797   10860    0    -1.8     2.5    -0.7     3.1   -12.7   126.5
2019 11 10  0302   58797   10920    0    -1.7     2.3    -1.3     3.1   -24.0   126.4
2019 11 10  0303   58797   10980    0    -2.7     0.8    -1.9     3.4   -34.0   164.1
2019 11 10  0304   58797   11040    0    -2.8     0.5    -2.0     3.5   -35.4   170.3
2019 11 10  0305   58797   11100    0    -2.8     0.4    -2.1     3.5   -36.2   172.3
2019 11 10  0306   58797   11160    0    -2.8     0.2    -2.1     3.5   -37.6   176.0
2019 11 10  0307   58797   11220    0    -2.8     0.2    -2.2     3.5   -38.0   175.3
2019 11 10  0308   58797   11280    0    -2.8     0.2    -2.2     3.5   -37.8   176.8
2019 11 10  0309   58797   11340    0    -2.6     0.5    -2.4     3.5   -42.3   169.6
2019 11 10  0310   58797   11400    0    -2.6     0.3    -2.3     3.5   -41.5   173.4
2019 11 10  0311   58797   11460    0    -2.4     0.2    -2.6     3.5   -47.0   175.5
2019 11 10  0312   58797   11520    0    -2.2     0.1    -2.8     3.6   -51.5   178.0
2019 11 10  0313   58797   11580    0    -2.3    -0.0    -2.7     3.6   -50.6   180.4
2019 11 10  0314   58797   11640    0    -2.5     0.0    -2.5     3.6   -44.8   179.7
2019 11 10  0315   58797   11700    0    -2.6     0.1    -2.4     3.6   -42.8   177.9
2019 11 10  0316   58797   11760    0    -2.4    -0.4    -2.6     3.6   -47.4   188.5
2019 11 10  0317   58797   11820    0    -2.4    -0.4    -2.7     3.6   -47.6   190.2
2019 11 10  0318   58797   11880    0    -2.7    -0.0    -2.4     3.6   -42.1   180.1
2019 11 10  0319   58797   11940    0    -2.5    -0.2    -2.6     3.6   -46.4   183.6
2019 11 10  0320   58797   12000    0    -2.5    -0.1    -2.6     3.6   -45.4   181.4
2019 11 10  0321   58797   12060    0    -2.5    -0.1    -2.7     3.7   -46.3   183.3
2019 11 10  0322   58797   12120    0    -2.5    -0.2    -2.6     3.6   -46.3   185.1
2019 11 10  0323   58797   12180    0    -2.5    -0.3    -2.6     3.6   -46.3   186.7
2019 11 10  0324   58797   12240    0    -2.4    -0.4    -2.6     3.6   -46.6   188.5
2019 11 10  0325   58797   12300    0    -2.2    -0.3    -2.8     3.6   -51.5   187.6
2019 11 10  0326   58797   12360    0    -2.1    -0.2    -2.9     3.6   -53.9   186.4
2019 11 10  0327   58797   12420    0    -2.3    -0.1    -2.8     3.6   -50.9   182.4
2019 11 10  0328   58797   12480    0    -2.3     0.1    -2.8     3.6   -50.1   177.2
2019 11 10  0329   58797   12540    0    -2.1    -0.5    -2.8     3.5   -53.1   193.7
2019 11 10  0330   58797   12600    0    -2.2    -0.4    -2.8     3.6   -51.8   190.8
2019 11 10  0331   58797   12660    0    -2.2    -0.5    -2.8     3.6   -51.3   191.9
2019 11 10  0332   58797   12720    0    -2.3    -0.3    -2.8     3.6   -50.5   187.0
2019 11 10  0333   58797   12780    0    -2.2     0.3    -2.8     3.6   -51.9   173.4
2019 11 10  0334   58797   12840    0    -2.1     0.2    -2.8     3.5   -52.3   174.9
2019 11 10  0335   58797   12900    0    -2.1     0.6    -2.8     3.5   -52.1   164.4
2019 11 10  0336   58797   12960    0    -2.2    -0.2    -2.9     3.6   -52.8   184.4
2019 11 10  0337   58797   13020    0    -2.0    -1.2    -2.7     3.6   -48.4   210.5
2019 11 10  0338   58797   13080    0    -2.2    -1.1    -2.6     3.6   -47.0   206.0
2019 11 10  0339   58797   13140    0    -2.0    -0.7    -2.8     3.5   -53.4   198.1
2019 11 10  0340   58797   13200    0    -2.4    -0.7    -2.6     3.6   -45.2   195.9
2019 11 10  0341   58797   13260    0    -2.3    -0.6    -2.5     3.4   -46.7   193.7
2019 11 10  0342   58797   13320    0    -2.4    -0.8    -2.5     3.5   -44.6   199.7
2019 11 10  0343   58797   13380    0    -2.4    -0.6    -2.6     3.6   -46.0   193.6
2019 11 10  0344   58797   13440    0    -2.4    -0.5    -2.5     3.5   -45.0   192.3
2019 11 10  0345   58797   13500    0    -2.5    -0.2    -2.6     3.6   -46.4   185.0
2019 11 10  0346   58797   13560    0    -2.5     0.0    -2.6     3.6   -45.8   179.9
2019 11 10  0347   58797   13620    0    -2.5    -0.7    -2.4     3.5   -43.4   195.2
2019 11 10  0348   58797   13680    0    -2.5    -1.1    -2.2     3.5   -39.5   204.5
2019 11 10  0349   58797   13740    0    -2.3    -0.8    -2.4     3.4   -44.8   199.9
2019 11 10  0350   58797   13800    0    -2.6    -0.2    -2.2     3.4   -40.3   183.4
2019 11 10  0351   58797   13860    0    -2.4     0.4    -2.2     3.3   -41.6   171.8
2019 11 10  0352   58797   13920    0    -2.2     0.5    -2.1     3.1   -43.2   165.8
2019 11 10  0353   58797   13980    0    -1.5     0.6    -2.3     2.8   -54.5   156.9
2019 11 10  0354   58797   14040    0    -1.0     1.2    -2.2     2.7   -55.6   130.9
2019 11 10  0355   58797   14100    0    -1.4     1.5    -2.0     2.8   -44.4   133.9
2019 11 10  0356   58797   14160    0    -1.5     1.5    -1.9     2.9   -42.5   136.1
2019 11 10  0357   58797   14220    0    -1.5     1.4    -1.9     2.8   -43.3   135.8
2019 11 10  0358   58797   14280    0    -0.9     1.4    -1.4     2.2   -40.0   123.8
2019 11 10  0359   58797   14340    0     0.9     1.7     0.3     1.9     8.8    62.9
2019 11 10  0400   58797   14400    0     0.5     2.0    -0.2     2.1    -4.4    75.9
2019 11 10  0401   58797   14460    0     0.3     2.2    -0.6     2.3   -15.6    81.9
2019 11 10  0402   58797   14520    0    -0.0     2.1    -0.9     2.3   -23.3    91.2
2019 11 10  0403   58797   14580    0    -1.0     1.5    -1.5     2.3   -38.7   125.0
2019 11 10  0404   58797   14640    0    -0.9     1.2    -1.7     2.3   -49.1   126.0
2019 11 10  0405   58797   14700    0    -0.8     1.1    -1.7     2.2   -50.3   127.3
2019 11 10  0406   58797   14760    0    -0.8     1.2    -1.7     2.2   -49.8   123.9
2019 11 10  0407   58797   14820    0    -1.2     1.1    -1.6     2.3   -44.2   138.0
2019 11 10  0408   58797   14880    0    -1.1     1.2    -1.7     2.3   -45.9   133.5
2019 11 10  0409   58797   14940    0    -1.1     1.1    -1.8     2.4   -48.4   134.1
2019 11 10  0410   58797   15000    0    -1.3     1.1    -1.8     2.5   -48.1   140.1
2019 11 10  0411   58797   15060    0    -1.2     1.1    -1.8     2.4   -48.2   136.3
2019 11 10  0412   58797   15120    0    -1.0     1.2    -1.8     2.4   -51.0   129.6
2019 11 10  0413   58797   15180    0    -0.7     1.2    -1.9     2.3   -52.7   122.0
2019 11 10  0414   58797   15240    0    -0.9     1.1    -1.8     2.3   -51.1   130.3
2019 11 10  0415   58797   15300    0    -0.3     1.2    -1.8     2.2   -55.9   102.6
2019 11 10  0416   58797   15360    0     0.3     1.1    -1.7     2.0   -56.8    72.3
2019 11 10  0417   58797   15420    0    -0.2     1.3    -1.7     2.1   -51.8    96.6
2019 11 10  0418   58797   15480    0    -0.9     1.3    -1.7     2.3   -47.1   123.8
2019 11 10  0419   58797   15540    0    -1.0     1.3    -1.7     2.4   -44.6   126.8
2019 11 10  0420   58797   15600    0    -1.0     1.4    -1.6     2.3   -42.8   126.5
2019 11 10  0421   58797   15660    0    -0.9     1.4    -1.7     2.3   -45.9   122.5
2019 11 10  0422   58797   15720    0    -0.8     1.3    -1.7     2.3   -47.1   121.0
2019 11 10  0423   58797   15780    0    -0.6     1.4    -1.5     2.1   -45.4   111.8
2019 11 10  0424   58797   15840    0     0.3     1.6    -1.3     2.1   -39.0    78.9
2019 11 10  0425   58797   15900    0    -0.9     1.5    -1.3     2.2   -36.5   121.2
2019 11 10  0426   58797   15960    0    -1.1     1.6    -1.4     2.4   -35.3   125.3
2019 11 10  0427   58797   16020    0    -1.6     1.5    -1.3     2.5   -31.8   137.3
2019 11 10  0428   58797   16080    0    -1.3     1.6    -1.3     2.4   -32.0   130.8
2019 11 10  0429   58797   16140    0    -1.6     1.4    -1.2     2.4   -29.1   140.3
2019 11 10  0430   58797   16200    0    -1.6     1.0    -1.5     2.4   -37.4   148.0
2019 11 10  0431   58797   16260    0    -1.8     0.9    -1.5     2.5   -36.5   154.6
2019 11 10  0432   58797   16320    0    -1.8     0.9    -1.4     2.5   -33.7   152.5
2019 11 10  0433   58797   16380    0    -1.4     1.3    -1.4     2.4   -36.4   138.1
2019 11 10  0434   58797   16440    0    -1.2     1.3    -1.6     2.4   -41.8   132.4
2019 11 10  0435   58797   16500    0    -0.8     1.4    -1.7     2.3   -47.5   119.6
2019 11 10  0436   58797   16560    0    -0.8     1.4    -1.7     2.3   -46.5   118.5
2019 11 10  0437   58797   16620    0    -0.1     1.7    -1.4     2.2   -40.2    94.1
2019 11 10  0438   58797   16680    0    -0.5     1.5    -1.7     2.3   -46.4   108.6
2019 11 10  0439   58797   16740    0    -1.1     1.2    -1.6     2.3   -44.6   133.9
2019 11 10  0440   58797   16800    0    -1.1     1.3    -1.6     2.4   -41.8   130.8
2019 11 10  0441   58797   16860    0    -0.7     1.4    -1.7     2.3   -46.3   117.0
2019 11 10  0442   58797   16920    0    -1.7     0.7    -1.5     2.4   -38.6   156.0
2019 11 10  0443   58797   16980    0    -1.8     0.7    -1.5     2.5   -38.4   159.6
2019 11 10  0444   58797   17040    0    -1.7     0.9    -1.4     2.4   -35.5   150.8
2019 11 10  0445   58797   17100    0    -2.0     1.0    -0.7     2.3   -16.5   152.4
2019 11 10  0446   58797   17160    0    -1.7     0.8    -1.3     2.2   -34.5   154.2
2019 11 10  0447   58797   17220    0    -1.6     0.7    -1.3     2.2   -36.7   156.3
2019 11 10  0448   58797   17280    0    -1.5     0.6    -1.3     2.1   -39.6   156.0
2019 11 10  0449   58797   17340    0    -1.4     0.2    -1.3     1.9   -40.7   170.4
2019 11 10  0450   58797   17400    0    -1.4     0.2    -1.2     1.8   -39.6   170.1
2019 11 10  0451   58797   17460    0    -1.5     0.4    -1.2     1.9   -39.0   165.7
2019 11 10  0452   58797   17520    0    -1.4     0.5    -1.1     1.9   -36.3   159.1
2019 11 10  0453   58797   17580    0    -1.6     0.8    -1.0     2.1   -30.6   151.8
2019 11 10  0454   58797   17640    0    -1.6     0.8    -1.0     2.0   -27.8   153.5
2019 11 10  0455   58797   17700    0    -1.7     0.7    -0.9     2.0   -26.6   156.7
2019 11 10  0456   58797   17760    0    -1.6     0.7    -0.8     1.9   -25.4   157.1
2019 11 10  0457   58797   17820    0    -1.6     0.6    -0.7     1.9   -21.9   158.2
2019 11 10  0458   58797   17880    0    -1.6     0.8    -0.7     1.9   -20.9   153.7
2019 11 10  0459   58797   17940    0    -1.6     0.9    -0.6     1.9   -19.5   150.8
2019 11 10  0500   58797   18000    0    -1.6     0.9    -0.6     1.9   -18.5   149.8
2019 11 10  0501   58797   18060    0    -1.6     1.0    -0.7     2.0   -21.1   148.6
2019 11 10  0502   58797   18120    0    -1.5     0.9    -0.7     1.9   -21.1   148.7
2019 11 10  0503   58797   18180    0    -1.7     1.0    -0.5     2.0   -15.5   149.6
2019 11 10  0504   58797   18240    0    -1.7     0.9    -0.6     2.0   -16.1   152.3
2019 11 10  0505   58797   18300    0    -1.7     0.8    -0.6     2.0   -18.4   156.4
2019 11 10  0506   58797   18360    0    -1.9     0.6    -0.7     2.1   -21.1   162.9
2019 11 10  0507   58797   18420    0    -1.9     0.5    -0.9     2.2   -23.9   165.3
2019 11 10  0508   58797   18480    0    -1.9     0.5    -1.0     2.2   -26.8   165.1
2019 11 10  0509   58797   18540    0    -1.9     0.6    -1.0     2.2   -27.8   162.9
2019 11 10  0510   58797   18600    0    -1.9     0.7    -1.2     2.4   -29.4   159.0
2019 11 10  0511   58797   18660    0    -2.0     0.6    -1.3     2.4   -31.9   164.3
2019 11 10  0512   58797   18720    0    -2.0     0.4    -1.3     2.4   -31.5   170.2
2019 11 10  0513   58797   18780    0    -2.0     0.1    -1.1     2.3   -28.2   176.8
2019 11 10  0514   58797   18840    0    -2.0     0.0    -1.1     2.3   -28.8   178.9
2019 11 10  0515   58797   18900    0    -1.9     0.2    -1.2     2.3   -32.3   175.4
2019 11 10  0516   58797   18960    0    -2.0     0.2    -1.1     2.3   -28.8   173.8
2019 11 10  0517   58797   19020    0    -2.0     0.3    -1.0     2.3   -25.0   170.5
2019 11 10  0518   58797   19080    0    -2.1     0.3    -1.1     2.4   -28.1   171.4
2019 11 10  0519   58797   19140    0    -2.1     0.5    -1.3     2.6   -31.5   167.5
2019 11 10  0520   58797   19200    0    -2.1     0.2    -1.6     2.6   -36.7   175.3
2019 11 10  0521   58797   19260    0    -2.0     0.1    -1.6     2.5   -38.3   177.5
2019 11 10  0522   58797   19320    0    -2.0     0.2    -1.6     2.6   -38.8   174.7
2019 11 10  0523   58797   19380    0    -2.0     0.3    -1.7     2.7   -40.3   172.5
2019 11 10  0524   58797   19440    0    -2.1     0.2    -1.7     2.7   -39.8   173.9
2019 11 10  0525   58797   19500    0    -2.1     0.3    -1.6     2.7   -36.9   171.4
2019 11 10  0526   58797   19560    0    -2.2     0.3    -1.6     2.8   -35.3   171.5
2019 11 10  0527   58797   19620    0    -2.2     0.4    -1.6     2.7   -34.9   170.2
2019 11 10  0528   58797   19680    0    -1.8     0.2    -1.6     2.4   -41.7   174.1
2019 11 10  0529   58797   19740    0    -1.5     0.1    -1.7     2.3   -49.4   176.6
2019 11 10  0530   58797   19800    0    -1.5     0.1    -1.6     2.2   -47.2   175.3
2019 11 10  0531   58797   19860    0    -1.5     0.2    -1.6     2.3   -46.7   171.2
2019 11 10  0532   58797   19920    0    -2.1     0.0    -1.6     2.7   -37.1   179.0
2019 11 10  0533   58797   19980    0    -1.8     0.1    -1.3     2.2   -36.9   178.2
2019 11 10  0534   58797   20040    0    -1.7     0.0    -1.3     2.1   -36.6   178.8
2019 11 10  0535   58797   20100    0    -1.7    -0.0    -1.2     2.0   -35.1   180.5
2019 11 10  0536   58797   20160    0    -1.7    -0.0    -1.2     2.0   -35.1   180.6
2019 11 10  0537   58797   20220    0    -1.6     0.2    -1.3     2.0   -39.1   171.1
2019 11 10  0538   58797   20280    0    -1.5     0.3    -1.2     2.0   -39.1   169.9
2019 11 10  0539   58797   20340    0    -1.5     0.2    -1.2     2.0   -38.2   173.2
2019 11 10  0540   58797   20400    0    -1.4     0.4    -1.4     2.0   -42.1   163.2
2019 11 10  0541   58797   20460    0    -1.6     0.2    -1.2     2.0   -37.2   173.0
2019 11 10  0542   58797   20520    0    -1.4     0.3    -1.1     1.8   -37.7   168.4
2019 11 10  0543   58797   20580    0    -1.4     0.3    -1.0     1.8   -34.5   170.2
2019 11 10  0544   58797   20640    0    -1.4     0.2    -1.0     1.8   -35.0   170.0
2019 11 10  0545   58797   20700    0    -1.5     0.3    -1.0     1.8   -34.8   168.6
2019 11 10  0546   58797   20760    0    -1.5     0.3    -1.0     1.9   -33.6   169.0
2019 11 10  0547   58797   20820    0    -1.5     0.3    -1.0     1.8   -34.4   168.4
2019 11 10  0548   58797   20880    0    -1.5     0.4    -1.1     1.9   -35.6   164.9
2019 11 10  0549   58797   20940    0    -1.5     0.2    -1.3     2.1   -41.0   172.5
2019 11 10  0550   58797   21000    0    -1.5    -0.0    -1.4     2.1   -43.1   180.4
2019 11 10  0551   58797   21060    0    -1.6    -0.1    -1.6     2.3   -43.5   182.3
2019 11 10  0552   58797   21120    0    -1.7     0.1    -1.6     2.4   -43.8   177.0
2019 11 10  0553   58797   21180    0    -1.6     0.0    -1.6     2.3   -45.6   179.5
2019 11 10  0554   58797   21240    0    -1.7    -0.0    -1.6     2.3   -43.7   180.2
2019 11 10  0555   58797   21300    0    -1.7     0.0    -1.6     2.3   -44.1   178.8
2019 11 10  0556   58797   21360    0    -1.7    -0.0    -1.7     2.4   -45.2   180.4
2019 11 10  0557   58797   21420    0    -1.6     0.0    -1.7     2.3   -46.6   179.3
2019 11 10  0558   58797   21480    0    -1.6     0.0    -1.7     2.3   -47.8   178.8
2019 11 10  0559   58797   21540    0    -1.5     0.0    -1.7     2.3   -49.4   178.2
2019 11 10  0600   58797   21600    0    -1.6     0.0    -1.7     2.3   -46.8   179.6
2019 11 10  0601   58797   21660    0    -1.7     0.0    -1.6     2.4   -43.3   179.9
2019 11 10  0602   58797   21720    0    -1.6     0.2    -1.7     2.3   -46.8   173.8
2019 11 10  0603   58797   21780    0    -1.8    -0.1    -1.7     2.5   -42.5   184.2
2019 11 10  0604   58797   21840    0    -1.8     0.0    -1.7     2.4   -43.5   178.8
2019 11 10  0605   58797   21900    0    -1.6    -0.0    -1.7     2.3   -45.7   180.1
2019 11 10  0606   58797   21960    0    -1.6     0.1    -1.5     2.2   -43.2   176.9
2019 11 10  0607   58797   22020    0    -1.6     0.3    -1.2     2.0   -35.7   168.5
2019 11 10  0608   58797   22080    0    -1.5     0.1    -1.5     2.1   -44.3   176.6
2019 11 10  0609   58797   22140    0    -1.5     0.0    -1.4     2.1   -43.4   178.5
2019 11 10  0610   58797   22200    0    -1.4     0.3    -1.3     1.9   -43.4   168.3
2019 11 10  0611   58797   22260    0    -1.5     0.3    -1.5     2.1   -43.5   168.2
2019 11 10  0612   58797   22320    0    -1.5     0.2    -1.5     2.2   -44.3   171.8
2019 11 10  0613   58797   22380    0    -1.4     0.1    -1.6     2.2   -47.8   177.0
2019 11 10  0614   58797   22440    0    -1.4    -0.1    -1.7     2.2   -49.4   182.0
2019 11 10  0615   58797   22500    0    -1.4    -0.2    -1.7     2.2   -49.7   188.8
2019 11 10  0616   58797   22560    0    -1.4    -0.2    -1.5     2.1   -48.4   186.7
2019 11 10  0617   58797   22620    0    -1.4     0.3    -1.3     1.9   -41.2   167.6
2019 11 10  0618   58797   22680    0    -1.4    -0.2    -1.5     2.1   -45.7   188.4
2019 11 10  0619   58797   22740    0    -1.4    -0.2    -1.6     2.1   -48.0   188.4
2019 11 10  0620   58797   22800    0    -1.5    -0.1    -1.6     2.2   -47.9   185.2
2019 11 10  0621   58797   22860    0    -1.3     0.0    -1.5     2.0   -49.3   178.2
2019 11 10  0622   58797   22920    0    -1.3     0.2    -1.5     2.0   -47.9   171.0
2019 11 10  0623   58797   22980    0    -1.3     0.1    -1.5     2.0   -50.0   174.2
2019 11 10  0624   58797   23040    0    -1.3     0.2    -1.6     2.0   -50.3   170.6
2019 11 10  0625   58797   23100    0    -1.3     0.2    -1.5     2.0   -49.0   171.1
2019 11 10  0626   58797   23160    0    -1.4    -0.0    -1.4     2.0   -45.6   181.8
2019 11 10  0627   58797   23220    0    -1.4    -0.1    -1.3     1.9   -42.6   183.4
2019 11 10  0628   58797   23280    0    -1.5    -0.1    -1.5     2.1   -45.7   184.0
2019 11 10  0629   58797   23340    0    -1.3    -0.2    -1.5     2.0   -48.9   190.2
2019 11 10  0630   58797   23400    0    -1.3    -0.3    -1.7     2.2   -53.2   192.0
2019 11 10  0631   58797   23460    0    -1.3    -0.4    -1.8     2.3   -53.9   199.5
2019 11 10  0632   58797   23520    0    -1.3    -0.7    -1.7     2.3   -49.1   209.1
2019 11 10  0633   58797   23580    0    -1.3    -0.6    -1.8     2.3   -51.8   204.5
2019 11 10  0634   58797   23640    0    -1.1    -0.0    -1.6     2.0   -55.5   181.6
2019 11 10  0635   58797   23700    0    -1.2    -0.7    -1.8     2.3   -53.2   208.6
2019 11 10  0636   58797   23760    0    -1.2    -0.7    -1.9     2.3   -53.8   211.7
2019 11 10  0637   58797   23820    0    -1.0     0.3    -1.3     1.7   -51.4   162.5
2019 11 10  0638   58797   23880    0    -0.9     1.1    -0.8     1.6   -29.1   131.6
2019 11 10  0639   58797   23940    0    -0.8     0.5    -1.1     1.4   -48.4   151.0
2019 11 10  0640   58797   24000    0    -0.6    -0.6    -1.4     1.7   -58.9   225.1
2019 11 10  0641   58797   24060    0    -1.1     0.2    -1.5     1.9   -52.5   171.8
2019 11 10  0642   58797   24120    0    -1.1     0.2    -1.3     1.7   -49.7   169.0
2019 11 10  0643   58797   24180    0    -1.0     0.1    -1.4     1.8   -55.1   172.7
2019 11 10  0644   58797   24240    0    -0.9    -0.0    -1.7     1.9   -61.8   181.2
2019 11 10  0645   58797   24300    0    -0.7    -0.0    -1.4     1.6   -62.9   181.2
2019 11 10  0646   58797   24360    0    -0.8    -0.3    -1.4     1.6   -59.4   197.6
2019 11 10  0647   58797   24420    0    -0.8     0.4    -1.2     1.5   -53.8   152.6
2019 11 10  0648   58797   24480    0    -0.8    -0.3    -1.6     1.8   -61.7   199.0
2019 11 10  0649   58797   24540    0    -0.6    -0.7    -2.0     2.2   -64.0   227.7
2019 11 10  0650   58797   24600    0    -0.7    -0.7    -2.0     2.2   -63.8   226.2
2019 11 10  0651   58797   24660    0    -0.6    -0.7    -1.8     2.0   -63.6   226.0
2019 11 10  0652   58797   24720    0    -0.6    -0.7    -1.9     2.1   -64.6   227.8
2019 11 10  0653   58797   24780    0    -0.5    -0.6    -1.5     1.7   -63.6   231.3
2019 11 10  0654   58797   24840    0    -0.4    -0.6    -1.3     1.5   -61.2   237.5
2019 11 10  0655   58797   24900    0    -0.3    -0.7    -1.3     1.5   -59.1   245.2
2019 11 10  0656   58797   24960    0    -0.7    -0.5    -1.5     1.7   -59.4   213.0
2019 11 10  0657   58797   25020    0    -0.6    -0.5    -1.4     1.7   -60.4   219.8
2019 11 10  0658   58797   25080    0    -0.8    -0.4    -1.7     1.9   -61.7   207.7
2019 11 10  0659   58797   25140    0    -0.8    -0.4    -1.8     2.0   -63.8   206.8
2019 11 10  0700   58797   25200    0    -0.9    -0.3    -1.7     2.0   -61.2   197.1
2019 11 10  0701   58797   25260    0    -1.2    -0.3    -1.4     1.9   -49.0   196.4
2019 11 10  0702   58797   25320    0    -1.3    -0.1    -1.7     2.1   -53.0   186.4
2019 11 10  0703   58797   25380    0    -1.2    -0.0    -1.8     2.1   -55.2   180.4
2019 11 10  0704   58797   25440    0    -1.0    -0.1    -1.6     1.9   -55.7   186.8
2019 11 10  0705   58797   25500    0    -1.1     0.1    -1.5     1.9   -54.4   175.9
2019 11 10  0706   58797   25560    0    -1.0     0.1    -1.5     1.8   -55.2   173.1
2019 11 10  0707   58797   25620    0    -1.0     0.5    -0.8     1.4   -37.8   154.0
2019 11 10  0708   58797   25680    0    -0.7     0.1    -1.3     1.4   -61.4   170.5
2019 11 10  0709   58797   25740    0    -0.8     0.6    -0.4     1.1   -23.5   145.5
2019 11 10  0710   58797   25800    0    -0.6     0.2    -0.4     0.7   -33.7   163.5
2019 11 10  0711   58797   25860    0    -0.8     0.3     0.0     0.9     0.1   160.2
2019 11 10  0712   58797   25920    0    -0.9     0.3     0.3     1.0    16.4   160.7
2019 11 10  0713   58797   25980    0    -0.9     0.3     0.4     1.0    23.0   162.5
2019 11 10  0714   58797   26040    0    -0.9     0.4     0.5     1.1    28.7   157.6
2019 11 10  0715   58797   26100    0    -1.1     0.5     0.3     1.3    14.7   157.2
2019 11 10  0716   58797   26160    0    -0.8     0.4    -0.6     1.0   -35.6   154.7
2019 11 10  0717   58797   26220    0    -0.9     0.4     0.3     1.0    15.2   155.3
2019 11 10  0718   58797   26280    0    -0.7     0.4     0.1     0.8    10.7   151.4
2019 11 10  0719   58797   26340    0    -0.6     0.0    -0.5     0.8   -42.0   179.4
2019 11 10  0720   58797   26400    0    -0.8    -0.1    -0.8     1.1   -44.8   189.0
2019 11 10  0721   58797   26460    0    -0.9    -0.2    -1.1     1.4   -50.7   192.1
2019 11 10  0722   58797   26520    0    -0.9    -0.3    -1.2     1.5   -52.7   197.9
2019 11 10  0723   58797   26580    0    -1.2    -0.1    -1.3     1.8   -47.2   187.0
2019 11 10  0724   58797   26640    0    -1.2    -0.1    -1.3     1.8   -47.9   183.7
2019 11 10  0725   58797   26700    0    -1.3    -0.1    -1.5     2.0   -47.7   186.3
2019 11 10  0726   58797   26760    0    -1.5    -0.2    -1.6     2.2   -47.4   187.8
2019 11 10  0727   58797   26820    0    -1.4    -0.1    -1.8     2.3   -51.2   185.0
2019 11 10  0728   58797   26880    0    -1.0    -0.0    -1.5     1.8   -54.8   182.1
2019 11 10  0729   58797   26940    0    -1.0    -0.0    -1.5     1.8   -57.7   180.3
2019 11 10  0730   58797   27000    0    -0.9     0.0    -1.1     1.4   -51.5   179.2
2019 11 10  0731   58797   27060    0    -1.5    -0.1    -2.0     2.5   -54.2   185.8
2019 11 10  0732   58797   27120    0    -1.5    -0.2    -2.1     2.6   -53.2   186.2
2019 11 10  0733   58797   27180    0    -1.5    -0.3    -2.1     2.6   -53.0   189.7
2019 11 10  0734   58797   27240    0    -1.5    -0.3    -2.2     2.7   -55.0   189.7
2019 11 10  0735   58797   27300    0    -1.4    -0.2    -2.3     2.7   -58.8   189.6
2019 11 10  0736   58797   27360    0    -1.3    -0.3    -2.3     2.6   -60.4   191.5
2019 11 10  0737   58797   27420    0    -1.5    -0.3    -2.2     2.7   -55.0   192.1
2019 11 10  0738   58797   27480    0    -1.6    -0.3    -2.0     2.6   -51.5   190.9
2019 11 10  0739   58797   27540    0    -1.6    -0.4    -2.1     2.7   -52.9   193.5
2019 11 10  0740   58797   27600    0    -1.3    -0.5    -2.1     2.5   -56.4   200.8
2019 11 10  0741   58797   27660    0    -1.2    -0.7    -2.1     2.6   -55.9   211.1
2019 11 10  0742   58797   27720    0    -1.4    -0.6    -2.1     2.6   -54.1   204.6
2019 11 10  0743   58797   27780    0    -1.6    -0.5    -2.0     2.6   -51.4   196.3
2019 11 10  0744   58797   27840    0    -1.6    -0.3    -1.9     2.5   -50.2   189.7
2019 11 10  0745   58797   27900    0    -1.6    -0.2    -1.8     2.4   -48.5   187.0
2019 11 10  0746   58797   27960    0    -1.7    -0.2    -1.8     2.5   -47.3   187.3
2019 11 10  0747   58797   28020    0    -1.7    -0.3    -1.8     2.5   -46.0   191.4
2019 11 10  0748   58797   28080    0    -1.6    -0.4    -1.7     2.4   -46.4   193.5
2019 11 10  0749   58797   28140    0    -1.5    -0.2    -1.8     2.3   -48.5   186.6
2019 11 10  0750   58797   28200    0    -1.6     0.0    -2.0     2.5   -51.7   179.7
2019 11 10  0751   58797   28260    0    -1.5    -0.1    -1.9     2.4   -52.2   183.2
2019 11 10  0752   58797   28320    0    -1.7     0.1    -1.8     2.4   -46.5   175.9
2019 11 10  0753   58797   28380    0    -1.7     0.4    -1.6     2.3   -42.8   166.8
2019 11 10  0754   58797   28440    0    -1.7     0.3    -1.6     2.4   -42.1   169.4
2019 11 10  0755   58797   28500    0    -1.4    -0.3    -1.9     2.4   -52.3   190.3
2019 11 10  0756   58797   28560    0    -0.2    -0.7    -0.6     1.0   -37.9   252.5
2019 11 10  0757   58797   28620    0     1.1    -1.7    -0.1     2.0    -2.0   302.2
2019 11 10  0758   58797   28680    0     1.4    -0.7     1.9     2.4    50.2   332.5
2019 11 10  0759   58797   28740    0     1.5    -0.6     2.1     2.6    52.9   336.0
2019 11 10  0800   58797   28800    0     1.5    -0.8     2.1     2.7    51.1   331.0
2019 11 10  0801   58797   28860    0     1.4    -0.9     2.1     2.7    52.3   327.4
2019 11 10  0802   58797   28920    0     1.4    -0.9     2.1     2.6    52.2   327.7
2019 11 10  0803   58797   28980    0     1.3    -0.8     2.1     2.6    53.6   329.7
2019 11 10  0804   58797   29040    0     1.4    -0.9     2.0     2.6    50.8   329.3
2019 11 10  0805   58797   29100    0     1.4    -0.8     2.1     2.7    53.1   331.5
2019 11 10  0806   58797   29160    0     1.1    -0.6     2.1     2.5    59.3   334.3
2019 11 10  0807   58797   29220    0     1.3    -0.6     2.1     2.5    56.0   333.3
2019 11 10  0808   58797   29280    0     1.4    -0.8     1.9     2.5    50.9   331.0
2019 11 10  0809   58797   29340    0     1.6    -1.2     3.6     4.1    61.6   322.4
2019 11 10  0810   58797   29400    0     2.0    -0.5     1.9     2.8    43.9   346.8
2019 11 10  0811   58797   29460    0     1.3    -0.8     2.0     2.5    51.6   328.2
2019 11 10  0812   58797   29520    0     1.2    -1.0     1.8     2.4    49.4   320.9
2019 11 10  0813   58797   29580    0     1.3    -0.7     2.0     2.4    53.6   331.2
2019 11 10  0814   58797   29640    0     1.4    -1.2     1.9     2.7    46.3   318.8
2019 11 10  0815   58797   29700    0     1.3    -1.5     1.9     2.7    43.5   309.9
2019 11 10  0816   58797   29760    0     1.3    -1.7     1.8     2.8    39.6   307.8
2019 11 10  0817   58797   29820    0     1.3    -1.9     1.4     2.7    32.0   305.0
2019 11 10  0818   58797   29880    0     1.5    -1.8     1.3     2.7    28.6   310.9
2019 11 10  0819   58797   29940    0     1.6    -1.7     1.2     2.7    26.5   313.4
2019 11 10  0820   58797   30000    0     1.3    -2.6     1.1     3.1    20.5   297.2
2019 11 10  0821   58797   30060    0     1.5    -2.4     1.3     3.1    24.8   301.4
2019 11 10  0822   58797   30120    0     1.4    -2.4     1.1     3.0    21.8   300.8
2019 11 10  0823   58797   30180    0     1.5    -2.4     1.1     3.0    20.3   302.0
2019 11 10  0824   58797   30240    0     1.6    -2.6     0.8     3.2    15.0   302.0
2019 11 10  0825   58797   30300    0     1.4    -2.9     0.5     3.2     8.9   296.3
2019 11 10  0826   58797   30360    0     1.5    -3.1     0.3     3.4     4.6   295.6
2019 11 10  0827   58797   30420    0     1.6    -3.6     0.1     4.0     1.0   294.1
2019 11 10  0828   58797   30480    0     1.7    -3.6     0.1     3.9     1.3   295.1
2019 11 10  0829   58797   30540    0     1.8    -3.5     0.2     3.9     3.2   297.6
2019 11 10  0830   58797   30600    0     1.7    -3.6     0.2     3.9     2.4   295.3
2019 11 10  0831   58797   30660    0     1.6    -3.6     0.1     4.0     1.8   293.8
2019 11 10  0832   58797   30720    0     1.7    -3.4     0.3     3.8     4.3   297.0
2019 11 10  0833   58797   30780    0     1.8    -3.4     0.1     3.8     1.5   297.6
2019 11 10  0834   58797   30840    0     1.8    -3.3     0.3     3.8     4.1   298.6
2019 11 10  0835   58797   30900    0     1.9    -3.1     0.4     3.7     6.7   301.0
2019 11 10  0836   58797   30960    0     1.7    -3.1     0.4     3.6     5.9   298.5
2019 11 10  0837   58797   31020    0     1.8    -3.4     0.3     3.9     3.9   298.3
2019 11 10  0838   58797   31080    0     1.8    -3.4     0.4     3.9     6.2   297.3
2019 11 10  0839   58797   31140    0     2.0    -3.2     0.5     3.8     7.3   302.5
2019 11 10  0840   58797   31200    0     2.1    -3.3     0.3     3.9     4.5   302.0
2019 11 10  0841   58797   31260    0     2.0    -3.4     0.2     4.0     3.4   300.2
2019 11 10  0842   58797   31320    0     2.0    -3.1     0.4     3.7     5.7   302.9
2019 11 10  0843   58797   31380    0     1.7    -2.9    -0.0     3.4    -0.1   300.4
2019 11 10  0844   58797   31440    0     0.8    -2.8    -0.7     3.0   -12.9   286.0
2019 11 10  0845   58797   31500    0    -0.6    -2.5    -2.1     3.3   -39.6   257.0
2019 11 10  0846   58797   31560    0    -1.3    -2.1    -2.6     3.6   -46.3   237.1
2019 11 10  0847   58797   31620    0    -1.7    -2.0    -2.3     3.5   -41.0   229.4
2019 11 10  0848   58797   31680    0    -2.9    -1.5    -1.8     3.8   -29.1   208.2
2019 11 10  0849   58797   31740    0    -2.8    -2.1    -1.5     3.8   -22.8   216.3
2019 11 10  0850   58797   31800    0    -2.8    -2.0    -1.3     3.7   -20.9   215.9
2019 11 10  0851   58797   31860    0    -2.1    -2.3    -1.8     3.6   -30.4   228.5
2019 11 10  0852   58797   31920    0    -1.2    -2.4    -2.6     3.7   -43.1   242.9
2019 11 10  0853   58797   31980    0    -1.5    -2.4    -2.6     3.9   -42.4   238.8
2019 11 10  0854   58797   32040    0    -1.4    -2.3    -2.5     3.6   -42.3   238.9
2019 11 10  0855   58797   32100    0    -1.0    -2.1    -2.2     3.2   -43.0   243.6
2019 11 10  0856   58797   32160    0    -1.1    -2.1    -2.2     3.2   -42.4   243.4
2019 11 10  0857   58797   32220    0    -1.3    -2.2    -2.3     3.4   -42.2   239.2
2019 11 10  0858   58797   32280    0    -1.4    -2.4    -2.0     3.4   -35.2   239.7
2019 11 10  0859   58797   32340    0    -1.7    -2.1    -2.0     3.3   -36.0   232.1
2019 11 10  0900   58797   32400    0    -1.7    -1.8    -2.1     3.3   -41.1   226.5
2019 11 10  0901   58797   32460    0    -1.5    -1.5    -2.7     3.4   -52.0   223.6
2019 11 10  0902   58797   32520    0    -2.0    -0.9    -2.8     3.6   -51.9   203.1
2019 11 10  0903   58797   32580    0    -1.8    -1.3    -2.8     3.6   -52.2   216.6
2019 11 10  0904   58797   32640    0    -1.8    -1.5    -2.9     3.7   -50.7   219.2
2019 11 10  0905   58797   32700    0    -1.3    -1.9    -2.6     3.5   -49.5   235.1
2019 11 10  0906   58797   32760    0    -1.0    -2.5    -2.4     3.6   -42.1   248.9
2019 11 10  0907   58797   32820    0    -1.0    -2.7    -2.1     3.6   -36.2   249.8
2019 11 10  0908   58797   32880    0    -0.8    -2.8    -2.0     3.5   -35.3   254.7
2019 11 10  0909   58797   32940    0    -0.2    -3.1    -1.3     3.3   -22.2   266.7
2019 11 10  0910   58797   33000    0    -0.8    -2.0    -2.8     3.5   -52.7   248.2
2019 11 10  0911   58797   33060    0    -0.3    -2.7    -2.4     3.6   -41.5   262.8
2019 11 10  0912   58797   33120    0    -0.7    -2.5    -2.6     3.7   -45.1   253.9
2019 11 10  0913   58797   33180    0    -0.7    -2.2    -2.9     3.7   -52.2   251.6
2019 11 10  0914   58797   33240    0    -1.0    -2.2    -2.8     3.7   -48.8   246.1
2019 11 10  0915   58797   33300    0    -0.9    -2.3    -2.8     3.7   -49.1   248.9
2019 11 10  0916   58797   33360    0    -1.0    -2.0    -3.0     3.7   -52.7   242.8
2019 11 10  0917   58797   33420    0    -1.0    -2.2    -3.0     3.9   -50.4   245.7
2019 11 10  0918   58797   33480    0    -1.0    -2.4    -2.9     3.9   -48.7   247.5
2019 11 10  0919   58797   33540    0    -1.0    -2.5    -2.8     3.8   -46.3   248.7
2019 11 10  0920   58797   33600    0    -0.8    -2.3    -2.8     3.7   -48.8   252.0
2019 11 10  0921   58797   33660    0    -0.6    -2.4    -2.8     3.7   -48.3   255.1
2019 11 10  0922   58797   33720    0     0.2    -3.2    -2.0     3.8   -32.3   273.4
2019 11 10  0923   58797   33780    0     1.8    -3.0     0.4     3.5     6.0   300.6
2019 11 10  0924   58797   33840    0     1.9    -3.0     1.3     3.8    20.0   302.4
2019 11 10  0925   58797   33900    0     1.9    -3.0     1.4     3.8    21.8   301.8
2019 11 10  0926   58797   33960    0     1.8    -3.0     1.4     3.8    22.4   300.6
2019 11 10  0927   58797   34020    0     1.7    -3.1     1.4     3.8    22.5   298.3
2019 11 10  0928   58797   34080    0     1.8    -3.1     1.4     3.8    21.1   299.4
2019 11 10  0929   58797   34140    0     1.9    -3.1     1.2     3.8    18.3   302.3
2019 11 10  0930   58797   34200    0     2.1    -3.1     1.1     3.9    16.8   303.4
2019 11 10  0931   58797   34260    0     2.1    -3.1     1.2     3.9    17.2   304.4
2019 11 10  0932   58797   34320    0     2.1    -3.1     1.1     3.9    16.5   304.3
2019 11 10  0933   58797   34380    0     2.1    -3.1     1.1     3.9    16.8   303.9
2019 11 10  0934   58797   34440    0     2.0    -3.2     1.0     3.9    15.2   302.5
2019 11 10  0935   58797   34500    0     1.8    -3.3    -0.0     3.7    -0.6   299.5
2019 11 10  0936   58797   34560    0     1.7    -3.2    -1.2     3.7   -18.0   297.6
2019 11 10  0937   58797   34620    0     1.2    -2.8    -2.3     3.8   -37.0   293.3
2019 11 10  0938   58797   34680    0     1.3    -2.9    -1.9     3.7   -30.5   294.2
2019 11 10  0939   58797   34740    0     1.3    -2.9    -1.5     3.6   -25.6   294.3
2019 11 10  0940   58797   34800    0     1.4    -2.9    -1.7     3.7   -27.4   294.9
2019 11 10  0941   58797   34860    0     1.5    -2.8    -1.7     3.6   -28.3   298.0
2019 11 10  0942   58797   34920    0     1.6    -2.9    -1.6     3.7   -26.0   299.2
2019 11 10  0943   58797   34980    0     1.7    -2.9    -1.7     3.7   -26.6   300.6
2019 11 10  0944   58797   35040    0     1.6    -3.1    -1.4     3.7   -21.3   297.4
2019 11 10  0945   58797   35100    0     1.6    -3.1    -1.4     3.7   -21.7   297.5
2019 11 10  0946   58797   35160    0     1.6    -3.2    -1.0     3.7   -15.7   297.4
2019 11 10  0947   58797   35220    0     1.4    -3.3    -0.8     3.7   -12.9   292.8
2019 11 10  0948   58797   35280    0     1.8    -3.2    -0.0     3.6    -0.1   299.9
2019 11 10  0949   58797   35340    0     1.7    -3.2    -0.1     3.6    -2.1   297.4
2019 11 10  0950   58797   35400    0     1.6    -3.3    -0.1     3.7    -1.9   296.3
2019 11 10  0951   58797   35460    0     1.5    -3.3    -0.1     3.6    -1.2   294.2
2019 11 10  0952   58797   35520    0     1.4    -3.4    -0.0     3.7    -0.6   292.1
2019 11 10  0953   58797   35580    0     1.5    -3.4    -0.1     3.7    -0.8   293.4
2019 11 10  0954   58797   35640    0     1.6    -3.4     0.1     3.7     0.9   295.0
2019 11 10  0955   58797   35700    0     1.6    -3.3     0.3     3.7     4.5   296.0
2019 11 10  0956   58797   35760    0     1.7    -3.2     0.4     3.6     6.4   297.4
2019 11 10  0957   58797   35820    0     1.7    -3.1     0.5     3.6     7.3   298.0
2019 11 10  0958   58797   35880    0     1.6    -3.1     0.6     3.5     9.4   297.7
2019 11 10  0959   58797   35940    9  -999.9  -999.9  -999.9  -999.9  -999.9  -999.9
