:Data_list: 20190408_ace_swepam_1m.txt
:Created: 2019 Apr 08 0901 UT
# Prepared by the U.S. Dept. of Commerce, NOAA, Space Weather Prediction Center
# Please send comments and suggestions to SWPC.Webmaster@noaa.gov 
# 
# Units: Proton density p/cc
# Units: Bulk speed km/s
# Units: Ion tempeture degrees K
# Status(S): 0 = nominal data, 1 to 8 = bad data record, 9 = no data
# Missing data values: Density and Speed = -9999.9, Temp. = -1.00e+05
# Source: ACE Satellite - Solar Wind Electron Proton Alpha Monitor
#
#   1-minute averaged Real-time Bulk Parameters of the Solar Wind Plasma
# 
#                Modified Seconds   -------------  Solar Wind  -----------
# UT Date   Time  Julian  of the          Proton      Bulk         Ion
# YR MO DA  HHMM    Day     Day     S    Density     Speed     Temperature
#-------------------------------------------------------------------------
2019 04 08  0000   58581       0    0        7.3      382.9     3.57e+04
2019 04 08  0001   58581      60    0        7.3      382.1     3.76e+04
2019 04 08  0002   58581     120    0        7.2      381.5     4.12e+04
2019 04 08  0003   58581     180    0        6.7      383.3     4.09e+04
2019 04 08  0004   58581     240    0        6.8      380.1     4.12e+04
2019 04 08  0005   58581     300    0        6.9      382.3     3.53e+04
2019 04 08  0006   58581     360    3    -9999.9    -9999.9    -1.00e+05
2019 04 08  0007   58581     420    9    -9999.9    -9999.9    -1.00e+05
2019 04 08  0008   58581     480    0        7.2      380.7     4.29e+04
2019 04 08  0009   58581     540    0        6.7      381.5     4.37e+04
2019 04 08  0010   58581     600    0        6.9      382.0     4.49e+04
2019 04 08  0011   58581     660    0        7.3      381.1     4.67e+04
2019 04 08  0012   58581     720    0        7.9      381.8     4.64e+04
2019 04 08  0013   58581     780    0        7.7      381.3     4.65e+04
2019 04 08  0014   58581     840    0        7.7      381.3     4.69e+04
2019 04 08  0015   58581     900    0        7.8      381.7     4.87e+04
2019 04 08  0016   58581     960    0        7.6      381.6     4.80e+04
2019 04 08  0017   58581    1020    0        7.1      381.5     4.46e+04
2019 04 08  0018   58581    1080    0        6.4      381.4     4.59e+04
2019 04 08  0019   58581    1140    0        6.9      381.1     4.57e+04
2019 04 08  0020   58581    1200    0        5.7      380.3     4.96e+04
2019 04 08  0021   58581    1260    0        6.5      381.3     5.13e+04
2019 04 08  0022   58581    1320    0        6.6      380.1     4.61e+04
2019 04 08  0023   58581    1380    0        8.8      383.0     3.74e+04
2019 04 08  0024   58581    1440    0        8.4      385.0     3.86e+04
2019 04 08  0025   58581    1500    0        8.9      385.3     3.58e+04
2019 04 08  0026   58581    1560    0        8.4      385.2     4.00e+04
2019 04 08  0027   58581    1620    0        8.6      386.0     3.67e+04
2019 04 08  0028   58581    1680    0        8.1      386.6     3.41e+04
2019 04 08  0029   58581    1740    0        8.3      386.5     3.46e+04
2019 04 08  0030   58581    1800    0        8.4      385.7     3.68e+04
2019 04 08  0031   58581    1860    0        8.5      385.8     3.96e+04
2019 04 08  0032   58581    1920    0        8.5      386.9     4.01e+04
2019 04 08  0033   58581    1980    0        8.3      386.9     3.87e+04
2019 04 08  0034   58581    2040    0        8.7      385.7     3.90e+04
2019 04 08  0035   58581    2100    0        8.3      385.6     3.94e+04
2019 04 08  0036   58581    2160    0        8.7      385.1     3.83e+04
2019 04 08  0037   58581    2220    0        7.9      385.1     3.76e+04
2019 04 08  0038   58581    2280    0        8.8      385.1     3.75e+04
2019 04 08  0039   58581    2340    9    -9999.9    -9999.9    -1.00e+05
2019 04 08  0040   58581    2400    9    -9999.9    -9999.9    -1.00e+05
2019 04 08  0041   58581    2460    0        8.1      386.3     3.77e+04
2019 04 08  0042   58581    2520    0        7.8      384.8     4.00e+04
2019 04 08  0043   58581    2580    0        8.2      383.9     4.13e+04
2019 04 08  0044   58581    2640    0        7.7      381.2     3.96e+04
2019 04 08  0045   58581    2700    0        8.1      382.6     4.05e+04
2019 04 08  0046   58581    2760    0        7.8      384.8     4.64e+04
2019 04 08  0047   58581    2820    0        7.9      385.6     5.04e+04
2019 04 08  0048   58581    2880    0        8.5      385.7     5.01e+04
2019 04 08  0049   58581    2940    0        8.3      385.6     4.93e+04
2019 04 08  0050   58581    3000    0        8.5      386.5     4.94e+04
2019 04 08  0051   58581    3060    0        7.7      387.0     5.18e+04
2019 04 08  0052   58581    3120    0        8.3      388.1     4.90e+04
2019 04 08  0053   58581    3180    0        9.7      382.7     5.65e+04
2019 04 08  0054   58581    3240    0        8.9      389.3     4.78e+04
2019 04 08  0055   58581    3300    0        7.8      385.5     4.44e+04
2019 04 08  0056   58581    3360    0        8.3      389.0     4.68e+04
2019 04 08  0057   58581    3420    0        8.2      387.9     4.84e+04
2019 04 08  0058   58581    3480    0        8.6      387.4     4.69e+04
2019 04 08  0059   58581    3540    9    -9999.9    -9999.9    -1.00e+05
2019 04 08  0100   58581    3600    0        8.8      386.9     4.66e+04
2019 04 08  0101   58581    3660    0        8.6      386.6     4.59e+04
2019 04 08  0102   58581    3720    0        8.4      386.5     4.38e+04
2019 04 08  0103   58581    3780    0        8.3      387.1     4.31e+04
2019 04 08  0104   58581    3840    0        8.3      387.5     4.36e+04
2019 04 08  0105   58581    3900    0        8.1      386.8     4.46e+04
2019 04 08  0106   58581    3960    0        7.6      386.3     4.71e+04
2019 04 08  0107   58581    4020    0        7.9      387.3     4.58e+04
2019 04 08  0108   58581    4080    0        8.3      388.2     4.69e+04
2019 04 08  0109   58581    4140    0        8.6      389.1     4.36e+04
2019 04 08  0110   58581    4200    0        8.1      388.7     4.62e+04
2019 04 08  0111   58581    4260    0        8.6      389.2     4.82e+04
2019 04 08  0112   58581    4320    3    -9999.9    -9999.9    -1.00e+05
2019 04 08  0113   58581    4380    3    -9999.9    -9999.9    -1.00e+05
2019 04 08  0114   58581    4440    0        8.7      387.2     4.78e+04
2019 04 08  0115   58581    4500    0        8.3      385.5     4.87e+04
2019 04 08  0116   58581    4560    0        8.8      385.2     4.69e+04
2019 04 08  0117   58581    4620    0        8.4      383.4     4.57e+04
2019 04 08  0118   58581    4680    0        7.7      384.5     4.64e+04
2019 04 08  0119   58581    4740    0        7.8      386.0     4.99e+04
2019 04 08  0120   58581    4800    0        8.5      384.4     5.22e+04
2019 04 08  0121   58581    4860    0        8.6      384.7     5.19e+04
2019 04 08  0122   58581    4920    0        7.6      387.4     5.23e+04
2019 04 08  0123   58581    4980    0        7.9      386.5     4.92e+04
2019 04 08  0124   58581    5040    0        7.5      389.7     5.39e+04
2019 04 08  0125   58581    5100    0        7.7      389.1     5.27e+04
2019 04 08  0126   58581    5160    0        7.2      390.1     5.58e+04
2019 04 08  0127   58581    5220    0        6.4      387.2     4.57e+04
2019 04 08  0128   58581    5280    0        7.1      389.5     5.52e+04
2019 04 08  0129   58581    5340    0        6.2      388.5     4.89e+04
2019 04 08  0130   58581    5400    0        6.2      387.9     4.95e+04
2019 04 08  0131   58581    5460    0        6.8      389.2     5.06e+04
2019 04 08  0132   58581    5520    0        7.0      389.4     5.35e+04
2019 04 08  0133   58581    5580    0        7.0      388.9     5.30e+04
2019 04 08  0134   58581    5640    0        6.7      388.4     5.08e+04
2019 04 08  0135   58581    5700    0        6.7      388.2     4.82e+04
2019 04 08  0136   58581    5760    0        6.6      387.7     4.34e+04
2019 04 08  0137   58581    5820    0        6.4      387.8     4.08e+04
2019 04 08  0138   58581    5880    0        7.4      389.1     4.38e+04
2019 04 08  0139   58581    5940    0        7.2      387.8     4.52e+04
2019 04 08  0140   58581    6000    0        7.4      386.0     5.36e+04
2019 04 08  0141   58581    6060    0        4.8      387.0     5.08e+04
2019 04 08  0142   58581    6120    0        4.8      381.7     2.95e+04
2019 04 08  0143   58581    6180    0        6.3      388.8     4.11e+04
2019 04 08  0144   58581    6240    0        5.4      390.3     5.42e+04
2019 04 08  0145   58581    6300    0        5.4      389.3     5.14e+04
2019 04 08  0146   58581    6360    0        5.4      389.2     5.08e+04
2019 04 08  0147   58581    6420    0        5.2      384.2     3.88e+04
2019 04 08  0148   58581    6480    0        5.3      386.7     4.32e+04
2019 04 08  0149   58581    6540    0        5.1      388.1     4.42e+04
2019 04 08  0150   58581    6600    0        4.9      389.1     4.53e+04
2019 04 08  0151   58581    6660    0        5.3      386.4     3.70e+04
2019 04 08  0152   58581    6720    0        5.6      382.9     2.73e+04
2019 04 08  0153   58581    6780    0        5.7      384.0     3.02e+04
2019 04 08  0154   58581    6840    0        6.2      384.6     3.12e+04
2019 04 08  0155   58581    6900    0        6.2      385.2     3.38e+04
2019 04 08  0156   58581    6960    0        6.3      386.4     4.24e+04
2019 04 08  0157   58581    7020    0        6.1      386.3     4.19e+04
2019 04 08  0158   58581    7080    0        6.6      385.6     3.79e+04
2019 04 08  0159   58581    7140    0        7.1      386.8     4.61e+04
2019 04 08  0200   58581    7200    0        6.6      387.4     5.02e+04
2019 04 08  0201   58581    7260    0        5.7      385.7     4.60e+04
2019 04 08  0202   58581    7320    0        6.1      386.8     4.70e+04
2019 04 08  0203   58581    7380    0        4.4      390.7     5.17e+04
2019 04 08  0204   58581    7440    0        5.1      392.7     4.29e+04
2019 04 08  0205   58581    7500    0        5.5      392.4     4.07e+04
2019 04 08  0206   58581    7560    0        5.1      392.1     4.37e+04
2019 04 08  0207   58581    7620    0        5.7      392.4     4.91e+04
2019 04 08  0208   58581    7680    0        6.5      392.3     5.49e+04
2019 04 08  0209   58581    7740    0        6.4      392.4     5.85e+04
2019 04 08  0210   58581    7800    0        6.8      394.5     5.89e+04
2019 04 08  0211   58581    7860    0        7.8      396.6     4.66e+04
2019 04 08  0212   58581    7920    0        7.9      395.6     4.96e+04
2019 04 08  0213   58581    7980    0        9.3      397.6     4.87e+04
2019 04 08  0214   58581    8040    0        7.8      398.7     4.73e+04
2019 04 08  0215   58581    8100    0       10.3      397.3     4.67e+04
2019 04 08  0216   58581    8160    0        9.3      397.1     4.66e+04
2019 04 08  0217   58581    8220    0       10.5      396.3     5.03e+04
2019 04 08  0218   58581    8280    0        8.1      393.6     5.40e+04
2019 04 08  0219   58581    8340    0        7.4      392.9     5.47e+04
2019 04 08  0220   58581    8400    0        8.3      392.5     5.22e+04
2019 04 08  0221   58581    8460    0        7.7      393.1     5.46e+04
2019 04 08  0222   58581    8520    0        7.2      393.1     5.46e+04
2019 04 08  0223   58581    8580    0        7.2      394.0     5.57e+04
2019 04 08  0224   58581    8640    0        7.4      395.0     5.82e+04
2019 04 08  0225   58581    8700    0        7.6      394.4     5.82e+04
2019 04 08  0226   58581    8760    0        7.6      394.7     5.68e+04
2019 04 08  0227   58581    8820    0        7.6      394.5     5.40e+04
2019 04 08  0228   58581    8880    0        6.5      393.3     6.18e+04
2019 04 08  0229   58581    8940    0        6.4      392.5     5.91e+04
2019 04 08  0230   58581    9000    0        7.0      392.4     5.77e+04
2019 04 08  0231   58581    9060    0        7.6      390.7     5.60e+04
2019 04 08  0232   58581    9120    0        6.8      393.5     6.11e+04
2019 04 08  0233   58581    9180    0        8.3      392.1     5.96e+04
2019 04 08  0234   58581    9240    0        7.8      391.2     6.08e+04
2019 04 08  0235   58581    9300    0        7.6      391.0     5.89e+04
2019 04 08  0236   58581    9360    0        7.8      393.8     5.90e+04
2019 04 08  0237   58581    9420    0        8.1      394.5     6.11e+04
2019 04 08  0238   58581    9480    0        8.1      394.8     6.02e+04
2019 04 08  0239   58581    9540    0        8.4      395.2     5.98e+04
2019 04 08  0240   58581    9600    0        9.0      396.7     6.13e+04
2019 04 08  0241   58581    9660    0        9.6      398.5     5.99e+04
2019 04 08  0242   58581    9720    0        9.7      396.4     5.72e+04
2019 04 08  0243   58581    9780    0        9.2      397.1     5.79e+04
2019 04 08  0244   58581    9840    0        9.0      397.2     5.68e+04
2019 04 08  0245   58581    9900    0        9.3      397.6     5.51e+04
2019 04 08  0246   58581    9960    0       10.6      398.1     5.55e+04
2019 04 08  0247   58581   10020    0        9.8      398.1     5.84e+04
2019 04 08  0248   58581   10080    0       10.7      397.8     5.54e+04
2019 04 08  0249   58581   10140    0        9.2      401.2     4.67e+04
2019 04 08  0250   58581   10200    0       10.7      402.6     5.01e+04
2019 04 08  0251   58581   10260    0        8.7      399.3     4.94e+04
2019 04 08  0252   58581   10320    0        7.8      398.0     4.88e+04
2019 04 08  0253   58581   10380    0        5.1      387.4     3.92e+04
2019 04 08  0254   58581   10440    0        5.1      386.9     4.03e+04
2019 04 08  0255   58581   10500    0        5.5      386.8     3.99e+04
2019 04 08  0256   58581   10560    0        5.5      387.8     3.99e+04
2019 04 08  0257   58581   10620    0        5.4      388.6     4.30e+04
2019 04 08  0258   58581   10680    0        6.0      388.8     4.43e+04
2019 04 08  0259   58581   10740    0        5.3      390.1     4.50e+04
2019 04 08  0300   58581   10800    0        6.7      389.8     4.50e+04
2019 04 08  0301   58581   10860    0        5.5      390.1     4.01e+04
2019 04 08  0302   58581   10920    0        6.1      389.4     4.14e+04
2019 04 08  0303   58581   10980    0        6.3      388.2     4.21e+04
2019 04 08  0304   58581   11040    0        7.8      388.8     4.80e+04
2019 04 08  0305   58581   11100    0        8.6      384.1     4.84e+04
2019 04 08  0306   58581   11160    0        6.1      400.7     5.25e+04
2019 04 08  0307   58581   11220    0        6.0      400.3     5.49e+04
2019 04 08  0308   58581   11280    0        6.9      397.2     5.30e+04
2019 04 08  0309   58581   11340    0        6.7      394.8     5.32e+04
2019 04 08  0310   58581   11400    0        6.9      395.4     4.99e+04
2019 04 08  0311   58581   11460    0        7.5      398.8     5.02e+04
2019 04 08  0312   58581   11520    0        7.7      398.7     5.41e+04
2019 04 08  0313   58581   11580    0        7.4      396.4     5.48e+04
2019 04 08  0314   58581   11640    0        7.3      398.0     5.74e+04
2019 04 08  0315   58581   11700    0        9.1      396.6     5.59e+04
2019 04 08  0316   58581   11760    0        9.0      395.8     5.74e+04
2019 04 08  0317   58581   11820    0        9.0      393.9     5.17e+04
2019 04 08  0318   58581   11880    0        8.6      395.2     5.36e+04
2019 04 08  0319   58581   11940    0       10.0      390.4     5.19e+04
2019 04 08  0320   58581   12000    0       11.2      395.0     5.34e+04
2019 04 08  0321   58581   12060    0        6.4      395.0     5.21e+04
2019 04 08  0322   58581   12120    0        5.7      394.2     4.69e+04
2019 04 08  0323   58581   12180    0        7.1      394.7     4.71e+04
2019 04 08  0324   58581   12240    0        7.6      395.5     4.80e+04
2019 04 08  0325   58581   12300    0        7.5      395.8     4.82e+04
2019 04 08  0326   58581   12360    0        9.7      399.7     4.55e+04
2019 04 08  0327   58581   12420    0        9.8      398.4     4.75e+04
2019 04 08  0328   58581   12480    0        9.4      395.6     4.98e+04
2019 04 08  0329   58581   12540    0        8.2      392.4     5.21e+04
2019 04 08  0330   58581   12600    0        8.0      391.2     5.82e+04
2019 04 08  0331   58581   12660    0        8.8      394.2     6.26e+04
2019 04 08  0332   58581   12720    0        8.2      393.8     5.85e+04
2019 04 08  0333   58581   12780    0        7.6      390.5     4.13e+04
2019 04 08  0334   58581   12840    0        7.4      394.6     4.28e+04
2019 04 08  0335   58581   12900    0        7.0      394.0     3.93e+04
2019 04 08  0336   58581   12960    0        7.0      393.8     4.61e+04
2019 04 08  0337   58581   13020    0        7.1      387.3     4.88e+04
2019 04 08  0338   58581   13080    0        5.3      388.6     5.22e+04
2019 04 08  0339   58581   13140    0        3.2      392.2     8.52e+04
2019 04 08  0340   58581   13200    0        4.9      389.1     6.68e+04
2019 04 08  0341   58581   13260    0        6.1      389.0     4.82e+04
2019 04 08  0342   58581   13320    0        6.1      388.8     4.54e+04
2019 04 08  0343   58581   13380    0        6.1      388.3     4.86e+04
2019 04 08  0344   58581   13440    0        6.9      392.3     5.20e+04
2019 04 08  0345   58581   13500    0        7.9      395.5     4.94e+04
2019 04 08  0346   58581   13560    0        7.7      395.3     4.45e+04
2019 04 08  0347   58581   13620    0        6.8      399.1     4.18e+04
2019 04 08  0348   58581   13680    0        7.1      393.1     4.78e+04
2019 04 08  0349   58581   13740    0        7.4      392.1     4.91e+04
2019 04 08  0350   58581   13800    0        7.9      397.0     4.36e+04
2019 04 08  0351   58581   13860    0        7.3      400.5     4.47e+04
2019 04 08  0352   58581   13920    0        4.1      391.6     8.24e+04
2019 04 08  0353   58581   13980    0        2.5      395.1     1.16e+05
2019 04 08  0354   58581   14040    0        2.2      399.1     1.11e+05
2019 04 08  0355   58581   14100    1        2.7      392.3     1.20e+05
2019 04 08  0356   58581   14160    0        3.3      386.4     9.46e+04
2019 04 08  0357   58581   14220    0        5.2      380.4     7.76e+04
2019 04 08  0358   58581   14280    0        6.4      377.4     7.59e+04
2019 04 08  0359   58581   14340    0        5.6      375.9     6.78e+04
2019 04 08  0400   58581   14400    0        5.8      376.7     6.37e+04
2019 04 08  0401   58581   14460    1        6.9      377.7     5.90e+04
2019 04 08  0402   58581   14520    0        7.5      381.3     7.66e+04
2019 04 08  0403   58581   14580    1        4.6      389.2     1.18e+05
2019 04 08  0404   58581   14640    0        6.2      378.2     1.17e+05
2019 04 08  0405   58581   14700    1        6.6      375.8     1.15e+05
2019 04 08  0406   58581   14760    0        7.4      407.1     4.26e+04
2019 04 08  0407   58581   14820    0        8.2      415.3     4.56e+04
2019 04 08  0408   58581   14880    0        6.2      421.3     4.65e+04
2019 04 08  0409   58581   14940    0        9.3      417.4     5.08e+04
2019 04 08  0410   58581   15000    1        5.7      394.8     6.79e+04
2019 04 08  0411   58581   15060    0        5.1      391.0     5.54e+04
2019 04 08  0412   58581   15120    0        4.7      392.5     7.02e+04
2019 04 08  0413   58581   15180    0        2.9      398.7     8.67e+04
2019 04 08  0414   58581   15240    1        2.5      400.3     1.03e+05
2019 04 08  0415   58581   15300    1        4.5      399.7     8.04e+04
2019 04 08  0416   58581   15360    0        6.0      407.6     3.87e+04
2019 04 08  0417   58581   15420    0        5.3      417.0     3.08e+04
2019 04 08  0418   58581   15480    0        5.4      410.6     3.36e+04
2019 04 08  0419   58581   15540    0        7.4      391.8     5.31e+04
2019 04 08  0420   58581   15600    0        4.7      386.9     7.49e+04
2019 04 08  0421   58581   15660    0        4.4      382.9     4.42e+04
2019 04 08  0422   58581   15720    0        6.8      388.2     5.16e+04
2019 04 08  0423   58581   15780    0        1.7      401.0     8.68e+04
2019 04 08  0424   58581   15840    0        2.8      390.1     7.97e+04
2019 04 08  0425   58581   15900    1        7.1      383.5     5.08e+04
2019 04 08  0426   58581   15960    0        6.2      395.0     8.47e+04
2019 04 08  0427   58581   16020    0        6.6      409.0     6.39e+04
2019 04 08  0428   58581   16080    0        5.4      406.9     8.39e+04
2019 04 08  0429   58581   16140    0        6.4      397.8     9.07e+04
2019 04 08  0430   58581   16200    0        5.7      398.4     1.05e+05
2019 04 08  0431   58581   16260    0        4.1      402.5     1.22e+05
2019 04 08  0432   58581   16320    1        5.1      390.9     1.18e+05
2019 04 08  0433   58581   16380    1        4.5      395.3     1.18e+05
2019 04 08  0434   58581   16440    0        3.5      402.8     1.17e+05
2019 04 08  0435   58581   16500    0        4.0      398.8     1.15e+05
2019 04 08  0436   58581   16560    1        4.8      398.7     1.16e+05
2019 04 08  0437   58581   16620    0        3.5      404.1     1.23e+05
2019 04 08  0438   58581   16680    1        4.2      395.2     1.20e+05
2019 04 08  0439   58581   16740    0        3.3      407.9     1.05e+05
2019 04 08  0440   58581   16800    0        2.6      415.0     8.29e+04
2019 04 08  0441   58581   16860    1        4.8      393.2     1.21e+05
2019 04 08  0442   58581   16920    0        4.9      391.9     1.25e+05
2019 04 08  0443   58581   16980    1        4.6      394.0     1.14e+05
2019 04 08  0444   58581   17040    0        3.4      402.7     1.05e+05
2019 04 08  0445   58581   17100    0        3.4      398.3     1.13e+05
2019 04 08  0446   58581   17160    0        3.4      397.5     1.12e+05
2019 04 08  0447   58581   17220    0        3.3      394.4     1.06e+05
2019 04 08  0448   58581   17280    0        3.3      391.5     1.08e+05
2019 04 08  0449   58581   17340    0        2.8      399.7     1.01e+05
2019 04 08  0450   58581   17400    0        2.5      397.2     9.24e+04
2019 04 08  0451   58581   17460    0        4.2      392.8     9.03e+04
2019 04 08  0452   58581   17520    0        7.5      401.4     6.64e+04
2019 04 08  0453   58581   17580    0        6.2      398.0     8.59e+04
2019 04 08  0454   58581   17640    0        4.9      386.8     6.03e+04
2019 04 08  0455   58581   17700    0        4.0      386.3     7.32e+04
2019 04 08  0456   58581   17760    0        4.7      380.1     6.87e+04
2019 04 08  0457   58581   17820    1        3.9      381.8     7.69e+04
2019 04 08  0458   58581   17880    1        5.1      380.4     6.59e+04
2019 04 08  0459   58581   17940    0        5.1      378.1     7.01e+04
2019 04 08  0500   58581   18000    0        4.5      378.8     7.86e+04
2019 04 08  0501   58581   18060    0        3.7      382.4     8.44e+04
2019 04 08  0502   58581   18120    0        3.2      386.4     9.33e+04
2019 04 08  0503   58581   18180    0        3.1      388.8     1.02e+05
2019 04 08  0504   58581   18240    1        3.1      389.5     1.05e+05
2019 04 08  0505   58581   18300    0        3.5      387.2     8.80e+04
2019 04 08  0506   58581   18360    0        4.1      385.4     8.37e+04
2019 04 08  0507   58581   18420    0        5.3      381.2     7.36e+04
2019 04 08  0508   58581   18480    0        4.2      384.8     8.04e+04
2019 04 08  0509   58581   18540    0        4.4      385.6     7.52e+04
2019 04 08  0510   58581   18600    0        4.3      381.3     8.09e+04
2019 04 08  0511   58581   18660    0        4.7      379.4     7.55e+04
2019 04 08  0512   58581   18720    0        5.9      387.0     1.19e+05
2019 04 08  0513   58581   18780    0        5.6      401.2     2.06e+05
2019 04 08  0514   58581   18840    0        4.1      394.9     1.41e+05
2019 04 08  0515   58581   18900    1        4.4      380.9     1.00e+05
2019 04 08  0516   58581   18960    1        5.5      382.9     1.12e+05
2019 04 08  0517   58581   19020    1        4.8      383.9     1.20e+05
2019 04 08  0518   58581   19080    0        3.5      379.1     8.21e+04
2019 04 08  0519   58581   19140    0        3.2      380.0     7.17e+04
2019 04 08  0520   58581   19200    0        3.0      385.8     9.04e+04
2019 04 08  0521   58581   19260    0        2.5      389.1     9.06e+04
2019 04 08  0522   58581   19320    1        2.9      384.7     9.37e+04
2019 04 08  0523   58581   19380    0        4.6      367.8     5.58e+04
2019 04 08  0524   58581   19440    1        5.3      377.2     6.92e+04
2019 04 08  0525   58581   19500    0        3.6      394.4     7.77e+04
2019 04 08  0526   58581   19560    0        4.6      374.2     5.11e+04
2019 04 08  0527   58581   19620    0        2.7      387.0     7.19e+04
2019 04 08  0528   58581   19680    0        5.6      376.0     4.98e+04
2019 04 08  0529   58581   19740    0        7.6      377.8     4.28e+04
2019 04 08  0530   58581   19800    1        4.8      367.0     2.60e+04
2019 04 08  0531   58581   19860    1       10.6      380.0     6.11e+04
2019 04 08  0532   58581   19920    1       10.0      378.5     5.66e+04
2019 04 08  0533   58581   19980    0        6.6      370.5     3.37e+04
2019 04 08  0534   58581   20040    1        6.9      374.6     4.53e+04
2019 04 08  0535   58581   20100    1        7.1      381.1     5.62e+04
2019 04 08  0536   58581   20160    1        5.3      383.3     5.42e+04
2019 04 08  0537   58581   20220    0        4.6      385.9     6.33e+04
2019 04 08  0538   58581   20280    1        3.3      373.0     2.51e+04
2019 04 08  0539   58581   20340    1        3.9      375.4     2.87e+04
2019 04 08  0540   58581   20400    0        6.2      384.4     4.29e+04
2019 04 08  0541   58581   20460    0        6.8      380.7     4.29e+04
2019 04 08  0542   58581   20520    0        5.8      391.1     8.85e+04
2019 04 08  0543   58581   20580    0       10.5      379.9     6.19e+04
2019 04 08  0544   58581   20640    0       10.5      379.9     6.19e+04
2019 04 08  0545   58581   20700    0        4.5      367.4     2.45e+04
2019 04 08  0546   58581   20760    0        6.0      384.8     7.69e+04
2019 04 08  0547   58581   20820    0       11.7      396.8     8.66e+04
2019 04 08  0548   58581   20880    0       11.5      396.2     7.08e+04
2019 04 08  0549   58581   20940    0       15.6      396.5     4.82e+04
2019 04 08  0550   58581   21000    0       13.7      394.6     5.84e+04
2019 04 08  0551   58581   21060    0        8.9      390.4     7.52e+04
2019 04 08  0552   58581   21120    0        7.8      384.2     5.24e+04
2019 04 08  0553   58581   21180    0        7.9      388.1     5.17e+04
2019 04 08  0554   58581   21240    0       11.3      412.1     1.21e+05
2019 04 08  0555   58581   21300    0       11.3      411.6     1.17e+05
2019 04 08  0556   58581   21360    0        6.6      390.4     4.40e+04
2019 04 08  0557   58581   21420    0        6.9      401.5     7.66e+04
2019 04 08  0558   58581   21480    0       10.6      415.8     9.72e+04
2019 04 08  0559   58581   21540    0        6.5      410.2     9.68e+04
2019 04 08  0600   58581   21600    0        5.9      379.0     2.78e+04
2019 04 08  0601   58581   21660    0        6.6      410.4     1.25e+05
2019 04 08  0602   58581   21720    0        8.6      408.5     1.12e+05
2019 04 08  0603   58581   21780    0        6.6      396.3     6.92e+04
2019 04 08  0604   58581   21840    0        8.2      397.3     8.11e+04
2019 04 08  0605   58581   21900    0        8.3      397.9     1.04e+05
2019 04 08  0606   58581   21960    1        7.0      398.2     1.21e+05
2019 04 08  0607   58581   22020    1        5.8      400.0     1.08e+05
2019 04 08  0608   58581   22080    0        5.3      405.7     1.05e+05
2019 04 08  0609   58581   22140    0        5.5      416.5     1.45e+05
2019 04 08  0610   58581   22200    0        5.0      422.5     1.58e+05
2019 04 08  0611   58581   22260    1        4.4      416.8     1.17e+05
2019 04 08  0612   58581   22320    1        4.4      418.7     1.20e+05
2019 04 08  0613   58581   22380    1        4.3      431.0     1.38e+05
2019 04 08  0614   58581   22440    0        4.8      426.5     1.20e+05
2019 04 08  0615   58581   22500    0        4.2      415.6     8.05e+04
2019 04 08  0616   58581   22560    0        4.6      421.7     9.16e+04
2019 04 08  0617   58581   22620    0        5.4      428.7     1.18e+05
2019 04 08  0618   58581   22680    0        3.5      404.8     6.06e+04
2019 04 08  0619   58581   22740    0        5.1      429.3     1.14e+05
2019 04 08  0620   58581   22800    0        6.1      434.6     1.12e+05
2019 04 08  0621   58581   22860    0        6.6      437.7     1.14e+05
2019 04 08  0622   58581   22920    0        5.6      422.0     8.54e+04
2019 04 08  0623   58581   22980    0        5.3      423.7     8.80e+04
2019 04 08  0624   58581   23040    0        6.5      444.0     1.40e+05
2019 04 08  0625   58581   23100    0        6.6      433.7     1.32e+05
2019 04 08  0626   58581   23160    0        6.1      424.1     9.97e+04
2019 04 08  0627   58581   23220    0        7.1      440.8     1.42e+05
2019 04 08  0628   58581   23280    0        7.0      435.7     1.13e+05
2019 04 08  0629   58581   23340    0        7.5      440.0     1.31e+05
2019 04 08  0630   58581   23400    0        4.8      408.5     6.09e+04
2019 04 08  0631   58581   23460    0        7.4      440.4     1.43e+05
2019 04 08  0632   58581   23520    0        6.8      435.6     1.29e+05
2019 04 08  0633   58581   23580    0        5.7      419.3     8.59e+04
2019 04 08  0634   58581   23640    1        8.7      423.1     1.07e+05
2019 04 08  0635   58581   23700    0        8.1      442.9     1.76e+05
2019 04 08  0636   58581   23760    0        7.6      445.4     1.84e+05
2019 04 08  0637   58581   23820    0        6.6      423.1     1.23e+05
2019 04 08  0638   58581   23880    1        6.9      430.0     1.44e+05
2019 04 08  0639   58581   23940    1        7.7      446.3     1.90e+05
2019 04 08  0640   58581   24000    1        7.5      444.0     1.70e+05
2019 04 08  0641   58581   24060    0        7.6      443.5     1.55e+05
2019 04 08  0642   58581   24120    0        8.1      444.4     1.62e+05
2019 04 08  0643   58581   24180    1        8.1      444.4     1.35e+05
2019 04 08  0644   58581   24240    0        3.9      390.4     5.60e+04
2019 04 08  0645   58581   24300    0        4.1      394.5     6.42e+04
2019 04 08  0646   58581   24360    0        7.0      452.0     1.79e+05
2019 04 08  0647   58581   24420    0        8.0      453.8     2.21e+05
2019 04 08  0648   58581   24480    0        7.4      435.2     1.37e+05
2019 04 08  0649   58581   24540    0        7.3      443.9     1.51e+05
2019 04 08  0650   58581   24600    0        7.9      442.4     1.34e+05
2019 04 08  0651   58581   24660    0        7.9      439.8     1.19e+05
2019 04 08  0652   58581   24720    0        7.5      436.7     1.18e+05
2019 04 08  0653   58581   24780    0        7.2      442.6     1.34e+05
2019 04 08  0654   58581   24840    1        7.5      448.0     1.59e+05
2019 04 08  0655   58581   24900    1        7.4      440.2     1.49e+05
2019 04 08  0656   58581   24960    0        7.6      437.3     1.32e+05
2019 04 08  0657   58581   25020    0        8.5      446.9     1.44e+05
2019 04 08  0658   58581   25080    0        8.3      444.1     1.31e+05
2019 04 08  0659   58581   25140    0        7.6      437.5     1.05e+05
2019 04 08  0700   58581   25200    0        7.7      440.7     1.23e+05
2019 04 08  0701   58581   25260    0        7.5      450.8     1.45e+05
2019 04 08  0702   58581   25320    0        8.4      437.3     1.25e+05
2019 04 08  0703   58581   25380    0        7.7      427.9     1.48e+05
2019 04 08  0704   58581   25440    0        7.0      435.0     1.23e+05
2019 04 08  0705   58581   25500    0        8.2      439.2     1.60e+05
2019 04 08  0706   58581   25560    0        7.4      436.6     1.39e+05
2019 04 08  0707   58581   25620    0        5.3      416.0     9.09e+04
2019 04 08  0708   58581   25680    0        6.6      426.1     1.14e+05
2019 04 08  0709   58581   25740    0        7.7      436.4     1.55e+05
2019 04 08  0710   58581   25800    1       10.5      428.9     1.30e+05
2019 04 08  0711   58581   25860    1       10.4      431.3     1.53e+05
2019 04 08  0712   58581   25920    0        7.1      435.2     1.99e+05
2019 04 08  0713   58581   25980    0        6.5      425.7     1.82e+05
2019 04 08  0714   58581   26040    1        6.6      418.6     1.73e+05
2019 04 08  0715   58581   26100    1        6.6      402.1     9.94e+04
2019 04 08  0716   58581   26160    0        6.9      444.2     2.09e+05
2019 04 08  0717   58581   26220    1       13.3      409.7     1.17e+05
2019 04 08  0718   58581   26280    1       13.3      409.7     1.17e+05
2019 04 08  0719   58581   26340    0        7.0      446.8     2.20e+05
2019 04 08  0720   58581   26400    0        8.0      443.8     1.97e+05
2019 04 08  0721   58581   26460    0        7.8      442.6     1.85e+05
2019 04 08  0722   58581   26520    0        7.2      418.9     1.34e+05
2019 04 08  0723   58581   26580    0        5.8      435.7     1.80e+05
2019 04 08  0724   58581   26640    0        6.7      442.7     1.92e+05
2019 04 08  0725   58581   26700    0        7.2      437.2     1.65e+05
2019 04 08  0726   58581   26760    0        7.5      433.6     1.56e+05
2019 04 08  0727   58581   26820    0        8.0      436.7     1.69e+05
2019 04 08  0728   58581   26880    0        8.1      443.1     1.90e+05
2019 04 08  0729   58581   26940    0        7.6      434.0     1.69e+05
2019 04 08  0730   58581   27000    0        6.6      418.9     1.21e+05
2019 04 08  0731   58581   27060    0        8.0      448.9     1.99e+05
2019 04 08  0732   58581   27120    0        8.1      443.8     1.77e+05
2019 04 08  0733   58581   27180    0        8.1      441.5     1.80e+05
2019 04 08  0734   58581   27240    0        8.1      442.7     1.69e+05
2019 04 08  0735   58581   27300    0        7.6      448.4     1.86e+05
2019 04 08  0736   58581   27360    0        6.9      440.7     1.36e+05
2019 04 08  0737   58581   27420    0       11.7      410.8     7.14e+04
2019 04 08  0738   58581   27480    0        7.9      438.8     1.85e+05
2019 04 08  0739   58581   27540    0        7.5      447.0     2.21e+05
2019 04 08  0740   58581   27600    0        7.0      439.3     1.80e+05
2019 04 08  0741   58581   27660    0        6.5      429.3     1.39e+05
2019 04 08  0742   58581   27720    0        6.6      435.5     1.66e+05
2019 04 08  0743   58581   27780    0        6.8      444.1     1.94e+05
2019 04 08  0744   58581   27840    0        6.8      437.6     1.77e+05
2019 04 08  0745   58581   27900    0        6.8      433.4     1.68e+05
2019 04 08  0746   58581   27960    0        6.5      443.5     1.80e+05
2019 04 08  0747   58581   28020    0        6.4      442.5     1.92e+05
2019 04 08  0748   58581   28080    0        6.4      426.7     1.48e+05
2019 04 08  0749   58581   28140    1        6.2      408.5     1.11e+05
2019 04 08  0750   58581   28200    9    -9999.9    -9999.9    -1.00e+05
2019 04 08  0751   58581   28260    0        6.3      438.4     1.65e+05
2019 04 08  0752   58581   28320    0        6.1      432.8     1.66e+05
2019 04 08  0753   58581   28380    1        6.0      442.8     2.08e+05
2019 04 08  0754   58581   28440    0        6.4      444.3     2.05e+05
2019 04 08  0755   58581   28500    0        6.1      441.8     1.99e+05
2019 04 08  0756   58581   28560    0        6.3      430.2     1.54e+05
2019 04 08  0757   58581   28620    0        6.9      431.9     1.69e+05
2019 04 08  0758   58581   28680    0        6.8      436.5     1.84e+05
2019 04 08  0759   58581   28740    0        6.4      417.3     1.33e+05
2019 04 08  0800   58581   28800    0        6.9      416.0     1.32e+05
2019 04 08  0801   58581   28860    1        7.2      446.3     2.00e+05
2019 04 08  0802   58581   28920    0        6.4      445.5     1.88e+05
2019 04 08  0803   58581   28980    0        6.5      439.1     1.59e+05
2019 04 08  0804   58581   29040    0        5.9      417.4     1.07e+05
2019 04 08  0805   58581   29100    0        6.4      455.5     1.99e+05
2019 04 08  0806   58581   29160    1        7.2      446.4     2.57e+05
2019 04 08  0807   58581   29220    1        9.9      400.4     8.77e+04
2019 04 08  0808   58581   29280    1        7.5      454.5     2.36e+05
2019 04 08  0809   58581   29340    0       11.3      453.0     1.58e+05
2019 04 08  0810   58581   29400    0        7.3      442.2     1.55e+05
2019 04 08  0811   58581   29460    1        6.2      411.4     9.53e+04
2019 04 08  0812   58581   29520    0        6.9      428.8     1.21e+05
2019 04 08  0813   58581   29580    0        7.1      450.9     1.61e+05
2019 04 08  0814   58581   29640    0        6.6      431.5     1.24e+05
2019 04 08  0815   58581   29700    0        6.4      430.4     1.25e+05
2019 04 08  0816   58581   29760    1        6.6      448.4     1.51e+05
2019 04 08  0817   58581   29820    0        6.6      441.6     1.22e+05
2019 04 08  0818   58581   29880    0        6.7      435.7     1.17e+05
2019 04 08  0819   58581   29940    0        7.0      422.5     1.10e+05
2019 04 08  0820   58581   30000    0        6.9      463.7     1.95e+05
2019 04 08  0821   58581   30060    0        6.2      437.3     1.11e+05
2019 04 08  0822   58581   30120    0        5.7      421.4     7.84e+04
2019 04 08  0823   58581   30180    9    -9999.9    -9999.9    -1.00e+05
2019 04 08  0824   58581   30240    3    -9999.9    -9999.9    -1.00e+05
2019 04 08  0825   58581   30300    0        9.8      442.0     1.99e+05
2019 04 08  0826   58581   30360    0        7.0      428.4     1.46e+05
2019 04 08  0827   58581   30420    0        6.3      451.6     2.29e+05
2019 04 08  0828   58581   30480    0        5.9      457.2     2.27e+05
2019 04 08  0829   58581   30540    0        5.7      434.7     1.39e+05
2019 04 08  0830   58581   30600    0        5.9      436.8     1.42e+05
2019 04 08  0831   58581   30660    0        6.6      448.2     2.24e+05
2019 04 08  0832   58581   30720    0        8.4      443.9     2.09e+05
2019 04 08  0833   58581   30780    0        9.1      430.1     1.06e+05
2019 04 08  0834   58581   30840    0        8.3      421.0     8.84e+04
2019 04 08  0835   58581   30900    0       11.4      463.1     1.37e+05
2019 04 08  0836   58581   30960    0        6.3      469.6     2.23e+05
2019 04 08  0837   58581   31020    0        7.4      445.4     1.18e+05
2019 04 08  0838   58581   31080    0        7.2      449.8     1.59e+05
2019 04 08  0839   58581   31140    0        7.3      442.2     1.22e+05
2019 04 08  0840   58581   31200    0        7.1      439.7     1.01e+05
2019 04 08  0841   58581   31260    0        6.8      407.4     6.51e+04
2019 04 08  0842   58581   31320    0        6.6      452.6     1.35e+05
2019 04 08  0843   58581   31380    0        8.4      464.7     2.09e+05
2019 04 08  0844   58581   31440    0        6.6      447.7     1.57e+05
2019 04 08  0845   58581   31500    0        5.8      446.3     1.63e+05
2019 04 08  0846   58581   31560    0        6.2      454.0     1.96e+05
2019 04 08  0847   58581   31620    0        5.5      448.2     1.55e+05
2019 04 08  0848   58581   31680    0        5.0      440.7     1.16e+05
2019 04 08  0849   58581   31740    0        5.5      450.7     1.55e+05
2019 04 08  0850   58581   31800    0        6.7      460.4     1.74e+05
2019 04 08  0851   58581   31860    0        9.9      447.8     1.29e+05
2019 04 08  0852   58581   31920    0        5.9      435.0     1.80e+05
2019 04 08  0853   58581   31980    0        7.8      443.0     1.56e+05
2019 04 08  0854   58581   32040    0       12.7      453.8     1.41e+05
2019 04 08  0855   58581   32100    0        6.8      447.4     1.61e+05
2019 04 08  0856   58581   32160    0        6.8      447.4     1.61e+05
2019 04 08  0857   58581   32220    0        6.8      435.5     1.52e+05
2019 04 08  0858   58581   32280    0        6.6      452.0     2.15e+05
2019 04 08  0859   58581   32340    0        7.3      445.2     1.60e+05
