:Data_list: 20190429_ace_sis_5m.txt
:Created: 2019 Apr 29 0901 UT
# Prepared by the U.S. Dept. of Commerce, NOAA, Space Weather Prediction Center
# Please send comments and suggestions to SWPC.Webmaster@noaa.gov 
# 
# Units: proton flux p/cs2-sec-ster
# Status(S): 0 = nominal data, 1 to 8 = bad data record, 9 = no data
# Missing data values: -1.00e+05
# Source: ACE Satellite - Solar Isotope Spectrometer
#
# 5-minute averaged Real-time Integral Flux of High-energy Solar Protons
# 
#                 Modified Seconds
# UT Date   Time   Julian  of the      ---- Integral Proton Flux ----
# YR MO DA  HHMM     Day     Day       S    > 10 MeV    S    > 30 MeV
#--------------------------------------------------------------------
2019 04 29  0000    58602       0      0    2.34e+00    0    1.64e+00
2019 04 29  0005    58602     300      0    2.35e+00    0    1.65e+00
2019 04 29  0010    58602     600      0    2.34e+00    0    1.63e+00
2019 04 29  0015    58602     900      0    2.31e+00    0    1.62e+00
2019 04 29  0020    58602    1200      0    2.35e+00    0    1.64e+00
2019 04 29  0025    58602    1500      0    2.31e+00    0    1.61e+00
2019 04 29  0030    58602    1800      0    2.29e+00    0    1.60e+00
2019 04 29  0035    58602    2100      0    2.41e+00    0    1.68e+00
2019 04 29  0040    58602    2400      0    2.36e+00    0    1.65e+00
2019 04 29  0045    58602    2700      0    2.36e+00    0    1.66e+00
2019 04 29  0050    58602    3000      0    2.33e+00    0    1.63e+00
2019 04 29  0055    58602    3300      0    2.38e+00    0    1.66e+00
2019 04 29  0100    58602    3600      0    2.29e+00    0    1.59e+00
2019 04 29  0105    58602    3900      0    2.31e+00    0    1.62e+00
2019 04 29  0110    58602    4200      0    2.35e+00    0    1.64e+00
2019 04 29  0115    58602    4500      0    2.35e+00    0    1.65e+00
2019 04 29  0120    58602    4800      0    2.36e+00    0    1.68e+00
2019 04 29  0125    58602    5100      0    2.36e+00    0    1.64e+00
2019 04 29  0130    58602    5400      0    2.34e+00    0    1.63e+00
2019 04 29  0135    58602    5700      0    2.29e+00    0    1.61e+00
2019 04 29  0140    58602    6000      0    2.30e+00    0    1.61e+00
2019 04 29  0145    58602    6300      0    2.31e+00    0    1.60e+00
2019 04 29  0150    58602    6600      0    2.35e+00    0    1.63e+00
2019 04 29  0155    58602    6900      0    2.40e+00    0    1.68e+00
2019 04 29  0200    58602    7200      0    2.37e+00    0    1.67e+00
2019 04 29  0205    58602    7500      0    2.31e+00    0    1.60e+00
2019 04 29  0210    58602    7800      0    2.29e+00    0    1.60e+00
2019 04 29  0215    58602    8100      0    2.32e+00    0    1.63e+00
2019 04 29  0220    58602    8400      0    2.30e+00    0    1.62e+00
2019 04 29  0225    58602    8700      0    2.29e+00    0    1.59e+00
2019 04 29  0230    58602    9000      0    2.40e+00    0    1.68e+00
2019 04 29  0235    58602    9300      0    2.35e+00    0    1.65e+00
2019 04 29  0240    58602    9600      0    2.34e+00    0    1.64e+00
2019 04 29  0245    58602    9900      0    2.24e+00    0    1.56e+00
2019 04 29  0250    58602   10200      0    2.35e+00    0    1.66e+00
2019 04 29  0255    58602   10500      0    2.40e+00    0    1.68e+00
2019 04 29  0300    58602   10800      0    2.32e+00    0    1.62e+00
2019 04 29  0305    58602   11100      0    2.33e+00    0    1.63e+00
2019 04 29  0310    58602   11400      0    2.35e+00    0    1.63e+00
2019 04 29  0315    58602   11700      0    2.36e+00    0    1.65e+00
2019 04 29  0320    58602   12000      0    2.26e+00    0    1.58e+00
2019 04 29  0325    58602   12300      0    2.35e+00    0    1.65e+00
2019 04 29  0330    58602   12600      0    2.33e+00    0    1.62e+00
2019 04 29  0335    58602   12900      0    2.36e+00    0    1.64e+00
2019 04 29  0340    58602   13200      0    2.38e+00    0    1.67e+00
2019 04 29  0345    58602   13500      0    2.35e+00    0    1.64e+00
2019 04 29  0350    58602   13800      0    2.27e+00    0    1.59e+00
2019 04 29  0355    58602   14100      0    2.27e+00    0    1.58e+00
2019 04 29  0400    58602   14400      0    2.34e+00    0    1.63e+00
2019 04 29  0405    58602   14700      0    2.31e+00    0    1.61e+00
2019 04 29  0410    58602   15000      0    2.35e+00    0    1.64e+00
2019 04 29  0415    58602   15300      0    2.35e+00    0    1.65e+00
2019 04 29  0420    58602   15600      0    2.38e+00    0    1.66e+00
2019 04 29  0425    58602   15900      0    2.30e+00    0    1.61e+00
2019 04 29  0430    58602   16200      0    2.25e+00    0    1.57e+00
2019 04 29  0435    58602   16500      0    2.31e+00    0    1.62e+00
2019 04 29  0440    58602   16800      0    2.34e+00    0    1.63e+00
2019 04 29  0445    58602   17100      0    2.39e+00    0    1.69e+00
2019 04 29  0450    58602   17400      0    2.42e+00    0    1.70e+00
2019 04 29  0455    58602   17700      0    2.38e+00    0    1.68e+00
2019 04 29  0500    58602   18000      0    2.27e+00    0    1.60e+00
2019 04 29  0505    58602   18300      0    2.32e+00    0    1.62e+00
2019 04 29  0510    58602   18600      0    2.31e+00    0    1.61e+00
2019 04 29  0515    58602   18900      0    2.34e+00    0    1.63e+00
2019 04 29  0520    58602   19200      0    2.37e+00    0    1.66e+00
2019 04 29  0525    58602   19500      0    2.34e+00    0    1.64e+00
2019 04 29  0530    58602   19800      0    2.33e+00    0    1.61e+00
2019 04 29  0535    58602   20100      0    2.23e+00    0    1.56e+00
2019 04 29  0540    58602   20400      0    2.31e+00    0    1.60e+00
2019 04 29  0545    58602   20700      0    2.37e+00    0    1.66e+00
2019 04 29  0550    58602   21000      0    2.36e+00    0    1.66e+00
2019 04 29  0555    58602   21300      0    2.35e+00    0    1.65e+00
2019 04 29  0600    58602   21600      0    2.40e+00    0    1.71e+00
2019 04 29  0605    58602   21900      0    2.33e+00    0    1.64e+00
2019 04 29  0610    58602   22200      0    2.25e+00    0    1.58e+00
2019 04 29  0615    58602   22500      0    2.30e+00    0    1.62e+00
2019 04 29  0620    58602   22800      0    2.34e+00    0    1.64e+00
2019 04 29  0625    58602   23100      0    2.33e+00    0    1.63e+00
2019 04 29  0630    58602   23400      0    2.38e+00    0    1.66e+00
2019 04 29  0635    58602   23700      0    2.37e+00    0    1.66e+00
2019 04 29  0640    58602   24000      0    2.32e+00    0    1.61e+00
2019 04 29  0645    58602   24300      0    2.27e+00    0    1.59e+00
2019 04 29  0650    58602   24600      0    2.33e+00    0    1.64e+00
2019 04 29  0655    58602   24900      0    2.34e+00    0    1.64e+00
2019 04 29  0700    58602   25200      0    2.35e+00    0    1.65e+00
2019 04 29  0705    58602   25500      0    2.41e+00    0    1.69e+00
2019 04 29  0710    58602   25800      0    2.37e+00    0    1.67e+00
2019 04 29  0715    58602   26100      0    2.31e+00    0    1.62e+00
2019 04 29  0720    58602   26400      0    2.27e+00    0    1.57e+00
2019 04 29  0725    58602   26700      0    2.36e+00    0    1.66e+00
2019 04 29  0730    58602   27000      0    2.34e+00    0    1.64e+00
2019 04 29  0735    58602   27300      0    2.34e+00    0    1.64e+00
2019 04 29  0740    58602   27600      0    2.35e+00    0    1.65e+00
2019 04 29  0745    58602   27900      0    2.40e+00    0    1.68e+00
2019 04 29  0750    58602   28200      0    2.33e+00    0    1.63e+00
2019 04 29  0755    58602   28500      0    2.28e+00    0    1.59e+00
2019 04 29  0800    58602   28800      0    2.31e+00    0    1.62e+00
2019 04 29  0805    58602   29100      0    2.35e+00    0    1.64e+00
2019 04 29  0810    58602   29400      0    2.37e+00    0    1.67e+00
2019 04 29  0815    58602   29700      0    2.34e+00    0    1.64e+00
2019 04 29  0820    58602   30000      0    2.39e+00    0    1.67e+00
2019 04 29  0825    58602   30300      0    2.24e+00    0    1.57e+00
2019 04 29  0830    58602   30600      0    2.28e+00    0    1.60e+00
2019 04 29  0835    58602   30900      0    2.39e+00    0    1.69e+00
2019 04 29  0840    58602   31200      0    2.33e+00    0    1.63e+00
2019 04 29  0845    58602   31500      0    2.44e+00    0    1.69e+00
2019 04 29  0850    58602   31800      0    2.36e+00    0    1.64e+00
2019 04 29  0855    58602   32100      0    2.34e+00    0    1.64e+00
