:Data_list: 20191026_ace_swepam_1m.txt
:Created: 2019 Oct 26 0901 UT
# Prepared by the U.S. Dept. of Commerce, NOAA, Space Weather Prediction Center
# Please send comments and suggestions to SWPC.Webmaster@noaa.gov 
# 
# Units: Proton density p/cc
# Units: Bulk speed km/s
# Units: Ion tempeture degrees K
# Status(S): 0 = nominal data, 1 to 8 = bad data record, 9 = no data
# Missing data values: Density and Speed = -9999.9, Temp. = -1.00e+05
# Source: ACE Satellite - Solar Wind Electron Proton Alpha Monitor
#
#   1-minute averaged Real-time Bulk Parameters of the Solar Wind Plasma
# 
#                Modified Seconds   -------------  Solar Wind  -----------
# UT Date   Time  Julian  of the          Proton      Bulk         Ion
# YR MO DA  HHMM    Day     Day     S    Density     Speed     Temperature
#-------------------------------------------------------------------------
2019 10 26  0000   58782       0    0        0.8      577.6     1.52e+05
2019 10 26  0001   58782      60    0        0.7      578.8     1.46e+05
2019 10 26  0002   58782     120    0        0.7      582.4     1.59e+05
2019 10 26  0003   58782     180    0        0.7      579.0     1.64e+05
2019 10 26  0004   58782     240    0        0.7      578.0     1.65e+05
2019 10 26  0005   58782     300    0        0.8      575.7     1.54e+05
2019 10 26  0006   58782     360    0        0.8      575.6     1.45e+05
2019 10 26  0007   58782     420    0        0.9      576.4     1.37e+05
2019 10 26  0008   58782     480    0        0.9      572.5     1.36e+05
2019 10 26  0009   58782     540    0        0.9      567.7     1.41e+05
2019 10 26  0010   58782     600    0        1.0      568.0     1.40e+05
2019 10 26  0011   58782     660    0        1.3      568.5     1.32e+05
2019 10 26  0012   58782     720    0        1.0      572.7     1.35e+05
2019 10 26  0013   58782     780    0        1.1      572.2     1.38e+05
2019 10 26  0014   58782     840    0        1.0      571.4     1.39e+05
2019 10 26  0015   58782     900    0        1.1      570.6     1.28e+05
2019 10 26  0016   58782     960    0        1.0      566.8     1.46e+05
2019 10 26  0017   58782    1020    0        1.1      568.8     1.40e+05
2019 10 26  0018   58782    1080    0        1.0      567.0     1.36e+05
2019 10 26  0019   58782    1140    0        1.1      569.7     1.43e+05
2019 10 26  0020   58782    1200    0        1.0      569.1     1.51e+05
2019 10 26  0021   58782    1260    0        0.9      566.9     1.54e+05
2019 10 26  0022   58782    1320    3    -9999.9    -9999.9    -1.00e+05
2019 10 26  0023   58782    1380    3    -9999.9    -9999.9    -1.00e+05
2019 10 26  0024   58782    1440    0        0.9      577.0     1.16e+05
2019 10 26  0025   58782    1500    0        0.9      577.1     1.26e+05
2019 10 26  0026   58782    1560    0        0.8      576.9     1.40e+05
2019 10 26  0027   58782    1620    0        0.8      576.1     1.35e+05
2019 10 26  0028   58782    1680    0        0.8      572.9     1.42e+05
2019 10 26  0029   58782    1740    0        0.9      563.5     1.70e+05
2019 10 26  0030   58782    1800    0        0.8      553.2     1.46e+05
2019 10 26  0031   58782    1860    0        0.9      576.7     1.98e+05
2019 10 26  0032   58782    1920    0        1.0      565.1     1.31e+05
2019 10 26  0033   58782    1980    0        1.2      572.1     1.49e+05
2019 10 26  0034   58782    2040    0        1.2      571.4     1.20e+05
2019 10 26  0035   58782    2100    0        1.0      549.9     8.65e+04
2019 10 26  0036   58782    2160    0        1.3      572.0     1.55e+05
2019 10 26  0037   58782    2220    0        1.3      580.3     1.69e+05
2019 10 26  0038   58782    2280    0        1.0      577.1     1.29e+05
2019 10 26  0039   58782    2340    0        0.9      574.8     1.23e+05
2019 10 26  0040   58782    2400    0        1.0      575.3     1.37e+05
2019 10 26  0041   58782    2460    0        0.9      567.5     1.04e+05
2019 10 26  0042   58782    2520    0        1.0      563.9     9.82e+04
2019 10 26  0043   58782    2580    0        1.0      584.2     1.78e+05
2019 10 26  0044   58782    2640    0        1.2      579.6     1.37e+05
2019 10 26  0045   58782    2700    0        0.9      563.9     8.34e+04
2019 10 26  0046   58782    2760    0        1.3      569.7     9.26e+04
2019 10 26  0047   58782    2820    0        1.6      595.8     1.87e+05
2019 10 26  0048   58782    2880    0        0.6      553.9     7.57e+04
2019 10 26  0049   58782    2940    0        1.5      579.6     1.19e+05
2019 10 26  0050   58782    3000    0        1.6      584.1     1.09e+05
2019 10 26  0051   58782    3060    0        1.4      574.2     8.61e+04
2019 10 26  0052   58782    3120    0        1.7      571.0     1.04e+05
2019 10 26  0053   58782    3180    0        1.6      571.5     1.09e+05
2019 10 26  0054   58782    3240    0        1.7      580.7     1.09e+05
2019 10 26  0055   58782    3300    0        1.8      584.5     1.02e+05
2019 10 26  0056   58782    3360    0        1.7      582.6     9.41e+04
2019 10 26  0057   58782    3420    0        0.5      575.4     1.49e+05
2019 10 26  0058   58782    3480    0        1.0      574.1     1.29e+05
2019 10 26  0059   58782    3540    0        1.8      578.2     1.06e+05
2019 10 26  0100   58782    3600    0        1.9      588.8     1.28e+05
2019 10 26  0101   58782    3660    0        1.4      560.1     6.24e+04
2019 10 26  0102   58782    3720    0        2.0      584.0     1.05e+05
2019 10 26  0103   58782    3780    0        2.5      598.0     1.76e+05
2019 10 26  0104   58782    3840    0        2.0      567.1     6.56e+04
2019 10 26  0105   58782    3900    0        2.3      590.4     1.06e+05
2019 10 26  0106   58782    3960    0        2.0      581.5     9.16e+04
2019 10 26  0107   58782    4020    0        1.7      559.8     6.74e+04
2019 10 26  0108   58782    4080    0        2.2      589.6     1.15e+05
2019 10 26  0109   58782    4140    0        2.5      595.4     1.04e+05
2019 10 26  0110   58782    4200    0        2.5      587.9     8.26e+04
2019 10 26  0111   58782    4260    0        2.5      588.7     8.26e+04
2019 10 26  0112   58782    4320    0        2.5      590.2     8.23e+04
2019 10 26  0113   58782    4380    0        2.4      581.9     6.63e+04
2019 10 26  0114   58782    4440    0        2.4      577.5     6.37e+04
2019 10 26  0115   58782    4500    0        2.6      589.7     9.43e+04
2019 10 26  0116   58782    4560    0        2.2      591.2     9.55e+04
2019 10 26  0117   58782    4620    0        2.2      586.9     8.26e+04
2019 10 26  0118   58782    4680    0        2.3      600.1     1.37e+05
2019 10 26  0119   58782    4740    0        1.5      549.4     3.72e+04
2019 10 26  0120   58782    4800    0        2.0      598.7     8.94e+04
2019 10 26  0121   58782    4860    0        2.0      593.0     8.38e+04
2019 10 26  0122   58782    4920    0        2.0      595.1     9.38e+04
2019 10 26  0123   58782    4980    0        1.9      582.1     7.93e+04
2019 10 26  0124   58782    5040    0        1.7      583.8     8.71e+04
2019 10 26  0125   58782    5100    0        2.0      592.1     1.57e+05
2019 10 26  0126   58782    5160    0        2.5      582.2     1.24e+05
2019 10 26  0127   58782    5220    0        2.8      581.2     9.59e+04
2019 10 26  0128   58782    5280    0        2.5      574.9     8.45e+04
2019 10 26  0129   58782    5340    0        2.1      559.8     5.60e+04
2019 10 26  0130   58782    5400    0        2.2      566.4     6.67e+04
2019 10 26  0131   58782    5460    0        2.1      562.3     6.39e+04
2019 10 26  0132   58782    5520    0        2.0      557.1     6.64e+04
2019 10 26  0133   58782    5580    0        2.3      581.3     1.04e+05
2019 10 26  0134   58782    5640    0        2.4      575.3     8.51e+04
2019 10 26  0135   58782    5700    0        1.8      556.4     4.83e+04
2019 10 26  0136   58782    5760    0        2.2      578.8     1.04e+05
2019 10 26  0137   58782    5820    0        2.2      588.5     1.35e+05
2019 10 26  0138   58782    5880    0        1.0      543.8     7.15e+04
2019 10 26  0139   58782    5940    0        1.2      572.2     1.31e+05
2019 10 26  0140   58782    6000    0        1.8      586.3     1.55e+05
2019 10 26  0141   58782    6060    0        1.5      560.7     1.00e+05
2019 10 26  0142   58782    6120    0        1.7      560.7     9.02e+04
2019 10 26  0143   58782    6180    0        1.7      555.6     8.48e+04
2019 10 26  0144   58782    6240    0        1.3      554.9     8.90e+04
2019 10 26  0145   58782    6300    0        1.0      576.5     1.26e+05
2019 10 26  0146   58782    6360    0        1.1      584.1     1.35e+05
2019 10 26  0147   58782    6420    0        1.2      569.9     1.05e+05
2019 10 26  0148   58782    6480    0        1.2      564.2     1.18e+05
2019 10 26  0149   58782    6540    0        1.2      591.0     2.17e+05
2019 10 26  0150   58782    6600    0        0.9      555.8     1.03e+05
2019 10 26  0151   58782    6660    0        0.8      575.5     1.27e+05
2019 10 26  0152   58782    6720    0        0.8      609.8     1.52e+05
2019 10 26  0153   58782    6780    0        0.8      575.7     1.05e+05
2019 10 26  0154   58782    6840    0        0.8      569.1     1.00e+05
2019 10 26  0155   58782    6900    0        0.8      582.8     1.22e+05
2019 10 26  0156   58782    6960    0        0.8      566.5     1.02e+05
2019 10 26  0157   58782    7020    0        0.8      583.4     1.75e+05
2019 10 26  0158   58782    7080    0        0.8      583.1     1.77e+05
2019 10 26  0159   58782    7140    0        0.8      585.9     1.69e+05
2019 10 26  0200   58782    7200    0        0.8      583.8     1.57e+05
2019 10 26  0201   58782    7260    0        0.8      573.7     1.40e+05
2019 10 26  0202   58782    7320    0        0.9      578.8     1.62e+05
2019 10 26  0203   58782    7380    0        1.4      554.8     1.19e+05
2019 10 26  0204   58782    7440    0        1.5      561.2     1.33e+05
2019 10 26  0205   58782    7500    0        1.7      582.9     1.80e+05
2019 10 26  0206   58782    7560    0        1.2      557.4     1.12e+05
2019 10 26  0207   58782    7620    0        1.2      572.7     1.40e+05
2019 10 26  0208   58782    7680    0        1.2      592.0     1.84e+05
2019 10 26  0209   58782    7740    0        1.1      569.5     1.39e+05
2019 10 26  0210   58782    7800    0        1.1      560.1     1.18e+05
2019 10 26  0211   58782    7860    0        1.8      599.8     1.85e+05
2019 10 26  0212   58782    7920    0        1.5      572.9     1.38e+05
2019 10 26  0213   58782    7980    0        1.1      565.0     1.23e+05
2019 10 26  0214   58782    8040    0        1.0      586.9     2.11e+05
2019 10 26  0215   58782    8100    0        1.4      582.6     1.77e+05
2019 10 26  0216   58782    8160    0        1.3      563.2     1.00e+05
2019 10 26  0217   58782    8220    0        1.1      581.8     1.35e+05
2019 10 26  0218   58782    8280    0        1.4      607.5     1.65e+05
2019 10 26  0219   58782    8340    0        0.9      575.6     1.15e+05
2019 10 26  0220   58782    8400    0        0.8      552.8     8.76e+04
2019 10 26  0221   58782    8460    0        1.0      595.9     1.75e+05
2019 10 26  0222   58782    8520    0        1.3      588.1     1.37e+05
2019 10 26  0223   58782    8580    0        2.0      580.9     1.01e+05
2019 10 26  0224   58782    8640    0        2.1      597.8     1.41e+05
2019 10 26  0225   58782    8700    0        2.2      594.4     1.28e+05
2019 10 26  0226   58782    8760    0        2.6      567.9     7.79e+04
2019 10 26  0227   58782    8820    0        1.7      599.5     2.14e+05
2019 10 26  0228   58782    8880    0        1.2      574.6     1.32e+05
2019 10 26  0229   58782    8940    0        1.3      574.7     1.37e+05
2019 10 26  0230   58782    9000    0        2.4      603.4     1.87e+05
2019 10 26  0231   58782    9060    0        2.7      596.1     1.43e+05
2019 10 26  0232   58782    9120    0        2.5      567.4     7.81e+04
2019 10 26  0233   58782    9180    0        2.8      579.5     8.84e+04
2019 10 26  0234   58782    9240    0        2.9      604.2     1.17e+05
2019 10 26  0235   58782    9300    0        2.6      585.8     1.07e+05
2019 10 26  0236   58782    9360    0        3.3      608.7     2.27e+05
2019 10 26  0237   58782    9420    0        3.1      601.3     2.03e+05
2019 10 26  0238   58782    9480    0        1.9      556.0     5.85e+04
2019 10 26  0239   58782    9540    0        1.0      596.2     1.48e+05
2019 10 26  0240   58782    9600    0        1.2      626.1     2.35e+05
2019 10 26  0241   58782    9660    0        1.1      593.2     1.39e+05
2019 10 26  0242   58782    9720    0        1.4      573.4     1.56e+05
2019 10 26  0243   58782    9780    0        2.2      582.0     1.07e+05
2019 10 26  0244   58782    9840    0        2.3      571.5     7.47e+04
2019 10 26  0245   58782    9900    0        2.1      572.5     8.29e+04
2019 10 26  0246   58782    9960    0        2.2      590.8     1.12e+05
2019 10 26  0247   58782   10020    0        2.3      588.6     1.03e+05
2019 10 26  0248   58782   10080    0        2.2      572.4     8.28e+04
2019 10 26  0249   58782   10140    0        2.1      578.4     9.62e+04
2019 10 26  0250   58782   10200    0        2.2      594.0     1.09e+05
2019 10 26  0251   58782   10260    0        2.4      587.5     9.17e+04
2019 10 26  0252   58782   10320    0        2.4      589.1     9.32e+04
2019 10 26  0253   58782   10380    0        2.6      609.0     1.27e+05
2019 10 26  0254   58782   10440    0        2.7      599.7     1.11e+05
2019 10 26  0255   58782   10500    0        2.2      600.8     1.03e+05
2019 10 26  0256   58782   10560    0        2.7      628.1     2.12e+05
2019 10 26  0257   58782   10620    0        2.1      573.0     6.16e+04
2019 10 26  0258   58782   10680    0        2.4      611.6     1.34e+05
2019 10 26  0259   58782   10740    0        2.4      595.3     1.00e+05
2019 10 26  0300   58782   10800    0        2.0      572.6     6.33e+04
2019 10 26  0301   58782   10860    0        2.3      574.9     8.76e+04
2019 10 26  0302   58782   10920    0        2.1      574.1     9.72e+04
2019 10 26  0303   58782   10980    0        1.7      569.7     9.26e+04
2019 10 26  0304   58782   11040    0        1.9      576.8     9.99e+04
2019 10 26  0305   58782   11100    0        2.6      589.5     1.28e+05
2019 10 26  0306   58782   11160    0        2.6      581.5     1.28e+05
2019 10 26  0307   58782   11220    0        2.0      564.3     8.22e+04
2019 10 26  0308   58782   11280    0        2.7      589.4     1.25e+05
2019 10 26  0309   58782   11340    0        1.5      568.3     9.37e+04
2019 10 26  0310   58782   11400    0        1.5      569.3     9.39e+04
2019 10 26  0311   58782   11460    0        2.3      583.8     9.65e+04
2019 10 26  0312   58782   11520    0        2.4      587.5     1.08e+05
2019 10 26  0313   58782   11580    0        1.8      574.8     6.43e+04
2019 10 26  0314   58782   11640    0        2.4      579.7     8.00e+04
2019 10 26  0315   58782   11700    0        2.8      591.3     9.74e+04
2019 10 26  0316   58782   11760    0        2.5      573.8     6.94e+04
2019 10 26  0317   58782   11820    0        2.9      587.6     1.29e+05
2019 10 26  0318   58782   11880    0        2.5      583.5     1.32e+05
2019 10 26  0319   58782   11940    0        2.0      572.3     9.67e+04
2019 10 26  0320   58782   12000    0        1.9      572.1     9.01e+04
2019 10 26  0321   58782   12060    0        1.8      570.4     9.82e+04
2019 10 26  0322   58782   12120    0        1.6      564.8     9.63e+04
2019 10 26  0323   58782   12180    0        1.7      568.5     1.16e+05
2019 10 26  0324   58782   12240    0        2.2      582.6     1.72e+05
2019 10 26  0325   58782   12300    0        1.9      569.1     7.74e+04
2019 10 26  0326   58782   12360    0        1.9      571.8     7.89e+04
2019 10 26  0327   58782   12420    0        2.1      565.9     9.10e+04
2019 10 26  0328   58782   12480    0        1.2      549.5     5.70e+04
2019 10 26  0329   58782   12540    0        2.1      572.9     1.05e+05
2019 10 26  0330   58782   12600    0        2.1      577.4     1.11e+05
2019 10 26  0331   58782   12660    0        2.1      571.9     1.07e+05
2019 10 26  0332   58782   12720    0        2.3      571.1     1.33e+05
2019 10 26  0333   58782   12780    0        2.7      577.3     1.25e+05
2019 10 26  0334   58782   12840    0        2.2      560.6     8.90e+04
2019 10 26  0335   58782   12900    0        2.1      556.6     9.01e+04
2019 10 26  0336   58782   12960    0        2.7      569.7     1.29e+05
2019 10 26  0337   58782   13020    0        2.6      568.4     1.32e+05
2019 10 26  0338   58782   13080    0        1.7      554.2     1.01e+05
2019 10 26  0339   58782   13140    0        1.5      550.4     1.17e+05
2019 10 26  0340   58782   13200    0        1.9      558.4     1.39e+05
2019 10 26  0341   58782   13260    0        1.9      554.4     1.16e+05
2019 10 26  0342   58782   13320    0        1.5      557.8     1.62e+05
2019 10 26  0343   58782   13380    0        1.5      557.8     1.62e+05
2019 10 26  0344   58782   13440    0        1.2      547.9     1.36e+05
2019 10 26  0345   58782   13500    0        1.9      549.6     1.29e+05
2019 10 26  0346   58782   13560    0        2.8      562.4     1.24e+05
2019 10 26  0347   58782   13620    0        2.4      556.1     1.23e+05
2019 10 26  0348   58782   13680    0        2.4      566.2     1.49e+05
2019 10 26  0349   58782   13740    0        2.2      562.4     1.44e+05
2019 10 26  0350   58782   13800    0        1.8      551.8     1.19e+05
2019 10 26  0351   58782   13860    0        1.9      552.1     1.27e+05
2019 10 26  0352   58782   13920    0        2.2      561.6     1.66e+05
2019 10 26  0353   58782   13980    0        2.1      558.6     1.59e+05
2019 10 26  0354   58782   14040    0        1.8      551.5     1.24e+05
2019 10 26  0355   58782   14100    0        2.1      565.3     1.49e+05
2019 10 26  0356   58782   14160    0        2.2      564.5     1.31e+05
2019 10 26  0357   58782   14220    0        1.6      560.5     1.23e+05
2019 10 26  0358   58782   14280    0        1.7      570.6     1.31e+05
2019 10 26  0359   58782   14340    0        1.5      560.7     1.44e+05
2019 10 26  0400   58782   14400    0        1.6      541.5     1.29e+05
2019 10 26  0401   58782   14460    0        2.0      572.9     1.94e+05
2019 10 26  0402   58782   14520    0        1.8      556.8     1.52e+05
2019 10 26  0403   58782   14580    0        2.0      564.4     1.35e+05
2019 10 26  0404   58782   14640    0        2.3      577.6     1.63e+05
2019 10 26  0405   58782   14700    0        1.9      572.7     1.76e+05
2019 10 26  0406   58782   14760    0        1.7      556.1     1.43e+05
2019 10 26  0407   58782   14820    0        1.8      558.3     1.32e+05
2019 10 26  0408   58782   14880    0        1.9      565.1     1.35e+05
2019 10 26  0409   58782   14940    0        2.0      561.4     1.24e+05
2019 10 26  0410   58782   15000    0        2.4      567.2     1.31e+05
2019 10 26  0411   58782   15060    0        2.4      583.0     1.44e+05
2019 10 26  0412   58782   15120    0        2.2      582.1     9.96e+04
2019 10 26  0413   58782   15180    0        2.6      568.5     9.14e+04
2019 10 26  0414   58782   15240    0        2.9      604.7     1.34e+05
2019 10 26  0415   58782   15300    9    -9999.9    -9999.9    -1.00e+05
2019 10 26  0416   58782   15360    0        2.7      598.9     1.74e+05
2019 10 26  0417   58782   15420    0        2.9      577.4     1.30e+05
2019 10 26  0418   58782   15480    0        2.8      569.8     9.75e+04
2019 10 26  0419   58782   15540    0        2.8      575.1     1.02e+05
2019 10 26  0420   58782   15600    0        3.0      597.8     1.55e+05
2019 10 26  0421   58782   15660    0        2.8      582.0     1.27e+05
2019 10 26  0422   58782   15720    0        2.4      553.2     9.18e+04
2019 10 26  0423   58782   15780    0        2.3      552.2     1.07e+05
2019 10 26  0424   58782   15840    0        2.2      554.9     1.13e+05
2019 10 26  0425   58782   15900    0        2.0      546.6     1.01e+05
2019 10 26  0426   58782   15960    0        2.1      559.1     1.36e+05
2019 10 26  0427   58782   16020    0        2.4      580.4     1.73e+05
2019 10 26  0428   58782   16080    0        2.5      560.5     1.07e+05
2019 10 26  0429   58782   16140    0        2.3      554.4     1.16e+05
2019 10 26  0430   58782   16200    0        2.7      589.4     2.13e+05
2019 10 26  0431   58782   16260    0        2.4      550.9     9.51e+04
2019 10 26  0432   58782   16320    0        2.5      558.1     1.08e+05
2019 10 26  0433   58782   16380    0        3.0      578.8     1.68e+05
2019 10 26  0434   58782   16440    0        2.6      560.2     1.17e+05
2019 10 26  0435   58782   16500    0        2.7      561.0     1.12e+05
2019 10 26  0436   58782   16560    0        2.8      584.8     1.55e+05
2019 10 26  0437   58782   16620    0        2.3      567.4     1.31e+05
2019 10 26  0438   58782   16680    0        2.2      549.2     1.08e+05
2019 10 26  0439   58782   16740    0        2.8      563.3     1.40e+05
2019 10 26  0440   58782   16800    0        3.3      582.9     1.77e+05
2019 10 26  0441   58782   16860    0        3.4      578.9     1.50e+05
2019 10 26  0442   58782   16920    0        3.8      573.4     1.32e+05
2019 10 26  0443   58782   16980    0        4.1      583.5     1.76e+05
2019 10 26  0444   58782   17040    0        3.7      567.9     1.05e+05
2019 10 26  0445   58782   17100    0        3.8      567.8     1.14e+05
2019 10 26  0446   58782   17160    0        4.3      590.7     1.80e+05
2019 10 26  0447   58782   17220    0        2.4      547.9     8.01e+04
2019 10 26  0448   58782   17280    9    -9999.9    -9999.9    -1.00e+05
2019 10 26  0449   58782   17340    0        3.5      571.8     1.48e+05
2019 10 26  0450   58782   17400    0        2.7      551.9     8.99e+04
2019 10 26  0451   58782   17460    0        2.8      558.4     1.03e+05
2019 10 26  0452   58782   17520    0        3.4      576.4     1.69e+05
2019 10 26  0453   58782   17580    0        2.3      552.9     1.23e+05
2019 10 26  0454   58782   17640    0        2.6      554.7     1.08e+05
2019 10 26  0455   58782   17700    0        3.0      560.9     1.22e+05
2019 10 26  0456   58782   17760    0        2.4      551.6     1.13e+05
2019 10 26  0457   58782   17820    0        2.7      549.9     1.00e+05
2019 10 26  0458   58782   17880    0        3.4      561.8     1.20e+05
2019 10 26  0459   58782   17940    0        2.9      572.7     1.53e+05
2019 10 26  0500   58782   18000    0        2.4      569.6     1.26e+05
2019 10 26  0501   58782   18060    0        2.2      573.1     1.21e+05
2019 10 26  0502   58782   18120    0        2.4      605.6     1.93e+05
2019 10 26  0503   58782   18180    0        2.2      586.8     1.29e+05
2019 10 26  0504   58782   18240    0        2.1      585.1     1.33e+05
2019 10 26  0505   58782   18300    0        2.0      597.5     1.59e+05
2019 10 26  0506   58782   18360    0        1.9      585.4     1.49e+05
2019 10 26  0507   58782   18420    0        1.8      569.5     1.23e+05
2019 10 26  0508   58782   18480    0        1.7      591.6     1.76e+05
2019 10 26  0509   58782   18540    0        2.1      581.0     1.40e+05
2019 10 26  0510   58782   18600    0        2.1      570.3     1.14e+05
2019 10 26  0511   58782   18660    0        1.8      574.1     1.23e+05
2019 10 26  0512   58782   18720    0        1.5      564.1     1.12e+05
2019 10 26  0513   58782   18780    0        1.5      567.7     1.23e+05
2019 10 26  0514   58782   18840    0        1.7      598.3     1.76e+05
2019 10 26  0515   58782   18900    0        1.9      597.5     1.80e+05
2019 10 26  0516   58782   18960    0        1.7      587.3     1.59e+05
2019 10 26  0517   58782   19020    0        1.8      593.3     1.74e+05
2019 10 26  0518   58782   19080    0        2.1      602.4     1.98e+05
2019 10 26  0519   58782   19140    0        2.0      557.2     9.53e+04
2019 10 26  0520   58782   19200    0        1.7      582.3     1.48e+05
2019 10 26  0521   58782   19260    0        1.7      582.3     1.48e+05
2019 10 26  0522   58782   19320    0        2.2      619.8     2.11e+05
2019 10 26  0523   58782   19380    0        1.8      581.2     1.40e+05
2019 10 26  0524   58782   19440    0        1.7      592.0     1.66e+05
2019 10 26  0525   58782   19500    0        1.7      581.2     1.56e+05
2019 10 26  0526   58782   19560    0        1.7      576.0     1.58e+05
2019 10 26  0527   58782   19620    0        1.7      577.9     1.78e+05
2019 10 26  0528   58782   19680    0        1.6      574.4     1.79e+05
2019 10 26  0529   58782   19740    0        1.6      577.1     1.86e+05
2019 10 26  0530   58782   19800    0        1.6      582.4     1.93e+05
2019 10 26  0531   58782   19860    0        1.6      577.8     1.59e+05
2019 10 26  0532   58782   19920    0        1.6      581.8     1.68e+05
2019 10 26  0533   58782   19980    0        1.5      567.7     1.42e+05
2019 10 26  0534   58782   20040    0        1.5      577.6     1.64e+05
2019 10 26  0535   58782   20100    0        1.5      590.5     1.99e+05
2019 10 26  0536   58782   20160    0        2.0      605.1     2.35e+05
2019 10 26  0537   58782   20220    0        1.9      580.7     1.91e+05
2019 10 26  0538   58782   20280    0        1.5      565.4     1.39e+05
2019 10 26  0539   58782   20340    0        1.5      596.1     1.62e+05
2019 10 26  0540   58782   20400    0        1.0      595.0     2.08e+05
2019 10 26  0541   58782   20460    0        0.8      585.2     2.00e+05
2019 10 26  0542   58782   20520    0        1.7      592.8     1.91e+05
2019 10 26  0543   58782   20580    0        1.4      593.5     1.91e+05
2019 10 26  0544   58782   20640    0        1.2      583.5     1.75e+05
2019 10 26  0545   58782   20700    0        1.5      579.3     1.50e+05
2019 10 26  0546   58782   20760    0        1.1      595.5     1.77e+05
2019 10 26  0547   58782   20820    0        1.1      615.9     2.23e+05
2019 10 26  0548   58782   20880    0        0.9      588.9     1.40e+05
2019 10 26  0549   58782   20940    0        0.9      586.8     1.50e+05
2019 10 26  0550   58782   21000    0        0.8      605.4     2.09e+05
2019 10 26  0551   58782   21060    0        0.8      586.1     1.19e+05
2019 10 26  0552   58782   21120    0        0.9      587.9     1.58e+05
2019 10 26  0553   58782   21180    0        1.0      603.5     2.22e+05
2019 10 26  0554   58782   21240    0        1.0      604.6     2.27e+05
2019 10 26  0555   58782   21300    0        1.2      588.1     1.33e+05
2019 10 26  0556   58782   21360    0        1.1      577.4     1.13e+05
2019 10 26  0557   58782   21420    0        1.2      590.2     1.33e+05
2019 10 26  0558   58782   21480    0        1.2      586.0     1.17e+05
2019 10 26  0559   58782   21540    0        1.1      583.8     1.02e+05
2019 10 26  0600   58782   21600    0        1.1      591.9     1.21e+05
2019 10 26  0601   58782   21660    0        1.2      589.7     1.21e+05
2019 10 26  0602   58782   21720    0        1.3      583.0     1.05e+05
2019 10 26  0603   58782   21780    0        1.3      585.3     1.18e+05
2019 10 26  0604   58782   21840    0        1.2      583.7     1.07e+05
2019 10 26  0605   58782   21900    0        1.2      577.8     1.01e+05
2019 10 26  0606   58782   21960    0        1.5      572.5     1.08e+05
2019 10 26  0607   58782   22020    0        1.6      616.0     1.66e+05
2019 10 26  0608   58782   22080    0        1.5      593.2     1.30e+05
2019 10 26  0609   58782   22140    0        1.5      601.3     1.38e+05
2019 10 26  0610   58782   22200    0        1.6      587.7     1.27e+05
2019 10 26  0611   58782   22260    0        1.7      601.2     9.42e+04
2019 10 26  0612   58782   22320    0        0.7      594.7     1.15e+05
2019 10 26  0613   58782   22380    0        0.4      570.1     1.08e+05
2019 10 26  0614   58782   22440    0        0.3      593.6     2.05e+05
2019 10 26  0615   58782   22500    0        0.3      605.9     2.47e+05
2019 10 26  0616   58782   22560    0       10.2      580.5     1.46e+05
2019 10 26  0617   58782   22620    0       13.0      580.3     1.35e+05
2019 10 26  0618   58782   22680    0        1.0      604.7     2.23e+05
2019 10 26  0619   58782   22740    0        1.9      592.8     1.64e+05
2019 10 26  0620   58782   22800    0        0.3      582.8     1.59e+05
2019 10 26  0621   58782   22860    0        0.5      596.6     1.79e+05
2019 10 26  0622   58782   22920    0        2.0      590.2     1.54e+05
2019 10 26  0623   58782   22980    0        1.7      583.9     1.14e+05
2019 10 26  0624   58782   23040    0        1.6      590.0     1.23e+05
2019 10 26  0625   58782   23100    0        1.6      581.9     9.65e+04
2019 10 26  0626   58782   23160    0        1.1      593.4     1.21e+05
2019 10 26  0627   58782   23220    0        1.0      595.3     1.25e+05
2019 10 26  0628   58782   23280    0        1.6      590.3     1.51e+05
2019 10 26  0629   58782   23340    0        1.6      578.7     1.33e+05
2019 10 26  0630   58782   23400    0        1.7      590.0     1.42e+05
2019 10 26  0631   58782   23460    0        1.8      581.9     1.46e+05
2019 10 26  0632   58782   23520    0        1.7      585.4     1.43e+05
2019 10 26  0633   58782   23580    0        1.7      605.2     1.90e+05
2019 10 26  0634   58782   23640    0        2.0      588.3     2.04e+05
2019 10 26  0635   58782   23700    0        2.0      569.5     1.26e+05
2019 10 26  0636   58782   23760    0        1.8      573.0     1.57e+05
2019 10 26  0637   58782   23820    0        1.9      554.3     1.34e+05
2019 10 26  0638   58782   23880    0        0.5      595.5     2.46e+05
2019 10 26  0639   58782   23940    1        0.8      596.2     2.53e+05
2019 10 26  0640   58782   24000    0        0.5      577.0     2.84e+05
2019 10 26  0641   58782   24060    0        0.5      551.4     1.95e+05
2019 10 26  0642   58782   24120    0        0.7      593.8     2.84e+05
2019 10 26  0643   58782   24180    1        0.6      591.9     2.95e+05
2019 10 26  0644   58782   24240    0        0.5      576.1     2.56e+05
2019 10 26  0645   58782   24300    0        0.2      508.5     1.09e+05
2019 10 26  0646   58782   24360    0        0.0      481.0     4.17e+04
2019 10 26  0647   58782   24420    0        0.3      528.6     1.31e+05
2019 10 26  0648   58782   24480    0        0.6      578.3     2.52e+05
2019 10 26  0649   58782   24540    0        1.1      587.6     2.50e+05
2019 10 26  0650   58782   24600    1        1.6      576.6     1.72e+05
2019 10 26  0651   58782   24660    0        1.4      563.4     1.63e+05
2019 10 26  0652   58782   24720    0        1.4      565.3     1.62e+05
2019 10 26  0653   58782   24780    0        1.7      559.5     1.82e+05
2019 10 26  0654   58782   24840    0        1.7      556.8     1.78e+05
2019 10 26  0655   58782   24900    0        2.6      619.4     2.44e+05
2019 10 26  0656   58782   24960    0        0.7      559.0     1.94e+05
2019 10 26  0657   58782   25020    0        0.8      572.1     2.48e+05
2019 10 26  0658   58782   25080    0        0.6      583.2     3.04e+05
2019 10 26  0659   58782   25140    0        0.6      575.6     2.64e+05
2019 10 26  0700   58782   25200    0        0.6      573.3     2.52e+05
2019 10 26  0701   58782   25260    0        0.6      591.5     2.79e+05
2019 10 26  0702   58782   25320    0        0.5      561.8     2.40e+05
2019 10 26  0703   58782   25380    1        0.6      557.6     2.57e+05
2019 10 26  0704   58782   25440    1        1.5      574.3     2.48e+05
2019 10 26  0705   58782   25500    0        2.2      573.1     1.79e+05
2019 10 26  0706   58782   25560    1        1.8      572.4     1.52e+05
2019 10 26  0707   58782   25620    1        2.0      597.3     1.68e+05
2019 10 26  0708   58782   25680    0        2.8      625.6     2.33e+05
2019 10 26  0709   58782   25740    0        2.7      596.6     2.49e+05
2019 10 26  0710   58782   25800    0        2.2      566.0     1.61e+05
2019 10 26  0711   58782   25860    1        1.7      606.7     1.45e+05
2019 10 26  0712   58782   25920    0        1.4      573.8     1.87e+05
2019 10 26  0713   58782   25980    0        1.4      578.1     1.87e+05
2019 10 26  0714   58782   26040    0        1.1      607.1     3.69e+05
2019 10 26  0715   58782   26100    0        1.3      445.3     1.05e+05
2019 10 26  0716   58782   26160    0        2.8      555.0     1.55e+05
2019 10 26  0717   58782   26220    0        1.1      523.0     9.54e+04
2019 10 26  0718   58782   26280    0        1.9      560.0     1.61e+05
2019 10 26  0719   58782   26340    0        2.9      585.7     2.01e+05
2019 10 26  0720   58782   26400    0        2.2      567.9     1.63e+05
2019 10 26  0721   58782   26460    0        1.6      563.4     1.44e+05
2019 10 26  0722   58782   26520    0        1.7      550.8     1.46e+05
2019 10 26  0723   58782   26580    0        1.8      570.0     2.04e+05
2019 10 26  0724   58782   26640    0        1.7      587.0     2.21e+05
2019 10 26  0725   58782   26700    0        1.9      562.7     2.03e+05
2019 10 26  0726   58782   26760    0        1.9      584.1     2.53e+05
2019 10 26  0727   58782   26820    0        1.9      604.1     2.96e+05
2019 10 26  0728   58782   26880    0        2.0      588.3     2.46e+05
2019 10 26  0729   58782   26940    0        1.9      560.2     1.91e+05
2019 10 26  0730   58782   27000    0        2.5      600.8     2.81e+05
2019 10 26  0731   58782   27060    0        2.5      603.0     2.82e+05
2019 10 26  0732   58782   27120    0        2.0      566.7     1.90e+05
2019 10 26  0733   58782   27180    0        1.8      553.9     1.58e+05
2019 10 26  0734   58782   27240    0        2.1      608.7     2.57e+05
2019 10 26  0735   58782   27300    0        2.6      582.3     1.92e+05
2019 10 26  0736   58782   27360    0        1.6      523.9     9.17e+04
2019 10 26  0737   58782   27420    1        0.3      520.4     1.09e+05
2019 10 26  0738   58782   27480    0        0.9      569.7     1.98e+05
2019 10 26  0739   58782   27540    0        1.6      574.1     1.86e+05
2019 10 26  0740   58782   27600    0        1.3      618.6     2.17e+05
2019 10 26  0741   58782   27660    1        1.0      612.0     2.06e+05
2019 10 26  0742   58782   27720    0        0.5      569.6     1.95e+05
2019 10 26  0743   58782   27780    1        1.7      607.2     2.10e+05
2019 10 26  0744   58782   27840    0        2.7      577.7     1.74e+05
2019 10 26  0745   58782   27900    0        2.1      563.6     1.54e+05
2019 10 26  0746   58782   27960    0        1.2      582.9     1.40e+05
2019 10 26  0747   58782   28020    0        0.6      624.7     2.87e+05
2019 10 26  0748   58782   28080    0        0.4      604.5     2.64e+05
2019 10 26  0749   58782   28140    0        0.5      613.9     3.13e+05
2019 10 26  0750   58782   28200    0        0.4      588.7     2.48e+05
2019 10 26  0751   58782   28260    1        0.3      587.1     1.85e+05
2019 10 26  0752   58782   28320    1        0.8      603.4     2.00e+05
2019 10 26  0753   58782   28380    0        1.3      587.1     1.99e+05
2019 10 26  0754   58782   28440    0        1.3      576.9     1.89e+05
2019 10 26  0755   58782   28500    0        1.4      601.9     2.41e+05
2019 10 26  0756   58782   28560    0        1.6      608.5     2.89e+05
2019 10 26  0757   58782   28620    0        1.6      568.5     1.70e+05
2019 10 26  0758   58782   28680    0        2.1      607.3     2.45e+05
2019 10 26  0759   58782   28740    0        2.0      582.7     1.80e+05
2019 10 26  0800   58782   28800    0        1.5      589.4     2.11e+05
2019 10 26  0801   58782   28860    0        1.9      601.6     2.30e+05
2019 10 26  0802   58782   28920    0        1.7      577.9     1.71e+05
2019 10 26  0803   58782   28980    0        2.0      602.2     2.15e+05
2019 10 26  0804   58782   29040    0        2.0      615.7     2.37e+05
2019 10 26  0805   58782   29100    0        2.0      599.8     2.09e+05
2019 10 26  0806   58782   29160    0        2.0      590.6     1.94e+05
2019 10 26  0807   58782   29220    0        2.2      615.7     2.77e+05
2019 10 26  0808   58782   29280    0        2.1      605.5     2.43e+05
2019 10 26  0809   58782   29340    0        2.1      585.8     1.90e+05
2019 10 26  0810   58782   29400    0        2.1      581.3     1.83e+05
2019 10 26  0811   58782   29460    0        2.2      594.6     2.05e+05
2019 10 26  0812   58782   29520    0        2.3      589.5     1.95e+05
2019 10 26  0813   58782   29580    0        2.7      594.4     2.07e+05
2019 10 26  0814   58782   29640    0        2.6      602.4     2.21e+05
2019 10 26  0815   58782   29700    0        2.2      577.1     1.32e+05
2019 10 26  0816   58782   29760    0        3.0      585.1     2.40e+05
2019 10 26  0817   58782   29820    0        2.7      581.5     1.86e+05
2019 10 26  0818   58782   29880    0        3.1      589.4     1.91e+05
2019 10 26  0819   58782   29940    0        3.0      593.7     1.91e+05
2019 10 26  0820   58782   30000    0        3.0      576.4     1.64e+05
2019 10 26  0821   58782   30060    0        2.9      586.7     1.84e+05
2019 10 26  0822   58782   30120    0        3.0      590.9     1.91e+05
2019 10 26  0823   58782   30180    0        3.1      584.6     1.81e+05
2019 10 26  0824   58782   30240    0        2.7      579.0     1.62e+05
2019 10 26  0825   58782   30300    0        2.4      578.7     1.52e+05
2019 10 26  0826   58782   30360    0        2.4      588.2     1.74e+05
2019 10 26  0827   58782   30420    0        2.8      592.7     1.94e+05
2019 10 26  0828   58782   30480    0        3.1      578.0     2.23e+05
2019 10 26  0829   58782   30540    0        3.2      595.8     3.21e+05
2019 10 26  0830   58782   30600    0        2.4      581.1     1.58e+05
2019 10 26  0831   58782   30660    0        2.5      569.0     1.32e+05
2019 10 26  0832   58782   30720    0        2.4      576.4     1.74e+05
2019 10 26  0833   58782   30780    0        2.5      575.9     2.00e+05
2019 10 26  0834   58782   30840    0        2.0      580.7     2.05e+05
2019 10 26  0835   58782   30900    0        1.9      581.2     1.87e+05
2019 10 26  0836   58782   30960    0        1.9      583.4     1.68e+05
2019 10 26  0837   58782   31020    0        2.0      582.6     1.49e+05
2019 10 26  0838   58782   31080    0        2.3      583.0     1.48e+05
2019 10 26  0839   58782   31140    0        2.5      583.8     1.51e+05
2019 10 26  0840   58782   31200    0        1.6      575.6     1.47e+05
2019 10 26  0841   58782   31260    0        1.7      576.1     1.40e+05
2019 10 26  0842   58782   31320    0        1.8      574.7     1.27e+05
2019 10 26  0843   58782   31380    0        1.8      562.4     1.15e+05
2019 10 26  0844   58782   31440    0        1.7      551.4     1.18e+05
2019 10 26  0845   58782   31500    0        1.7      593.4     1.80e+05
2019 10 26  0846   58782   31560    0        2.3      591.7     1.63e+05
2019 10 26  0847   58782   31620    0        2.3      584.2     1.54e+05
2019 10 26  0848   58782   31680    0        2.3      592.0     1.66e+05
2019 10 26  0849   58782   31740    0        2.2      590.6     1.71e+05
2019 10 26  0850   58782   31800    0        2.2      567.8     1.32e+05
2019 10 26  0851   58782   31860    0        2.5      587.5     1.26e+05
2019 10 26  0852   58782   31920    0        1.0      589.0     2.18e+05
2019 10 26  0853   58782   31980    1        0.8      562.5     1.90e+05
2019 10 26  0854   58782   32040    0        0.8      596.9     2.52e+05
2019 10 26  0855   58782   32100    0        0.6      606.6     3.10e+05
2019 10 26  0856   58782   32160    0        0.5      591.9     2.94e+05
2019 10 26  0857   58782   32220    0        0.5      605.8     3.10e+05
2019 10 26  0858   58782   32280    0        0.5      608.1     3.17e+05
2019 10 26  0859   58782   32340    0        0.9      583.1     2.28e+05
