:Data_list: 20190605_ace_sis_5m.txt
:Created: 2019 Jun 06 0011 UT
# Prepared by the U.S. Dept. of Commerce, NOAA, Space Weather Prediction Center
# Please send comments and suggestions to SWPC.Webmaster@noaa.gov 
# 
# Units: proton flux p/cs2-sec-ster
# Status(S): 0 = nominal data, 1 to 8 = bad data record, 9 = no data
# Missing data values: -1.00e+05
# Source: ACE Satellite - Solar Isotope Spectrometer
#
# 5-minute averaged Real-time Integral Flux of High-energy Solar Protons
# 
#                 Modified Seconds
# UT Date   Time   Julian  of the      ---- Integral Proton Flux ----
# YR MO DA  HHMM     Day     Day       S    > 10 MeV    S    > 30 MeV
#--------------------------------------------------------------------
2019 06 05  0000    58639       0      0    2.21e+00    0    1.55e+00
2019 06 05  0005    58639     300      0    2.22e+00    0    1.54e+00
2019 06 05  0010    58639     600      0    2.30e+00    0    1.60e+00
2019 06 05  0015    58639     900      0    2.30e+00    0    1.60e+00
2019 06 05  0020    58639    1200      0    2.30e+00    0    1.59e+00
2019 06 05  0025    58639    1500      0    2.29e+00    0    1.61e+00
2019 06 05  0030    58639    1800      0    2.28e+00    0    1.60e+00
2019 06 05  0035    58639    2100      0    2.26e+00    0    1.55e+00
2019 06 05  0040    58639    2400      0    2.30e+00    0    1.62e+00
2019 06 05  0045    58639    2700      0    2.30e+00    0    1.63e+00
2019 06 05  0050    58639    3000      0    2.30e+00    0    1.60e+00
2019 06 05  0055    58639    3300      0    2.38e+00    0    1.66e+00
2019 06 05  0100    58639    3600      0    2.31e+00    0    1.63e+00
2019 06 05  0105    58639    3900      0    2.29e+00    0    1.60e+00
2019 06 05  0110    58639    4200      0    2.26e+00    0    1.58e+00
2019 06 05  0115    58639    4500      0    2.24e+00    0    1.57e+00
2019 06 05  0120    58639    4800      0    2.33e+00    0    1.62e+00
2019 06 05  0125    58639    5100      0    2.34e+00    0    1.63e+00
2019 06 05  0130    58639    5400      0    2.32e+00    0    1.62e+00
2019 06 05  0135    58639    5700      0    2.29e+00    0    1.62e+00
2019 06 05  0140    58639    6000      0    2.25e+00    0    1.58e+00
2019 06 05  0145    58639    6300      0    2.27e+00    0    1.60e+00
2019 06 05  0150    58639    6600      0    2.24e+00    0    1.57e+00
2019 06 05  0155    58639    6900      0    2.33e+00    0    1.64e+00
2019 06 05  0200    58639    7200      0    2.33e+00    0    1.63e+00
2019 06 05  0205    58639    7500      0    2.22e+00    0    1.55e+00
2019 06 05  0210    58639    7800      0    2.24e+00    0    1.57e+00
2019 06 05  0215    58639    8100      0    2.18e+00    0    1.52e+00
2019 06 05  0220    58639    8400      0    2.26e+00    0    1.59e+00
2019 06 05  0225    58639    8700      0    2.28e+00    0    1.60e+00
2019 06 05  0230    58639    9000      0    2.34e+00    0    1.65e+00
2019 06 05  0235    58639    9300      0    2.32e+00    0    1.61e+00
2019 06 05  0240    58639    9600      0    2.36e+00    0    1.66e+00
2019 06 05  0245    58639    9900      0    2.30e+00    0    1.63e+00
2019 06 05  0250    58639   10200      0    2.30e+00    0    1.61e+00
2019 06 05  0255    58639   10500      0    2.34e+00    0    1.64e+00
2019 06 05  0300    58639   10800      0    2.34e+00    0    1.63e+00
2019 06 05  0305    58639   11100      0    2.32e+00    0    1.62e+00
2019 06 05  0310    58639   11400      0    2.38e+00    0    1.68e+00
2019 06 05  0315    58639   11700      0    2.32e+00    0    1.62e+00
2019 06 05  0320    58639   12000      0    2.26e+00    0    1.57e+00
2019 06 05  0325    58639   12300      0    2.28e+00    0    1.59e+00
2019 06 05  0330    58639   12600      0    2.30e+00    0    1.61e+00
2019 06 05  0335    58639   12900      0    2.32e+00    0    1.65e+00
2019 06 05  0340    58639   13200      0    2.33e+00    0    1.63e+00
2019 06 05  0345    58639   13500      0    2.32e+00    0    1.62e+00
2019 06 05  0350    58639   13800      0    2.31e+00    0    1.62e+00
2019 06 05  0355    58639   14100      0    2.36e+00    0    1.68e+00
2019 06 05  0400    58639   14400      0    2.36e+00    0    1.66e+00
2019 06 05  0405    58639   14700      0    2.33e+00    0    1.63e+00
2019 06 05  0410    58639   15000      0    2.35e+00    0    1.64e+00
2019 06 05  0415    58639   15300      0    2.32e+00    0    1.61e+00
2019 06 05  0420    58639   15600      0    2.37e+00    0    1.66e+00
2019 06 05  0425    58639   15900      0    2.34e+00    0    1.62e+00
2019 06 05  0430    58639   16200      0    2.28e+00    0    1.60e+00
2019 06 05  0435    58639   16500      0    2.30e+00    0    1.61e+00
2019 06 05  0440    58639   16800      0    2.27e+00    0    1.58e+00
2019 06 05  0445    58639   17100      0    2.38e+00    0    1.67e+00
2019 06 05  0450    58639   17400      0    2.33e+00    0    1.63e+00
2019 06 05  0455    58639   17700      0    2.38e+00    0    1.68e+00
2019 06 05  0500    58639   18000      0    2.36e+00    0    1.65e+00
2019 06 05  0505    58639   18300      0    2.33e+00    0    1.64e+00
2019 06 05  0510    58639   18600      0    2.36e+00    0    1.64e+00
2019 06 05  0515    58639   18900      0    2.32e+00    0    1.62e+00
2019 06 05  0520    58639   19200      0    2.31e+00    0    1.60e+00
2019 06 05  0525    58639   19500      0    2.30e+00    0    1.60e+00
2019 06 05  0530    58639   19800      0    2.31e+00    0    1.61e+00
2019 06 05  0535    58639   20100      0    2.34e+00    0    1.65e+00
2019 06 05  0540    58639   20400      0    2.32e+00    0    1.63e+00
2019 06 05  0545    58639   20700      0    2.29e+00    0    1.61e+00
2019 06 05  0550    58639   21000      0    2.32e+00    0    1.62e+00
2019 06 05  0555    58639   21300      0    2.33e+00    0    1.62e+00
2019 06 05  0600    58639   21600      0    2.37e+00    0    1.66e+00
2019 06 05  0605    58639   21900      0    2.32e+00    0    1.63e+00
2019 06 05  0610    58639   22200      0    2.28e+00    0    1.59e+00
2019 06 05  0615    58639   22500      0    2.31e+00    0    1.62e+00
2019 06 05  0620    58639   22800      0    2.34e+00    0    1.64e+00
2019 06 05  0625    58639   23100      0    2.33e+00    0    1.64e+00
2019 06 05  0630    58639   23400      0    2.35e+00    0    1.65e+00
2019 06 05  0635    58639   23700      0    2.36e+00    0    1.66e+00
2019 06 05  0640    58639   24000      0    2.31e+00    0    1.62e+00
2019 06 05  0645    58639   24300      0    2.26e+00    0    1.57e+00
2019 06 05  0650    58639   24600      0    2.25e+00    0    1.57e+00
2019 06 05  0655    58639   24900      0    2.30e+00    0    1.61e+00
2019 06 05  0700    58639   25200      0    2.28e+00    0    1.59e+00
2019 06 05  0705    58639   25500      0    2.35e+00    0    1.67e+00
2019 06 05  0710    58639   25800      0    2.34e+00    0    1.63e+00
2019 06 05  0715    58639   26100      0    2.32e+00    0    1.61e+00
2019 06 05  0720    58639   26400      0    2.29e+00    0    1.60e+00
2019 06 05  0725    58639   26700      0    2.30e+00    0    1.61e+00
2019 06 05  0730    58639   27000      0    2.38e+00    0    1.67e+00
2019 06 05  0735    58639   27300      0    2.37e+00    0    1.66e+00
2019 06 05  0740    58639   27600      0    2.32e+00    0    1.61e+00
2019 06 05  0745    58639   27900      0    2.37e+00    0    1.66e+00
2019 06 05  0750    58639   28200      0    2.30e+00    0    1.60e+00
2019 06 05  0755    58639   28500      0    2.24e+00    0    1.56e+00
2019 06 05  0800    58639   28800      0    2.26e+00    0    1.58e+00
2019 06 05  0805    58639   29100      0    2.32e+00    0    1.62e+00
2019 06 05  0810    58639   29400      0    2.31e+00    0    1.61e+00
2019 06 05  0815    58639   29700      0    2.36e+00    0    1.65e+00
2019 06 05  0820    58639   30000      0    2.37e+00    0    1.66e+00
2019 06 05  0825    58639   30300      0    2.33e+00    0    1.62e+00
2019 06 05  0830    58639   30600      0    2.26e+00    0    1.59e+00
2019 06 05  0835    58639   30900      0    2.29e+00    0    1.60e+00
2019 06 05  0840    58639   31200      0    2.37e+00    0    1.66e+00
2019 06 05  0845    58639   31500      0    2.37e+00    0    1.66e+00
2019 06 05  0850    58639   31800      0    2.32e+00    0    1.61e+00
2019 06 05  0855    58639   32100      0    2.35e+00    0    1.64e+00
2019 06 05  0900    58639   32400      0    2.26e+00    0    1.58e+00
2019 06 05  0905    58639   32700      0    2.26e+00    0    1.58e+00
2019 06 05  0910    58639   33000      0    2.28e+00    0    1.59e+00
2019 06 05  0915    58639   33300      0    2.30e+00    0    1.62e+00
2019 06 05  0920    58639   33600      0    2.32e+00    0    1.62e+00
2019 06 05  0925    58639   33900      0    2.35e+00    0    1.63e+00
2019 06 05  0930    58639   34200      0    2.34e+00    0    1.65e+00
2019 06 05  0935    58639   34500      0    2.30e+00    0    1.62e+00
2019 06 05  0940    58639   34800      0    2.35e+00    0    1.64e+00
2019 06 05  0945    58639   35100      0    2.34e+00    0    1.64e+00
2019 06 05  0950    58639   35400      0    2.35e+00    0    1.65e+00
2019 06 05  0955    58639   35700      0    2.35e+00    0    1.66e+00
2019 06 05  1000    58639   36000      0    2.35e+00    0    1.64e+00
2019 06 05  1005    58639   36300      0    2.37e+00    0    1.67e+00
2019 06 05  1010    58639   36600      0    2.30e+00    0    1.61e+00
2019 06 05  1015    58639   36900      0    2.31e+00    0    1.62e+00
2019 06 05  1020    58639   37200      0    2.32e+00    0    1.63e+00
2019 06 05  1025    58639   37500      0    2.39e+00    0    1.67e+00
2019 06 05  1030    58639   37800      0    2.35e+00    0    1.64e+00
2019 06 05  1035    58639   38100      0    2.32e+00    0    1.63e+00
2019 06 05  1040    58639   38400      0    2.31e+00    0    1.61e+00
2019 06 05  1045    58639   38700      0    2.28e+00    0    1.59e+00
2019 06 05  1050    58639   39000      0    2.29e+00    0    1.59e+00
2019 06 05  1055    58639   39300      0    2.34e+00    0    1.65e+00
2019 06 05  1100    58639   39600      0    2.36e+00    0    1.65e+00
2019 06 05  1105    58639   39900      0    2.36e+00    0    1.65e+00
2019 06 05  1110    58639   40200      0    2.34e+00    0    1.65e+00
2019 06 05  1115    58639   40500      0    2.32e+00    0    1.62e+00
2019 06 05  1120    58639   40800      0    2.27e+00    0    1.59e+00
2019 06 05  1125    58639   41100      0    2.26e+00    0    1.58e+00
2019 06 05  1130    58639   41400      0    2.31e+00    0    1.62e+00
2019 06 05  1135    58639   41700      0    2.34e+00    0    1.64e+00
2019 06 05  1140    58639   42000      0    2.33e+00    0    1.62e+00
2019 06 05  1145    58639   42300      0    2.35e+00    0    1.63e+00
2019 06 05  1150    58639   42600      0    2.26e+00    0    1.58e+00
2019 06 05  1155    58639   42900      0    2.33e+00    0    1.64e+00
2019 06 05  1200    58639   43200      0    2.36e+00    0    1.65e+00
2019 06 05  1205    58639   43500      0    2.38e+00    0    1.67e+00
2019 06 05  1210    58639   43800      0    2.40e+00    0    1.68e+00
2019 06 05  1215    58639   44100      0    2.37e+00    0    1.65e+00
2019 06 05  1220    58639   44400      0    2.36e+00    0    1.64e+00
2019 06 05  1225    58639   44700      0    2.27e+00    0    1.59e+00
2019 06 05  1230    58639   45000      0    2.33e+00    0    1.63e+00
2019 06 05  1235    58639   45300      0    2.37e+00    0    1.66e+00
2019 06 05  1240    58639   45600      0    2.29e+00    0    1.60e+00
2019 06 05  1245    58639   45900      0    2.32e+00    0    1.65e+00
2019 06 05  1250    58639   46200      0    2.33e+00    0    1.63e+00
2019 06 05  1255    58639   46500      0    2.34e+00    0    1.64e+00
2019 06 05  1300    58639   46800      0    2.24e+00    0    1.58e+00
2019 06 05  1305    58639   47100      0    2.26e+00    0    1.60e+00
2019 06 05  1310    58639   47400      0    2.30e+00    0    1.60e+00
2019 06 05  1315    58639   47700      0    2.35e+00    0    1.64e+00
2019 06 05  1320    58639   48000      0    2.31e+00    0    1.60e+00
2019 06 05  1325    58639   48300      0    2.41e+00    0    1.68e+00
2019 06 05  1330    58639   48600      0    2.32e+00    0    1.62e+00
2019 06 05  1335    58639   48900      0    2.22e+00    0    1.51e+00
2019 06 05  1340    58639   49200      9   -1.00e+05    9   -1.00e+05
2019 06 05  1345    58639   49500      0    2.32e+00    0    1.63e+00
2019 06 05  1350    58639   49800      0    2.24e+00    0    1.57e+00
2019 06 05  1355    58639   50100      0    2.43e+00    0    1.67e+00
2019 06 05  1400    58639   50400      0    2.40e+00    0    1.68e+00
2019 06 05  1405    58639   50700      0    2.39e+00    0    1.70e+00
2019 06 05  1410    58639   51000      0    2.37e+00    0    1.66e+00
2019 06 05  1415    58639   51300      0    2.46e+00    0    1.70e+00
2019 06 05  1420    58639   51600      0    2.35e+00    0    1.68e+00
2019 06 05  1425    58639   51900      0    2.34e+00    0    1.62e+00
2019 06 05  1430    58639   52200      0    2.18e+00    0    1.52e+00
2019 06 05  1435    58639   52500      9   -1.00e+05    9   -1.00e+05
2019 06 05  1440    58639   52800      0    2.28e+00    0    1.58e+00
2019 06 05  1445    58639   53100      0    2.24e+00    0    1.55e+00
2019 06 05  1450    58639   53400      0    2.29e+00    0    1.59e+00
2019 06 05  1455    58639   53700      0    2.28e+00    0    1.59e+00
2019 06 05  1500    58639   54000      0    2.26e+00    0    1.60e+00
2019 06 05  1505    58639   54300      0    2.35e+00    0    1.63e+00
2019 06 05  1510    58639   54600      0    2.39e+00    0    1.69e+00
2019 06 05  1515    58639   54900      0    2.27e+00    0    1.58e+00
2019 06 05  1520    58639   55200      0    2.30e+00    0    1.56e+00
2019 06 05  1525    58639   55500      0    2.29e+00    0    1.61e+00
2019 06 05  1530    58639   55800      0    2.33e+00    0    1.64e+00
2019 06 05  1535    58639   56100      0    2.35e+00    0    1.62e+00
2019 06 05  1540    58639   56400      0    2.27e+00    0    1.56e+00
2019 06 05  1545    58639   56700      9   -1.00e+05    9   -1.00e+05
2019 06 05  1550    58639   57000      0    2.22e+00    0    1.52e+00
2019 06 05  1555    58639   57300      0    2.31e+00    0    1.63e+00
2019 06 05  1600    58639   57600      0    2.36e+00    0    1.69e+00
2019 06 05  1605    58639   57900      0    2.18e+00    0    1.56e+00
2019 06 05  1610    58639   58200      0    2.27e+00    0    1.59e+00
2019 06 05  1615    58639   58500      0    2.42e+00    0    1.70e+00
2019 06 05  1620    58639   58800      0    2.24e+00    0    1.57e+00
2019 06 05  1625    58639   59100      0    2.26e+00    0    1.61e+00
2019 06 05  1630    58639   59400      0    2.41e+00    0    1.70e+00
2019 06 05  1635    58639   59700      0    2.34e+00    0    1.63e+00
2019 06 05  1640    58639   60000      0    2.33e+00    0    1.62e+00
2019 06 05  1645    58639   60300      0    2.34e+00    0    1.63e+00
2019 06 05  1650    58639   60600      0    2.34e+00    0    1.64e+00
2019 06 05  1655    58639   60900      0    2.34e+00    0    1.63e+00
2019 06 05  1700    58639   61200      0    2.27e+00    0    1.59e+00
2019 06 05  1705    58639   61500      0    2.25e+00    0    1.57e+00
2019 06 05  1710    58639   61800      0    2.34e+00    0    1.64e+00
2019 06 05  1715    58639   62100      0    2.35e+00    0    1.66e+00
2019 06 05  1720    58639   62400      0    2.33e+00    0    1.63e+00
2019 06 05  1725    58639   62700      0    2.34e+00    0    1.63e+00
2019 06 05  1730    58639   63000      0    2.32e+00    0    1.61e+00
2019 06 05  1735    58639   63300      0    2.26e+00    0    1.58e+00
2019 06 05  1740    58639   63600      0    2.30e+00    0    1.63e+00
2019 06 05  1745    58639   63900      0    2.35e+00    0    1.64e+00
2019 06 05  1750    58639   64200      0    2.33e+00    0    1.62e+00
2019 06 05  1755    58639   64500      0    2.38e+00    0    1.68e+00
2019 06 05  1800    58639   64800      0    2.32e+00    0    1.62e+00
2019 06 05  1805    58639   65100      0    2.29e+00    0    1.59e+00
2019 06 05  1810    58639   65400      0    2.25e+00    0    1.59e+00
2019 06 05  1815    58639   65700      0    2.24e+00    0    1.57e+00
2019 06 05  1820    58639   66000      0    2.34e+00    0    1.62e+00
2019 06 05  1825    58639   66300      0    2.38e+00    0    1.68e+00
2019 06 05  1830    58639   66600      0    2.31e+00    0    1.62e+00
2019 06 05  1835    58639   66900      0    2.34e+00    0    1.65e+00
2019 06 05  1840    58639   67200      0    2.34e+00    0    1.63e+00
2019 06 05  1845    58639   67500      0    2.19e+00    0    1.54e+00
2019 06 05  1850    58639   67800      0    2.35e+00    0    1.64e+00
2019 06 05  1855    58639   68100      0    2.36e+00    0    1.68e+00
2019 06 05  1900    58639   68400      0    2.35e+00    0    1.65e+00
2019 06 05  1905    58639   68700      0    2.36e+00    0    1.66e+00
2019 06 05  1910    58639   69000      0    2.38e+00    0    1.66e+00
2019 06 05  1915    58639   69300      0    2.25e+00    0    1.57e+00
2019 06 05  1920    58639   69600      0    2.26e+00    0    1.59e+00
2019 06 05  1925    58639   69900      0    2.29e+00    0    1.61e+00
2019 06 05  1930    58639   70200      0    2.32e+00    0    1.63e+00
2019 06 05  1935    58639   70500      0    2.33e+00    0    1.63e+00
2019 06 05  1940    58639   70800      0    2.38e+00    0    1.65e+00
2019 06 05  1945    58639   71100      0    2.30e+00    0    1.60e+00
2019 06 05  1950    58639   71400      0    2.25e+00    0    1.56e+00
2019 06 05  1955    58639   71700      0    2.31e+00    0    1.62e+00
2019 06 05  2000    58639   72000      0    2.31e+00    0    1.61e+00
2019 06 05  2005    58639   72300      0    2.32e+00    0    1.62e+00
2019 06 05  2010    58639   72600      0    2.34e+00    0    1.63e+00
2019 06 05  2015    58639   72900      0    2.37e+00    0    1.67e+00
2019 06 05  2020    58639   73200      0    2.31e+00    0    1.62e+00
2019 06 05  2025    58639   73500      0    2.30e+00    0    1.61e+00
2019 06 05  2030    58639   73800      0    2.29e+00    0    1.61e+00
2019 06 05  2035    58639   74100      0    2.29e+00    0    1.60e+00
2019 06 05  2040    58639   74400      0    2.28e+00    0    1.60e+00
2019 06 05  2045    58639   74700      0    2.36e+00    0    1.65e+00
2019 06 05  2050    58639   75000      0    2.36e+00    0    1.65e+00
2019 06 05  2055    58639   75300      0    2.36e+00    0    1.66e+00
2019 06 05  2100    58639   75600      0    2.31e+00    0    1.63e+00
2019 06 05  2105    58639   75900      0    2.27e+00    0    1.60e+00
2019 06 05  2110    58639   76200      0    2.37e+00    0    1.64e+00
2019 06 05  2115    58639   76500      0    2.33e+00    0    1.63e+00
2019 06 05  2120    58639   76800      0    2.33e+00    0    1.63e+00
2019 06 05  2125    58639   77100      0    2.33e+00    0    1.63e+00
2019 06 05  2130    58639   77400      0    2.37e+00    0    1.66e+00
2019 06 05  2135    58639   77700      0    2.29e+00    0    1.61e+00
2019 06 05  2140    58639   78000      0    2.26e+00    0    1.59e+00
2019 06 05  2145    58639   78300      0    2.31e+00    0    1.62e+00
2019 06 05  2150    58639   78600      0    2.33e+00    0    1.63e+00
2019 06 05  2155    58639   78900      0    2.36e+00    0    1.64e+00
2019 06 05  2200    58639   79200      0    2.38e+00    0    1.66e+00
2019 06 05  2205    58639   79500      0    2.31e+00    0    1.62e+00
2019 06 05  2210    58639   79800      0    2.31e+00    0    1.62e+00
2019 06 05  2215    58639   80100      0    2.28e+00    0    1.60e+00
2019 06 05  2220    58639   80400      0    2.36e+00    0    1.65e+00
2019 06 05  2225    58639   80700      0    2.33e+00    0    1.65e+00
2019 06 05  2230    58639   81000      0    2.34e+00    0    1.64e+00
2019 06 05  2235    58639   81300      0    2.38e+00    0    1.66e+00
2019 06 05  2240    58639   81600      0    2.25e+00    0    1.58e+00
2019 06 05  2245    58639   81900      0    2.24e+00    0    1.56e+00
2019 06 05  2250    58639   82200      0    2.30e+00    0    1.62e+00
2019 06 05  2255    58639   82500      0    2.30e+00    0    1.59e+00
2019 06 05  2300    58639   82800      0    2.29e+00    0    1.61e+00
2019 06 05  2305    58639   83100      0    2.33e+00    0    1.63e+00
2019 06 05  2310    58639   83400      0    2.37e+00    0    1.67e+00
2019 06 05  2315    58639   83700      0    2.29e+00    0    1.58e+00
2019 06 05  2320    58639   84000      0    2.33e+00    0    1.61e+00
2019 06 05  2325    58639   84300      0    2.32e+00    0    1.62e+00
2019 06 05  2330    58639   84600      0    2.33e+00    0    1.63e+00
2019 06 05  2335    58639   84900      0    2.31e+00    0    1.61e+00
2019 06 05  2340    58639   85200      0    2.36e+00    0    1.66e+00
2019 06 05  2345    58639   85500      0    2.33e+00    0    1.63e+00
2019 06 05  2350    58639   85800      0    2.26e+00    0    1.60e+00
2019 06 05  2355    58639   86100      0    2.30e+00    0    1.60e+00
