:Data_list: 20190909_ace_sis_5m.txt
:Created: 2019 Sep 09 0901 UT
# Prepared by the U.S. Dept. of Commerce, NOAA, Space Weather Prediction Center
# Please send comments and suggestions to SWPC.Webmaster@noaa.gov 
# 
# Units: proton flux p/cs2-sec-ster
# Status(S): 0 = nominal data, 1 to 8 = bad data record, 9 = no data
# Missing data values: -1.00e+05
# Source: ACE Satellite - Solar Isotope Spectrometer
#
# 5-minute averaged Real-time Integral Flux of High-energy Solar Protons
# 
#                 Modified Seconds
# UT Date   Time   Julian  of the      ---- Integral Proton Flux ----
# YR MO DA  HHMM     Day     Day       S    > 10 MeV    S    > 30 MeV
#--------------------------------------------------------------------
2019 09 09  0000    58735       0      0    2.33e+00    0    1.63e+00
2019 09 09  0005    58735     300      0    2.35e+00    0    1.64e+00
2019 09 09  0010    58735     600      0    2.33e+00    0    1.64e+00
2019 09 09  0015    58735     900      0    2.39e+00    0    1.68e+00
2019 09 09  0020    58735    1200      0    2.22e+00    0    1.55e+00
2019 09 09  0025    58735    1500      0    2.38e+00    0    1.67e+00
2019 09 09  0030    58735    1800      0    2.27e+00    0    1.59e+00
2019 09 09  0035    58735    2100      0    2.31e+00    0    1.63e+00
2019 09 09  0040    58735    2400      0    2.37e+00    0    1.68e+00
2019 09 09  0045    58735    2700      0    2.33e+00    0    1.64e+00
2019 09 09  0050    58735    3000      0    2.33e+00    0    1.62e+00
2019 09 09  0055    58735    3300      0    2.37e+00    0    1.66e+00
2019 09 09  0100    58735    3600      0    2.31e+00    0    1.63e+00
2019 09 09  0105    58735    3900      0    2.31e+00    0    1.64e+00
2019 09 09  0110    58735    4200      0    2.32e+00    0    1.62e+00
2019 09 09  0115    58735    4500      0    2.37e+00    0    1.67e+00
2019 09 09  0120    58735    4800      0    2.34e+00    0    1.64e+00
2019 09 09  0125    58735    5100      0    2.39e+00    0    1.66e+00
2019 09 09  0130    58735    5400      0    2.35e+00    0    1.64e+00
2019 09 09  0135    58735    5700      0    2.30e+00    0    1.62e+00
2019 09 09  0140    58735    6000      0    2.30e+00    0    1.61e+00
2019 09 09  0145    58735    6300      0    2.33e+00    0    1.63e+00
2019 09 09  0150    58735    6600      0    2.44e+00    0    1.69e+00
2019 09 09  0155    58735    6900      0    2.38e+00    0    1.66e+00
2019 09 09  0200    58735    7200      0    2.39e+00    0    1.66e+00
2019 09 09  0205    58735    7500      0    2.41e+00    0    1.71e+00
2019 09 09  0210    58735    7800      0    2.31e+00    0    1.60e+00
2019 09 09  0215    58735    8100      0    2.31e+00    0    1.62e+00
2019 09 09  0220    58735    8400      0    2.35e+00    0    1.64e+00
2019 09 09  0225    58735    8700      0    2.30e+00    0    1.62e+00
2019 09 09  0230    58735    9000      0    2.34e+00    0    1.64e+00
2019 09 09  0235    58735    9300      0    2.39e+00    0    1.66e+00
2019 09 09  0240    58735    9600      0    2.38e+00    0    1.66e+00
2019 09 09  0245    58735    9900      0    2.35e+00    0    1.64e+00
2019 09 09  0250    58735   10200      0    2.24e+00    0    1.56e+00
2019 09 09  0255    58735   10500      0    2.33e+00    0    1.63e+00
2019 09 09  0300    58735   10800      0    2.36e+00    0    1.65e+00
2019 09 09  0305    58735   11100      0    2.34e+00    0    1.63e+00
2019 09 09  0310    58735   11400      0    2.35e+00    0    1.64e+00
2019 09 09  0315    58735   11700      0    2.34e+00    0    1.67e+00
2019 09 09  0320    58735   12000      0    2.27e+00    0    1.60e+00
2019 09 09  0325    58735   12300      0    2.33e+00    0    1.63e+00
2019 09 09  0330    58735   12600      0    2.33e+00    0    1.63e+00
2019 09 09  0335    58735   12900      0    2.34e+00    0    1.65e+00
2019 09 09  0340    58735   13200      0    2.39e+00    0    1.69e+00
2019 09 09  0345    58735   13500      0    2.37e+00    0    1.65e+00
2019 09 09  0350    58735   13800      0    2.35e+00    0    1.67e+00
2019 09 09  0355    58735   14100      0    2.28e+00    0    1.60e+00
2019 09 09  0400    58735   14400      0    2.32e+00    0    1.62e+00
2019 09 09  0405    58735   14700      0    2.39e+00    0    1.68e+00
2019 09 09  0410    58735   15000      0    2.39e+00    0    1.68e+00
2019 09 09  0415    58735   15300      0    2.37e+00    0    1.67e+00
2019 09 09  0420    58735   15600      0    2.36e+00    0    1.67e+00
2019 09 09  0425    58735   15900      0    2.33e+00    0    1.65e+00
2019 09 09  0430    58735   16200      0    2.29e+00    0    1.61e+00
2019 09 09  0435    58735   16500      0    2.33e+00    0    1.65e+00
2019 09 09  0440    58735   16800      0    2.37e+00    0    1.66e+00
2019 09 09  0445    58735   17100      0    2.37e+00    0    1.65e+00
2019 09 09  0450    58735   17400      0    2.36e+00    0    1.66e+00
2019 09 09  0455    58735   17700      0    2.36e+00    0    1.66e+00
2019 09 09  0500    58735   18000      0    2.34e+00    0    1.63e+00
2019 09 09  0505    58735   18300      0    2.31e+00    0    1.62e+00
2019 09 09  0510    58735   18600      0    2.39e+00    0    1.69e+00
2019 09 09  0515    58735   18900      0    2.36e+00    0    1.64e+00
2019 09 09  0520    58735   19200      0    2.41e+00    0    1.70e+00
2019 09 09  0525    58735   19500      0    2.39e+00    0    1.69e+00
2019 09 09  0530    58735   19800      0    2.38e+00    0    1.67e+00
2019 09 09  0535    58735   20100      0    2.31e+00    0    1.62e+00
2019 09 09  0540    58735   20400      0    2.29e+00    0    1.62e+00
2019 09 09  0545    58735   20700      0    2.39e+00    0    1.68e+00
2019 09 09  0550    58735   21000      0    2.39e+00    0    1.68e+00
2019 09 09  0555    58735   21300      0    2.35e+00    0    1.64e+00
2019 09 09  0600    58735   21600      0    2.36e+00    0    1.65e+00
2019 09 09  0605    58735   21900      0    2.36e+00    0    1.65e+00
2019 09 09  0610    58735   22200      0    2.29e+00    0    1.62e+00
2019 09 09  0615    58735   22500      0    2.29e+00    0    1.60e+00
2019 09 09  0620    58735   22800      0    2.34e+00    0    1.64e+00
2019 09 09  0625    58735   23100      0    2.34e+00    0    1.64e+00
2019 09 09  0630    58735   23400      0    2.34e+00    0    1.63e+00
2019 09 09  0635    58735   23700      0    2.38e+00    0    1.68e+00
2019 09 09  0640    58735   24000      0    2.33e+00    0    1.62e+00
2019 09 09  0645    58735   24300      0    2.28e+00    0    1.58e+00
2019 09 09  0650    58735   24600      0    2.36e+00    0    1.67e+00
2019 09 09  0655    58735   24900      0    2.39e+00    0    1.68e+00
2019 09 09  0700    58735   25200      0    2.36e+00    0    1.65e+00
2019 09 09  0705    58735   25500      0    2.36e+00    0    1.65e+00
2019 09 09  0710    58735   25800      0    2.37e+00    0    1.65e+00
2019 09 09  0715    58735   26100      0    2.35e+00    0    1.65e+00
2019 09 09  0720    58735   26400      0    2.27e+00    0    1.59e+00
2019 09 09  0725    58735   26700      0    2.36e+00    0    1.65e+00
2019 09 09  0730    58735   27000      0    2.38e+00    0    1.66e+00
2019 09 09  0735    58735   27300      0    2.40e+00    0    1.68e+00
2019 09 09  0740    58735   27600      0    2.41e+00    0    1.70e+00
2019 09 09  0745    58735   27900      0    2.39e+00    0    1.67e+00
2019 09 09  0750    58735   28200      0    2.31e+00    0    1.62e+00
2019 09 09  0755    58735   28500      0    2.30e+00    0    1.62e+00
2019 09 09  0800    58735   28800      0    2.33e+00    0    1.64e+00
2019 09 09  0805    58735   29100      0    2.34e+00    0    1.64e+00
2019 09 09  0810    58735   29400      0    2.39e+00    0    1.67e+00
2019 09 09  0815    58735   29700      0    2.31e+00    0    1.61e+00
2019 09 09  0820    58735   30000      0    2.35e+00    0    1.65e+00
2019 09 09  0825    58735   30300      0    2.32e+00    0    1.62e+00
2019 09 09  0830    58735   30600      0    2.25e+00    0    1.55e+00
2019 09 09  0835    58735   30900      0    2.32e+00    0    1.64e+00
2019 09 09  0840    58735   31200      0    2.33e+00    0    1.63e+00
2019 09 09  0845    58735   31500      0    2.34e+00    0    1.63e+00
2019 09 09  0850    58735   31800      0    2.35e+00    0    1.65e+00
2019 09 09  0855    58735   32100      0    2.38e+00    0    1.66e+00
