:Data_list: 20190910_ace_mag_1m.txt
:Created: 2019 Sep 10 0901 UT
# Prepared by the U.S. Dept. of Commerce, NOAA, Space Weather Prediction Center
# Please send comments and suggestions to SWPC.Webmaster@noaa.gov 
# 
# Magnetometer values are in GSM coordinates.
# 
# Units: Bx, By, Bz, Bt in nT
# Units: Latitude  degrees +/-  90.0
# Units: Longitude degrees 0.0 - 360.0
# Status(S): 0 = nominal data, 1 to 8 = bad data record, 9 = no data
# Missing data values: -999.9
# Source: ACE Satellite - Magnetometer
#
#              1-minute averaged Real-time Interplanetary Magnetic Field Values 
# 
#                 Modified Seconds
# UT Date   Time  Julian   of the   ----------------  GSM Coordinates ---------------
# YR MO DA  HHMM    Day      Day    S     Bx      By      Bz      Bt     Lat.   Long.
#------------------------------------------------------------------------------------
2019 09 10  0000   58736       0    0    -5.8     0.9    -0.3     5.8    -2.6   171.2
2019 09 10  0001   58736      60    0    -5.8     0.9    -0.2     5.9    -2.3   171.1
2019 09 10  0002   58736     120    0    -5.8     0.9    -0.3     5.9    -3.3   171.4
2019 09 10  0003   58736     180    0    -5.9     0.9    -0.4     6.0    -4.1   171.0
2019 09 10  0004   58736     240    0    -5.9     0.9    -0.1     5.9    -1.3   171.2
2019 09 10  0005   58736     300    0    -5.9     1.0    -0.0     5.9    -0.1   170.1
2019 09 10  0006   58736     360    0    -5.8     1.2    -0.0     6.0    -0.0   168.8
2019 09 10  0007   58736     420    0    -5.8     1.0    -0.2     5.9    -1.7   169.9
2019 09 10  0008   58736     480    0    -5.9     1.0    -0.3     6.0    -2.4   170.7
2019 09 10  0009   58736     540    0    -5.9     1.0    -0.2     6.0    -1.9   170.3
2019 09 10  0010   58736     600    0    -5.9     1.0    -0.0     6.0    -0.0   170.4
2019 09 10  0011   58736     660    0    -5.9     1.1     0.1     6.0     1.0   169.6
2019 09 10  0012   58736     720    0    -5.8     1.1     0.2     6.0     1.9   168.9
2019 09 10  0013   58736     780    0    -5.9     1.0     0.1     6.0     1.2   170.1
2019 09 10  0014   58736     840    0    -5.9     0.9    -0.0     6.0    -0.3   171.6
2019 09 10  0015   58736     900    0    -5.9     1.1     0.2     6.0     2.0   169.4
2019 09 10  0016   58736     960    0    -5.8     0.9     0.1     5.9     0.7   171.6
2019 09 10  0017   58736    1020    0    -5.8     0.8     0.1     5.9     1.2   172.0
2019 09 10  0018   58736    1080    0    -5.8     0.9     0.2     5.8     1.9   171.1
2019 09 10  0019   58736    1140    0    -5.9     0.8     0.2     5.9     1.5   171.9
2019 09 10  0020   58736    1200    0    -5.8     0.9    -0.1     5.9    -0.5   171.4
2019 09 10  0021   58736    1260    0    -5.9     0.8     0.0     5.9     0.4   172.7
2019 09 10  0022   58736    1320    0    -5.8     0.7     0.1     5.9     1.4   172.7
2019 09 10  0023   58736    1380    0    -5.9     0.7     0.2     6.0     2.1   173.0
2019 09 10  0024   58736    1440    0    -5.9     0.5     0.4     6.0     3.8   174.7
2019 09 10  0025   58736    1500    0    -5.9     0.5     0.5     6.0     4.7   174.9
2019 09 10  0026   58736    1560    0    -5.9     0.5     0.6     6.0     5.8   175.6
2019 09 10  0027   58736    1620    0    -5.9     0.4     0.6     5.9     6.0   175.9
2019 09 10  0028   58736    1680    0    -5.9     0.4     0.5     5.9     5.1   176.0
2019 09 10  0029   58736    1740    0    -5.9     0.3     0.5     5.9     4.9   177.5
2019 09 10  0030   58736    1800    0    -5.9     0.2     0.6     6.0     5.6   178.3
2019 09 10  0031   58736    1860    0    -5.9     0.4     0.7     5.9     6.9   176.2
2019 09 10  0032   58736    1920    0    -5.8     1.3     0.2     6.0     2.1   167.1
2019 09 10  0033   58736    1980    0    -5.8     1.2     0.2     6.0     1.6   168.3
2019 09 10  0034   58736    2040    0    -5.8     1.3     0.3     5.9     2.5   166.9
2019 09 10  0035   58736    2100    0    -5.8     1.4     0.4     5.9     3.8   166.7
2019 09 10  0036   58736    2160    0    -5.8     1.4     0.2     6.0     2.1   166.5
2019 09 10  0037   58736    2220    0    -5.7     0.0     1.5     5.8    14.5   179.8
2019 09 10  0038   58736    2280    0    -5.7    -0.2     1.6     5.9    16.1   182.3
2019 09 10  0039   58736    2340    0    -5.7    -0.2     1.5     5.9    14.9   182.1
2019 09 10  0040   58736    2400    0    -5.7    -0.1     1.5     5.9    14.7   180.5
2019 09 10  0041   58736    2460    0    -5.4     0.1     1.4     5.6    14.8   179.5
2019 09 10  0042   58736    2520    0    -5.6     0.2     1.5     5.8    15.1   178.4
2019 09 10  0043   58736    2580    0    -5.6     0.2     1.5     5.8    14.6   177.8
2019 09 10  0044   58736    2640    0    -5.6     0.2     1.3     5.8    13.4   177.6
2019 09 10  0045   58736    2700    0    -5.6     0.4     1.1     5.7    11.3   175.8
2019 09 10  0046   58736    2760    0    -5.6     0.3     1.2     5.7    11.8   176.8
2019 09 10  0047   58736    2820    0    -5.6     0.3     1.3     5.7    12.7   176.9
2019 09 10  0048   58736    2880    0    -5.5     0.4     1.2     5.7    12.4   175.8
2019 09 10  0049   58736    2940    0    -5.4     0.5     1.2     5.6    12.2   174.9
2019 09 10  0050   58736    3000    0    -5.3     0.3     1.3     5.5    14.0   177.1
2019 09 10  0051   58736    3060    0    -5.1     0.3     1.3     5.3    14.2   176.4
2019 09 10  0052   58736    3120    0    -5.0     0.3     1.2     5.2    13.2   176.7
2019 09 10  0053   58736    3180    0    -5.0     0.1     1.4     5.2    16.3   179.4
2019 09 10  0054   58736    3240    0    -4.9    -0.0     1.4     5.1    16.3   180.3
2019 09 10  0055   58736    3300    0    -4.9     0.0     1.6     5.1    17.7   179.8
2019 09 10  0056   58736    3360    0    -5.1     0.1     1.6     5.3    17.6   178.5
2019 09 10  0057   58736    3420    0    -5.1    -0.0     1.7     5.4    18.3   180.2
2019 09 10  0058   58736    3480    0    -5.0     0.2     1.6     5.3    17.4   178.2
2019 09 10  0059   58736    3540    0    -4.9     0.3     1.5     5.1    17.3   176.8
2019 09 10  0100   58736    3600    0    -4.8     0.4     1.7     5.1    19.8   175.0
2019 09 10  0101   58736    3660    0    -4.9     0.1     1.6     5.1    18.7   178.3
2019 09 10  0102   58736    3720    0    -4.6    -0.1     2.0     5.0    23.1   181.8
2019 09 10  0103   58736    3780    0    -4.6     0.0     2.0     5.0    22.9   179.8
2019 09 10  0104   58736    3840    0    -4.5    -0.2     2.1     5.0    24.6   182.1
2019 09 10  0105   58736    3900    0    -4.7    -0.1     2.1     5.2    24.6   181.1
2019 09 10  0106   58736    3960    0    -4.6     0.1     2.2     5.2    25.7   178.6
2019 09 10  0107   58736    4020    0    -4.5     0.1     2.3     5.0    26.9   178.1
2019 09 10  0108   58736    4080    0    -4.4     0.1     2.0     4.9    24.8   179.3
2019 09 10  0109   58736    4140    0    -4.5    -0.0     1.8     4.8    22.0   180.6
2019 09 10  0110   58736    4200    0    -4.8     0.0     1.8     5.1    20.8   180.0
2019 09 10  0111   58736    4260    0    -4.6     0.1     2.3     5.1    26.5   178.6
2019 09 10  0112   58736    4320    0    -5.0     0.4     2.3     5.5    24.7   175.0
2019 09 10  0113   58736    4380    0    -5.1     0.4     2.2     5.6    23.6   176.0
2019 09 10  0114   58736    4440    0    -5.1     0.4     2.1     5.6    22.4   175.5
2019 09 10  0115   58736    4500    0    -5.0     0.4     2.1     5.4    22.9   174.9
2019 09 10  0116   58736    4560    0    -5.0     0.6     2.0     5.4    21.5   173.5
2019 09 10  0117   58736    4620    0    -4.9     0.7     1.8     5.3    20.2   172.4
2019 09 10  0118   58736    4680    0    -5.0     0.9     1.5     5.3    16.6   170.0
2019 09 10  0119   58736    4740    0    -5.0     1.1     1.1     5.3    12.1   168.1
2019 09 10  0120   58736    4800    0    -5.1     1.0     1.1     5.3    12.5   168.9
2019 09 10  0121   58736    4860    0    -5.1     1.0     1.2     5.3    13.5   169.0
2019 09 10  0122   58736    4920    0    -5.2     0.6     1.4     5.5    14.4   173.1
2019 09 10  0123   58736    4980    0    -5.3     0.9     1.3     5.5    13.8   170.6
2019 09 10  0124   58736    5040    0    -5.4     1.3     1.1     5.7    11.0   166.6
2019 09 10  0125   58736    5100    0    -5.3     1.4     0.9     5.6     9.3   165.6
2019 09 10  0126   58736    5160    0    -5.2     1.4     0.7     5.4     7.1   164.6
2019 09 10  0127   58736    5220    0    -5.2     1.5     0.4     5.5     4.5   163.6
2019 09 10  0128   58736    5280    0    -5.2     2.5    -1.2     5.9   -11.9   154.4
2019 09 10  0129   58736    5340    0    -5.4     2.5    -1.0     6.1    -9.5   155.1
2019 09 10  0130   58736    5400    0    -5.4     2.5    -1.4     6.1   -13.7   154.6
2019 09 10  0131   58736    5460    0    -5.3     2.5    -1.5     6.0   -14.1   154.2
2019 09 10  0132   58736    5520    0    -5.1     2.5    -2.0     6.0   -19.6   154.2
2019 09 10  0133   58736    5580    0    -5.5     2.4    -0.7     6.0    -6.4   156.0
2019 09 10  0134   58736    5640    0    -5.5     2.7    -0.8     6.2    -7.1   154.1
2019 09 10  0135   58736    5700    0    -5.5     2.7    -0.6     6.2    -5.8   154.1
2019 09 10  0136   58736    5760    0    -5.6     2.2    -0.1     6.0    -0.7   158.7
2019 09 10  0137   58736    5820    0    -5.6     1.7     1.1     6.0    10.7   163.1
2019 09 10  0138   58736    5880    0    -5.5     1.8     0.9     5.8     9.1   162.2
2019 09 10  0139   58736    5940    0    -5.6     1.7     0.8     5.9     7.5   163.2
2019 09 10  0140   58736    6000    0    -5.6     1.5     0.7     5.8     6.8   164.5
2019 09 10  0141   58736    6060    0    -5.6     1.5     0.6     5.8     6.3   165.1
2019 09 10  0142   58736    6120    0    -5.6     1.5     0.6     5.8     5.9   165.1
2019 09 10  0143   58736    6180    0    -5.6     1.7     0.1     5.9     1.2   162.8
2019 09 10  0144   58736    6240    0    -5.7     1.6     0.2     6.0     2.3   164.0
2019 09 10  0145   58736    6300    0    -5.6     1.6     0.2     5.9     2.2   164.3
2019 09 10  0146   58736    6360    0    -5.7     1.7    -0.1     5.9    -0.9   163.5
2019 09 10  0147   58736    6420    0    -5.6     1.9    -0.4     6.0    -3.5   161.6
2019 09 10  0148   58736    6480    0    -5.7     1.8    -0.2     5.9    -1.6   162.6
2019 09 10  0149   58736    6540    0    -5.7     1.7     0.3     5.9     2.6   163.0
2019 09 10  0150   58736    6600    0    -5.6     1.9    -0.0     5.9    -0.0   161.5
2019 09 10  0151   58736    6660    0    -5.6     1.9    -0.0     5.9    -0.3   161.2
2019 09 10  0152   58736    6720    0    -5.6     1.8     0.2     5.9     1.7   162.6
2019 09 10  0153   58736    6780    0    -5.6     1.9    -0.0     6.0    -0.4   161.0
2019 09 10  0154   58736    6840    0    -5.6     1.9    -0.1     5.9    -0.7   161.2
2019 09 10  0155   58736    6900    0    -5.6     1.9    -0.0     5.9    -0.5   161.5
2019 09 10  0156   58736    6960    0    -5.6     1.7    -0.1     5.8    -1.0   163.6
2019 09 10  0157   58736    7020    0    -5.6     1.9    -0.1     5.9    -1.4   161.6
2019 09 10  0158   58736    7080    0    -5.6     1.8    -0.4     5.9    -4.0   162.1
2019 09 10  0159   58736    7140    0    -5.5     1.9    -0.4     5.9    -4.4   161.5
2019 09 10  0200   58736    7200    0    -5.6     1.9    -0.6     5.9    -5.7   161.5
2019 09 10  0201   58736    7260    0    -5.5     1.9    -0.6     5.8    -6.4   160.5
2019 09 10  0202   58736    7320    0    -5.5     1.9    -0.6     5.8    -5.7   160.4
2019 09 10  0203   58736    7380    0    -5.5     1.9    -0.6     5.9    -5.8   160.8
2019 09 10  0204   58736    7440    0    -5.5     1.9    -0.7     5.9    -6.5   160.6
2019 09 10  0205   58736    7500    0    -5.3     2.1    -0.8     5.8    -8.1   158.7
2019 09 10  0206   58736    7560    0    -5.3     2.1    -0.7     5.7    -6.7   158.6
2019 09 10  0207   58736    7620    0    -5.3     2.3    -0.7     5.8    -7.0   156.6
2019 09 10  0208   58736    7680    0    -5.1     2.4    -0.6     5.7    -6.4   155.0
2019 09 10  0209   58736    7740    0    -5.2     2.4    -1.0     5.8    -9.7   154.8
2019 09 10  0210   58736    7800    0    -5.1     2.4    -0.9     5.7    -8.6   154.6
2019 09 10  0211   58736    7860    0    -5.1     2.3    -0.8     5.6    -8.5   155.2
2019 09 10  0212   58736    7920    0    -5.1     2.3    -0.8     5.6    -7.7   155.7
2019 09 10  0213   58736    7980    0    -5.1     2.2    -0.7     5.6    -7.0   156.1
2019 09 10  0214   58736    8040    0    -5.0     2.4    -0.8     5.6    -8.2   154.5
2019 09 10  0215   58736    8100    0    -5.0     2.3    -0.8     5.6    -8.4   155.6
2019 09 10  0216   58736    8160    0    -4.9     2.3    -0.8     5.5    -8.8   154.8
2019 09 10  0217   58736    8220    0    -4.8     2.4    -0.9     5.5    -9.3   153.8
2019 09 10  0218   58736    8280    0    -4.9     2.3    -0.8     5.5    -8.6   155.4
2019 09 10  0219   58736    8340    0    -5.1     2.2    -0.8     5.6    -8.4   156.8
2019 09 10  0220   58736    8400    0    -5.2     1.9    -0.7     5.5    -7.0   159.7
2019 09 10  0221   58736    8460    0    -5.0     2.3    -0.8     5.5    -8.0   155.4
2019 09 10  0222   58736    8520    0    -4.9     2.2    -0.8     5.4    -8.1   155.4
2019 09 10  0223   58736    8580    0    -4.9     2.2    -1.2     5.5   -12.9   156.3
2019 09 10  0224   58736    8640    0    -5.0     2.2    -1.2     5.6   -12.3   156.1
2019 09 10  0225   58736    8700    0    -4.9     2.3    -0.9     5.4   -10.0   154.8
2019 09 10  0226   58736    8760    0    -3.9     2.1    -1.7     4.7   -21.7   151.6
2019 09 10  0227   58736    8820    0    -3.7     1.9    -2.1     4.7   -26.9   152.6
2019 09 10  0228   58736    8880    0    -4.5     2.1    -1.2     5.1   -13.8   154.6
2019 09 10  0229   58736    8940    0    -4.5     2.1    -1.4     5.2   -15.6   155.3
2019 09 10  0230   58736    9000    0    -4.5     2.0    -1.4     5.1   -15.2   156.6
2019 09 10  0231   58736    9060    0    -4.6     1.7    -1.4     5.1   -15.8   159.3
2019 09 10  0232   58736    9120    0    -4.6     1.8    -1.2     5.1   -13.5   158.7
2019 09 10  0233   58736    9180    0    -4.7     1.8    -1.2     5.2   -13.4   158.9
2019 09 10  0234   58736    9240    0    -4.7     1.9    -1.2     5.2   -13.4   158.1
2019 09 10  0235   58736    9300    0    -4.6     1.9    -1.5     5.2   -16.3   157.3
2019 09 10  0236   58736    9360    0    -4.7     1.8    -1.3     5.2   -14.2   158.4
2019 09 10  0237   58736    9420    0    -4.7     1.9    -1.1     5.2   -12.5   158.4
2019 09 10  0238   58736    9480    0    -4.7     1.9    -1.1     5.2   -12.7   157.9
2019 09 10  0239   58736    9540    0    -4.8     1.9    -1.3     5.3   -13.8   158.0
2019 09 10  0240   58736    9600    0    -4.8     1.8    -1.3     5.3   -14.2   159.2
2019 09 10  0241   58736    9660    0    -4.8     2.0    -1.2     5.3   -13.2   157.1
2019 09 10  0242   58736    9720    0    -4.2     2.0    -1.9     5.1   -22.6   154.4
2019 09 10  0243   58736    9780    0    -4.8     2.1    -0.7     5.3    -7.5   156.2
2019 09 10  0244   58736    9840    0    -4.8     2.2    -0.8     5.4    -8.4   155.1
2019 09 10  0245   58736    9900    0    -4.9     2.1    -0.8     5.4    -8.8   156.6
2019 09 10  0246   58736    9960    0    -4.9     2.2    -0.7     5.4    -8.0   155.6
2019 09 10  0247   58736   10020    0    -4.8     2.2    -0.7     5.4    -7.3   155.7
2019 09 10  0248   58736   10080    0    -4.8     2.2    -0.5     5.3    -5.7   155.5
2019 09 10  0249   58736   10140    0    -4.8     1.9    -1.1     5.3   -12.1   157.8
2019 09 10  0250   58736   10200    0    -4.8     1.7    -1.3     5.2   -14.4   160.7
2019 09 10  0251   58736   10260    0    -4.8     1.7    -1.1     5.2   -12.0   160.1
2019 09 10  0252   58736   10320    0    -4.8     1.8    -0.9     5.2   -10.0   159.9
2019 09 10  0253   58736   10380    0    -4.8     2.0    -0.3     5.2    -2.8   157.6
2019 09 10  0254   58736   10440    0    -4.8     1.9    -0.5     5.2    -5.4   158.2
2019 09 10  0255   58736   10500    0    -4.8     1.8    -0.8     5.2    -8.6   159.0
2019 09 10  0256   58736   10560    0    -4.7     1.8    -0.5     5.1    -6.2   159.6
2019 09 10  0257   58736   10620    0    -4.7     1.8    -0.7     5.1    -8.2   158.6
2019 09 10  0258   58736   10680    0    -4.7     1.8    -0.4     5.0    -5.1   158.6
2019 09 10  0259   58736   10740    0    -4.6     1.8    -0.8     5.0    -9.4   159.3
2019 09 10  0300   58736   10800    0    -4.6     1.7    -1.2     5.1   -13.3   160.4
2019 09 10  0301   58736   10860    0    -4.8     1.5    -0.8     5.0    -8.5   162.6
2019 09 10  0302   58736   10920    0    -4.0     1.3    -2.3     4.8   -28.3   161.8
2019 09 10  0303   58736   10980    0    -3.5     1.9    -2.6     4.8   -33.3   152.3
2019 09 10  0304   58736   11040    0    -3.9     1.7    -2.6     5.0   -30.9   156.8
2019 09 10  0305   58736   11100    0    -4.1     1.9    -2.6     5.2   -29.6   154.6
2019 09 10  0306   58736   11160    0    -3.6     2.0    -2.8     5.0   -34.3   150.7
2019 09 10  0307   58736   11220    0    -3.0     2.2    -3.1     4.8   -39.5   144.0
2019 09 10  0308   58736   11280    0    -3.1     2.0    -3.1     4.9   -39.9   146.8
2019 09 10  0309   58736   11340    0    -2.7     2.2    -3.4     4.9   -44.4   140.5
2019 09 10  0310   58736   11400    0    -3.8     1.8    -2.9     5.0   -34.4   154.7
2019 09 10  0311   58736   11460    0    -2.9     1.2    -3.6     4.8   -48.2   157.1
2019 09 10  0312   58736   11520    0    -3.3     1.4    -3.2     4.8   -42.4   157.4
2019 09 10  0313   58736   11580    0    -3.6     2.1    -2.5     4.9   -30.6   150.6
2019 09 10  0314   58736   11640    0    -3.4     2.5    -2.4     4.9   -29.8   144.2
2019 09 10  0315   58736   11700    0    -4.0     2.7    -2.0     5.3   -23.0   145.9
2019 09 10  0316   58736   11760    0    -4.2     2.7    -1.8     5.3   -20.0   146.8
2019 09 10  0317   58736   11820    0    -3.8     2.5    -1.8     4.9   -21.8   146.6
2019 09 10  0318   58736   11880    0    -4.4     1.7    -1.6     5.0   -18.5   159.0
2019 09 10  0319   58736   11940    0    -3.2     2.0    -3.2     4.9   -40.6   147.9
2019 09 10  0320   58736   12000    0    -4.8     1.7    -1.3     5.2   -13.9   160.1
2019 09 10  0321   58736   12060    0    -4.8     1.6    -1.6     5.3   -17.5   161.5
2019 09 10  0322   58736   12120    0    -4.5     2.5    -1.2     5.3   -13.3   151.2
2019 09 10  0323   58736   12180    0    -4.9     2.5    -0.2     5.5    -2.4   152.8
2019 09 10  0324   58736   12240    0    -4.7     2.4    -1.2     5.4   -12.7   152.7
2019 09 10  0325   58736   12300    0    -4.7     2.3    -1.5     5.4   -16.4   153.9
2019 09 10  0326   58736   12360    0    -4.8     2.5    -0.7     5.4    -7.1   152.1
2019 09 10  0327   58736   12420    0    -4.7     2.7    -0.5     5.5    -5.1   150.4
2019 09 10  0328   58736   12480    0    -4.7     2.6    -0.7     5.4    -7.3   150.7
2019 09 10  0329   58736   12540    0    -4.6     2.7    -0.3     5.3    -3.1   149.8
2019 09 10  0330   58736   12600    0    -4.5     2.6    -1.6     5.4   -17.1   149.7
2019 09 10  0331   58736   12660    0    -4.3     2.7    -2.0     5.5   -21.1   147.7
2019 09 10  0332   58736   12720    0    -4.4     2.7    -1.6     5.4   -17.6   148.8
2019 09 10  0333   58736   12780    0    -4.2     2.7    -2.1     5.4   -22.8   147.2
2019 09 10  0334   58736   12840    0    -4.4     2.7    -1.7     5.5   -17.5   148.3
2019 09 10  0335   58736   12900    0    -4.5     2.7    -1.5     5.4   -15.9   148.5
2019 09 10  0336   58736   12960    0    -4.5     2.9    -1.5     5.5   -16.1   146.9
2019 09 10  0337   58736   13020    0    -4.6     2.8    -1.6     5.6   -16.6   148.9
2019 09 10  0338   58736   13080    0    -4.6     2.9    -1.6     5.6   -16.2   147.4
2019 09 10  0339   58736   13140    0    -4.7     2.9    -1.3     5.7   -13.6   147.9
2019 09 10  0340   58736   13200    0    -4.7     3.0    -1.2     5.7   -12.2   147.9
2019 09 10  0341   58736   13260    0    -4.6     3.0    -0.9     5.6    -8.9   146.5
2019 09 10  0342   58736   13320    0    -4.6     3.1    -0.7     5.6    -7.3   146.1
2019 09 10  0343   58736   13380    0    -4.6     3.2    -0.5     5.6    -5.5   145.4
2019 09 10  0344   58736   13440    0    -4.7     3.0    -0.2     5.5    -2.4   147.6
2019 09 10  0345   58736   13500    0    -4.6     3.1    -0.1     5.5    -0.9   146.1
2019 09 10  0346   58736   13560    0    -4.8     2.6    -1.0     5.6   -10.1   151.1
2019 09 10  0347   58736   13620    0    -4.8     2.9    -0.8     5.7    -8.6   149.3
2019 09 10  0348   58736   13680    0    -4.7     2.9    -0.7     5.6    -6.9   147.9
2019 09 10  0349   58736   13740    0    -4.5     3.2    -0.3     5.5    -2.9   144.5
2019 09 10  0350   58736   13800    0    -4.3     3.3    -0.2     5.4    -2.5   142.4
2019 09 10  0351   58736   13860    0    -4.3     3.5     0.2     5.5     1.9   140.8
2019 09 10  0352   58736   13920    0    -4.6     3.3    -0.1     5.6    -1.3   144.5
2019 09 10  0353   58736   13980    0    -4.5     3.2    -0.4     5.6    -4.2   144.3
2019 09 10  0354   58736   14040    0    -4.7     3.1    -0.3     5.6    -3.1   146.3
2019 09 10  0355   58736   14100    0    -4.6     3.2    -0.5     5.7    -4.9   145.2
2019 09 10  0356   58736   14160    0    -4.9     2.6     0.1     5.6     1.3   152.0
2019 09 10  0357   58736   14220    0    -4.8     2.8    -0.3     5.6    -2.7   149.4
2019 09 10  0358   58736   14280    0    -4.5     3.3    -0.8     5.6    -8.3   143.9
2019 09 10  0359   58736   14340    0    -4.5     3.2    -0.9     5.6    -9.3   144.4
2019 09 10  0400   58736   14400    0    -4.6     3.1    -0.8     5.6    -7.8   146.1
2019 09 10  0401   58736   14460    0    -4.6     3.0    -0.9     5.6    -9.7   146.6
2019 09 10  0402   58736   14520    0    -4.7     3.0    -0.5     5.6    -5.4   147.7
2019 09 10  0403   58736   14580    0    -5.0     2.6     0.1     5.6     0.6   152.7
2019 09 10  0404   58736   14640    0    -4.9     2.7    -0.5     5.6    -5.6   150.7
2019 09 10  0405   58736   14700    0    -4.7     2.9    -0.8     5.6    -7.9   148.4
2019 09 10  0406   58736   14760    0    -4.6     3.0    -0.7     5.5    -7.0   146.8
2019 09 10  0407   58736   14820    0    -4.7     2.9    -0.5     5.6    -5.5   148.3
2019 09 10  0408   58736   14880    0    -4.7     2.9    -0.5     5.5    -4.8   148.5
2019 09 10  0409   58736   14940    0    -4.7     2.8    -0.1     5.5    -1.5   149.0
2019 09 10  0410   58736   15000    0    -4.7     2.9    -0.2     5.5    -2.3   148.2
2019 09 10  0411   58736   15060    0    -4.8     2.9    -0.3     5.6    -3.6   149.0
2019 09 10  0412   58736   15120    0    -4.7     2.9    -0.6     5.6    -5.7   148.1
2019 09 10  0413   58736   15180    0    -4.8     2.8    -0.4     5.6    -4.0   149.4
2019 09 10  0414   58736   15240    0    -5.1     2.4     0.1     5.7     1.3   155.0
2019 09 10  0415   58736   15300    0    -5.0     2.5    -0.3     5.6    -3.5   153.2
2019 09 10  0416   58736   15360    0    -4.9     2.5     0.2     5.4     2.4   153.1
2019 09 10  0417   58736   15420    0    -4.9     2.5     0.1     5.5     1.4   152.5
2019 09 10  0418   58736   15480    0    -4.9     2.6     0.4     5.6     3.6   152.2
2019 09 10  0419   58736   15540    0    -4.8     2.7     0.4     5.6     4.4   151.1
2019 09 10  0420   58736   15600    0    -4.8     2.8     0.4     5.5     4.2   150.1
2019 09 10  0421   58736   15660    0    -4.9     2.6     0.4     5.6     3.8   151.6
2019 09 10  0422   58736   15720    0    -4.9     2.7     0.1     5.6     1.1   151.4
2019 09 10  0423   58736   15780    0    -5.0     2.7     0.0     5.6     0.4   151.7
2019 09 10  0424   58736   15840    0    -4.9     2.7    -0.3     5.6    -3.4   150.9
2019 09 10  0425   58736   15900    0    -5.0     2.5    -0.5     5.6    -5.3   153.4
2019 09 10  0426   58736   15960    0    -4.9     2.8    -0.4     5.6    -3.7   150.4
2019 09 10  0427   58736   16020    0    -5.0     2.7    -0.1     5.7    -1.2   151.2
2019 09 10  0428   58736   16080    0    -4.9     2.7    -0.3     5.6    -3.1   150.9
2019 09 10  0429   58736   16140    0    -5.0     2.8    -0.3     5.7    -3.0   150.9
2019 09 10  0430   58736   16200    0    -5.0     2.7    -0.2     5.7    -1.8   151.2
2019 09 10  0431   58736   16260    0    -4.9     2.7    -0.1     5.6    -1.5   151.5
2019 09 10  0432   58736   16320    0    -5.1     2.6    -0.2     5.7    -1.7   152.8
2019 09 10  0433   58736   16380    0    -5.1     2.5    -0.1     5.7    -1.0   153.5
2019 09 10  0434   58736   16440    0    -5.1     2.6    -0.1     5.8    -1.3   153.4
2019 09 10  0435   58736   16500    0    -5.1     2.7    -0.1     5.8    -1.2   152.0
2019 09 10  0436   58736   16560    0    -5.0     2.7    -0.3     5.7    -2.8   151.9
2019 09 10  0437   58736   16620    0    -5.1     2.7    -0.3     5.8    -3.2   151.9
2019 09 10  0438   58736   16680    0    -5.1     2.6     0.2     5.7     2.1   152.7
2019 09 10  0439   58736   16740    0    -5.0     2.7     0.7     5.7     6.6   151.2
2019 09 10  0440   58736   16800    0    -5.0     2.6     0.6     5.7     6.0   152.4
2019 09 10  0441   58736   16860    0    -5.0     2.6     0.7     5.7     6.6   152.3
2019 09 10  0442   58736   16920    0    -5.0     2.6     0.6     5.7     5.8   152.8
2019 09 10  0443   58736   16980    0    -5.0     2.6     0.6     5.7     5.9   152.7
2019 09 10  0444   58736   17040    0    -5.1     2.5     0.6     5.7     5.8   154.1
2019 09 10  0445   58736   17100    0    -5.1     2.5     0.5     5.7     4.8   154.3
2019 09 10  0446   58736   17160    0    -5.0     2.7     0.4     5.7     4.2   151.6
2019 09 10  0447   58736   17220    0    -5.0     2.8     0.4     5.7     4.0   150.3
2019 09 10  0448   58736   17280    0    -5.1     2.6     0.6     5.8     5.6   153.3
2019 09 10  0449   58736   17340    0    -4.9     2.8     1.3     5.8    12.8   150.1
2019 09 10  0450   58736   17400    0    -5.1     2.7     1.3     5.9    12.4   152.0
2019 09 10  0451   58736   17460    0    -5.1     2.7     1.4     5.9    13.7   152.1
2019 09 10  0452   58736   17520    0    -5.1     2.7     1.2     5.9    11.3   152.5
2019 09 10  0453   58736   17580    0    -5.1     2.7     1.0     5.8     9.5   152.3
2019 09 10  0454   58736   17640    0    -5.2     2.5     1.0     5.8    10.2   154.2
2019 09 10  0455   58736   17700    0    -5.1     2.7     1.0     5.8     9.4   152.3
2019 09 10  0456   58736   17760    0    -5.2     2.6     0.9     5.8     8.6   153.7
2019 09 10  0457   58736   17820    0    -5.2     2.6     0.9     5.9     9.3   153.5
2019 09 10  0458   58736   17880    0    -5.3     2.4     1.0     5.9    10.0   155.1
2019 09 10  0459   58736   17940    0    -5.2     2.4     1.0     5.9    10.1   155.6
2019 09 10  0500   58736   18000    0    -5.2     2.4     1.0     5.8     9.6   155.2
2019 09 10  0501   58736   18060    0    -5.2     2.4     1.0     5.8    10.1   154.7
2019 09 10  0502   58736   18120    0    -5.3     2.4     1.1     5.9    11.1   155.2
2019 09 10  0503   58736   18180    0    -5.4     2.4     1.2     6.0    11.6   155.8
2019 09 10  0504   58736   18240    0    -5.4     2.4     1.5     6.1    14.8   156.2
2019 09 10  0505   58736   18300    0    -5.3     2.3     1.7     6.0    16.3   156.7
2019 09 10  0506   58736   18360    0    -5.3     2.0     1.8     5.9    17.7   159.2
2019 09 10  0507   58736   18420    0    -5.3     2.1     1.8     6.0    17.5   158.3
2019 09 10  0508   58736   18480    0    -5.3     2.1     2.1     6.1    20.1   158.9
2019 09 10  0509   58736   18540    0    -5.4     2.1     2.2     6.2    20.8   159.0
2019 09 10  0510   58736   18600    0    -5.4     2.0     2.2     6.1    21.2   159.3
2019 09 10  0511   58736   18660    0    -5.3     1.9     2.2     6.1    21.8   159.8
2019 09 10  0512   58736   18720    0    -5.3     2.0     2.1     6.1    20.1   159.4
2019 09 10  0513   58736   18780    0    -5.3     2.2     1.8     6.0    17.8   157.3
2019 09 10  0514   58736   18840    0    -5.4     2.2     2.0     6.1    18.6   157.9
2019 09 10  0515   58736   18900    0    -5.4     2.1     1.9     6.1    18.5   158.5
2019 09 10  0516   58736   18960    0    -5.3     1.7     2.4     6.0    23.3   162.2
2019 09 10  0517   58736   19020    0    -5.2     1.3     3.0     6.1    29.3   166.2
2019 09 10  0518   58736   19080    0    -5.4     1.4     2.7     6.2    26.1   164.9
2019 09 10  0519   58736   19140    0    -5.4     1.4     2.9     6.2    27.2   165.4
2019 09 10  0520   58736   19200    0    -5.3     1.5     2.8     6.2    26.6   164.7
2019 09 10  0521   58736   19260    0    -5.3     1.9     2.4     6.1    22.6   160.1
2019 09 10  0522   58736   19320    0    -5.3     1.9     2.4     6.1    22.7   160.3
2019 09 10  0523   58736   19380    0    -5.0     1.1     3.0     5.9    30.4   167.4
2019 09 10  0524   58736   19440    0    -4.8     0.7     3.2     5.8    33.2   171.3
2019 09 10  0525   58736   19500    0    -4.9     0.3     2.9     5.7    31.0   176.4
2019 09 10  0526   58736   19560    0    -4.8     0.0     3.2     5.8    33.6   179.7
2019 09 10  0527   58736   19620    0    -5.0     0.2     3.0     5.9    30.6   177.2
2019 09 10  0528   58736   19680    0    -5.0     0.2     3.1     5.9    31.8   177.6
2019 09 10  0529   58736   19740    0    -5.1     0.3     3.1     6.0    31.8   176.6
2019 09 10  0530   58736   19800    0    -5.4     0.0     2.6     6.0    25.3   179.6
2019 09 10  0531   58736   19860    0    -5.2     0.9     2.3     5.8    23.4   170.4
2019 09 10  0532   58736   19920    0    -5.4     0.9     2.0     5.8    20.5   170.4
2019 09 10  0533   58736   19980    0    -5.6     1.0     1.5     5.9    14.3   170.0
2019 09 10  0534   58736   20040    0    -5.8     0.8     1.4     6.0    13.1   172.3
2019 09 10  0535   58736   20100    0    -5.8     1.1     1.5     6.1    14.1   169.4
2019 09 10  0536   58736   20160    0    -5.8     1.0     1.8     6.1    17.3   170.0
2019 09 10  0537   58736   20220    0    -5.7     0.9     1.9     6.1    18.1   170.9
2019 09 10  0538   58736   20280    0    -5.6     0.9     2.0     6.1    19.1   170.7
2019 09 10  0539   58736   20340    0    -5.6     0.8     2.1     6.0    20.0   171.9
2019 09 10  0540   58736   20400    0    -5.7     0.8     2.2     6.2    21.2   172.2
2019 09 10  0541   58736   20460    0    -5.8     0.7     2.3     6.3    21.6   173.4
2019 09 10  0542   58736   20520    0    -5.7     0.4     2.4     6.2    22.5   175.8
2019 09 10  0543   58736   20580    0    -5.7     0.3     2.7     6.3    25.1   177.2
2019 09 10  0544   58736   20640    0    -5.9     0.2     2.3     6.3    21.7   177.8
2019 09 10  0545   58736   20700    0    -5.8     0.4     2.4     6.3    22.6   176.4
2019 09 10  0546   58736   20760    0    -5.8     0.1     2.5     6.4    23.3   179.2
2019 09 10  0547   58736   20820    0    -5.8    -0.3     2.1     6.2    19.6   183.0
2019 09 10  0548   58736   20880    0    -5.9     0.2     2.5     6.4    22.9   178.2
2019 09 10  0549   58736   20940    0    -6.0    -0.1     2.7     6.5    24.3   181.2
2019 09 10  0550   58736   21000    0    -5.7     0.1     2.6     6.2    25.1   179.1
2019 09 10  0551   58736   21060    0    -5.5     0.1     3.0     6.2    28.4   179.3
2019 09 10  0552   58736   21120    0    -5.1     1.0     2.8     6.0    28.3   168.7
2019 09 10  0553   58736   21180    0    -5.1     1.1     2.7     5.9    27.4   167.7
2019 09 10  0554   58736   21240    0    -5.2     1.1     2.7     6.0    26.7   168.4
2019 09 10  0555   58736   21300    0    -5.2     0.9     3.0     6.1    29.7   169.6
2019 09 10  0556   58736   21360    0    -5.2     2.0     2.7     6.2    26.2   159.1
2019 09 10  0557   58736   21420    0    -5.3     2.2     2.8     6.4    26.3   157.4
2019 09 10  0558   58736   21480    0    -5.3     2.0     2.5     6.2    23.9   159.0
2019 09 10  0559   58736   21540    0    -5.4     1.5     2.6     6.2    24.6   164.7
2019 09 10  0600   58736   21600    0    -5.3     1.7     2.9     6.3    27.6   162.7
2019 09 10  0601   58736   21660    0    -5.3     1.4     2.6     6.1    25.5   165.5
2019 09 10  0602   58736   21720    0    -5.3     1.6     2.6     6.1    25.6   163.6
2019 09 10  0603   58736   21780    0    -5.3     2.8     2.2     6.4    20.6   152.4
2019 09 10  0604   58736   21840    0    -5.4     2.5     2.4     6.4    21.6   155.2
2019 09 10  0605   58736   21900    0    -4.6     3.7     2.4     6.4    21.8   141.1
2019 09 10  0606   58736   21960    0    -4.8     3.6     1.9     6.3    17.5   142.7
2019 09 10  0607   58736   22020    0    -4.8     3.6     2.0     6.3    18.3   143.2
2019 09 10  0608   58736   22080    0    -5.4     2.2     2.0     6.2    18.5   157.6
2019 09 10  0609   58736   22140    0    -6.2     0.4     1.5     6.4    14.0   175.9
2019 09 10  0610   58736   22200    0    -6.2     0.4     1.5     6.4    13.8   176.2
2019 09 10  0611   58736   22260    0    -6.3     0.3     1.4     6.5    12.7   177.0
2019 09 10  0612   58736   22320    0    -6.2     0.3     1.6     6.4    14.5   176.8
2019 09 10  0613   58736   22380    0    -6.4     0.1     1.4     6.5    12.6   179.0
2019 09 10  0614   58736   22440    0    -6.3    -0.3     1.4     6.5    12.6   182.7
2019 09 10  0615   58736   22500    0    -6.2     0.8     1.4     6.4    13.1   173.0
2019 09 10  0616   58736   22560    0    -6.2     1.1     0.9     6.3     8.2   170.1
2019 09 10  0617   58736   22620    0    -6.3     0.8     0.9     6.4     7.8   172.5
2019 09 10  0618   58736   22680    0    -6.3     0.9     0.9     6.4     8.5   171.5
2019 09 10  0619   58736   22740    0    -6.3     1.0     1.0     6.5     8.7   171.0
2019 09 10  0620   58736   22800    0    -6.3     1.3     1.0     6.5     8.7   168.2
2019 09 10  0621   58736   22860    0    -6.3     1.3     0.9     6.5     8.4   168.4
2019 09 10  0622   58736   22920    0    -6.4     0.9     0.8     6.5     6.8   171.5
2019 09 10  0623   58736   22980    0    -6.4     0.3     0.8     6.5     6.9   177.6
2019 09 10  0624   58736   23040    0    -6.3    -0.3     0.9     6.4     7.7   183.1
2019 09 10  0625   58736   23100    0    -6.3    -0.1     0.8     6.4     7.1   180.8
2019 09 10  0626   58736   23160    0    -6.4     0.2     0.7     6.5     5.9   178.4
2019 09 10  0627   58736   23220    0    -6.5     0.3     0.7     6.6     5.9   177.7
2019 09 10  0628   58736   23280    0    -6.5    -0.5     0.7     6.5     6.1   184.3
2019 09 10  0629   58736   23340    0    -6.2     0.5     0.5     6.2     4.6   175.8
2019 09 10  0630   58736   23400    0    -5.8     1.7     0.3     6.1     3.2   163.9
2019 09 10  0631   58736   23460    0    -5.5     1.8     0.3     5.8     2.8   162.2
2019 09 10  0632   58736   23520    0    -5.9     2.5     0.8     6.4     6.9   157.1
2019 09 10  0633   58736   23580    0    -5.8     1.6     0.8     6.0     7.5   164.8
2019 09 10  0634   58736   23640    0    -6.2     0.8     0.7     6.3     6.3   173.0
2019 09 10  0635   58736   23700    0    -6.0     2.0     0.6     6.3     5.7   161.6
2019 09 10  0636   58736   23760    0    -6.3     2.6     0.7     6.8     5.9   157.6
2019 09 10  0637   58736   23820    0    -5.1     0.8     0.5     5.2     5.8   171.0
2019 09 10  0638   58736   23880    0    -5.1     2.4    -0.2     5.6    -1.6   155.1
2019 09 10  0639   58736   23940    0    -5.9     1.9     0.8     6.2     7.3   162.0
2019 09 10  0640   58736   24000    0    -5.8     2.1     1.1     6.3    10.1   160.2
2019 09 10  0641   58736   24060    0    -5.9     2.1     0.9     6.4     8.1   160.3
2019 09 10  0642   58736   24120    0    -5.9     2.1     1.0     6.4     9.0   160.4
2019 09 10  0643   58736   24180    0    -5.9     2.1     0.7     6.3     6.3   160.1
2019 09 10  0644   58736   24240    0    -5.9     2.3     0.6     6.3     5.3   158.5
2019 09 10  0645   58736   24300    0    -5.9     2.1     0.6     6.3     5.4   160.8
2019 09 10  0646   58736   24360    0    -6.1     1.9     0.5     6.4     4.8   162.9
2019 09 10  0647   58736   24420    0    -6.1     2.0     0.4     6.4     3.4   161.9
2019 09 10  0648   58736   24480    0    -5.9     2.3     0.4     6.3     3.2   159.1
2019 09 10  0649   58736   24540    0    -5.9     2.2     0.8     6.3     7.4   160.0
2019 09 10  0650   58736   24600    0    -6.0     2.1     0.7     6.4     6.6   160.4
2019 09 10  0651   58736   24660    0    -6.0     2.3     0.6     6.4     5.4   159.2
2019 09 10  0652   58736   24720    0    -5.8     2.6     0.2     6.4     2.2   155.9
2019 09 10  0653   58736   24780    0    -5.7     2.8     0.5     6.4     4.3   153.9
2019 09 10  0654   58736   24840    0    -5.9     2.5    -0.4     6.4    -4.0   156.7
2019 09 10  0655   58736   24900    0    -6.1     2.3    -0.9     6.5    -8.2   159.6
2019 09 10  0656   58736   24960    0    -6.0     2.1    -1.2     6.5   -10.5   160.9
2019 09 10  0657   58736   25020    0    -6.0     2.2    -1.4     6.5   -12.5   159.8
2019 09 10  0658   58736   25080    0    -5.8     2.7    -0.4     6.4    -3.1   155.0
2019 09 10  0659   58736   25140    0    -5.9     2.5    -0.4     6.4    -3.9   157.4
2019 09 10  0700   58736   25200    0    -6.0     2.3    -0.6     6.5    -5.5   158.9
2019 09 10  0701   58736   25260    0    -6.0     2.3    -1.0     6.5    -9.0   159.2
2019 09 10  0702   58736   25320    0    -6.1     2.3    -1.1     6.6    -9.6   159.8
2019 09 10  0703   58736   25380    0    -6.1     2.4    -1.2     6.6   -10.8   158.3
2019 09 10  0704   58736   25440    0    -5.8     2.7    -0.9     6.4    -8.3   155.2
2019 09 10  0705   58736   25500    0    -5.8     2.7    -0.4     6.4    -3.7   155.4
2019 09 10  0706   58736   25560    0    -6.0     2.3    -0.6     6.4    -5.4   159.2
2019 09 10  0707   58736   25620    0    -5.9     2.6    -0.4     6.4    -3.1   156.1
2019 09 10  0708   58736   25680    0    -5.9     2.5     0.1     6.5     0.8   157.0
2019 09 10  0709   58736   25740    0    -5.9     2.5     0.0     6.5     0.3   156.8
2019 09 10  0710   58736   25800    0    -5.8     2.6     0.4     6.4     3.8   155.6
2019 09 10  0711   58736   25860    2    -5.9     2.6     0.3     6.4     2.4   156.1
2019 09 10  0712   58736   25920    0    -5.8     2.7     0.8     6.4     7.1   155.2
2019 09 10  0713   58736   25980    0    -5.7     2.6     0.6     6.3     5.4   155.7
2019 09 10  0714   58736   26040    0    -5.6     2.5     0.4     6.1     4.1   156.3
2019 09 10  0715   58736   26100    0    -5.6     2.6     0.5     6.2     4.3   155.5
2019 09 10  0716   58736   26160    0    -5.7     2.5     0.6     6.2     5.1   155.9
2019 09 10  0717   58736   26220    0    -5.7     2.5     0.5     6.2     5.1   156.4
2019 09 10  0718   58736   26280    0    -5.6     2.4     0.3     6.1     2.4   156.9
2019 09 10  0719   58736   26340    0    -5.6     2.5    -0.5     6.1    -4.6   156.2
2019 09 10  0720   58736   26400    0    -5.6     2.5    -1.3     6.2   -12.2   156.2
2019 09 10  0721   58736   26460    0    -5.4     2.4    -1.9     6.2   -17.6   155.8
2019 09 10  0722   58736   26520    0    -5.0     2.5    -1.8     5.8   -17.7   153.5
2019 09 10  0723   58736   26580    0    -4.6     3.4    -0.8     5.8    -7.7   143.9
2019 09 10  0724   58736   26640    0    -4.8     2.7    -1.8     5.8   -18.5   150.1
2019 09 10  0725   58736   26700    0    -4.9     2.2    -2.8     6.1   -26.9   155.8
2019 09 10  0726   58736   26760    0    -5.5     2.5    -1.8     6.4   -16.9   155.8
2019 09 10  0727   58736   26820    0    -4.4     1.8    -3.4     5.8   -36.0   158.0
2019 09 10  0728   58736   26880    0    -4.6     3.2    -0.9     5.7    -9.4   145.4
2019 09 10  0729   58736   26940    0    -4.6     2.8    -1.8     5.7   -18.4   148.0
2019 09 10  0730   58736   27000    0    -4.7     2.7    -1.2     5.6   -12.4   149.9
2019 09 10  0731   58736   27060    0    -4.7     2.4    -0.1     5.3    -1.0   152.8
2019 09 10  0732   58736   27120    0    -4.9     2.0     1.5     5.5    15.6   157.7
2019 09 10  0733   58736   27180    0    -4.7     1.9     2.4     5.6    25.6   157.6
2019 09 10  0734   58736   27240    0    -4.5     1.5     3.6     5.9    37.6   161.7
2019 09 10  0735   58736   27300    0    -3.5     1.5     4.4     5.9    49.1   156.3
2019 09 10  0736   58736   27360    0    -4.7     1.9     2.7     5.8    28.4   157.7
2019 09 10  0737   58736   27420    0    -5.5     1.8     1.6     5.9    15.3   162.1
2019 09 10  0738   58736   27480    0    -5.6     1.8     1.2     6.0    11.8   161.8
2019 09 10  0739   58736   27540    0    -5.3     2.0     1.8     5.9    17.3   159.2
2019 09 10  0740   58736   27600    0    -5.5     1.6     1.7     6.0    16.7   163.8
2019 09 10  0741   58736   27660    0    -5.5     1.3     1.8     5.9    17.2   166.8
2019 09 10  0742   58736   27720    0    -5.6     1.3     1.8     6.0    17.4   166.9
2019 09 10  0743   58736   27780    0    -5.6     1.2     1.6     5.9    15.7   168.3
2019 09 10  0744   58736   27840    0    -5.7     1.2     1.2     5.9    11.6   168.4
2019 09 10  0745   58736   27900    0    -5.7     1.1     1.4     5.9    13.4   169.1
2019 09 10  0746   58736   27960    0    -5.5     1.5     1.7     5.9    16.4   164.7
2019 09 10  0747   58736   28020    0    -5.4     1.5     2.0     6.0    19.2   164.9
2019 09 10  0748   58736   28080    0    -5.5     1.5     1.8     6.0    17.8   165.1
2019 09 10  0749   58736   28140    0    -5.1     1.6     2.3     5.8    23.0   163.1
2019 09 10  0750   58736   28200    0    -5.1     1.7     2.1     5.8    21.8   161.8
2019 09 10  0751   58736   28260    0    -5.0     1.6     2.3     5.7    23.4   161.6
2019 09 10  0752   58736   28320    0    -5.0     1.7     1.9     5.6    19.4   160.9
2019 09 10  0753   58736   28380    0    -4.9     1.9     0.3     5.3     3.0   158.4
2019 09 10  0754   58736   28440    0    -4.9     2.0     0.1     5.3     1.2   158.0
2019 09 10  0755   58736   28500    0    -5.0     2.0     0.2     5.3     2.4   158.5
2019 09 10  0756   58736   28560    0    -4.4     2.3     0.9     5.0     9.9   152.7
2019 09 10  0757   58736   28620    0    -4.2     2.7     0.6     5.0     7.4   147.1
2019 09 10  0758   58736   28680    0    -4.0     3.0     0.8     5.0     8.7   142.8
2019 09 10  0759   58736   28740    0    -4.0     3.2     0.4     5.1     4.2   141.4
2019 09 10  0800   58736   28800    0    -4.1     2.9     0.4     5.0     5.1   144.0
2019 09 10  0801   58736   28860    0    -4.2     2.7     0.9     5.0    10.0   147.4
2019 09 10  0802   58736   28920    0    -4.2     2.7     0.9     5.1     9.7   147.9
2019 09 10  0803   58736   28980    0    -4.2     2.8     0.8     5.1     8.5   146.3
2019 09 10  0804   58736   29040    0    -4.4     2.4     0.5     5.0     5.2   151.2
2019 09 10  0805   58736   29100    0    -4.6     2.0     0.0     5.1     0.0   156.8
2019 09 10  0806   58736   29160    0    -4.8     1.6    -0.5     5.1    -5.8   161.5
2019 09 10  0807   58736   29220    0    -4.8     1.6    -0.8     5.2    -9.3   161.2
2019 09 10  0808   58736   29280    0    -4.8     1.6    -0.6     5.1    -6.6   161.5
2019 09 10  0809   58736   29340    0    -4.7     1.9    -0.0     5.0    -0.5   157.7
2019 09 10  0810   58736   29400    0    -4.4     2.1     1.4     5.0    15.6   154.2
2019 09 10  0811   58736   29460    0    -4.5     2.0     0.9     5.0    10.3   155.9
2019 09 10  0812   58736   29520    0    -4.8     1.6    -0.7     5.1    -7.7   162.0
2019 09 10  0813   58736   29580    0    -4.8     1.5    -0.5     5.1    -6.1   162.4
2019 09 10  0814   58736   29640    0    -4.7     1.6    -0.4     5.0    -4.1   161.2
2019 09 10  0815   58736   29700    0    -4.8     1.7    -0.2     5.1    -2.3   160.9
2019 09 10  0816   58736   29760    0    -4.8     1.7    -0.4     5.1    -4.9   160.5
2019 09 10  0817   58736   29820    0    -4.6     1.7    -0.6     5.0    -6.4   159.6
2019 09 10  0818   58736   29880    0    -4.7     1.9    -0.5     5.1    -5.3   158.4
2019 09 10  0819   58736   29940    0    -4.7     1.9    -0.5     5.1    -6.1   158.4
2019 09 10  0820   58736   30000    0    -4.4     2.1    -0.5     4.9    -6.0   154.3
2019 09 10  0821   58736   30060    0    -4.3     2.3    -0.7     4.9    -8.8   152.2
2019 09 10  0822   58736   30120    0    -4.5     2.1    -0.7     5.0    -8.2   154.6
2019 09 10  0823   58736   30180    0    -4.2     2.5    -0.7     5.0    -7.7   149.3
2019 09 10  0824   58736   30240    0    -4.0     2.9    -0.7     5.0    -8.0   144.1
2019 09 10  0825   58736   30300    0    -4.8     1.5    -0.9     5.1   -10.2   162.4
2019 09 10  0826   58736   30360    0    -4.9     1.0    -1.1     5.1   -12.2   168.1
2019 09 10  0827   58736   30420    0    -4.9     1.1    -1.1     5.2   -12.2   167.0
2019 09 10  0828   58736   30480    0    -4.9     0.9    -1.2     5.1   -13.0   170.1
2019 09 10  0829   58736   30540    0    -5.0     0.6    -1.2     5.1   -14.0   173.3
2019 09 10  0830   58736   30600    0    -4.9     0.4    -1.5     5.2   -16.3   175.6
2019 09 10  0831   58736   30660    0    -4.8    -0.1    -1.7     5.1   -19.8   181.1
2019 09 10  0832   58736   30720    0    -4.5     0.1    -2.4     5.1   -27.6   178.6
2019 09 10  0833   58736   30780    0    -4.3     0.4    -2.6     5.1   -30.8   174.4
2019 09 10  0834   58736   30840    0    -4.2     0.4    -2.7     5.0   -32.3   174.8
2019 09 10  0835   58736   30900    0    -4.1     0.3    -2.9     5.0   -35.8   176.3
2019 09 10  0836   58736   30960    0    -4.0     0.1    -2.9     4.9   -36.6   178.3
2019 09 10  0837   58736   31020    0    -4.0    -0.0    -2.9     4.9   -36.2   180.2
2019 09 10  0838   58736   31080    0    -4.0     0.1    -2.7     4.8   -34.1   177.9
2019 09 10  0839   58736   31140    0    -4.1     0.7    -2.4     4.8   -30.4   170.2
2019 09 10  0840   58736   31200    0    -4.3     1.0    -1.7     4.8   -21.1   167.3
2019 09 10  0841   58736   31260    0    -4.6     1.1    -1.1     4.9   -12.8   167.0
2019 09 10  0842   58736   31320    0    -4.4     1.5    -1.1     4.7   -13.2   161.0
2019 09 10  0843   58736   31380    0    -4.1     2.0    -1.0     4.7   -12.2   154.5
2019 09 10  0844   58736   31440    0    -4.4     1.6    -0.5     4.7    -6.4   160.1
2019 09 10  0845   58736   31500    0    -4.5     1.5    -0.1     4.8    -1.6   161.9
2019 09 10  0846   58736   31560    0    -4.5     1.4     0.1     4.7     0.8   162.5
2019 09 10  0847   58736   31620    0    -4.6     1.4     0.3     4.8     3.2   162.8
2019 09 10  0848   58736   31680    0    -4.6     1.4     0.4     4.8     4.6   162.9
2019 09 10  0849   58736   31740    0    -4.6     1.3     0.5     4.8     6.1   163.7
2019 09 10  0850   58736   31800    0    -4.5     1.2     0.6     4.7     6.8   164.6
2019 09 10  0851   58736   31860    0    -4.5     1.3     0.6     4.8     7.6   164.4
2019 09 10  0852   58736   31920    0    -4.6     1.2     0.7     4.8     8.9   165.0
2019 09 10  0853   58736   31980    0    -4.6     0.9     1.1     4.8    13.9   169.0
2019 09 10  0854   58736   32040    0    -4.5     0.8     1.3     4.8    15.8   169.9
2019 09 10  0855   58736   32100    0    -4.5     0.5     1.5     4.8    18.3   173.4
2019 09 10  0856   58736   32160    0    -4.5     0.4     1.3     4.7    16.6   174.9
2019 09 10  0857   58736   32220    0    -4.5     0.6     1.6     4.8    19.0   172.7
2019 09 10  0858   58736   32280    0    -4.4     0.5     1.7     4.8    21.3   173.4
2019 09 10  0859   58736   32340    0    -4.5     0.4     1.7     4.8    20.6   174.5
