:Data_list: 20191231_ace_mag_1m.txt
:Created: 2019 Dec 31 1001 UT
# Prepared by the U.S. Dept. of Commerce, NOAA, Space Weather Prediction Center
# Please send comments and suggestions to SWPC.Webmaster@noaa.gov 
# 
# Magnetometer values are in GSM coordinates.
# 
# Units: Bx, By, Bz, Bt in nT
# Units: Latitude  degrees +/-  90.0
# Units: Longitude degrees 0.0 - 360.0
# Status(S): 0 = nominal data, 1 to 8 = bad data record, 9 = no data
# Missing data values: -999.9
# Source: ACE Satellite - Magnetometer
#
#              1-minute averaged Real-time Interplanetary Magnetic Field Values 
# 
#                 Modified Seconds
# UT Date   Time  Julian   of the   ----------------  GSM Coordinates ---------------
# YR MO DA  HHMM    Day      Day    S     Bx      By      Bz      Bt     Lat.   Long.
#------------------------------------------------------------------------------------
2019 12 31  0000   58848       0    0     2.7    -6.0     2.2     7.0    18.5   294.3
2019 12 31  0001   58848      60    0     2.5    -5.7     2.1     6.6    18.3   294.1
2019 12 31  0002   58848     120    0     2.4    -5.5     2.3     6.5    21.3   293.8
2019 12 31  0003   58848     180    0     2.4    -5.5     2.1     6.4    19.7   293.3
2019 12 31  0004   58848     240    0     2.5    -5.3     2.3     6.3    21.8   295.1
2019 12 31  0005   58848     300    0     2.6    -4.7     3.0     6.2    29.0   299.3
2019 12 31  0006   58848     360    0     2.3    -5.2     2.3     6.1    22.5   294.1
2019 12 31  0007   58848     420    0     2.3    -5.3     2.2     6.2    20.7   293.4
2019 12 31  0008   58848     480    0     2.4    -5.7     2.1     6.6    18.6   292.7
2019 12 31  0009   58848     540    0     2.4    -5.7     2.2     6.5    19.4   292.5
2019 12 31  0010   58848     600    0     1.9    -5.9     1.3     6.3    11.4   288.1
2019 12 31  0011   58848     660    0     2.0    -6.0     1.1     6.5     9.8   288.4
2019 12 31  0012   58848     720    0     2.5    -5.1     2.5     6.2    24.0   296.6
2019 12 31  0013   58848     780    0     2.1    -5.3     2.1     6.1    20.3   291.7
2019 12 31  0014   58848     840    0     1.9    -5.7     1.5     6.2    13.8   288.1
2019 12 31  0015   58848     900    0    -0.2    -7.0    -1.0     7.1    -8.5   268.7
2019 12 31  0016   58848     960    0     0.3    -6.9    -0.8     6.9    -7.0   272.8
2019 12 31  0017   58848    1020    0    -0.9    -6.7     0.3     6.8     2.7   262.1
2019 12 31  0018   58848    1080    0    -0.7    -6.9     0.9     7.0     7.5   264.1
2019 12 31  0019   58848    1140    0    -0.4    -7.0     0.5     7.1     4.2   266.7
2019 12 31  0020   58848    1200    0     0.6    -6.8     0.9     6.9     7.9   275.4
2019 12 31  0021   58848    1260    0     0.8    -6.5     0.8     6.6     7.2   276.7
2019 12 31  0022   58848    1320    0     0.8    -6.8     0.6     6.8     5.4   276.6
2019 12 31  0023   58848    1380    0     0.7    -6.9     0.7     7.0     5.7   275.4
2019 12 31  0024   58848    1440    0     0.5    -6.8     0.4     6.8     3.7   274.0
2019 12 31  0025   58848    1500    0     1.1    -6.5     1.0     6.6     8.5   279.5
2019 12 31  0026   58848    1560    0     1.4    -6.3     1.2     6.5    10.6   282.2
2019 12 31  0027   58848    1620    0     1.5    -6.1     1.7     6.5    15.4   283.7
2019 12 31  0028   58848    1680    0     1.8    -5.9     1.6     6.4    14.6   287.0
2019 12 31  0029   58848    1740    0     1.2    -6.2     0.9     6.4     7.7   281.0
2019 12 31  0030   58848    1800    0     1.1    -6.1     1.0     6.3     9.4   280.3
2019 12 31  0031   58848    1860    0     1.7    -6.1     2.0     6.6    17.2   285.9
2019 12 31  0032   58848    1920    0     2.1    -5.7     2.6     6.7    22.9   290.5
2019 12 31  0033   58848    1980    0     2.2    -5.1     3.5     6.5    32.5   293.3
2019 12 31  0034   58848    2040    0     2.6    -4.8     4.3     7.0    38.4   298.0
2019 12 31  0035   58848    2100    0     2.9    -5.3     4.3     7.4    35.9   298.5
2019 12 31  0036   58848    2160    0     2.7    -5.3     4.2     7.3    35.7   297.0
2019 12 31  0037   58848    2220    0     2.5    -5.3     3.9     7.0    33.6   295.3
2019 12 31  0038   58848    2280    0     2.5    -5.1     3.9     6.9    34.2   295.5
2019 12 31  0039   58848    2340    0     2.8    -5.1     3.4     6.7    30.4   299.2
2019 12 31  0040   58848    2400    0     2.3    -4.9     4.7     7.1    40.9   295.5
2019 12 31  0041   58848    2460    0     2.5    -3.0     5.4     6.7    54.3   310.1
2019 12 31  0042   58848    2520    0     1.4    -1.3     5.8     6.1    72.1   316.4
2019 12 31  0043   58848    2580    0     2.1    -2.5     4.2     5.3    52.2   310.0
2019 12 31  0044   58848    2640    0     1.6     0.6     5.1     5.4    72.0    20.8
2019 12 31  0045   58848    2700    0     0.4     4.7     5.5     7.2    49.1    85.2
2019 12 31  0046   58848    2760    0     0.6     4.2     5.7     7.2    53.2    81.5
2019 12 31  0047   58848    2820    0     0.8     4.0     5.9     7.2    55.1    78.5
2019 12 31  0048   58848    2880    0     1.0     3.4     6.0     6.9    59.5    73.8
2019 12 31  0049   58848    2940    0     1.0     3.3     6.0     6.9    60.0    73.3
2019 12 31  0050   58848    3000    0     0.7     4.1     5.6     7.0    53.1    80.0
2019 12 31  0051   58848    3060    0     0.5     4.3     5.5     7.0    51.6    82.9
2019 12 31  0052   58848    3120    0     0.3     4.6     5.0     6.8    47.1    86.0
2019 12 31  0053   58848    3180    0     1.3     2.3     5.4     6.0    63.9    59.3
2019 12 31  0054   58848    3240    0     1.5     1.0     5.2     5.5    71.0    33.4
2019 12 31  0055   58848    3300    0     1.6     1.1     5.2     5.6    70.2    33.8
2019 12 31  0056   58848    3360    0     1.6     1.0     5.2     5.6    69.7    32.5
2019 12 31  0057   58848    3420    0     2.2     0.6     5.2     5.7    66.7    16.4
2019 12 31  0058   58848    3480    0     2.3     0.5     5.6     6.1    66.9    12.2
2019 12 31  0059   58848    3540    0     2.4     0.4     5.5     6.0    66.5     9.0
2019 12 31  0100   58848    3600    0     2.7     0.5     6.1     6.6    65.9    10.3
2019 12 31  0101   58848    3660    0     2.6     0.5     5.7     6.2    65.1    10.7
2019 12 31  0102   58848    3720    0     1.6     0.8     4.7     5.0    69.7    25.7
2019 12 31  0103   58848    3780    0     1.1     1.4     5.2     5.5    71.1    52.1
2019 12 31  0104   58848    3840    0     0.6     2.6     5.5     6.1    64.1    77.3
2019 12 31  0105   58848    3900    0     0.9     2.1     5.5     6.0    67.3    68.3
2019 12 31  0106   58848    3960    0     1.4    -0.0     4.0     4.2    70.1   359.1
2019 12 31  0107   58848    4020    0     1.6    -0.1     3.7     4.0    67.4   357.3
2019 12 31  0108   58848    4080    0     1.5    -0.0     3.6     4.0    67.0   358.4
2019 12 31  0109   58848    4140    0     1.7     0.3     4.2     4.5    67.9     8.8
2019 12 31  0110   58848    4200    0     1.6     0.6     4.4     4.7    68.6    19.5
2019 12 31  0111   58848    4260    0     1.7     0.4     4.5     4.8    68.3    12.2
2019 12 31  0112   58848    4320    0     1.9     0.7     4.6     5.0    66.5    20.8
2019 12 31  0113   58848    4380    0     1.9     1.0     4.5     5.0    65.0    27.7
2019 12 31  0114   58848    4440    0     1.6     1.5     4.0     4.6    61.1    42.2
2019 12 31  0115   58848    4500    0     1.8     0.9     5.2     5.6    69.2    26.5
2019 12 31  0116   58848    4560    0     2.0     1.3     5.7     6.1    67.3    32.6
2019 12 31  0117   58848    4620    0     1.8     1.8     5.5     6.0    64.8    44.1
2019 12 31  0118   58848    4680    0     1.5     2.1     5.3     5.9    63.8    53.8
2019 12 31  0119   58848    4740    0     1.5     2.0     5.3     5.8    64.2    53.1
2019 12 31  0120   58848    4800    0     1.7     1.8     5.4     5.9    64.9    47.4
2019 12 31  0121   58848    4860    0     1.5     1.9     5.4     5.9    65.9    50.1
2019 12 31  0122   58848    4920    0     1.4     1.9     5.5     6.0    66.6    53.7
2019 12 31  0123   58848    4980    0     1.5     1.2     5.2     5.5    70.1    38.1
2019 12 31  0124   58848    5040    0     1.8     0.1     4.5     4.9    68.2     2.9
2019 12 31  0125   58848    5100    0     2.4    -2.4     3.3     4.7    44.5   315.2
2019 12 31  0126   58848    5160    0     2.5    -2.6     3.6     5.0    44.9   313.7
2019 12 31  0127   58848    5220    0     2.3    -2.0     4.3     5.3    54.8   320.0
2019 12 31  0128   58848    5280    0     1.9    -0.3     4.8     5.2    68.7   351.7
2019 12 31  0129   58848    5340    0     2.1    -1.4     4.6     5.3    61.9   326.6
2019 12 31  0130   58848    5400    0     2.1    -0.2     4.9     5.3    66.8   355.7
2019 12 31  0131   58848    5460    0     2.0    -0.6     4.6     5.1    65.2   343.5
2019 12 31  0132   58848    5520    0     2.0    -0.8     4.3     4.8    63.1   337.5
2019 12 31  0133   58848    5580    0     2.0    -1.2     4.3     4.9    61.7   330.3
2019 12 31  0134   58848    5640    0     1.9    -1.6     4.0     4.7    58.6   320.0
2019 12 31  0135   58848    5700    0     2.0    -0.8     4.1     4.6    62.7   337.1
2019 12 31  0136   58848    5760    0     1.8    -0.7     4.0     4.5    65.0   338.2
2019 12 31  0137   58848    5820    0     2.0    -0.9     4.1     4.6    62.0   336.4
2019 12 31  0138   58848    5880    0     2.1    -0.5     4.2     4.7    62.9   347.4
2019 12 31  0139   58848    5940    0     2.2    -0.2     4.4     4.9    63.9   353.7
2019 12 31  0140   58848    6000    0     2.3    -0.0     4.7     5.2    63.4   359.5
2019 12 31  0141   58848    6060    0     1.8    -0.3     4.3     4.7    66.4   349.3
2019 12 31  0142   58848    6120    0     1.6     0.0     4.6     4.9    70.6     0.7
2019 12 31  0143   58848    6180    0     1.2     0.1     4.4     4.5    73.9     6.2
2019 12 31  0144   58848    6240    0     1.6    -0.4     4.0     4.3    67.8   346.2
2019 12 31  0145   58848    6300    0     1.8    -1.2     3.7     4.3    59.0   326.9
2019 12 31  0146   58848    6360    0     2.3    -3.0     2.1     4.3    29.8   307.8
2019 12 31  0147   58848    6420    0     2.1    -3.2     2.0     4.3    27.9   302.7
2019 12 31  0148   58848    6480    0     2.2    -3.5     1.2     4.3    16.1   301.7
2019 12 31  0149   58848    6540    0     1.7    -2.7     2.5     4.1    37.5   302.4
2019 12 31  0150   58848    6600    0     2.0    -3.4    -0.2     3.9    -2.4   300.8
2019 12 31  0151   58848    6660    0     2.0    -3.2     0.3     3.7     4.3   301.5
2019 12 31  0152   58848    6720    0     1.4    -3.4    -0.8     3.7   -11.8   293.1
2019 12 31  0153   58848    6780    0     1.1    -3.1    -1.0     3.4   -16.6   289.6
2019 12 31  0154   58848    6840    0     0.2    -2.2    -1.4     2.6   -33.3   274.6
2019 12 31  0155   58848    6900    0     0.2    -2.2    -1.4     2.6   -32.6   275.3
2019 12 31  0156   58848    6960    0     0.3    -2.3    -1.5     2.8   -31.8   276.7
2019 12 31  0157   58848    7020    0     0.2    -2.8    -1.6     3.2   -30.5   275.0
2019 12 31  0158   58848    7080    0     0.4    -3.1    -1.7     3.5   -28.9   278.3
2019 12 31  0159   58848    7140    0     0.6    -3.0    -1.4     3.3   -25.2   280.6
2019 12 31  0200   58848    7200    0     0.5    -2.7    -1.2     3.0   -22.5   280.6
2019 12 31  0201   58848    7260    0     0.7    -3.1    -1.2     3.4   -20.3   282.3
2019 12 31  0202   58848    7320    0     0.8    -3.1    -1.2     3.4   -21.1   283.8
2019 12 31  0203   58848    7380    0     0.8    -3.1    -1.1     3.4   -19.3   285.2
2019 12 31  0204   58848    7440    0     0.9    -3.1    -1.0     3.3   -16.8   286.2
2019 12 31  0205   58848    7500    0     0.8    -2.9    -0.8     3.2   -15.3   285.8
2019 12 31  0206   58848    7560    0     0.7    -2.9    -0.6     3.1   -12.1   283.8
2019 12 31  0207   58848    7620    0     1.0    -3.7    -1.2     4.0   -17.8   285.0
2019 12 31  0208   58848    7680    0     0.8    -3.7    -1.8     4.2   -25.0   282.3
2019 12 31  0209   58848    7740    0     1.0    -3.9    -1.9     4.4   -25.1   284.3
2019 12 31  0210   58848    7800    0     0.9    -4.2    -1.3     4.4   -16.7   281.8
2019 12 31  0211   58848    7860    0     0.8    -3.6    -0.7     3.8   -11.1   283.3
2019 12 31  0212   58848    7920    0     1.2    -3.4     0.2     3.6     2.6   289.0
2019 12 31  0213   58848    7980    0     0.0    -1.6    -1.5     2.2   -41.9   270.1
2019 12 31  0214   58848    8040    0    -1.1    -0.5    -4.1     4.3   -73.5   202.9
2019 12 31  0215   58848    8100    0    -1.2    -1.0    -3.9     4.2   -68.0   219.9
2019 12 31  0216   58848    8160    0    -1.1    -1.4    -3.5     3.9   -62.2   232.2
2019 12 31  0217   58848    8220    0    -1.1    -1.5    -3.5     4.0   -61.7   234.6
2019 12 31  0218   58848    8280    0    -1.2    -1.9    -3.4     4.1   -56.8   238.6
2019 12 31  0219   58848    8340    0    -1.1    -1.8    -3.4     4.0   -58.5   237.0
2019 12 31  0220   58848    8400    0    -1.1    -2.1    -3.6     4.3   -56.1   243.4
2019 12 31  0221   58848    8460    0    -1.1    -2.4    -4.0     4.8   -55.9   245.2
2019 12 31  0222   58848    8520    0    -0.9    -2.1    -3.4     4.2   -56.0   247.4
2019 12 31  0223   58848    8580    0    -1.0    -1.9    -3.5     4.1   -58.2   243.9
2019 12 31  0224   58848    8640    0    -0.9    -2.1    -4.2     4.8   -61.0   247.0
2019 12 31  0225   58848    8700    0    -1.0    -2.6    -4.6     5.4   -59.0   249.4
2019 12 31  0226   58848    8760    0    -1.1    -2.3    -4.3     5.0   -59.6   245.1
2019 12 31  0227   58848    8820    0    -0.9    -2.5    -4.4     5.1   -58.6   250.9
2019 12 31  0228   58848    8880    0    -0.9    -2.9    -4.1     5.1   -53.9   253.1
2019 12 31  0229   58848    8940    0    -1.2    -2.9    -4.1     5.2   -52.6   248.5
2019 12 31  0230   58848    9000    0    -0.7    -3.1    -4.0     5.1   -51.2   256.8
2019 12 31  0231   58848    9060    0    -0.3    -3.2    -3.7     4.9   -48.4   264.9
2019 12 31  0232   58848    9120    0     0.0    -3.2    -3.2     4.5   -44.7   270.4
2019 12 31  0233   58848    9180    0    -0.1    -3.3    -3.2     4.6   -43.7   269.0
2019 12 31  0234   58848    9240    0    -0.0    -3.4    -3.0     4.5   -40.9   270.0
2019 12 31  0235   58848    9300    0    -0.4    -2.5    -4.3     5.0   -59.7   262.0
2019 12 31  0236   58848    9360    0    -0.5    -1.5    -4.1     4.4   -68.7   253.1
2019 12 31  0237   58848    9420    0    -0.7    -2.0    -4.0     4.5   -62.5   251.0
2019 12 31  0238   58848    9480    0    -0.8    -2.4    -4.1     4.8   -59.1   251.7
2019 12 31  0239   58848    9540    0    -0.8    -2.6    -2.9     4.0   -46.7   252.8
2019 12 31  0240   58848    9600    0    -0.7    -2.8    -2.9     4.1   -44.8   255.4
2019 12 31  0241   58848    9660    0    -0.3    -2.5    -3.2     4.1   -51.8   262.3
2019 12 31  0242   58848    9720    0    -0.1    -2.1    -3.7     4.2   -60.4   267.8
2019 12 31  0243   58848    9780    0    -0.4    -2.0    -3.8     4.3   -61.9   257.5
2019 12 31  0244   58848    9840    0    -0.7    -2.1    -4.0     4.6   -60.5   251.1
2019 12 31  0245   58848    9900    0    -0.7    -2.3    -3.6     4.3   -56.6   253.7
2019 12 31  0246   58848    9960    0    -0.5    -2.4    -3.6     4.3   -55.9   257.2
2019 12 31  0247   58848   10020    0    -0.5    -2.4    -3.1     3.9   -51.0   258.8
2019 12 31  0248   58848   10080    0    -0.2    -1.1    -3.9     4.0   -73.8   262.1
2019 12 31  0249   58848   10140    0    -0.4    -1.7    -3.5     4.0   -63.1   257.7
2019 12 31  0250   58848   10200    0    -0.3    -1.9    -3.6     4.1   -61.3   261.2
2019 12 31  0251   58848   10260    0    -0.2    -2.5    -3.6     4.3   -55.3   264.6
2019 12 31  0252   58848   10320    0    -0.2    -2.9    -3.7     4.7   -52.1   266.2
2019 12 31  0253   58848   10380    0     0.1    -2.8    -3.7     4.6   -53.2   271.1
2019 12 31  0254   58848   10440    0    -0.3    -3.6    -3.7     5.2   -45.4   265.4
2019 12 31  0255   58848   10500    0    -0.0    -4.1    -2.9     5.0   -35.3   269.9
2019 12 31  0256   58848   10560    0    -0.5    -4.0    -2.6     4.8   -32.4   263.5
2019 12 31  0257   58848   10620    0    -0.7    -4.0    -2.6     4.8   -32.7   259.6
2019 12 31  0258   58848   10680    0    -0.8    -3.9    -2.5     4.8   -32.2   258.3
2019 12 31  0259   58848   10740    0    -0.2    -4.0    -2.1     4.5   -27.5   267.6
2019 12 31  0300   58848   10800    0    -0.2    -4.4    -2.3     5.0   -27.9   267.2
2019 12 31  0301   58848   10860    0    -0.5    -4.3    -2.5     5.0   -30.3   263.8
2019 12 31  0302   58848   10920    0    -0.5    -4.1    -2.5     4.9   -30.8   262.7
2019 12 31  0303   58848   10980    0    -0.4    -4.2    -2.3     4.8   -28.5   264.6
2019 12 31  0304   58848   11040    0    -0.8    -3.9    -2.3     4.6   -29.5   258.3
2019 12 31  0305   58848   11100    0    -0.8    -4.0    -2.1     4.5   -27.0   258.9
2019 12 31  0306   58848   11160    0    -0.8    -4.0    -2.1     4.6   -26.7   259.2
2019 12 31  0307   58848   11220    0    -0.8    -4.1    -2.1     4.6   -26.6   259.2
2019 12 31  0308   58848   11280    0    -0.9    -4.1    -2.1     4.7   -26.5   257.8
2019 12 31  0309   58848   11340    0    -0.6    -3.9    -2.3     4.6   -30.0   260.6
2019 12 31  0310   58848   11400    0    -0.5    -3.8    -2.3     4.5   -31.2   262.0
2019 12 31  0311   58848   11460    0    -0.3    -3.9    -2.2     4.5   -29.4   265.2
2019 12 31  0312   58848   11520    0    -0.4    -3.8    -2.2     4.4   -29.8   263.6
2019 12 31  0313   58848   11580    0    -0.1    -2.4    -1.6     2.9   -33.4   268.6
2019 12 31  0314   58848   11640    0     0.4    -2.0    -0.8     2.2   -20.6   280.4
2019 12 31  0315   58848   11700    0     0.2    -2.1    -0.8     2.3   -20.6   276.5
2019 12 31  0316   58848   11760    0     0.5    -2.4    -0.8     2.6   -17.2   281.0
2019 12 31  0317   58848   11820    0     0.7    -2.5    -0.6     2.7   -13.5   285.6
2019 12 31  0318   58848   11880    0     0.5    -2.5    -0.9     2.7   -20.2   280.5
2019 12 31  0319   58848   11940    0     0.5    -2.5    -1.0     2.7   -21.5   281.5
2019 12 31  0320   58848   12000    0     0.6    -2.4    -1.1     2.7   -24.6   284.7
2019 12 31  0321   58848   12060    0     0.5    -2.5    -1.1     2.8   -23.8   282.4
2019 12 31  0322   58848   12120    0     0.6    -2.4    -1.1     2.7   -24.6   282.8
2019 12 31  0323   58848   12180    0     0.5    -2.3    -1.3     2.7   -28.6   282.0
2019 12 31  0324   58848   12240    0     0.5    -2.3    -1.3     2.7   -29.8   283.6
2019 12 31  0325   58848   12300    0     0.7    -2.1    -1.4     2.6   -32.0   287.9
2019 12 31  0326   58848   12360    0     0.5    -2.1    -1.4     2.6   -32.7   284.5
2019 12 31  0327   58848   12420    0     0.5    -2.0    -1.5     2.6   -36.2   284.0
2019 12 31  0328   58848   12480    0     0.6    -1.8    -1.6     2.5   -39.6   289.0
2019 12 31  0329   58848   12540    0     0.6    -1.9    -1.6     2.6   -38.7   288.8
2019 12 31  0330   58848   12600    0     0.6    -2.0    -1.6     2.6   -37.7   287.2
2019 12 31  0331   58848   12660    0     0.8    -1.9    -1.6     2.6   -38.5   291.7
2019 12 31  0332   58848   12720    0     0.6    -1.9    -1.6     2.6   -38.9   288.3
2019 12 31  0333   58848   12780    0     0.6    -1.9    -1.6     2.5   -39.2   287.1
2019 12 31  0334   58848   12840    0     0.6    -1.8    -1.5     2.5   -38.4   288.5
2019 12 31  0335   58848   12900    0     0.6    -1.8    -1.5     2.4   -38.3   287.2
2019 12 31  0336   58848   12960    0     0.5    -1.8    -1.5     2.4   -37.7   286.7
2019 12 31  0337   58848   13020    0     0.6    -1.8    -1.4     2.3   -35.9   288.3
2019 12 31  0338   58848   13080    0     0.5    -1.7    -1.3     2.2   -35.2   287.3
2019 12 31  0339   58848   13140    0     0.7    -1.7    -1.3     2.2   -36.1   293.2
2019 12 31  0340   58848   13200    0     0.8    -1.5    -1.4     2.2   -37.8   297.4
2019 12 31  0341   58848   13260    0     0.8    -1.7    -1.4     2.3   -37.4   295.6
2019 12 31  0342   58848   13320    0     0.7    -1.7    -1.4     2.3   -36.5   293.6
2019 12 31  0343   58848   13380    0     0.7    -1.7    -1.4     2.3   -36.6   293.6
2019 12 31  0344   58848   13440    0     0.6    -1.7    -1.4     2.3   -38.5   290.4
2019 12 31  0345   58848   13500    0     0.6    -1.6    -1.4     2.2   -39.0   290.4
2019 12 31  0346   58848   13560    0     0.6    -1.7    -1.4     2.3   -38.7   289.5
2019 12 31  0347   58848   13620    0     0.6    -1.7    -1.5     2.3   -40.4   289.1
2019 12 31  0348   58848   13680    0     0.7    -1.7    -1.5     2.4   -39.6   293.8
2019 12 31  0349   58848   13740    0     0.7    -1.7    -1.5     2.3   -38.6   293.4
2019 12 31  0350   58848   13800    0     0.6    -1.8    -1.4     2.3   -36.4   288.4
2019 12 31  0351   58848   13860    0     0.6    -1.8    -1.4     2.4   -36.1   288.8
2019 12 31  0352   58848   13920    0     0.7    -1.9    -1.5     2.5   -36.3   290.7
2019 12 31  0353   58848   13980    0     0.7    -1.9    -1.5     2.5   -37.4   290.3
2019 12 31  0354   58848   14040    0     0.6    -1.7    -1.3     2.3   -36.5   288.6
2019 12 31  0355   58848   14100    0     0.5    -1.8    -1.4     2.3   -36.4   285.5
2019 12 31  0356   58848   14160    0     0.6    -1.8    -1.4     2.3   -35.9   289.9
2019 12 31  0357   58848   14220    0     1.1    -1.8    -1.4     2.5   -33.3   300.4
2019 12 31  0358   58848   14280    0     1.0    -1.8    -1.4     2.6   -34.4   299.9
2019 12 31  0359   58848   14340    0     1.0    -1.9    -1.5     2.6   -34.7   297.5
2019 12 31  0400   58848   14400    0     1.0    -1.9    -1.5     2.6   -35.0   297.8
2019 12 31  0401   58848   14460    0     1.0    -2.1    -1.6     2.8   -35.0   296.0
2019 12 31  0402   58848   14520    0     0.9    -2.1    -1.6     2.8   -34.5   292.5
2019 12 31  0403   58848   14580    0     1.0    -2.0    -1.6     2.7   -35.4   296.5
2019 12 31  0404   58848   14640    0     0.9    -2.1    -1.6     2.8   -35.8   293.2
2019 12 31  0405   58848   14700    0     0.8    -2.2    -1.6     2.8   -34.1   289.9
2019 12 31  0406   58848   14760    0     0.7    -2.1    -1.6     2.8   -35.2   289.2
2019 12 31  0407   58848   14820    0     0.9    -2.1    -1.6     2.8   -35.2   294.1
2019 12 31  0408   58848   14880    0     1.2    -2.2    -1.7     3.0   -33.8   298.6
2019 12 31  0409   58848   14940    0     1.3    -2.4    -1.7     3.2   -31.2   298.7
2019 12 31  0410   58848   15000    0     1.4    -2.4    -1.8     3.3   -32.9   301.2
2019 12 31  0411   58848   15060    0     1.5    -2.5    -1.8     3.4   -32.1   301.3
2019 12 31  0412   58848   15120    0     1.5    -2.5    -1.8     3.4   -32.1   301.1
2019 12 31  0413   58848   15180    0     1.6    -2.4    -1.8     3.3   -31.7   303.3
2019 12 31  0414   58848   15240    0     1.5    -2.4    -1.7     3.3   -31.2   302.2
2019 12 31  0415   58848   15300    0     1.5    -2.4    -1.8     3.4   -32.8   301.2
2019 12 31  0416   58848   15360    0     1.6    -2.5    -1.8     3.4   -31.2   302.4
2019 12 31  0417   58848   15420    0     1.6    -2.3    -1.7     3.3   -30.8   303.6
2019 12 31  0418   58848   15480    0     1.5    -2.4    -1.8     3.3   -32.2   302.0
2019 12 31  0419   58848   15540    0     1.4    -2.4    -1.8     3.3   -33.1   299.2
2019 12 31  0420   58848   15600    0     1.4    -2.4    -1.9     3.4   -33.6   300.3
2019 12 31  0421   58848   15660    0     1.4    -2.5    -1.7     3.3   -30.2   299.6
2019 12 31  0422   58848   15720    0     1.5    -2.5    -1.7     3.4   -29.4   300.0
2019 12 31  0423   58848   15780    0     1.5    -2.5    -1.7     3.4   -29.7   300.5
2019 12 31  0424   58848   15840    0     1.3    -2.5    -1.9     3.4   -33.5   297.7
2019 12 31  0425   58848   15900    0     1.2    -2.5    -1.8     3.3   -32.3   295.7
2019 12 31  0426   58848   15960    0     1.4    -2.5    -1.6     3.3   -30.2   298.8
2019 12 31  0427   58848   16020    0     1.4    -2.4    -1.6     3.2   -29.6   299.0
2019 12 31  0428   58848   16080    0     1.3    -2.4    -1.6     3.2   -29.5   298.7
2019 12 31  0429   58848   16140    0     1.3    -2.4    -1.6     3.2   -29.8   299.3
2019 12 31  0430   58848   16200    0     1.3    -2.4    -1.7     3.2   -31.5   297.8
2019 12 31  0431   58848   16260    0     1.3    -2.3    -1.7     3.1   -33.1   298.8
2019 12 31  0432   58848   16320    0     1.3    -2.2    -1.7     3.1   -32.7   300.4
2019 12 31  0433   58848   16380    0     1.2    -2.3    -1.7     3.1   -33.5   298.8
2019 12 31  0434   58848   16440    0     1.2    -2.2    -1.8     3.1   -35.6   299.4
2019 12 31  0435   58848   16500    0     1.2    -2.1    -1.8     3.0   -36.7   299.6
2019 12 31  0436   58848   16560    0     1.1    -2.4    -1.6     3.1   -31.5   295.0
2019 12 31  0437   58848   16620    0     0.9    -2.5    -1.4     3.0   -28.3   290.0
2019 12 31  0438   58848   16680    0     0.9    -2.5    -1.4     3.0   -28.6   290.6
2019 12 31  0439   58848   16740    0     0.9    -2.4    -1.5     3.0   -30.0   290.0
2019 12 31  0440   58848   16800    0     0.8    -2.4    -1.5     2.9   -31.7   287.7
2019 12 31  0441   58848   16860    0     0.6    -2.4    -1.5     2.9   -31.5   284.9
2019 12 31  0442   58848   16920    0     0.5    -2.4    -1.5     2.9   -32.0   282.4
2019 12 31  0443   58848   16980    0     0.7    -2.3    -1.7     2.9   -34.9   286.4
2019 12 31  0444   58848   17040    0     0.5    -2.2    -1.8     2.9   -38.9   284.0
2019 12 31  0445   58848   17100    0     0.4    -2.0    -2.1     2.9   -45.9   280.8
2019 12 31  0446   58848   17160    0     0.4    -2.1    -2.1     3.0   -44.0   280.1
2019 12 31  0447   58848   17220    0     0.5    -2.2    -2.0     3.0   -41.3   283.4
2019 12 31  0448   58848   17280    0     0.6    -2.3    -1.8     3.0   -37.8   284.7
2019 12 31  0449   58848   17340    0     0.7    -2.3    -2.0     3.1   -40.0   286.9
2019 12 31  0450   58848   17400    0     0.7    -2.2    -1.9     3.0   -39.3   287.4
2019 12 31  0451   58848   17460    0     0.9    -2.2    -1.6     2.9   -34.9   291.1
2019 12 31  0452   58848   17520    0     0.6    -2.4    -1.9     3.1   -36.9   283.3
2019 12 31  0453   58848   17580    0     0.5    -2.3    -1.9     3.0   -38.0   281.9
2019 12 31  0454   58848   17640    0     0.5    -2.4    -1.7     3.0   -34.8   282.3
2019 12 31  0455   58848   17700    0     0.6    -2.2    -1.5     2.7   -33.2   286.0
2019 12 31  0456   58848   17760    0     0.5    -2.2    -1.5     2.7   -32.9   283.2
2019 12 31  0457   58848   17820    0    -0.1    -2.1    -2.1     3.0   -44.8   266.4
2019 12 31  0458   58848   17880    0     0.0    -1.8    -2.2     2.8   -49.9   270.6
2019 12 31  0459   58848   17940    0     0.0    -2.4    -2.3     3.4   -44.0   270.5
2019 12 31  0500   58848   18000    0     0.1    -2.0    -2.8     3.5   -53.8   272.6
2019 12 31  0501   58848   18060    0     0.2    -2.2    -2.7     3.5   -51.1   276.5
2019 12 31  0502   58848   18120    0     0.3    -2.6    -2.3     3.5   -41.8   276.0
2019 12 31  0503   58848   18180    0     0.2    -2.6    -2.3     3.5   -41.6   274.0
2019 12 31  0504   58848   18240    0     0.1    -2.7    -2.4     3.6   -41.3   272.8
2019 12 31  0505   58848   18300    0    -0.0    -2.8    -2.3     3.6   -39.5   269.7
2019 12 31  0506   58848   18360    0     0.1    -2.7    -2.4     3.7   -41.5   273.0
2019 12 31  0507   58848   18420    0     0.4    -2.6    -2.4     3.5   -43.0   278.1
2019 12 31  0508   58848   18480    0     0.2    -2.5    -2.5     3.6   -44.9   274.8
2019 12 31  0509   58848   18540    0     0.2    -2.5    -2.5     3.5   -44.1   274.7
2019 12 31  0510   58848   18600    0     0.1    -2.5    -2.6     3.6   -46.2   272.3
2019 12 31  0511   58848   18660    0     0.1    -2.6    -2.6     3.7   -45.8   272.5
2019 12 31  0512   58848   18720    0     0.3    -2.4    -2.7     3.7   -47.6   277.9
2019 12 31  0513   58848   18780    0     0.2    -2.4    -2.6     3.6   -47.2   274.4
2019 12 31  0514   58848   18840    0    -0.0    -2.5    -2.5     3.6   -45.3   269.4
2019 12 31  0515   58848   18900    0     0.1    -2.5    -2.5     3.5   -45.3   271.5
2019 12 31  0516   58848   18960    0     0.2    -2.7    -2.4     3.6   -42.3   273.8
2019 12 31  0517   58848   19020    0    -0.2    -2.7    -2.8     3.9   -46.2   265.8
2019 12 31  0518   58848   19080    0    -0.4    -2.7    -2.8     3.9   -45.2   262.5
2019 12 31  0519   58848   19140    0    -0.3    -2.6    -2.7     3.8   -45.1   262.5
2019 12 31  0520   58848   19200    0     0.4    -2.2    -2.7     3.5   -50.1   279.8
2019 12 31  0521   58848   19260    0     0.2    -2.5    -2.5     3.5   -45.2   275.4
2019 12 31  0522   58848   19320    0     0.3    -2.5    -2.4     3.5   -43.8   277.9
2019 12 31  0523   58848   19380    0     0.2    -2.5    -2.5     3.6   -45.5   273.7
2019 12 31  0524   58848   19440    0    -0.0    -2.5    -2.7     3.6   -46.8   269.0
2019 12 31  0525   58848   19500    0     0.0    -2.5    -2.7     3.6   -46.9   270.1
2019 12 31  0526   58848   19560    0     0.0    -2.5    -2.7     3.6   -47.1   270.0
2019 12 31  0527   58848   19620    0     0.1    -2.5    -2.6     3.6   -46.9   271.7
2019 12 31  0528   58848   19680    0     0.2    -2.4    -2.6     3.6   -46.5   274.3
2019 12 31  0529   58848   19740    0     0.1    -2.5    -2.6     3.6   -45.8   273.3
2019 12 31  0530   58848   19800    0     0.1    -2.6    -2.5     3.6   -44.1   272.0
2019 12 31  0531   58848   19860    0    -0.0    -2.6    -2.5     3.6   -44.4   269.2
2019 12 31  0532   58848   19920    0    -0.1    -2.6    -2.5     3.5   -43.7   267.1
2019 12 31  0533   58848   19980    0    -0.1    -2.5    -2.4     3.5   -44.4   267.2
2019 12 31  0534   58848   20040    0    -0.1    -2.5    -2.4     3.5   -44.0   268.2
2019 12 31  0535   58848   20100    0    -0.1    -2.5    -2.5     3.5   -44.8   268.6
2019 12 31  0536   58848   20160    0     0.1    -2.4    -2.4     3.4   -44.2   272.1
2019 12 31  0537   58848   20220    0    -0.1    -2.5    -2.3     3.4   -42.3   267.8
2019 12 31  0538   58848   20280    0    -0.3    -2.6    -2.4     3.5   -43.0   264.4
2019 12 31  0539   58848   20340    0    -0.3    -2.5    -2.4     3.5   -43.6   263.2
2019 12 31  0540   58848   20400    0    -0.3    -2.5    -2.4     3.5   -43.9   263.0
2019 12 31  0541   58848   20460    0    -0.4    -2.5    -2.5     3.6   -43.9   260.3
2019 12 31  0542   58848   20520    0    -0.3    -2.6    -2.4     3.5   -42.7   264.4
2019 12 31  0543   58848   20580    0    -0.3    -2.5    -2.4     3.5   -44.0   262.8
2019 12 31  0544   58848   20640    0    -0.4    -2.5    -2.4     3.5   -43.0   260.3
2019 12 31  0545   58848   20700    0    -0.4    -2.5    -2.4     3.5   -43.6   260.8
2019 12 31  0546   58848   20760    0    -0.5    -2.5    -2.4     3.5   -43.6   259.5
2019 12 31  0547   58848   20820    0    -0.4    -2.4    -2.4     3.4   -43.9   261.4
2019 12 31  0548   58848   20880    0    -0.4    -2.5    -2.3     3.4   -43.1   260.1
2019 12 31  0549   58848   20940    0    -0.5    -2.5    -2.3     3.4   -42.4   259.5
2019 12 31  0550   58848   21000    0    -0.4    -2.6    -2.3     3.4   -41.2   260.4
2019 12 31  0551   58848   21060    0    -0.6    -2.4    -2.4     3.5   -44.2   254.9
2019 12 31  0552   58848   21120    0    -0.8    -2.5    -2.3     3.5   -41.0   252.2
2019 12 31  0553   58848   21180    0    -1.0    -2.5    -2.2     3.5   -38.3   248.8
2019 12 31  0554   58848   21240    0    -0.9    -2.5    -2.2     3.5   -40.0   249.6
2019 12 31  0555   58848   21300    0    -1.3    -2.6    -2.0     3.5   -35.4   244.2
2019 12 31  0556   58848   21360    0    -0.8    -2.5    -2.2     3.4   -39.4   253.5
2019 12 31  0557   58848   21420    0    -0.9    -2.7    -2.1     3.5   -36.2   251.6
2019 12 31  0558   58848   21480    0    -0.8    -2.6    -2.1     3.5   -38.4   253.5
2019 12 31  0559   58848   21540    0    -0.9    -2.5    -2.3     3.5   -40.4   249.8
2019 12 31  0600   58848   21600    0    -1.0    -2.6    -2.1     3.5   -36.7   249.1
2019 12 31  0601   58848   21660    0    -1.0    -2.7    -2.0     3.5   -35.4   249.7
2019 12 31  0602   58848   21720    0    -0.7    -2.8    -2.0     3.5   -34.5   255.8
2019 12 31  0603   58848   21780    0    -0.6    -2.7    -2.0     3.4   -35.5   258.3
2019 12 31  0604   58848   21840    0    -0.3    -2.7    -1.8     3.3   -34.5   263.9
2019 12 31  0605   58848   21900    0    -0.6    -2.5    -2.0     3.3   -38.4   256.1
2019 12 31  0606   58848   21960    0    -1.0    -2.3    -2.3     3.4   -42.5   246.5
2019 12 31  0607   58848   22020    0    -1.0    -2.2    -2.2     3.3   -42.3   245.6
2019 12 31  0608   58848   22080    0    -0.9    -2.2    -2.1     3.2   -41.6   247.7
2019 12 31  0609   58848   22140    0    -1.0    -2.2    -2.1     3.2   -41.0   245.7
2019 12 31  0610   58848   22200    0    -1.2    -2.2    -2.0     3.2   -38.1   240.9
2019 12 31  0611   58848   22260    0    -1.2    -2.5    -1.6     3.2   -30.8   244.5
2019 12 31  0612   58848   22320    0    -1.0    -2.5    -1.8     3.2   -33.5   248.7
2019 12 31  0613   58848   22380    0    -0.7    -2.6    -1.7     3.3   -32.4   254.4
2019 12 31  0614   58848   22440    0    -0.4    -3.0    -1.3     3.3   -22.7   261.5
2019 12 31  0615   58848   22500    0    -0.6    -3.1    -1.3     3.4   -22.4   259.0
2019 12 31  0616   58848   22560    0    -0.6    -2.9    -1.8     3.5   -31.8   257.6
2019 12 31  0617   58848   22620    0    -0.7    -3.1    -1.2     3.4   -21.4   257.7
2019 12 31  0618   58848   22680    0    -0.7    -2.8    -1.1     3.1   -20.3   257.0
2019 12 31  0619   58848   22740    0    -0.5    -2.9    -1.2     3.2   -22.6   259.6
2019 12 31  0620   58848   22800    0    -0.4    -2.8    -1.4     3.1   -25.7   261.4
2019 12 31  0621   58848   22860    0    -0.4    -2.7    -1.4     3.1   -27.4   261.5
2019 12 31  0622   58848   22920    0    -0.4    -2.8    -1.2     3.1   -23.9   262.4
2019 12 31  0623   58848   22980    0    -0.3    -2.8    -1.1     3.0   -20.7   264.0
2019 12 31  0624   58848   23040    0    -0.6    -2.7    -1.7     3.3   -31.1   257.8
2019 12 31  0625   58848   23100    0    -0.7    -2.4    -2.0     3.2   -39.2   255.0
2019 12 31  0626   58848   23160    0    -0.4    -2.4    -1.9     3.1   -37.3   261.7
2019 12 31  0627   58848   23220    0    -0.4    -2.5    -1.6     3.0   -31.9   262.0
2019 12 31  0628   58848   23280    0    -0.4    -2.5    -1.4     2.9   -28.7   261.6
2019 12 31  0629   58848   23340    0    -0.4    -2.3    -1.9     3.0   -38.3   259.4
2019 12 31  0630   58848   23400    0    -0.4    -2.2    -2.0     3.0   -41.6   260.0
2019 12 31  0631   58848   23460    0    -0.4    -2.3    -2.1     3.1   -42.9   260.4
2019 12 31  0632   58848   23520    0    -0.6    -2.1    -2.1     3.1   -43.8   254.3
2019 12 31  0633   58848   23580    0    -0.8    -2.0    -2.2     3.1   -45.7   248.2
2019 12 31  0634   58848   23640    0    -0.8    -2.1    -2.2     3.2   -44.7   248.1
2019 12 31  0635   58848   23700    0    -1.0    -1.8    -2.3     3.1   -48.0   242.4
2019 12 31  0636   58848   23760    0    -0.8    -1.7    -2.4     3.0   -51.7   243.5
2019 12 31  0637   58848   23820    0    -0.7    -1.6    -2.5     3.0   -55.5   245.8
2019 12 31  0638   58848   23880    0    -0.8    -1.7    -2.4     3.1   -52.4   244.8
2019 12 31  0639   58848   23940    0    -1.0    -1.6    -2.4     3.0   -52.5   238.0
2019 12 31  0640   58848   24000    0    -0.9    -1.9    -2.3     3.1   -47.8   243.9
2019 12 31  0641   58848   24060    0    -1.1    -2.1    -2.1     3.2   -40.8   241.7
2019 12 31  0642   58848   24120    0    -1.6    -2.2    -1.6     3.2   -30.4   234.3
2019 12 31  0643   58848   24180    0    -0.4    -1.9    -2.3     3.0   -50.7   258.4
2019 12 31  0644   58848   24240    0    -0.2    -1.9    -2.3     3.0   -50.8   263.7
2019 12 31  0645   58848   24300    0    -0.2    -2.0    -2.2     3.0   -47.2   264.3
2019 12 31  0646   58848   24360    0    -0.4    -2.1    -2.1     3.0   -45.3   259.8
2019 12 31  0647   58848   24420    0    -0.5    -2.2    -2.1     3.0   -42.5   257.8
2019 12 31  0648   58848   24480    0    -1.1    -2.1    -2.2     3.2   -43.0   243.0
2019 12 31  0649   58848   24540    0    -1.1    -2.2    -2.1     3.2   -40.5   243.2
2019 12 31  0650   58848   24600    0    -1.4    -2.0    -2.1     3.3   -41.1   235.1
2019 12 31  0651   58848   24660    0    -1.5    -2.1    -2.0     3.3   -38.1   234.9
2019 12 31  0652   58848   24720    0    -1.4    -2.4    -1.8     3.3   -32.6   239.9
2019 12 31  0653   58848   24780    0    -1.2    -2.4    -1.7     3.2   -31.7   243.9
2019 12 31  0654   58848   24840    0    -1.7    -2.4    -1.7     3.4   -30.6   235.2
2019 12 31  0655   58848   24900    0    -1.6    -2.4    -1.6     3.3   -29.0   235.6
2019 12 31  0656   58848   24960    0    -0.9    -2.7    -1.6     3.2   -30.4   252.1
2019 12 31  0657   58848   25020    0    -1.5    -2.6    -1.6     3.4   -28.0   239.2
2019 12 31  0658   58848   25080    0    -1.4    -2.6    -1.6     3.3   -28.9   241.6
2019 12 31  0659   58848   25140    0    -1.5    -2.5    -1.5     3.3   -27.9   238.9
2019 12 31  0700   58848   25200    0    -1.4    -2.6    -1.4     3.3   -25.0   241.1
2019 12 31  0701   58848   25260    0    -1.1    -2.7    -1.5     3.3   -26.9   248.1
2019 12 31  0702   58848   25320    0    -1.0    -3.1    -1.7     3.7   -27.9   252.7
2019 12 31  0703   58848   25380    0    -0.9    -3.2    -1.6     3.7   -25.6   253.5
2019 12 31  0704   58848   25440    0    -1.5    -3.0    -0.9     3.5   -14.3   244.0
2019 12 31  0705   58848   25500    0    -1.1    -3.0    -1.1     3.4   -19.6   249.7
2019 12 31  0706   58848   25560    0    -1.2    -3.7    -0.8     4.0   -11.8   251.6
2019 12 31  0707   58848   25620    0    -1.3    -3.8    -0.9     4.1   -12.9   251.5
2019 12 31  0708   58848   25680    0    -1.3    -3.8    -0.8     4.1   -11.6   250.8
2019 12 31  0709   58848   25740    0    -1.4    -3.7    -0.7     4.0   -10.1   249.4
2019 12 31  0710   58848   25800    0    -1.3    -3.5    -0.7     3.8    -9.9   249.8
2019 12 31  0711   58848   25860    0    -1.3    -3.5    -0.7     3.8   -11.2   249.4
2019 12 31  0712   58848   25920    0    -1.3    -3.6    -1.0     4.0   -14.1   249.7
2019 12 31  0713   58848   25980    0    -1.3    -3.3    -1.1     3.7   -17.3   249.0
2019 12 31  0714   58848   26040    0    -1.4    -3.2    -1.2     3.7   -18.6   246.8
2019 12 31  0715   58848   26100    0    -1.2    -3.2    -1.1     3.5   -17.3   249.9
2019 12 31  0716   58848   26160    0    -0.7    -3.7    -0.8     3.9   -12.3   259.3
2019 12 31  0717   58848   26220    0    -1.2    -3.7    -0.8     3.9   -11.1   251.7
2019 12 31  0718   58848   26280    0    -1.1    -3.8    -0.6     4.1    -9.0   253.7
2019 12 31  0719   58848   26340    0    -1.4    -4.0    -1.0     4.3   -13.4   250.2
2019 12 31  0720   58848   26400    0    -1.5    -4.0    -0.8     4.3   -11.1   249.7
2019 12 31  0721   58848   26460    0    -1.6    -3.9    -0.7     4.3    -8.9   247.6
2019 12 31  0722   58848   26520    0    -1.7    -3.8    -0.1     4.2    -1.8   245.5
2019 12 31  0723   58848   26580    0    -1.2    -4.0    -0.6     4.2    -8.7   252.9
2019 12 31  0724   58848   26640    0    -1.4    -4.0    -0.5     4.3    -7.2   250.1
2019 12 31  0725   58848   26700    0    -1.7    -4.0    -0.4     4.3    -4.7   247.3
2019 12 31  0726   58848   26760    0    -1.5    -3.8    -0.9     4.2   -12.4   248.9
2019 12 31  0727   58848   26820    0    -1.7    -3.9    -1.0     4.4   -13.2   245.9
2019 12 31  0728   58848   26880    0    -1.7    -3.7    -0.8     4.2   -11.3   246.0
2019 12 31  0729   58848   26940    0    -1.8    -3.8    -0.8     4.2   -10.7   244.9
2019 12 31  0730   58848   27000    0    -1.7    -3.9    -0.5     4.2    -7.2   246.4
2019 12 31  0731   58848   27060    0    -1.6    -3.9    -0.5     4.3    -6.7   247.4
2019 12 31  0732   58848   27120    0    -1.5    -4.0    -0.5     4.3    -6.6   249.0
2019 12 31  0733   58848   27180    0    -1.5    -3.9    -0.4     4.2    -5.4   248.9
2019 12 31  0734   58848   27240    0    -1.8    -3.8    -0.7     4.3    -9.5   244.8
2019 12 31  0735   58848   27300    0    -1.9    -3.8    -0.8     4.3   -10.0   243.0
2019 12 31  0736   58848   27360    0    -2.0    -3.7    -0.8     4.3   -11.0   241.7
2019 12 31  0737   58848   27420    0    -2.0    -3.7    -0.8     4.3   -11.2   241.9
2019 12 31  0738   58848   27480    0    -1.9    -3.8    -0.7     4.3    -9.1   243.1
2019 12 31  0739   58848   27540    0    -1.8    -3.9    -0.6     4.3    -8.3   245.5
2019 12 31  0740   58848   27600    0    -1.7    -3.8    -0.5     4.2    -6.6   245.6
2019 12 31  0741   58848   27660    0    -1.9    -3.8    -0.5     4.3    -6.1   244.3
2019 12 31  0742   58848   27720    0    -1.9    -3.8    -0.5     4.3    -6.6   243.8
2019 12 31  0743   58848   27780    0    -2.0    -3.8    -0.9     4.4   -11.4   241.7
2019 12 31  0744   58848   27840    0    -2.1    -3.7    -1.2     4.4   -15.4   240.2
2019 12 31  0745   58848   27900    0    -2.0    -3.8    -1.2     4.4   -15.4   242.4
2019 12 31  0746   58848   27960    0    -2.0    -3.7    -1.4     4.4   -17.9   242.1
2019 12 31  0747   58848   28020    0    -1.9    -3.5    -1.1     4.1   -15.9   240.9
2019 12 31  0748   58848   28080    0    -2.1    -3.6    -1.0     4.3   -13.8   239.5
2019 12 31  0749   58848   28140    0    -2.2    -3.3    -1.1     4.2   -15.8   236.2
2019 12 31  0750   58848   28200    0    -2.2    -3.2    -1.2     4.1   -17.6   235.5
2019 12 31  0751   58848   28260    0    -2.3    -3.4    -1.1     4.3   -14.8   235.9
2019 12 31  0752   58848   28320    0    -2.4    -3.4    -1.2     4.3   -15.9   234.8
2019 12 31  0753   58848   28380    0    -2.2    -3.6    -1.1     4.4   -14.5   237.8
2019 12 31  0754   58848   28440    0    -2.1    -3.5    -1.2     4.3   -16.9   238.5
2019 12 31  0755   58848   28500    0    -2.3    -3.7    -1.1     4.5   -13.8   237.4
2019 12 31  0756   58848   28560    0    -2.0    -3.6    -1.5     4.4   -20.1   241.3
2019 12 31  0757   58848   28620    0    -2.1    -3.9    -1.0     4.5   -12.7   241.9
2019 12 31  0758   58848   28680    0    -2.0    -4.0    -0.8     4.5    -9.8   243.1
2019 12 31  0759   58848   28740    0    -2.1    -4.1    -0.6     4.7    -7.5   243.4
2019 12 31  0800   58848   28800    0    -2.1    -4.5    -0.4     4.9    -4.4   245.4
2019 12 31  0801   58848   28860    0    -2.2    -4.4    -0.4     4.9    -4.7   244.0
2019 12 31  0802   58848   28920    0    -2.2    -4.2    -0.5     4.8    -5.9   242.2
2019 12 31  0803   58848   28980    0    -1.9    -4.2    -0.3     4.7    -3.5   245.8
2019 12 31  0804   58848   29040    0    -1.9    -4.1    -0.7     4.6    -8.6   244.8
2019 12 31  0805   58848   29100    0    -2.3    -3.9    -1.1     4.6   -13.3   239.6
2019 12 31  0806   58848   29160    0    -2.4    -3.9    -1.3     4.8   -15.5   238.3
2019 12 31  0807   58848   29220    0    -2.4    -3.7    -1.2     4.6   -15.2   237.1
2019 12 31  0808   58848   29280    0    -2.4    -3.8    -0.9     4.6   -11.0   237.4
2019 12 31  0809   58848   29340    0    -2.4    -3.9    -0.2     4.6    -1.9   238.2
2019 12 31  0810   58848   29400    0    -3.0    -3.5    -0.8     4.7   -10.4   229.4
2019 12 31  0811   58848   29460    0    -2.6    -3.9    -0.6     4.7    -6.7   236.1
2019 12 31  0812   58848   29520    0    -3.0    -3.7    -0.9     4.8   -10.2   231.3
2019 12 31  0813   58848   29580    0    -2.7    -2.1    -1.3     3.7   -20.1   217.1
2019 12 31  0814   58848   29640    0    -2.6    -1.6    -1.5     3.4   -25.9   211.2
2019 12 31  0815   58848   29700    0    -2.7    -2.0    -1.3     3.6   -20.7   216.7
2019 12 31  0816   58848   29760    0    -2.8    -2.1    -1.4     3.8   -22.1   217.3
2019 12 31  0817   58848   29820    0    -3.2    -2.3    -1.3     4.1   -18.2   215.9
2019 12 31  0818   58848   29880    0    -2.9    -2.1    -1.5     3.9   -22.5   215.5
2019 12 31  0819   58848   29940    0    -2.7    -1.8    -1.5     3.6   -24.6   212.7
2019 12 31  0820   58848   30000    0    -3.1    -2.3    -1.4     4.1   -20.5   215.8
2019 12 31  0821   58848   30060    0    -3.2    -2.5    -1.4     4.2   -18.8   218.0
2019 12 31  0822   58848   30120    0    -3.5    -2.3    -1.7     4.5   -22.5   212.9
2019 12 31  0823   58848   30180    0    -3.5    -2.7    -1.6     4.7   -20.0   217.3
2019 12 31  0824   58848   30240    0    -3.4    -2.8    -1.6     4.7   -19.6   219.5
2019 12 31  0825   58848   30300    0    -3.4    -3.1    -1.4     4.8   -17.0   221.9
2019 12 31  0826   58848   30360    0    -3.6    -2.8    -1.3     4.7   -15.7   217.5
2019 12 31  0827   58848   30420    0    -3.7    -2.1    -1.8     4.6   -22.6   210.2
2019 12 31  0828   58848   30480    0    -3.5    -2.1    -1.6     4.4   -21.7   211.1
2019 12 31  0829   58848   30540    0    -3.6    -2.0    -1.6     4.4   -21.8   209.4
2019 12 31  0830   58848   30600    0    -3.6    -1.7    -1.8     4.4   -24.1   205.3
2019 12 31  0831   58848   30660    0    -3.6    -2.1    -1.6     4.5   -21.2   210.5
2019 12 31  0832   58848   30720    0    -3.7    -1.9    -1.8     4.5   -23.2   207.4
2019 12 31  0833   58848   30780    0    -3.6    -2.0    -1.9     4.5   -24.9   208.9
2019 12 31  0834   58848   30840    0    -3.5    -1.9    -1.8     4.4   -24.3   208.5
2019 12 31  0835   58848   30900    0    -3.8    -2.0    -1.6     4.6   -21.1   207.9
2019 12 31  0836   58848   30960    0    -3.6    -1.4    -1.8     4.3   -25.1   200.4
2019 12 31  0837   58848   31020    0    -3.5    -1.1    -2.0     4.2   -28.5   196.7
2019 12 31  0838   58848   31080    0    -3.7    -1.9    -1.4     4.4   -18.6   207.0
2019 12 31  0839   58848   31140    0    -3.7    -1.7    -1.8     4.4   -23.4   205.2
2019 12 31  0840   58848   31200    0    -3.7    -1.5    -2.1     4.5   -27.7   201.6
2019 12 31  0841   58848   31260    0    -3.9    -1.5    -1.8     4.6   -23.2   200.4
2019 12 31  0842   58848   31320    0    -3.8    -1.5    -1.8     4.5   -24.2   201.5
2019 12 31  0843   58848   31380    0    -4.0    -1.5    -1.8     4.6   -23.4   200.9
2019 12 31  0844   58848   31440    0    -4.0    -2.5    -1.6     5.0   -19.2   212.2
2019 12 31  0845   58848   31500    0    -4.2    -2.9    -1.7     5.4   -18.0   214.6
2019 12 31  0846   58848   31560    0    -4.2    -2.9    -1.7     5.4   -18.1   214.5
2019 12 31  0847   58848   31620    0    -4.3    -2.9    -1.6     5.4   -17.7   214.4
2019 12 31  0848   58848   31680    0    -4.2    -3.1    -1.4     5.4   -15.1   216.9
2019 12 31  0849   58848   31740    0    -4.0    -3.3    -1.4     5.4   -15.0   219.3
2019 12 31  0850   58848   31800    0    -3.9    -3.4    -1.4     5.4   -15.3   221.2
2019 12 31  0851   58848   31860    0    -4.2    -3.0    -1.5     5.4   -15.9   215.1
2019 12 31  0852   58848   31920    0    -4.1    -2.5    -1.4     5.0   -16.5   211.0
2019 12 31  0853   58848   31980    0    -4.2    -3.1    -1.6     5.4   -16.8   216.2
2019 12 31  0854   58848   32040    0    -4.3    -2.8    -1.6     5.4   -17.7   213.1
2019 12 31  0855   58848   32100    0    -4.1    -2.6    -1.7     5.2   -18.9   212.4
2019 12 31  0856   58848   32160    0    -4.0    -2.7    -1.8     5.2   -20.3   213.4
2019 12 31  0857   58848   32220    0    -4.1    -2.5    -1.8     5.2   -20.9   211.3
2019 12 31  0858   58848   32280    0    -4.4    -2.4    -1.6     5.2   -17.5   208.7
2019 12 31  0859   58848   32340    0    -4.6    -2.5    -1.5     5.5   -16.2   208.2
2019 12 31  0900   58848   32400    0    -4.5    -2.6    -1.5     5.4   -15.7   209.6
2019 12 31  0901   58848   32460    0    -4.5    -2.6    -1.4     5.4   -14.6   209.5
2019 12 31  0902   58848   32520    0    -4.6    -2.4    -1.6     5.5   -16.7   207.5
2019 12 31  0903   58848   32580    0    -4.8    -2.2    -1.7     5.5   -17.9   205.0
2019 12 31  0904   58848   32640    0    -4.7    -2.4    -1.5     5.6   -15.8   207.3
2019 12 31  0905   58848   32700    0    -4.7    -2.2    -1.5     5.4   -16.3   205.5
2019 12 31  0906   58848   32760    0    -4.6    -1.9    -1.7     5.3   -19.1   202.4
2019 12 31  0907   58848   32820    0    -4.8    -2.2    -1.6     5.5   -17.4   204.3
2019 12 31  0908   58848   32880    0    -4.8    -2.4    -1.5     5.5   -15.8   206.3
2019 12 31  0909   58848   32940    0    -4.9    -2.5    -1.5     5.7   -15.4   207.0
2019 12 31  0910   58848   33000    0    -4.8    -2.4    -1.5     5.6   -15.4   206.7
2019 12 31  0911   58848   33060    0    -4.8    -2.4    -1.5     5.6   -15.9   206.8
2019 12 31  0912   58848   33120    0    -4.8    -2.5    -1.4     5.6   -14.9   207.9
2019 12 31  0913   58848   33180    0    -4.7    -2.5    -1.4     5.5   -15.1   208.0
2019 12 31  0914   58848   33240    0    -4.7    -2.2    -1.5     5.4   -16.7   205.3
2019 12 31  0915   58848   33300    0    -4.9    -1.5    -1.4     5.3   -14.9   196.9
2019 12 31  0916   58848   33360    0    -4.8    -0.9    -1.4     5.1   -16.4   190.1
2019 12 31  0917   58848   33420    0    -4.8    -0.7    -1.4     5.1   -16.4   188.3
2019 12 31  0918   58848   33480    0    -4.9    -0.5    -1.5     5.1   -17.0   185.6
2019 12 31  0919   58848   33540    0    -4.8     0.4    -1.8     5.2   -20.4   175.0
2019 12 31  0920   58848   33600    0    -4.9    -0.1    -1.7     5.2   -19.5   181.7
2019 12 31  0921   58848   33660    0    -4.9    -0.2    -1.6     5.2   -18.3   182.5
2019 12 31  0922   58848   33720    0    -4.9     0.2    -1.6     5.2   -18.0   177.9
2019 12 31  0923   58848   33780    0    -4.9     0.5    -1.8     5.2   -20.1   174.1
2019 12 31  0924   58848   33840    0    -5.0     0.6    -1.7     5.3   -19.0   173.6
2019 12 31  0925   58848   33900    0    -4.9     0.7    -1.9     5.3   -20.7   172.4
2019 12 31  0926   58848   33960    0    -4.9     0.5    -1.9     5.3   -20.9   174.1
2019 12 31  0927   58848   34020    0    -4.9     0.0    -1.6     5.2   -18.2   180.0
2019 12 31  0928   58848   34080    0    -4.9    -0.5    -1.5     5.1   -16.9   185.7
2019 12 31  0929   58848   34140    0    -4.8    -0.8    -1.6     5.2   -18.2   189.3
2019 12 31  0930   58848   34200    0    -4.8    -0.8    -1.7     5.1   -19.1   189.9
2019 12 31  0931   58848   34260    0    -4.8    -0.9    -1.6     5.1   -18.7   190.6
2019 12 31  0932   58848   34320    0    -4.8    -0.9    -1.6     5.2   -17.6   190.3
2019 12 31  0933   58848   34380    0    -4.7    -0.7    -1.6     5.1   -17.9   188.8
2019 12 31  0934   58848   34440    0    -4.7    -1.1    -1.5     5.0   -17.0   193.0
2019 12 31  0935   58848   34500    0    -4.8    -1.1    -1.5     5.1   -16.9   192.7
2019 12 31  0936   58848   34560    0    -4.9    -2.3    -0.9     5.5   -10.0   204.8
2019 12 31  0937   58848   34620    0    -5.2    -2.0    -1.0     5.7   -10.4   200.9
2019 12 31  0938   58848   34680    0    -5.2    -2.0    -0.8     5.6    -8.3   201.4
2019 12 31  0939   58848   34740    0    -5.1    -2.1    -1.1     5.6   -11.4   202.5
2019 12 31  0940   58848   34800    0    -5.0    -1.8    -1.5     5.5   -15.8   199.9
2019 12 31  0941   58848   34860    0    -4.8    -1.6    -1.7     5.3   -18.5   198.4
2019 12 31  0942   58848   34920    0    -5.1    -1.6    -1.7     5.6   -18.3   197.0
2019 12 31  0943   58848   34980    0    -5.0    -1.4    -1.9     5.5   -19.7   195.5
2019 12 31  0944   58848   35040    0    -5.0    -1.3    -2.0     5.5   -21.2   194.4
2019 12 31  0945   58848   35100    0    -5.0    -1.4    -1.9     5.5   -20.0   195.9
2019 12 31  0946   58848   35160    0    -5.2    -1.4    -2.0     5.7   -20.7   194.8
2019 12 31  0947   58848   35220    0    -5.2    -1.0    -2.3     5.8   -23.3   191.3
2019 12 31  0948   58848   35280    0    -5.3    -1.3    -2.1     5.9   -21.3   194.2
2019 12 31  0949   58848   35340    0    -5.3    -1.3    -2.1     5.8   -21.4   193.6
2019 12 31  0950   58848   35400    0    -5.2    -1.2    -2.1     5.7   -21.5   193.5
2019 12 31  0951   58848   35460    0    -5.1    -1.3    -2.1     5.7   -21.7   193.7
2019 12 31  0952   58848   35520    0    -5.1    -1.5    -2.0     5.7   -20.4   195.9
2019 12 31  0953   58848   35580    0    -5.1    -1.6    -1.9     5.7   -19.6   197.4
2019 12 31  0954   58848   35640    0    -5.2    -1.9    -1.8     5.8   -17.7   199.7
2019 12 31  0955   58848   35700    0    -5.4    -1.9    -1.4     5.9   -14.1   199.3
2019 12 31  0956   58848   35760    0    -5.4    -2.0    -1.3     5.9   -12.5   200.3
2019 12 31  0957   58848   35820    0    -5.5    -2.0    -1.3     6.0   -12.0   200.1
2019 12 31  0958   58848   35880    0    -5.6    -1.8    -1.5     6.1   -14.4   197.9
2019 12 31  0959   58848   35940    0    -5.6    -1.8    -1.5     6.1   -14.7   197.6
