:Data_list: 20191110_ace_swepam_1m.txt
:Created: 2019 Nov 10 1001 UT
# Prepared by the U.S. Dept. of Commerce, NOAA, Space Weather Prediction Center
# Please send comments and suggestions to SWPC.Webmaster@noaa.gov 
# 
# Units: Proton density p/cc
# Units: Bulk speed km/s
# Units: Ion tempeture degrees K
# Status(S): 0 = nominal data, 1 to 8 = bad data record, 9 = no data
# Missing data values: Density and Speed = -9999.9, Temp. = -1.00e+05
# Source: ACE Satellite - Solar Wind Electron Proton Alpha Monitor
#
#   1-minute averaged Real-time Bulk Parameters of the Solar Wind Plasma
# 
#                Modified Seconds   -------------  Solar Wind  -----------
# UT Date   Time  Julian  of the          Proton      Bulk         Ion
# YR MO DA  HHMM    Day     Day     S    Density     Speed     Temperature
#-------------------------------------------------------------------------
2019 11 10  0000   58797       0    0        1.9      326.8     3.63e+04
2019 11 10  0001   58797      60    0        2.4      331.1     3.83e+04
2019 11 10  0002   58797     120    0        1.6      341.6     3.01e+04
2019 11 10  0003   58797     180    0        2.1      337.9     3.03e+04
2019 11 10  0004   58797     240    0        2.3      339.4     2.97e+04
2019 11 10  0005   58797     300    0        2.1      337.5     3.26e+04
2019 11 10  0006   58797     360    0        1.9      330.8     3.54e+04
2019 11 10  0007   58797     420    0        2.0      326.6     3.52e+04
2019 11 10  0008   58797     480    0        3.6      337.9     3.36e+04
2019 11 10  0009   58797     540    0        4.9      351.3     3.43e+04
2019 11 10  0010   58797     600    0        4.8      353.0     3.22e+04
2019 11 10  0011   58797     660    0        4.8      351.9     2.77e+04
2019 11 10  0012   58797     720    0        4.2      348.6     3.30e+04
2019 11 10  0013   58797     780    0        3.3      345.1     2.93e+04
2019 11 10  0014   58797     840    0        3.6      346.5     2.97e+04
2019 11 10  0015   58797     900    0        3.3      341.9     3.58e+04
2019 11 10  0016   58797     960    0        3.8      345.2     2.78e+04
2019 11 10  0017   58797    1020    0        2.5      336.8     2.23e+04
2019 11 10  0018   58797    1080    0        4.9      342.9     2.48e+04
2019 11 10  0019   58797    1140    0        3.9      346.4     2.87e+04
2019 11 10  0020   58797    1200    0        3.7      346.9     2.95e+04
2019 11 10  0021   58797    1260    0        3.9      347.3     3.10e+04
2019 11 10  0022   58797    1320    0        4.9      349.4     2.65e+04
2019 11 10  0023   58797    1380    0        3.2      339.3     1.63e+04
2019 11 10  0024   58797    1440    0        3.9      345.9     3.68e+04
2019 11 10  0025   58797    1500    0        6.2      358.6     5.21e+04
2019 11 10  0026   58797    1560    0        5.5      353.2     3.27e+04
2019 11 10  0027   58797    1620    0        6.0      353.5     2.99e+04
2019 11 10  0028   58797    1680    0        8.7      360.3     4.03e+04
2019 11 10  0029   58797    1740    0        5.8      351.0     2.82e+04
2019 11 10  0030   58797    1800    0        5.0      348.8     2.82e+04
2019 11 10  0031   58797    1860    0        5.9      353.9     3.49e+04
2019 11 10  0032   58797    1920    0        5.1      351.0     2.68e+04
2019 11 10  0033   58797    1980    0        5.4      357.1     3.54e+04
2019 11 10  0034   58797    2040    0        4.9      353.1     3.15e+04
2019 11 10  0035   58797    2100    0        5.0      356.0     2.69e+04
2019 11 10  0036   58797    2160    0        4.8      353.8     2.95e+04
2019 11 10  0037   58797    2220    0        4.1      351.7     3.23e+04
2019 11 10  0038   58797    2280    0        4.5      351.7     2.82e+04
2019 11 10  0039   58797    2340    0        5.4      350.7     2.50e+04
2019 11 10  0040   58797    2400    0        4.6      345.7     2.85e+04
2019 11 10  0041   58797    2460    0        3.5      344.2     3.27e+04
2019 11 10  0042   58797    2520    0        3.5      345.9     3.02e+04
2019 11 10  0043   58797    2580    0        3.7      344.5     2.82e+04
2019 11 10  0044   58797    2640    0        3.6      346.2     3.29e+04
2019 11 10  0045   58797    2700    0        3.6      344.9     2.57e+04
2019 11 10  0046   58797    2760    0        3.2      346.1     3.32e+04
2019 11 10  0047   58797    2820    0        2.1      330.2     1.87e+04
2019 11 10  0048   58797    2880    0        3.2      339.2     3.46e+04
2019 11 10  0049   58797    2940    0        3.3      343.8     3.23e+04
2019 11 10  0050   58797    3000    0        2.0      331.6     2.27e+04
2019 11 10  0051   58797    3060    0        3.4      342.1     3.85e+04
2019 11 10  0052   58797    3120    0        3.2      343.7     3.12e+04
2019 11 10  0053   58797    3180    0        3.1      343.4     2.80e+04
2019 11 10  0054   58797    3240    0        2.5      334.8     2.76e+04
2019 11 10  0055   58797    3300    0        2.7      333.6     2.98e+04
2019 11 10  0056   58797    3360    0        2.5      330.3     2.88e+04
2019 11 10  0057   58797    3420    0        2.5      331.6     3.04e+04
2019 11 10  0058   58797    3480    0        2.9      336.3     3.27e+04
2019 11 10  0059   58797    3540    0        2.9      335.3     2.80e+04
2019 11 10  0100   58797    3600    0        2.7      334.9     2.98e+04
2019 11 10  0101   58797    3660    0        2.7      337.7     2.76e+04
2019 11 10  0102   58797    3720    0        2.7      337.4     3.31e+04
2019 11 10  0103   58797    3780    0        2.0      326.4     3.86e+04
2019 11 10  0104   58797    3840    0        2.1      329.7     3.48e+04
2019 11 10  0105   58797    3900    0        2.2      326.9     3.27e+04
2019 11 10  0106   58797    3960    0        2.2      329.9     6.24e+04
2019 11 10  0107   58797    4020    0        2.1      328.7     4.27e+04
2019 11 10  0108   58797    4080    0        1.9      328.6     3.21e+04
2019 11 10  0109   58797    4140    0        1.8      326.1     3.25e+04
2019 11 10  0110   58797    4200    0        2.0      325.6     3.91e+04
2019 11 10  0111   58797    4260    0        2.1      325.9     3.95e+04
2019 11 10  0112   58797    4320    0        2.0      326.0     3.55e+04
2019 11 10  0113   58797    4380    0        2.1      327.7     4.44e+04
2019 11 10  0114   58797    4440    0        2.2      329.2     4.89e+04
2019 11 10  0115   58797    4500    0        2.2      327.8     3.26e+04
2019 11 10  0116   58797    4560    0        2.7      330.2     3.14e+04
2019 11 10  0117   58797    4620    0        3.3      339.4     2.64e+04
2019 11 10  0118   58797    4680    0        3.5      340.5     2.15e+04
2019 11 10  0119   58797    4740    0        3.2      339.0     2.22e+04
2019 11 10  0120   58797    4800    0        1.3      323.0     1.18e+04
2019 11 10  0121   58797    4860    0        3.6      340.9     3.86e+04
2019 11 10  0122   58797    4920    0        4.0      342.9     2.73e+04
2019 11 10  0123   58797    4980    0        2.4      332.4     1.95e+04
2019 11 10  0124   58797    5040    0        3.9      340.8     2.88e+04
2019 11 10  0125   58797    5100    0        4.0      341.4     2.70e+04
2019 11 10  0126   58797    5160    0        3.8      340.4     2.48e+04
2019 11 10  0127   58797    5220    0        3.9      341.0     2.00e+04
2019 11 10  0128   58797    5280    0        3.8      341.4     2.05e+04
2019 11 10  0129   58797    5340    0        3.7      341.8     2.27e+04
2019 11 10  0130   58797    5400    0        3.7      341.8     2.46e+04
2019 11 10  0131   58797    5460    0        4.1      342.1     2.32e+04
2019 11 10  0132   58797    5520    0        4.0      343.1     2.06e+04
2019 11 10  0133   58797    5580    0        3.9      343.9     2.09e+04
2019 11 10  0134   58797    5640    0        3.9      339.2     2.31e+04
2019 11 10  0135   58797    5700    0        3.2      340.3     2.18e+04
2019 11 10  0136   58797    5760    0        3.9      340.6     2.09e+04
2019 11 10  0137   58797    5820    0        4.0      345.0     2.22e+04
2019 11 10  0138   58797    5880    0        5.7      343.7     1.84e+04
2019 11 10  0139   58797    5940    0        4.3      344.1     1.96e+04
2019 11 10  0140   58797    6000    0        3.8      342.5     2.00e+04
2019 11 10  0141   58797    6060    0        5.5      344.0     2.19e+04
2019 11 10  0142   58797    6120    0        6.4      344.6     2.19e+04
2019 11 10  0143   58797    6180    0        6.3      344.8     2.08e+04
2019 11 10  0144   58797    6240    0        5.1      344.7     2.09e+04
2019 11 10  0145   58797    6300    0        4.1      344.6     2.18e+04
2019 11 10  0146   58797    6360    0        4.6      344.7     2.05e+04
2019 11 10  0147   58797    6420    0        5.7      344.9     2.22e+04
2019 11 10  0148   58797    6480    0        6.2      346.0     3.13e+04
2019 11 10  0149   58797    6540    0        5.2      340.9     2.52e+04
2019 11 10  0150   58797    6600    0        2.2      328.9     1.25e+04
2019 11 10  0151   58797    6660    0        4.3      345.0     2.42e+04
2019 11 10  0152   58797    6720    0        5.6      346.9     2.85e+04
2019 11 10  0153   58797    6780    0        2.1      335.9     1.12e+04
2019 11 10  0154   58797    6840    0        5.8      345.4     3.22e+04
2019 11 10  0155   58797    6900    0        4.5      343.5     2.73e+04
2019 11 10  0156   58797    6960    0        3.1      340.4     1.66e+04
2019 11 10  0157   58797    7020    0        6.4      350.7     4.36e+04
2019 11 10  0158   58797    7080    0        5.5      347.9     3.84e+04
2019 11 10  0159   58797    7140    0        4.0      343.5     2.80e+04
2019 11 10  0200   58797    7200    0        4.8      343.9     2.79e+04
2019 11 10  0201   58797    7260    0        4.8      344.1     2.83e+04
2019 11 10  0202   58797    7320    0        4.6      343.8     2.89e+04
2019 11 10  0203   58797    7380    0        4.5      343.3     2.88e+04
2019 11 10  0204   58797    7440    0        4.4      343.6     2.78e+04
2019 11 10  0205   58797    7500    0        4.3      343.0     2.72e+04
2019 11 10  0206   58797    7560    0        4.4      344.9     3.24e+04
2019 11 10  0207   58797    7620    0        4.0      343.6     3.22e+04
2019 11 10  0208   58797    7680    0        4.9      343.5     2.91e+04
2019 11 10  0209   58797    7740    0        4.9      344.8     2.87e+04
2019 11 10  0210   58797    7800    0        5.3      343.8     2.80e+04
2019 11 10  0211   58797    7860    0        5.0      342.8     2.58e+04
2019 11 10  0212   58797    7920    0        4.8      345.7     2.71e+04
2019 11 10  0213   58797    7980    0        4.9      342.7     2.55e+04
2019 11 10  0214   58797    8040    0        4.4      341.2     3.19e+04
2019 11 10  0215   58797    8100    0        4.1      342.7     3.23e+04
2019 11 10  0216   58797    8160    0        3.2      337.3     2.23e+04
2019 11 10  0217   58797    8220    0        3.3      338.5     2.68e+04
2019 11 10  0218   58797    8280    0        4.7      348.7     3.74e+04
2019 11 10  0219   58797    8340    0        4.2      346.8     2.71e+04
2019 11 10  0220   58797    8400    0        3.1      342.6     2.60e+04
2019 11 10  0221   58797    8460    0        4.5      347.6     4.06e+04
2019 11 10  0222   58797    8520    0        3.9      346.8     3.40e+04
2019 11 10  0223   58797    8580    0        3.4      344.1     3.75e+04
2019 11 10  0224   58797    8640    0        4.0      348.2     3.10e+04
2019 11 10  0225   58797    8700    0        4.3      351.1     4.09e+04
2019 11 10  0226   58797    8760    0        3.8      343.8     2.20e+04
2019 11 10  0227   58797    8820    0        4.1      346.8     2.45e+04
2019 11 10  0228   58797    8880    0        4.1      344.8     2.80e+04
2019 11 10  0229   58797    8940    0        3.8      343.1     2.49e+04
2019 11 10  0230   58797    9000    0        4.6      346.8     3.25e+04
2019 11 10  0231   58797    9060    0        4.6      349.2     3.23e+04
2019 11 10  0232   58797    9120    0        4.1      349.1     2.80e+04
2019 11 10  0233   58797    9180    0        4.5      342.4     2.98e+04
2019 11 10  0234   58797    9240    0        4.0      339.9     2.88e+04
2019 11 10  0235   58797    9300    0        3.4      335.1     2.72e+04
2019 11 10  0236   58797    9360    0        3.7      334.7     2.88e+04
2019 11 10  0237   58797    9420    0        3.5      337.4     3.07e+04
2019 11 10  0238   58797    9480    0        3.9      342.2     2.53e+04
2019 11 10  0239   58797    9540    0        1.7      326.1     3.58e+04
2019 11 10  0240   58797    9600    0        2.8      327.5     2.84e+04
2019 11 10  0241   58797    9660    1        2.8      330.6     7.33e+04
2019 11 10  0242   58797    9720    0        2.2      323.7     3.83e+04
2019 11 10  0243   58797    9780    0        2.2      321.2     3.22e+04
2019 11 10  0244   58797    9840    0        2.0      320.1     3.51e+04
2019 11 10  0245   58797    9900    0        2.2      324.5     3.21e+04
2019 11 10  0246   58797    9960    0        2.1      318.5     2.68e+04
2019 11 10  0247   58797   10020    0        2.8      325.3     5.88e+04
2019 11 10  0248   58797   10080    0        2.7      327.9     5.91e+04
2019 11 10  0249   58797   10140    0        2.0      317.5     3.05e+04
2019 11 10  0250   58797   10200    0        2.2      314.9     2.75e+04
2019 11 10  0251   58797   10260    0        2.9      323.9     3.92e+04
2019 11 10  0252   58797   10320    0        3.2      331.9     5.29e+04
2019 11 10  0253   58797   10380    0        2.1      326.3     1.99e+04
2019 11 10  0254   58797   10440    0        3.4      329.2     2.90e+04
2019 11 10  0255   58797   10500    0        3.3      329.4     2.31e+04
2019 11 10  0256   58797   10560    0        2.6      320.5     1.33e+04
2019 11 10  0257   58797   10620    0        3.1      330.8     3.25e+04
2019 11 10  0258   58797   10680    0        3.5      329.5     3.29e+04
2019 11 10  0259   58797   10740    0        2.6      321.1     3.02e+04
2019 11 10  0300   58797   10800    0        1.9      323.5     3.07e+04
2019 11 10  0301   58797   10860    0        1.9      322.9     4.42e+04
2019 11 10  0302   58797   10920    0        2.0      321.1     3.50e+04
2019 11 10  0303   58797   10980    0        1.9      319.3     2.96e+04
2019 11 10  0304   58797   11040    0        1.4      322.9     3.17e+04
2019 11 10  0305   58797   11100    0        1.1      327.6     3.15e+04
2019 11 10  0306   58797   11160    0        1.1      321.1     2.91e+04
2019 11 10  0307   58797   11220    0        1.3      319.8     2.96e+04
2019 11 10  0308   58797   11280    0        1.7      316.9     3.20e+04
2019 11 10  0309   58797   11340    0        1.7      317.4     3.52e+04
2019 11 10  0310   58797   11400    0        1.8      317.5     3.06e+04
2019 11 10  0311   58797   11460    0        1.9      314.9     3.56e+04
2019 11 10  0312   58797   11520    0        2.2      318.7     3.32e+04
2019 11 10  0313   58797   11580    0        2.4      320.9     4.82e+04
2019 11 10  0314   58797   11640    0        2.4      319.3     2.84e+04
2019 11 10  0315   58797   11700    0        2.0      317.4     3.48e+04
2019 11 10  0316   58797   11760    0        2.0      318.8     3.08e+04
2019 11 10  0317   58797   11820    0        2.3      320.1     4.70e+04
2019 11 10  0318   58797   11880    0        2.1      320.3     4.19e+04
2019 11 10  0319   58797   11940    0        2.2      318.2     3.49e+04
2019 11 10  0320   58797   12000    0        2.2      317.5     3.83e+04
2019 11 10  0321   58797   12060    0        2.3      322.7     6.48e+04
2019 11 10  0322   58797   12120    0        2.3      321.1     9.56e+04
2019 11 10  0323   58797   12180    0        1.8      311.1     3.33e+04
2019 11 10  0324   58797   12240    0        2.3      318.2     3.39e+04
2019 11 10  0325   58797   12300    0        2.5      318.2     3.52e+04
2019 11 10  0326   58797   12360    0        2.5      318.5     3.12e+04
2019 11 10  0327   58797   12420    0        2.4      318.0     3.47e+04
2019 11 10  0328   58797   12480    0        2.6      318.5     3.21e+04
2019 11 10  0329   58797   12540    0        2.5      320.8     3.31e+04
2019 11 10  0330   58797   12600    0        2.9      323.0     5.13e+04
2019 11 10  0331   58797   12660    0        2.6      319.7     3.67e+04
2019 11 10  0332   58797   12720    0        2.8      320.8     3.16e+04
2019 11 10  0333   58797   12780    0        2.6      321.7     2.82e+04
2019 11 10  0334   58797   12840    0        2.8      325.1     4.79e+04
2019 11 10  0335   58797   12900    0        2.6      323.0     4.33e+04
2019 11 10  0336   58797   12960    0        2.8      322.1     5.06e+04
2019 11 10  0337   58797   13020    0        3.0      323.4     5.18e+04
2019 11 10  0338   58797   13080    0        2.7      322.4     2.71e+04
2019 11 10  0339   58797   13140    0        2.7      320.3     3.27e+04
2019 11 10  0340   58797   13200    0        2.7      320.9     3.28e+04
2019 11 10  0341   58797   13260    0        2.7      322.5     3.26e+04
2019 11 10  0342   58797   13320    0        2.7      320.6     3.02e+04
2019 11 10  0343   58797   13380    0        2.4      319.4     3.38e+04
2019 11 10  0344   58797   13440    0        2.4      321.2     2.92e+04
2019 11 10  0345   58797   13500    0        2.9      323.5     5.01e+04
2019 11 10  0346   58797   13560    0        2.7      317.8     3.45e+04
2019 11 10  0347   58797   13620    0        2.5      318.4     3.40e+04
2019 11 10  0348   58797   13680    0        2.3      318.6     3.14e+04
2019 11 10  0349   58797   13740    0        2.3      314.5     2.25e+04
2019 11 10  0350   58797   13800    0        3.6      324.3     6.24e+04
2019 11 10  0351   58797   13860    0        3.4      323.4     5.68e+04
2019 11 10  0352   58797   13920    0        2.7      314.8     2.66e+04
2019 11 10  0353   58797   13980    0        2.7      315.5     2.48e+04
2019 11 10  0354   58797   14040    0        4.1      328.0     4.54e+04
2019 11 10  0355   58797   14100    0        5.7      335.4     5.80e+04
2019 11 10  0356   58797   14160    0        3.1      320.7     3.16e+04
2019 11 10  0357   58797   14220    0        3.1      322.1     3.46e+04
2019 11 10  0358   58797   14280    0        3.4      321.8     2.74e+04
2019 11 10  0359   58797   14340    0        3.4      320.8     4.08e+04
2019 11 10  0400   58797   14400    0        3.7      327.9     2.76e+04
2019 11 10  0401   58797   14460    0        3.6      324.4     2.65e+04
2019 11 10  0402   58797   14520    0        3.4      323.8     2.92e+04
2019 11 10  0403   58797   14580    0        4.1      324.7     2.73e+04
2019 11 10  0404   58797   14640    0        4.0      324.4     2.74e+04
2019 11 10  0405   58797   14700    0        4.3      326.0     3.67e+04
2019 11 10  0406   58797   14760    0        4.3      327.3     3.12e+04
2019 11 10  0407   58797   14820    0        3.8      324.3     2.59e+04
2019 11 10  0408   58797   14880    0        3.7      323.0     2.67e+04
2019 11 10  0409   58797   14940    0        3.8      323.4     2.55e+04
2019 11 10  0410   58797   15000    0        3.7      321.9     2.47e+04
2019 11 10  0411   58797   15060    0        3.8      321.2     2.76e+04
2019 11 10  0412   58797   15120    0        3.1      323.8     2.33e+04
2019 11 10  0413   58797   15180    0        3.2      323.6     2.37e+04
2019 11 10  0414   58797   15240    0        3.7      322.2     2.59e+04
2019 11 10  0415   58797   15300    0        3.9      321.6     2.66e+04
2019 11 10  0416   58797   15360    0        4.0      325.8     2.32e+04
2019 11 10  0417   58797   15420    0        4.6      329.9     3.28e+04
2019 11 10  0418   58797   15480    0        3.3      322.9     2.57e+04
2019 11 10  0419   58797   15540    0        3.4      312.0     1.42e+04
2019 11 10  0420   58797   15600    0        3.5      317.4     2.84e+04
2019 11 10  0421   58797   15660    0        4.3      328.5     6.96e+04
2019 11 10  0422   58797   15720    0        3.1      319.0     3.82e+04
2019 11 10  0423   58797   15780    0        3.1      315.2     2.03e+04
2019 11 10  0424   58797   15840    0        4.0      323.6     2.65e+04
2019 11 10  0425   58797   15900    0        3.9      323.2     2.62e+04
2019 11 10  0426   58797   15960    0        3.5      317.7     2.82e+04
2019 11 10  0427   58797   16020    0        3.4      320.3     2.86e+04
2019 11 10  0428   58797   16080    0        3.1      317.9     2.51e+04
2019 11 10  0429   58797   16140    0        3.4      319.0     2.56e+04
2019 11 10  0430   58797   16200    0        3.0      317.9     2.65e+04
2019 11 10  0431   58797   16260    0        2.9      316.5     2.62e+04
2019 11 10  0432   58797   16320    0        3.1      317.7     2.54e+04
2019 11 10  0433   58797   16380    0        3.0      315.6     2.56e+04
2019 11 10  0434   58797   16440    0        3.4      320.0     2.60e+04
2019 11 10  0435   58797   16500    0        3.8      323.3     3.81e+04
2019 11 10  0436   58797   16560    0        4.2      323.5     2.94e+04
2019 11 10  0437   58797   16620    0        4.3      325.5     3.10e+04
2019 11 10  0438   58797   16680    0        4.4      325.2     2.85e+04
2019 11 10  0439   58797   16740    0        3.9      321.0     2.56e+04
2019 11 10  0440   58797   16800    0        3.7      319.0     3.76e+04
2019 11 10  0441   58797   16860    0        3.9      320.6     3.82e+04
2019 11 10  0442   58797   16920    0        3.7      318.6     2.39e+04
2019 11 10  0443   58797   16980    0        3.4      314.1     2.55e+04
2019 11 10  0444   58797   17040    0        3.1      316.6     2.57e+04
2019 11 10  0445   58797   17100    0        2.0      317.3     1.87e+04
2019 11 10  0446   58797   17160    0        2.1      316.9     1.90e+04
2019 11 10  0447   58797   17220    0        2.9      313.3     2.16e+04
2019 11 10  0448   58797   17280    0        3.1      311.9     2.26e+04
2019 11 10  0449   58797   17340    0        3.6      304.8     1.25e+04
2019 11 10  0450   58797   17400    0        4.9      308.2     1.65e+04
2019 11 10  0451   58797   17460    0        3.9      308.8     2.26e+04
2019 11 10  0452   58797   17520    0        5.1      308.9     1.83e+04
2019 11 10  0453   58797   17580    0        5.2      309.1     2.03e+04
2019 11 10  0454   58797   17640    0        4.9      307.6     1.80e+04
2019 11 10  0455   58797   17700    0        4.9      306.7     1.59e+04
2019 11 10  0456   58797   17760    0        4.9      306.4     1.66e+04
2019 11 10  0457   58797   17820    0        4.9      305.5     1.70e+04
2019 11 10  0458   58797   17880    0        4.8      304.8     1.58e+04
2019 11 10  0459   58797   17940    0        4.2      305.3     1.56e+04
2019 11 10  0500   58797   18000    0        3.4      305.2     1.68e+04
2019 11 10  0501   58797   18060    0        4.9      305.3     1.34e+04
2019 11 10  0502   58797   18120    0        4.7      305.1     1.80e+04
2019 11 10  0503   58797   18180    0        4.8      305.5     1.40e+04
2019 11 10  0504   58797   18240    0        4.8      305.4     1.91e+04
2019 11 10  0505   58797   18300    0        4.7      307.1     1.87e+04
2019 11 10  0506   58797   18360    0        4.8      305.0     1.80e+04
2019 11 10  0507   58797   18420    0        3.4      308.3     1.95e+04
2019 11 10  0508   58797   18480    0        3.2      307.8     2.24e+04
2019 11 10  0509   58797   18540    0        3.3      309.5     2.24e+04
2019 11 10  0510   58797   18600    0        3.2      312.4     2.28e+04
2019 11 10  0511   58797   18660    0        3.4      313.3     2.14e+04
2019 11 10  0512   58797   18720    0        3.5      313.0     2.01e+04
2019 11 10  0513   58797   18780    0        3.2      312.2     2.07e+04
2019 11 10  0514   58797   18840    0        3.3      311.7     2.16e+04
2019 11 10  0515   58797   18900    0        3.4      312.1     2.17e+04
2019 11 10  0516   58797   18960    0        3.6      311.4     2.15e+04
2019 11 10  0517   58797   19020    0        3.4      310.5     2.42e+04
2019 11 10  0518   58797   19080    0        3.1      309.5     1.48e+04
2019 11 10  0519   58797   19140    0        3.1      309.6     1.51e+04
2019 11 10  0520   58797   19200    0        3.4      313.5     2.52e+04
2019 11 10  0521   58797   19260    0        3.8      314.5     2.63e+04
2019 11 10  0522   58797   19320    1        2.6      308.4     1.74e+04
2019 11 10  0523   58797   19380    0        3.5      312.8     2.26e+04
2019 11 10  0524   58797   19440    0        3.8      314.3     2.42e+04
2019 11 10  0525   58797   19500    0        3.5      314.0     2.16e+04
2019 11 10  0526   58797   19560    0        3.6      314.4     2.63e+04
2019 11 10  0527   58797   19620    0        3.6      314.4     2.71e+04
2019 11 10  0528   58797   19680    0        3.4      316.1     2.44e+04
2019 11 10  0529   58797   19740    0        3.7      318.0     2.29e+04
2019 11 10  0530   58797   19800    0        4.2      316.9     2.25e+04
2019 11 10  0531   58797   19860    0        4.3      315.7     2.31e+04
2019 11 10  0532   58797   19920    0        3.9      315.1     2.15e+04
2019 11 10  0533   58797   19980    0        3.5      311.7     2.00e+04
2019 11 10  0534   58797   20040    0        4.1      313.8     2.56e+04
2019 11 10  0535   58797   20100    0        3.7      313.3     2.07e+04
2019 11 10  0536   58797   20160    0        3.8      310.5     2.05e+04
2019 11 10  0537   58797   20220    0        4.0      312.6     2.17e+04
2019 11 10  0538   58797   20280    0        4.1      311.8     1.76e+04
2019 11 10  0539   58797   20340    0        3.9      312.2     1.91e+04
2019 11 10  0540   58797   20400    0        3.9      311.8     1.82e+04
2019 11 10  0541   58797   20460    0        4.0      311.8     1.83e+04
2019 11 10  0542   58797   20520    0        4.0      312.2     1.79e+04
2019 11 10  0543   58797   20580    0        3.8      313.0     1.82e+04
2019 11 10  0544   58797   20640    0        4.0      313.2     1.90e+04
2019 11 10  0545   58797   20700    0        4.0      313.2     1.96e+04
2019 11 10  0546   58797   20760    0        4.0      313.2     1.86e+04
2019 11 10  0547   58797   20820    0        4.2      313.1     1.79e+04
2019 11 10  0548   58797   20880    0        3.6      312.1     2.22e+04
2019 11 10  0549   58797   20940    0        2.3      304.6     2.24e+04
2019 11 10  0550   58797   21000    0        3.9      311.9     2.24e+04
2019 11 10  0551   58797   21060    0        4.0    -9999.9    -1.00e+05
2019 11 10  0552   58797   21120    0        4.0      312.2     1.94e+04
2019 11 10  0553   58797   21180    0        3.7      312.4     2.58e+04
2019 11 10  0554   58797   21240    0        3.6      312.9     2.02e+04
2019 11 10  0555   58797   21300    0        3.4      307.3     1.31e+04
2019 11 10  0556   58797   21360    0        3.9      311.4     1.79e+04
2019 11 10  0557   58797   21420    0        4.0      313.9     2.21e+04
2019 11 10  0558   58797   21480    0        3.9      313.7     2.05e+04
2019 11 10  0559   58797   21540    0        3.6      311.9     2.06e+04
2019 11 10  0600   58797   21600    0        3.6      311.7     2.05e+04
2019 11 10  0601   58797   21660    0        3.7      313.0     2.04e+04
2019 11 10  0602   58797   21720    0        3.8      313.4     2.15e+04
2019 11 10  0603   58797   21780    0        3.8      312.6     2.06e+04
2019 11 10  0604   58797   21840    0        3.7      311.7     2.05e+04
2019 11 10  0605   58797   21900    0        3.7      313.4     2.03e+04
2019 11 10  0606   58797   21960    0        3.9      312.4     1.93e+04
2019 11 10  0607   58797   22020    0        4.0      312.5     1.80e+04
2019 11 10  0608   58797   22080    0        3.9      313.0     1.75e+04
2019 11 10  0609   58797   22140    0        3.6      309.6     1.18e+04
2019 11 10  0610   58797   22200    0        4.0      312.8     2.27e+04
2019 11 10  0611   58797   22260    0        4.1      312.8     1.88e+04
2019 11 10  0612   58797   22320    0        4.0      313.6     1.99e+04
2019 11 10  0613   58797   22380    0        4.1      314.4     2.32e+04
2019 11 10  0614   58797   22440    0        4.2      314.1     2.20e+04
2019 11 10  0615   58797   22500    0        4.3      313.2     1.99e+04
2019 11 10  0616   58797   22560    0        4.1      312.8     2.16e+04
2019 11 10  0617   58797   22620    0        4.1      313.6     2.27e+04
2019 11 10  0618   58797   22680    0        3.7      311.0     1.82e+04
2019 11 10  0619   58797   22740    0        2.8      307.2     1.60e+04
2019 11 10  0620   58797   22800    0        3.4      312.3     2.41e+04
2019 11 10  0621   58797   22860    0        4.1      312.7     2.68e+04
2019 11 10  0622   58797   22920    0        6.6      311.2     2.88e+04
2019 11 10  0623   58797   22980    0        3.9      312.2     2.88e+04
2019 11 10  0624   58797   23040    9    -9999.9    -9999.9    -1.00e+05
2019 11 10  0625   58797   23100    0        4.2      313.3     2.22e+04
2019 11 10  0626   58797   23160    0        4.4      314.4     2.60e+04
2019 11 10  0627   58797   23220    1      158.7      305.2     1.41e+04
2019 11 10  0628   58797   23280    0       47.4      311.4     2.08e+04
2019 11 10  0629   58797   23340    1        4.0      313.9     2.13e+04
2019 11 10  0630   58797   23400    0        4.3      313.7     2.15e+04
2019 11 10  0631   58797   23460    0        4.3      314.2     2.22e+04
2019 11 10  0632   58797   23520    0        4.0      314.2     2.27e+04
2019 11 10  0633   58797   23580    0        4.0      314.3     2.20e+04
2019 11 10  0634   58797   23640    0        4.4      315.1     2.09e+04
2019 11 10  0635   58797   23700    0        4.3      315.1     2.18e+04
2019 11 10  0636   58797   23760    0        3.8      314.1     2.22e+04
2019 11 10  0637   58797   23820    0        4.1      313.4     2.08e+04
2019 11 10  0638   58797   23880    0        4.2      313.9     2.22e+04
2019 11 10  0639   58797   23940    0        4.4      313.4     2.24e+04
2019 11 10  0640   58797   24000    0        4.3      316.0     2.41e+04
2019 11 10  0641   58797   24060    0        3.9      313.4     2.33e+04
2019 11 10  0642   58797   24120    0        4.2      316.1     2.52e+04
2019 11 10  0643   58797   24180    0        4.1      316.9     2.22e+04
2019 11 10  0644   58797   24240    0        4.0      316.6     2.24e+04
2019 11 10  0645   58797   24300    0        4.0      316.5     2.23e+04
2019 11 10  0646   58797   24360    0        4.3      315.8     2.33e+04
2019 11 10  0647   58797   24420    0        4.3      314.3     2.30e+04
2019 11 10  0648   58797   24480    0        4.1      313.6     2.22e+04
2019 11 10  0649   58797   24540    0        2.9      307.8     1.30e+04
2019 11 10  0650   58797   24600    0        3.4      310.2     1.76e+04
2019 11 10  0651   58797   24660    0        4.5      315.0     2.26e+04
2019 11 10  0652   58797   24720    0        4.7      315.7     1.77e+04
2019 11 10  0653   58797   24780    0        3.6      314.0     2.62e+04
2019 11 10  0654   58797   24840    0        4.3      314.6     3.24e+04
2019 11 10  0655   58797   24900    0        4.3      314.5     2.36e+04
2019 11 10  0656   58797   24960    0        4.2      315.1     2.10e+04
2019 11 10  0657   58797   25020    0        4.2    -9999.9    -1.00e+05
2019 11 10  0658   58797   25080    0        4.1      312.8     2.19e+04
2019 11 10  0659   58797   25140    0        3.9      313.6     2.07e+04
2019 11 10  0700   58797   25200    0        3.6      312.9     2.19e+04
2019 11 10  0701   58797   25260    0        3.8      312.7     2.18e+04
2019 11 10  0702   58797   25320    0        4.0      312.1     2.21e+04
2019 11 10  0703   58797   25380    0        3.8      312.7     2.07e+04
2019 11 10  0704   58797   25440    0        3.6      312.4     2.02e+04
2019 11 10  0705   58797   25500    0        3.8      312.3     2.12e+04
2019 11 10  0706   58797   25560    0        3.9      313.3     2.13e+04
2019 11 10  0707   58797   25620    0        4.1      312.2     2.04e+04
2019 11 10  0708   58797   25680    0        4.4      311.7     1.93e+04
2019 11 10  0709   58797   25740    0        3.9      312.6     2.19e+04
2019 11 10  0710   58797   25800    0        4.0      314.2     2.35e+04
2019 11 10  0711   58797   25860    0        4.3      312.5     2.36e+04
2019 11 10  0712   58797   25920    0        4.0      314.8     2.21e+04
2019 11 10  0713   58797   25980    0        4.1      312.6     2.29e+04
2019 11 10  0714   58797   26040    0        3.9      315.0     2.25e+04
2019 11 10  0715   58797   26100    0        3.8      315.0     2.06e+04
2019 11 10  0716   58797   26160    0        4.2      314.0     2.21e+04
2019 11 10  0717   58797   26220    0        4.1      313.5     2.27e+04
2019 11 10  0718   58797   26280    0        3.8      307.5     2.27e+04
2019 11 10  0719   58797   26340    0        4.0      307.9     2.92e+04
2019 11 10  0720   58797   26400    0        4.4      310.8     2.92e+04
2019 11 10  0721   58797   26460    0        7.1      313.5     1.16e+04
2019 11 10  0722   58797   26520    0        5.9      313.1     1.75e+04
2019 11 10  0723   58797   26580    0        3.7      312.3     2.88e+04
2019 11 10  0724   58797   26640    0        3.7      312.3     3.14e+04
2019 11 10  0725   58797   26700    0        4.2      315.1     2.69e+04
2019 11 10  0726   58797   26760    0        4.2      315.0     2.70e+04
2019 11 10  0727   58797   26820    0        4.1      314.6     2.71e+04
2019 11 10  0728   58797   26880    0        3.9      312.8     2.04e+04
2019 11 10  0729   58797   26940    0        3.5      309.9     1.93e+04
2019 11 10  0730   58797   27000    0        3.5      309.8     1.93e+04
2019 11 10  0731   58797   27060    0        3.9      313.3     2.45e+04
2019 11 10  0732   58797   27120    0        3.4      313.0     1.95e+04
2019 11 10  0733   58797   27180    0        3.7      313.8     1.89e+04
2019 11 10  0734   58797   27240    0        3.7      312.6     1.96e+04
2019 11 10  0735   58797   27300    0        3.4      312.0     2.15e+04
2019 11 10  0736   58797   27360    0        3.2      311.9     2.06e+04
2019 11 10  0737   58797   27420    0        3.4      310.9     2.00e+04
2019 11 10  0738   58797   27480    0        3.5      309.2     1.95e+04
2019 11 10  0739   58797   27540    0        3.4      308.5     1.84e+04
2019 11 10  0740   58797   27600    0        3.9      311.1     2.48e+04
2019 11 10  0741   58797   27660    0        3.6      312.6     1.89e+04
2019 11 10  0742   58797   27720    0        3.6      310.3     2.07e+04
2019 11 10  0743   58797   27780    0        3.0      308.3     1.57e+04
2019 11 10  0744   58797   27840    0        3.5      311.1     2.66e+04
2019 11 10  0745   58797   27900    0        3.3      311.1     1.99e+04
2019 11 10  0746   58797   27960    0        3.3      310.6     2.19e+04
2019 11 10  0747   58797   28020    0        3.5      310.6     2.01e+04
2019 11 10  0748   58797   28080    0        2.5      303.5     1.96e+04
2019 11 10  0749   58797   28140    0        2.9      306.7     2.55e+04
2019 11 10  0750   58797   28200    0        3.4      310.6     2.43e+04
2019 11 10  0751   58797   28260    0        3.8      309.8     2.36e+04
2019 11 10  0752   58797   28320    0        3.8      308.5     2.66e+04
2019 11 10  0753   58797   28380    0        3.5      309.5     2.53e+04
2019 11 10  0754   58797   28440    0        3.7      310.8     2.10e+04
2019 11 10  0755   58797   28500    0        4.0      312.6     1.92e+04
2019 11 10  0756   58797   28560    0        3.9      315.6     2.50e+04
2019 11 10  0757   58797   28620    0        3.8      313.0     2.34e+04
2019 11 10  0758   58797   28680    0        2.2      311.1     2.19e+04
2019 11 10  0759   58797   28740    0        2.1      316.8     2.95e+04
2019 11 10  0800   58797   28800    0        2.1      315.5     2.40e+04
2019 11 10  0801   58797   28860    0        2.1    -9999.9    -1.00e+05
2019 11 10  0802   58797   28920    0        2.4      316.6     2.41e+04
2019 11 10  0803   58797   28980    0        2.4      316.6     2.41e+04
2019 11 10  0804   58797   29040    0        2.9      309.7     2.51e+04
2019 11 10  0805   58797   29100    0        2.6      312.1     2.60e+04
2019 11 10  0806   58797   29160    0        2.2      313.5     2.54e+04
2019 11 10  0807   58797   29220    0        2.2      313.0     2.48e+04
2019 11 10  0808   58797   29280    0        2.4      311.3     2.49e+04
2019 11 10  0809   58797   29340    0        2.2      311.2     2.50e+04
2019 11 10  0810   58797   29400    0        2.2      313.4     2.37e+04
2019 11 10  0811   58797   29460    0        2.5      312.8     2.10e+04
2019 11 10  0812   58797   29520    0        2.2      307.0     2.04e+04
2019 11 10  0813   58797   29580    1        2.4      304.3     2.42e+04
2019 11 10  0814   58797   29640    0        3.1      308.7     2.42e+04
2019 11 10  0815   58797   29700    0        2.6      307.5     2.74e+04
2019 11 10  0816   58797   29760    0        3.5      308.7     1.98e+04
2019 11 10  0817   58797   29820    0        2.5      308.1     2.66e+04
2019 11 10  0818   58797   29880    0        2.3      307.6     3.32e+04
2019 11 10  0819   58797   29940    0        2.8      308.1     3.00e+04
2019 11 10  0820   58797   30000    0        2.3      311.8     3.36e+04
2019 11 10  0821   58797   30060    0        2.9      311.4     2.95e+04
2019 11 10  0822   58797   30120    0        2.8      310.3     3.26e+04
2019 11 10  0823   58797   30180    0        2.7      311.4     3.27e+04
2019 11 10  0824   58797   30240    0        2.4      313.5     3.23e+04
2019 11 10  0825   58797   30300    0        2.1      315.0     2.92e+04
2019 11 10  0826   58797   30360    0        2.2      316.3     2.45e+04
2019 11 10  0827   58797   30420    0        1.9      315.7     2.98e+04
2019 11 10  0828   58797   30480    0        1.4      311.9     3.48e+04
2019 11 10  0829   58797   30540    0        1.1      317.6     3.09e+04
2019 11 10  0830   58797   30600    0        1.1      317.7     3.02e+04
2019 11 10  0831   58797   30660    0        1.0      318.5     2.34e+04
2019 11 10  0832   58797   30720    0        0.8      322.0     1.80e+04
2019 11 10  0833   58797   30780    0        0.9      318.4     2.57e+04
2019 11 10  0834   58797   30840    0        1.0      318.0     2.82e+04
2019 11 10  0835   58797   30900    0        0.9      319.6     3.05e+04
2019 11 10  0836   58797   30960    0        0.9      319.9     3.09e+04
2019 11 10  0837   58797   31020    3    -9999.9    -9999.9    -1.00e+05
2019 11 10  0838   58797   31080    0        1.2      320.4     2.92e+04
2019 11 10  0839   58797   31140    0        1.3      322.0     3.09e+04
2019 11 10  0840   58797   31200    0        1.4      323.4     3.04e+04
2019 11 10  0841   58797   31260    0        1.4      323.4     2.91e+04
2019 11 10  0842   58797   31320    0        1.3      321.4     3.13e+04
2019 11 10  0843   58797   31380    0        1.2      318.3     2.99e+04
2019 11 10  0844   58797   31440    0        1.1      319.5     2.31e+04
2019 11 10  0845   58797   31500    0        1.7      322.8     3.09e+04
2019 11 10  0846   58797   31560    0        2.0      328.5     4.31e+04
2019 11 10  0847   58797   31620    0        2.1      328.9     3.71e+04
2019 11 10  0848   58797   31680    0        3.4      327.8     4.28e+04
2019 11 10  0849   58797   31740    0        3.0      330.7     3.92e+04
2019 11 10  0850   58797   31800    0        4.0      342.7     7.23e+04
2019 11 10  0851   58797   31860    0        3.5      331.5     3.34e+04
2019 11 10  0852   58797   31920    0        2.6      326.6     4.22e+04
2019 11 10  0853   58797   31980    0        2.2      326.0     4.11e+04
2019 11 10  0854   58797   32040    0        2.2      322.8     3.12e+04
2019 11 10  0855   58797   32100    0        2.2      320.4     3.11e+04
2019 11 10  0856   58797   32160    0        2.3      322.0     3.41e+04
2019 11 10  0857   58797   32220    0        2.5      322.5     3.42e+04
2019 11 10  0858   58797   32280    0        2.7      321.7     3.36e+04
2019 11 10  0859   58797   32340    0        3.3      325.0     3.05e+04
2019 11 10  0900   58797   32400    0        3.8      328.0     3.02e+04
2019 11 10  0901   58797   32460    0        3.2      329.1     3.73e+04
2019 11 10  0902   58797   32520    0        2.5      326.3     3.48e+04
2019 11 10  0903   58797   32580    0        2.8      324.8     3.32e+04
2019 11 10  0904   58797   32640    0        3.1      332.7     2.76e+04
2019 11 10  0905   58797   32700    0        2.1      333.0     2.60e+04
2019 11 10  0906   58797   32760    0        2.7      327.7     3.43e+04
2019 11 10  0907   58797   32820    0        2.6      329.7     3.59e+04
2019 11 10  0908   58797   32880    0        2.5      329.1     3.32e+04
2019 11 10  0909   58797   32940    0        2.5      328.7     3.23e+04
2019 11 10  0910   58797   33000    3    -9999.9    -9999.9    -1.00e+05
2019 11 10  0911   58797   33060    0        3.0      330.9     2.43e+04
2019 11 10  0912   58797   33120    0        3.1      329.7     2.56e+04
2019 11 10  0913   58797   33180    0        3.2      329.1     2.85e+04
2019 11 10  0914   58797   33240    0        3.2      328.0     3.01e+04
2019 11 10  0915   58797   33300    0        3.4      325.0     3.02e+04
2019 11 10  0916   58797   33360    0        3.9      326.3     3.21e+04
2019 11 10  0917   58797   33420    0        3.8      327.1     3.11e+04
2019 11 10  0918   58797   33480    0        3.7      325.7     3.04e+04
2019 11 10  0919   58797   33540    0        2.8      328.0     3.54e+04
2019 11 10  0920   58797   33600    0        3.4      328.1     2.77e+04
2019 11 10  0921   58797   33660    0        3.8      325.8     3.39e+04
2019 11 10  0922   58797   33720    0        3.5      331.1     3.10e+04
2019 11 10  0923   58797   33780    0        2.4      331.3     3.48e+04
2019 11 10  0924   58797   33840    0        2.5      319.5     3.37e+04
2019 11 10  0925   58797   33900    0        2.2      318.6     2.97e+04
2019 11 10  0926   58797   33960    0        1.9      320.7     2.83e+04
2019 11 10  0927   58797   34020    0        2.2      318.8     2.75e+04
2019 11 10  0928   58797   34080    0        2.2      316.6     2.65e+04
2019 11 10  0929   58797   34140    0        1.9      316.2     2.60e+04
2019 11 10  0930   58797   34200    0        2.3      316.1     2.42e+04
2019 11 10  0931   58797   34260    0        2.2      316.6     2.50e+04
2019 11 10  0932   58797   34320    0        2.0      317.7     2.62e+04
2019 11 10  0933   58797   34380    0        2.2      317.3     2.35e+04
2019 11 10  0934   58797   34440    0        2.3      316.6     2.26e+04
2019 11 10  0935   58797   34500    0        2.0      316.4     2.80e+04
2019 11 10  0936   58797   34560    0        2.4      322.3     2.79e+04
2019 11 10  0937   58797   34620    0        2.3      324.6     1.94e+04
2019 11 10  0938   58797   34680    0        2.7      321.8     2.53e+04
2019 11 10  0939   58797   34740    0        2.9      319.0     1.85e+04
2019 11 10  0940   58797   34800    0        2.7      317.6     2.20e+04
2019 11 10  0941   58797   34860    0        2.5      318.1     2.21e+04
2019 11 10  0942   58797   34920    0        2.4      318.5     2.14e+04
2019 11 10  0943   58797   34980    3    -9999.9    -9999.9    -1.00e+05
2019 11 10  0944   58797   35040    3    -9999.9    -9999.9    -1.00e+05
2019 11 10  0945   58797   35100    0        3.4      313.3     1.72e+04
2019 11 10  0946   58797   35160    0        4.7      320.0     3.77e+04
2019 11 10  0947   58797   35220    0        6.2      323.9     5.48e+04
2019 11 10  0948   58797   35280    0        4.7      313.1     2.51e+04
2019 11 10  0949   58797   35340    0        3.7      310.6     2.52e+04
2019 11 10  0950   58797   35400    0        3.6      312.0     2.33e+04
2019 11 10  0951   58797   35460    0        3.3      311.5     2.88e+04
2019 11 10  0952   58797   35520    0        3.6      312.4     2.29e+04
2019 11 10  0953   58797   35580    0        3.4      313.4     2.52e+04
2019 11 10  0954   58797   35640    0        3.5      314.0     2.49e+04
2019 11 10  0955   58797   35700    0        3.6      312.0     2.64e+04
2019 11 10  0956   58797   35760    0        3.7      312.8     2.49e+04
2019 11 10  0957   58797   35820    0        3.8      311.3     2.65e+04
2019 11 10  0958   58797   35880    0        3.6      310.4     2.33e+04
2019 11 10  0959   58797   35940    9    -9999.9    -9999.9    -1.00e+05
