:Data_list: 20200122_ace_swepam_1m.txt
:Created: 2020 Jan 22 1001 UT
# Prepared by the U.S. Dept. of Commerce, NOAA, Space Weather Prediction Center
# Please send comments and suggestions to SWPC.Webmaster@noaa.gov 
# 
# Units: Proton density p/cc
# Units: Bulk speed km/s
# Units: Ion tempeture degrees K
# Status(S): 0 = nominal data, 1 to 8 = bad data record, 9 = no data
# Missing data values: Density and Speed = -9999.9, Temp. = -1.00e+05
# Source: ACE Satellite - Solar Wind Electron Proton Alpha Monitor
#
#   1-minute averaged Real-time Bulk Parameters of the Solar Wind Plasma
# 
#                Modified Seconds   -------------  Solar Wind  -----------
# UT Date   Time  Julian  of the          Proton      Bulk         Ion
# YR MO DA  HHMM    Day     Day     S    Density     Speed     Temperature
#-------------------------------------------------------------------------
2020 01 22  0000   58870       0    0        6.5      351.7     1.05e+05
2020 01 22  0001   58870      60    1       10.2      348.8     9.87e+04
2020 01 22  0002   58870     120    1       33.1      327.5     2.42e+04
2020 01 22  0003   58870     180    1        6.0      363.9     1.79e+05
2020 01 22  0004   58870     240    0        7.0      357.4     1.29e+05
2020 01 22  0005   58870     300    0        6.8      352.9     8.66e+04
2020 01 22  0006   58870     360    1        6.8      358.7     1.34e+05
2020 01 22  0007   58870     420    0        7.1      357.9     1.21e+05
2020 01 22  0008   58870     480    0        7.2      354.3     1.04e+05
2020 01 22  0009   58870     540    0        7.3      353.1     9.99e+04
2020 01 22  0010   58870     600    1        8.4      372.3     2.32e+05
2020 01 22  0011   58870     660    1        7.7      355.4     1.36e+05
2020 01 22  0012   58870     720    1        7.3      346.2     7.62e+04
2020 01 22  0013   58870     780    0        7.5      357.7     1.11e+05
2020 01 22  0014   58870     840    0        8.4      358.0     8.23e+04
2020 01 22  0015   58870     900    0        9.4      351.9     5.15e+04
2020 01 22  0016   58870     960    1        6.5      366.0     1.08e+05
2020 01 22  0017   58870    1020    0        7.8      356.3     6.16e+04
2020 01 22  0018   58870    1080    0       13.0      342.4     2.07e+04
2020 01 22  0019   58870    1140    0        6.4      366.2     1.24e+05
2020 01 22  0020   58870    1200    1        7.1      363.0     8.44e+04
2020 01 22  0021   58870    1260    0        7.1      361.1     7.67e+04
2020 01 22  0022   58870    1320    0        7.4      368.1     1.09e+05
2020 01 22  0023   58870    1380    0        7.3      368.5     8.90e+04
2020 01 22  0024   58870    1440    0        5.7      356.0     5.49e+04
2020 01 22  0025   58870    1500    1        6.5      358.4     7.44e+04
2020 01 22  0026   58870    1560    0        7.1      361.1     8.60e+04
2020 01 22  0027   58870    1620    0        7.2      353.6     6.64e+04
2020 01 22  0028   58870    1680    0        7.2      352.5     6.17e+04
2020 01 22  0029   58870    1740    0        6.9      359.6     7.39e+04
2020 01 22  0030   58870    1800    0        6.8      359.4     6.84e+04
2020 01 22  0031   58870    1860    0        6.3      357.9     6.63e+04
2020 01 22  0032   58870    1920    1        7.0      363.8     8.54e+04
2020 01 22  0033   58870    1980    0        6.5      359.7     6.54e+04
2020 01 22  0034   58870    2040    0        6.5      357.6     6.43e+04
2020 01 22  0035   58870    2100    0        6.9      362.7     7.18e+04
2020 01 22  0036   58870    2160    1        6.8      361.2     7.54e+04
2020 01 22  0037   58870    2220    1        6.8      358.5     7.63e+04
2020 01 22  0038   58870    2280    1        7.2      363.5     9.28e+04
2020 01 22  0039   58870    2340    0        6.7      361.1     8.19e+04
2020 01 22  0040   58870    2400    0        6.0      354.9     6.38e+04
2020 01 22  0041   58870    2460    1        6.9      359.9     7.87e+04
2020 01 22  0042   58870    2520    1        7.5      363.7     8.98e+04
2020 01 22  0043   58870    2580    0        6.7      357.0     6.48e+04
2020 01 22  0044   58870    2640    0        7.0      357.0     6.56e+04
2020 01 22  0045   58870    2700    0        7.1      357.4     6.61e+04
2020 01 22  0046   58870    2760    0        6.7      359.5     6.58e+04
2020 01 22  0047   58870    2820    0        6.7      362.3     6.50e+04
2020 01 22  0048   58870    2880    0        6.5      360.0     5.96e+04
2020 01 22  0049   58870    2940    0        6.9      358.0     5.77e+04
2020 01 22  0050   58870    3000    0        6.8      358.7     4.99e+04
2020 01 22  0051   58870    3060    0        6.8      358.4     7.54e+04
2020 01 22  0052   58870    3120    0        6.2      351.6     7.59e+04
2020 01 22  0053   58870    3180    1        6.3      352.7     7.28e+04
2020 01 22  0054   58870    3240    1        6.4      355.3     7.21e+04
2020 01 22  0055   58870    3300    0        6.5      352.9     6.89e+04
2020 01 22  0056   58870    3360    1        6.7      356.1     6.83e+04
2020 01 22  0057   58870    3420    0        6.3      356.2     6.77e+04
2020 01 22  0058   58870    3480    1        6.3      355.9     6.95e+04
2020 01 22  0059   58870    3540    1        6.5      354.0     7.07e+04
2020 01 22  0100   58870    3600    1        6.3      350.4     7.43e+04
2020 01 22  0101   58870    3660    0        6.1      347.9     7.36e+04
2020 01 22  0102   58870    3720    1        6.1      347.4     6.81e+04
2020 01 22  0103   58870    3780    1        6.0      348.6     7.33e+04
2020 01 22  0104   58870    3840    0        5.8      347.4     6.70e+04
2020 01 22  0105   58870    3900    1        5.6      348.6     7.40e+04
2020 01 22  0106   58870    3960    1        5.7      346.4     5.59e+04
2020 01 22  0107   58870    4020    0        5.7      346.1     6.69e+04
2020 01 22  0108   58870    4080    1        6.3      352.7     7.13e+04
2020 01 22  0109   58870    4140    0        5.7      348.0     7.04e+04
2020 01 22  0110   58870    4200    0        5.5      347.3     6.49e+04
2020 01 22  0111   58870    4260    1        5.6      345.9     6.51e+04
2020 01 22  0112   58870    4320    1        5.6      344.8     5.74e+04
2020 01 22  0113   58870    4380    0        5.6      346.0     6.32e+04
2020 01 22  0114   58870    4440    0        5.8      345.3     6.61e+04
2020 01 22  0115   58870    4500    0        5.9      344.4     6.47e+04
2020 01 22  0116   58870    4560    0        6.0      345.9     7.51e+04
2020 01 22  0117   58870    4620    0        5.9      345.6     7.10e+04
2020 01 22  0118   58870    4680    0        5.7      345.0     6.31e+04
2020 01 22  0119   58870    4740    0        6.0      344.9     6.01e+04
2020 01 22  0120   58870    4800    1        5.8      345.1     6.21e+04
2020 01 22  0121   58870    4860    0        5.7      345.2     7.42e+04
2020 01 22  0122   58870    4920    1        5.6      342.6     5.21e+04
2020 01 22  0123   58870    4980    0        5.9      343.7     6.39e+04
2020 01 22  0124   58870    5040    1        6.0      345.9     6.98e+04
2020 01 22  0125   58870    5100    1        6.5      348.1     8.11e+04
2020 01 22  0126   58870    5160    1        6.6      350.3     8.28e+04
2020 01 22  0127   58870    5220    1        5.9      347.8     7.06e+04
2020 01 22  0128   58870    5280    1        6.3      353.1     8.16e+04
2020 01 22  0129   58870    5340    0        6.5      354.9     7.31e+04
2020 01 22  0130   58870    5400    0        6.1      348.9     6.14e+04
2020 01 22  0131   58870    5460    0        6.4      349.9     7.56e+04
2020 01 22  0132   58870    5520    0        6.7      353.1     8.37e+04
2020 01 22  0133   58870    5580    0        5.7      348.0     6.64e+04
2020 01 22  0134   58870    5640    0        5.4      346.8     6.59e+04
2020 01 22  0135   58870    5700    1        6.7      354.7     8.98e+04
2020 01 22  0136   58870    5760    1        6.2      350.9     7.75e+04
2020 01 22  0137   58870    5820    0        5.0      346.7     5.73e+04
2020 01 22  0138   58870    5880    1        7.1      357.5     1.05e+05
2020 01 22  0139   58870    5940    0        6.4      351.0     8.96e+04
2020 01 22  0140   58870    6000    0        6.9      336.0     3.23e+04
2020 01 22  0141   58870    6060    1        6.5      353.7     1.29e+05
2020 01 22  0142   58870    6120    1        6.8      357.1     1.10e+05
2020 01 22  0143   58870    6180    0        5.5      345.3     6.66e+04
2020 01 22  0144   58870    6240    0        6.1      347.1     7.23e+04
2020 01 22  0145   58870    6300    1        6.0      347.5     7.62e+04
2020 01 22  0146   58870    6360    0        5.1      341.0     5.93e+04
2020 01 22  0147   58870    6420    0        5.7      347.2     8.85e+04
2020 01 22  0148   58870    6480    1        6.8      356.8     1.26e+05
2020 01 22  0149   58870    6540    1        6.5      349.8     8.35e+04
2020 01 22  0150   58870    6600    1        6.5      351.6     8.87e+04
2020 01 22  0151   58870    6660    1        6.4      354.4     9.33e+04
2020 01 22  0152   58870    6720    0        6.2      348.2     6.34e+04
2020 01 22  0153   58870    6780    0        7.7      336.6     2.47e+04
2020 01 22  0154   58870    6840    1        5.9      350.1     7.40e+04
2020 01 22  0155   58870    6900    1        6.6      357.5     9.99e+04
2020 01 22  0156   58870    6960    0        5.4      341.7     5.53e+04
2020 01 22  0157   58870    7020    1        6.0      348.1     7.36e+04
2020 01 22  0158   58870    7080    0        4.9      348.1     8.05e+04
2020 01 22  0159   58870    7140    0        4.3      339.4     5.63e+04
2020 01 22  0200   58870    7200    1        5.4      344.2     6.74e+04
2020 01 22  0201   58870    7260    1        5.8      348.9     7.73e+04
2020 01 22  0202   58870    7320    0        7.5      343.7     5.09e+04
2020 01 22  0203   58870    7380    0        7.0      344.9     6.80e+04
2020 01 22  0204   58870    7440    1        5.8      349.7     9.98e+04
2020 01 22  0205   58870    7500    0        6.3      347.8     9.10e+04
2020 01 22  0206   58870    7560    0        5.7      348.4     1.02e+05
2020 01 22  0207   58870    7620    0        5.4      354.1     1.35e+05
2020 01 22  0208   58870    7680    0        6.2      351.5     9.96e+04
2020 01 22  0209   58870    7740    0        6.0      340.6     5.19e+04
2020 01 22  0210   58870    7800    1        6.4      350.7     9.41e+04
2020 01 22  0211   58870    7860    1        6.7      354.6     1.09e+05
2020 01 22  0212   58870    7920    1        8.6      336.5     2.87e+04
2020 01 22  0213   58870    7980    0        5.5      352.8     1.14e+05
2020 01 22  0214   58870    8040    0        6.0      353.0     9.10e+04
2020 01 22  0215   58870    8100    0        5.5      347.9     6.48e+04
2020 01 22  0216   58870    8160    0        6.2      353.5     8.51e+04
2020 01 22  0217   58870    8220    0        6.3      352.8     8.26e+04
2020 01 22  0218   58870    8280    0        6.4      342.9     4.60e+04
2020 01 22  0219   58870    8340    0        5.9      351.9     9.40e+04
2020 01 22  0220   58870    8400    1        5.5      364.3     1.35e+05
2020 01 22  0221   58870    8460    1        6.0      362.3     1.07e+05
2020 01 22  0222   58870    8520    1        6.5      361.6     9.94e+04
2020 01 22  0223   58870    8580    1        6.3      360.9     9.66e+04
2020 01 22  0224   58870    8640    0        5.6      357.3     8.24e+04
2020 01 22  0225   58870    8700    0        4.6      350.9     5.98e+04
2020 01 22  0226   58870    8760    0        5.4      355.1     8.34e+04
2020 01 22  0227   58870    8820    1        6.1      356.8     7.93e+04
2020 01 22  0228   58870    8880    0        4.8      350.3     5.05e+04
2020 01 22  0229   58870    8940    1        6.6      359.6     1.05e+05
2020 01 22  0230   58870    9000    1        5.9      359.3     9.78e+04
2020 01 22  0231   58870    9060    0        5.2      354.5     7.17e+04
2020 01 22  0232   58870    9120    1        6.1      359.1     1.00e+05
2020 01 22  0233   58870    9180    0        5.9      360.1     9.67e+04
2020 01 22  0234   58870    9240    0        5.8      357.1     8.04e+04
2020 01 22  0235   58870    9300    0        5.9      356.2     7.95e+04
2020 01 22  0236   58870    9360    0        6.0      357.1     8.60e+04
2020 01 22  0237   58870    9420    1        6.1      358.1     8.03e+04
2020 01 22  0238   58870    9480    0        6.3      360.7     7.08e+04
2020 01 22  0239   58870    9540    1        6.5      362.2     7.69e+04
2020 01 22  0240   58870    9600    0        5.5      357.2     6.09e+04
2020 01 22  0241   58870    9660    0        5.5      353.3     5.63e+04
2020 01 22  0242   58870    9720    0        5.7      359.4     6.69e+04
2020 01 22  0243   58870    9780    0        5.8      361.4     7.16e+04
2020 01 22  0244   58870    9840    0        5.5      355.8     6.00e+04
2020 01 22  0245   58870    9900    0        5.9      359.0     7.58e+04
2020 01 22  0246   58870    9960    1        5.9      361.1     8.07e+04
2020 01 22  0247   58870   10020    0        6.2      361.7     8.48e+04
2020 01 22  0248   58870   10080    0        6.1      362.7     8.63e+04
2020 01 22  0249   58870   10140    0        5.6      359.2     7.52e+04
2020 01 22  0250   58870   10200    0        5.5      357.3     7.08e+04
2020 01 22  0251   58870   10260    0        6.0      360.0     9.15e+04
2020 01 22  0252   58870   10320    0        7.2      364.0     7.86e+04
2020 01 22  0253   58870   10380    0        7.0      364.1     5.25e+04
2020 01 22  0254   58870   10440    1        5.2      361.2     7.17e+04
2020 01 22  0255   58870   10500    0        5.3      354.6     6.11e+04
2020 01 22  0256   58870   10560    0        5.5      355.6     6.57e+04
2020 01 22  0257   58870   10620    1        6.0      360.0     8.57e+04
2020 01 22  0258   58870   10680    0        5.7      360.0     8.29e+04
2020 01 22  0259   58870   10740    0        5.8      360.2     9.40e+04
2020 01 22  0300   58870   10800    1        6.2      355.4     8.47e+04
2020 01 22  0301   58870   10860    0        6.0      358.0     9.93e+04
2020 01 22  0302   58870   10920    0        5.6      358.5     7.59e+04
2020 01 22  0303   58870   10980    0        5.7      358.1     7.99e+04
2020 01 22  0304   58870   11040    0        5.3      356.3     6.92e+04
2020 01 22  0305   58870   11100    1        5.6      357.4     7.75e+04
2020 01 22  0306   58870   11160    0        5.6      356.4     7.48e+04
2020 01 22  0307   58870   11220    0        5.6      356.7     7.39e+04
2020 01 22  0308   58870   11280    0        5.6      358.1     7.28e+04
2020 01 22  0309   58870   11340    0        6.0      360.2     7.95e+04
2020 01 22  0310   58870   11400    0        7.1      365.9     8.47e+04
2020 01 22  0311   58870   11460    0        7.0      365.0     4.93e+04
2020 01 22  0312   58870   11520    0        5.1      352.6     7.01e+04
2020 01 22  0313   58870   11580    1        6.0      357.4     8.16e+04
2020 01 22  0314   58870   11640    0        5.4      356.5     7.72e+04
2020 01 22  0315   58870   11700    0        5.6      354.9     6.71e+04
2020 01 22  0316   58870   11760    0        5.9      359.1     7.71e+04
2020 01 22  0317   58870   11820    0        5.8      361.7     6.67e+04
2020 01 22  0318   58870   11880    0        5.8      357.5     7.26e+04
2020 01 22  0319   58870   11940    0        5.6      357.8     8.03e+04
2020 01 22  0320   58870   12000    0        5.8      358.0     8.04e+04
2020 01 22  0321   58870   12060    0        5.5      355.5     7.11e+04
2020 01 22  0322   58870   12120    0        6.6      358.3     7.82e+04
2020 01 22  0323   58870   12180    0        8.1      368.1     6.94e+04
2020 01 22  0324   58870   12240    0        6.9      362.9     5.27e+04
2020 01 22  0325   58870   12300    0        5.2      352.8     7.12e+04
2020 01 22  0326   58870   12360    1        5.7      357.3     9.42e+04
2020 01 22  0327   58870   12420    0        5.2      352.4     7.77e+04
2020 01 22  0328   58870   12480    0        5.4      353.6     8.54e+04
2020 01 22  0329   58870   12540    0        5.4      353.7     8.45e+04
2020 01 22  0330   58870   12600    0        5.2      354.0     7.78e+04
2020 01 22  0331   58870   12660    0        5.4      351.2     6.92e+04
2020 01 22  0332   58870   12720    0        5.3      354.4     9.39e+04
2020 01 22  0333   58870   12780    0        5.2      354.9     8.75e+04
2020 01 22  0334   58870   12840    0        5.0      354.2     8.37e+04
2020 01 22  0335   58870   12900    0        5.2      357.9     9.46e+04
2020 01 22  0336   58870   12960    0        5.5      359.0     9.70e+04
2020 01 22  0337   58870   13020    0        5.4      359.5     6.29e+04
2020 01 22  0338   58870   13080    0        6.0      362.4     5.45e+04
2020 01 22  0339   58870   13140    0        8.7      372.1     5.09e+04
2020 01 22  0340   58870   13200    0       20.5      369.0     2.76e+04
2020 01 22  0341   58870   13260    0       22.3      362.6     4.46e+04
2020 01 22  0342   58870   13320    0        6.0      372.0     9.70e+04
2020 01 22  0343   58870   13380    0        6.3      365.0     7.65e+04
2020 01 22  0344   58870   13440    0        6.9      354.4     3.78e+04
2020 01 22  0345   58870   13500    0        7.6      372.9     1.01e+05
2020 01 22  0346   58870   13560    0        6.6      367.2     5.88e+04
2020 01 22  0347   58870   13620    0        5.7      363.3     4.94e+04
2020 01 22  0348   58870   13680    1        7.6      368.8     7.94e+04
2020 01 22  0349   58870   13740    0        7.4      368.1     7.55e+04
2020 01 22  0350   58870   13800    0        6.2      364.5     5.99e+04
2020 01 22  0351   58870   13860    0        7.1      364.3     7.32e+04
2020 01 22  0352   58870   13920    0        6.6      368.0     8.43e+04
2020 01 22  0353   58870   13980    0        5.4      358.5     4.90e+04
2020 01 22  0354   58870   14040    0        5.6      357.1     5.06e+04
2020 01 22  0355   58870   14100    0        6.6      362.7     6.78e+04
2020 01 22  0356   58870   14160    0        7.4      358.0     4.64e+04
2020 01 22  0357   58870   14220    0        7.4      355.8     4.68e+04
2020 01 22  0358   58870   14280    0        6.9      365.5     8.28e+04
2020 01 22  0359   58870   14340    1        6.8      360.6     5.44e+04
2020 01 22  0400   58870   14400    0        5.8      350.4     3.10e+04
2020 01 22  0401   58870   14460    0        6.9      362.0     8.56e+04
2020 01 22  0402   58870   14520    0        6.8      361.1     8.28e+04
2020 01 22  0403   58870   14580    0        6.0      344.9     2.95e+04
2020 01 22  0404   58870   14640    0        5.4      363.9     9.26e+04
2020 01 22  0405   58870   14700    0        8.8      365.7     4.08e+04
2020 01 22  0406   58870   14760    0        6.8      360.6     4.75e+04
2020 01 22  0407   58870   14820    0        5.3      368.3     9.89e+04
2020 01 22  0408   58870   14880    1        6.9      366.1     9.48e+04
2020 01 22  0409   58870   14940    0        5.7      351.5     4.67e+04
2020 01 22  0410   58870   15000    0        5.4      352.8     3.93e+04
2020 01 22  0411   58870   15060    0        8.1      365.5     4.97e+04
2020 01 22  0412   58870   15120    0       13.0      361.5     3.86e+04
2020 01 22  0413   58870   15180    1       13.4      357.2     3.93e+04
2020 01 22  0414   58870   15240    0        7.7      368.0     7.04e+04
2020 01 22  0415   58870   15300    1        5.5      358.0     7.91e+04
2020 01 22  0416   58870   15360    0        4.3      350.8     6.24e+04
2020 01 22  0417   58870   15420    0        7.8      364.8     1.01e+05
2020 01 22  0418   58870   15480    0        7.4      369.3     3.96e+04
2020 01 22  0419   58870   15540    0       14.8      348.3     2.23e+04
2020 01 22  0420   58870   15600    0        9.1      369.5     5.17e+04
2020 01 22  0421   58870   15660    0        6.5      362.1     7.08e+04
2020 01 22  0422   58870   15720    1        5.5      355.8     6.84e+04
2020 01 22  0423   58870   15780    1        5.3      360.6     1.03e+05
2020 01 22  0424   58870   15840    0        5.9      359.9     8.37e+04
2020 01 22  0425   58870   15900    0        5.0      350.3     5.60e+04
2020 01 22  0426   58870   15960    0        5.2      353.2     6.09e+04
2020 01 22  0427   58870   16020    0        5.8      361.9     7.87e+04
2020 01 22  0428   58870   16080    0        5.0      356.0     5.77e+04
2020 01 22  0429   58870   16140    0        6.3      356.4     4.48e+04
2020 01 22  0430   58870   16200    0        8.7      368.4     7.88e+04
2020 01 22  0431   58870   16260    0        5.6      353.5     7.18e+04
2020 01 22  0432   58870   16320    0        5.1      352.1     6.44e+04
2020 01 22  0433   58870   16380    0        5.7      359.8     8.92e+04
2020 01 22  0434   58870   16440    0        5.4    -9999.9    -1.00e+05
2020 01 22  0435   58870   16500    0        5.4      356.0     6.51e+04
2020 01 22  0436   58870   16560    0        5.9      358.3     8.18e+04
2020 01 22  0437   58870   16620    0        5.5      352.6     7.97e+04
2020 01 22  0438   58870   16680    0        5.8      354.6     7.99e+04
2020 01 22  0439   58870   16740    1        5.7      358.4     7.97e+04
2020 01 22  0440   58870   16800    1        5.8      360.7     1.02e+05
2020 01 22  0441   58870   16860    0        5.4      351.3     7.97e+04
2020 01 22  0442   58870   16920    1        5.1      349.7     7.63e+04
2020 01 22  0443   58870   16980    1        5.3      352.3     8.08e+04
2020 01 22  0444   58870   17040    1        5.2      352.9     7.48e+04
2020 01 22  0445   58870   17100    0        5.0      354.9     7.89e+04
2020 01 22  0446   58870   17160    0        5.3      356.4     8.00e+04
2020 01 22  0447   58870   17220    0        5.2      355.2     6.40e+04
2020 01 22  0448   58870   17280    0        5.1      352.4     6.70e+04
2020 01 22  0449   58870   17340    0        6.3      356.0     7.70e+04
2020 01 22  0450   58870   17400    0        5.2      354.7     8.35e+04
2020 01 22  0451   58870   17460    0        4.7      350.8     7.64e+04
2020 01 22  0452   58870   17520    0        5.1      360.1     1.16e+05
2020 01 22  0453   58870   17580    0        5.2      358.5     9.70e+04
2020 01 22  0454   58870   17640    0        4.7      353.9     7.71e+04
2020 01 22  0455   58870   17700    1        5.1      360.9     1.03e+05
2020 01 22  0456   58870   17760    0        5.1      357.3     8.99e+04
2020 01 22  0457   58870   17820    0        5.1      355.9     8.07e+04
2020 01 22  0458   58870   17880    0        5.0      356.4     8.03e+04
2020 01 22  0459   58870   17940    0        5.7      356.3     6.53e+04
2020 01 22  0500   58870   18000    0        5.4      355.3     5.44e+04
2020 01 22  0501   58870   18060    0        4.5      358.6     6.80e+04
2020 01 22  0502   58870   18120    0        5.1      363.2     7.79e+04
2020 01 22  0503   58870   18180    0        4.8      356.9     6.30e+04
2020 01 22  0504   58870   18240    0        4.5      355.6     6.01e+04
2020 01 22  0505   58870   18300    1        5.1      364.3     8.19e+04
2020 01 22  0506   58870   18360    0        4.4      361.9     7.24e+04
2020 01 22  0507   58870   18420    9    -9999.9    -9999.9    -1.00e+05
2020 01 22  0508   58870   18480    0        6.4      363.4     7.30e+04
2020 01 22  0509   58870   18540    0        8.1      373.3     5.17e+04
2020 01 22  0510   58870   18600    0        7.4      362.6     5.83e+04
2020 01 22  0511   58870   18660    1        6.9      364.7     7.00e+04
2020 01 22  0512   58870   18720    1        6.5      365.3     7.47e+04
2020 01 22  0513   58870   18780    1        6.8      367.5     6.06e+04
2020 01 22  0514   58870   18840    0        6.1      365.3     5.21e+04
2020 01 22  0515   58870   18900    0        5.4      357.9     5.28e+04
2020 01 22  0516   58870   18960    0        5.3      355.1     6.26e+04
2020 01 22  0517   58870   19020    0        5.0      357.6     6.58e+04
2020 01 22  0518   58870   19080    1        4.7      358.9     5.67e+04
2020 01 22  0519   58870   19140    1        4.7      359.8     6.20e+04
2020 01 22  0520   58870   19200    1        4.8      358.0     6.24e+04
2020 01 22  0521   58870   19260    0        5.4      359.2     7.44e+04
2020 01 22  0522   58870   19320    0        4.8      358.7     6.81e+04
2020 01 22  0523   58870   19380    0        4.5      359.4     7.09e+04
2020 01 22  0524   58870   19440    0        4.5      359.0     5.82e+04
2020 01 22  0525   58870   19500    0        4.3      365.0     7.46e+04
2020 01 22  0526   58870   19560    0        4.3      360.0     6.75e+04
2020 01 22  0527   58870   19620    0        4.3      362.5     6.45e+04
2020 01 22  0528   58870   19680    0        4.4      361.4     6.06e+04
2020 01 22  0529   58870   19740    0        4.6      363.5     6.41e+04
2020 01 22  0530   58870   19800    0        4.5      363.8     5.77e+04
2020 01 22  0531   58870   19860    0        4.8      363.5     5.71e+04
2020 01 22  0532   58870   19920    1        5.1      362.5     5.64e+04
2020 01 22  0533   58870   19980    0        5.5      361.4     5.97e+04
2020 01 22  0534   58870   20040    0        6.0      362.4     7.19e+04
2020 01 22  0535   58870   20100    0        5.9      365.0     5.76e+04
2020 01 22  0536   58870   20160    0        6.8      373.7     5.30e+04
2020 01 22  0537   58870   20220    0        4.6      364.8     6.30e+04
2020 01 22  0538   58870   20280    0        4.3      357.8     4.80e+04
2020 01 22  0539   58870   20340    0        4.8      361.4     5.39e+04
2020 01 22  0540   58870   20400    0        4.8    -9999.9    -1.00e+05
2020 01 22  0541   58870   20460    0        3.9      359.3     4.53e+04
2020 01 22  0542   58870   20520    0        4.8      364.1     6.03e+04
2020 01 22  0543   58870   20580    0        4.9      362.5     5.75e+04
2020 01 22  0544   58870   20640    0        4.2      356.6     4.54e+04
2020 01 22  0545   58870   20700    0        6.2      364.3     8.10e+04
2020 01 22  0546   58870   20760    1        6.8      372.2     6.71e+04
2020 01 22  0547   58870   20820    1        5.1      363.6     4.03e+04
2020 01 22  0548   58870   20880    0        4.9      358.6     7.62e+04
2020 01 22  0549   58870   20940    0        6.2      363.8     8.87e+04
2020 01 22  0550   58870   21000    0        5.5      361.4     4.09e+04
2020 01 22  0551   58870   21060    0        4.9      359.9     5.79e+04
2020 01 22  0552   58870   21120    0        5.3      361.5     7.17e+04
2020 01 22  0553   58870   21180    0        5.0      358.4     5.94e+04
2020 01 22  0554   58870   21240    0        3.3      351.9     4.47e+04
2020 01 22  0555   58870   21300    1        4.5      364.1     7.09e+04
2020 01 22  0556   58870   21360    0        4.9      368.5     9.06e+04
2020 01 22  0557   58870   21420    0        4.0      354.4     4.91e+04
2020 01 22  0558   58870   21480    0        5.8      359.2     8.05e+04
2020 01 22  0559   58870   21540    0        5.8      358.0     7.17e+04
2020 01 22  0600   58870   21600    0        5.1      350.1     6.01e+04
2020 01 22  0601   58870   21660    1        5.8      355.8     7.68e+04
2020 01 22  0602   58870   21720    0        6.0      358.4     7.76e+04
2020 01 22  0603   58870   21780    0        5.8      355.5     6.87e+04
2020 01 22  0604   58870   21840    0        5.9      356.8     7.28e+04
2020 01 22  0605   58870   21900    0        6.1      360.4     8.20e+04
2020 01 22  0606   58870   21960    0        5.9      358.3     8.09e+04
2020 01 22  0607   58870   22020    0        5.5      354.3     7.43e+04
2020 01 22  0608   58870   22080    0        6.1      358.9     8.34e+04
2020 01 22  0609   58870   22140    0        6.4      359.7     8.71e+04
2020 01 22  0610   58870   22200    0        4.9      352.8     3.26e+04
2020 01 22  0611   58870   22260    0        4.5      355.5     6.35e+04
2020 01 22  0612   58870   22320    0        5.4      358.4     7.93e+04
2020 01 22  0613   58870   22380    0        5.4      358.4     7.96e+04
2020 01 22  0614   58870   22440    0        4.8      350.9     5.95e+04
2020 01 22  0615   58870   22500    1        4.7      352.2     6.36e+04
2020 01 22  0616   58870   22560    0        4.5      342.8     3.87e+04
2020 01 22  0617   58870   22620    0        4.7      348.5     6.99e+04
2020 01 22  0618   58870   22680    0        7.7      358.1     8.87e+04
2020 01 22  0619   58870   22740    0        7.0      355.9     7.48e+04
2020 01 22  0620   58870   22800    0        5.9      355.6     8.93e+04
2020 01 22  0621   58870   22860    0        6.7      363.5     9.28e+04
2020 01 22  0622   58870   22920    0        5.1      360.3     4.60e+04
2020 01 22  0623   58870   22980    0        4.8      350.4     5.42e+04
2020 01 22  0624   58870   23040    0        6.2      363.8     9.23e+04
2020 01 22  0625   58870   23100    0        5.4      359.0     6.22e+04
2020 01 22  0626   58870   23160    0        4.8      352.1     4.81e+04
2020 01 22  0627   58870   23220    1        5.8      358.0     6.73e+04
2020 01 22  0628   58870   23280    0        6.0      362.8     8.53e+04
2020 01 22  0629   58870   23340    0        4.7      343.1     2.90e+04
2020 01 22  0630   58870   23400    1        5.3      359.4     1.02e+05
2020 01 22  0631   58870   23460    0        5.2      360.7     7.63e+04
2020 01 22  0632   58870   23520    0        4.9      351.8     4.34e+04
2020 01 22  0633   58870   23580    0        5.1      362.3     7.65e+04
2020 01 22  0634   58870   23640    0        5.3      366.2     8.90e+04
2020 01 22  0635   58870   23700    0        5.3      361.3     7.27e+04
2020 01 22  0636   58870   23760    0        5.5      361.2     7.69e+04
2020 01 22  0637   58870   23820    0        5.6      364.4     8.80e+04
2020 01 22  0638   58870   23880    0        5.4      360.2     6.80e+04
2020 01 22  0639   58870   23940    0        4.8      353.3     5.56e+04
2020 01 22  0640   58870   24000    1        5.8      367.3     1.01e+05
2020 01 22  0641   58870   24060    0        6.2      362.1     8.69e+04
2020 01 22  0642   58870   24120    0        4.8      345.3     3.40e+04
2020 01 22  0643   58870   24180    0        5.5      356.3     8.32e+04
2020 01 22  0644   58870   24240    0        5.2      360.9     7.54e+04
2020 01 22  0645   58870   24300    0        5.1      354.3     4.86e+04
2020 01 22  0646   58870   24360    0        5.0      353.6     4.62e+04
2020 01 22  0647   58870   24420    0        4.2      359.1     6.78e+04
2020 01 22  0648   58870   24480    0        3.7      353.0     5.57e+04
2020 01 22  0649   58870   24540    0        4.4      356.1     7.50e+04
2020 01 22  0650   58870   24600    0        4.7      357.6     7.92e+04
2020 01 22  0651   58870   24660    0        4.4      356.9     7.10e+04
2020 01 22  0652   58870   24720    0        4.4      357.3     7.13e+04
2020 01 22  0653   58870   24780    0        4.6      357.2     7.38e+04
2020 01 22  0654   58870   24840    1        4.3      355.3     6.82e+04
2020 01 22  0655   58870   24900    0        4.0      351.9     5.86e+04
2020 01 22  0656   58870   24960    0        4.5      352.3     6.32e+04
2020 01 22  0657   58870   25020    0        4.3      351.3     6.20e+04
2020 01 22  0658   58870   25080    0        4.3      348.4     6.91e+04
2020 01 22  0659   58870   25140    0        4.2      351.6     6.88e+04
2020 01 22  0700   58870   25200    0        4.3      352.6     6.80e+04
2020 01 22  0701   58870   25260    0        4.4      351.8     5.76e+04
2020 01 22  0702   58870   25320    0        4.2      355.9     6.61e+04
2020 01 22  0703   58870   25380    0        4.6      359.2     8.30e+04
2020 01 22  0704   58870   25440    0        4.5      359.6     8.05e+04
2020 01 22  0705   58870   25500    0        4.4      359.2     8.52e+04
2020 01 22  0706   58870   25560    1        4.7      360.6     9.96e+04
2020 01 22  0707   58870   25620    1        4.7      361.2     9.53e+04
2020 01 22  0708   58870   25680    1        4.6      361.0     8.88e+04
2020 01 22  0709   58870   25740    1        4.6      360.2     8.93e+04
2020 01 22  0710   58870   25800    0        4.5      359.8     8.52e+04
2020 01 22  0711   58870   25860    0        4.5      363.0     9.54e+04
2020 01 22  0712   58870   25920    0        5.0      362.8     1.00e+05
2020 01 22  0713   58870   25980    0        5.3      362.6     9.92e+04
2020 01 22  0714   58870   26040    0        5.1      356.5     6.63e+04
2020 01 22  0715   58870   26100    0        5.4      359.1     7.77e+04
2020 01 22  0716   58870   26160    0        5.5      357.4     8.18e+04
2020 01 22  0717   58870   26220    0        5.2      354.7     6.77e+04
2020 01 22  0718   58870   26280    0        5.2      360.5     9.80e+04
2020 01 22  0719   58870   26340    0        5.2      361.6     1.04e+05
2020 01 22  0720   58870   26400    1        5.4      363.8     1.06e+05
2020 01 22  0721   58870   26460    0        5.9      363.6     8.99e+04
2020 01 22  0722   58870   26520    0        6.3      365.4     6.29e+04
2020 01 22  0723   58870   26580    0        5.5      361.9     5.80e+04
2020 01 22  0724   58870   26640    0        4.7      356.3     6.89e+04
2020 01 22  0725   58870   26700    0        4.7      355.8     7.77e+04
2020 01 22  0726   58870   26760    1        5.2      358.4     7.57e+04
2020 01 22  0727   58870   26820    0        5.9      360.3     5.27e+04
2020 01 22  0728   58870   26880    1        6.1      358.6     5.24e+04
2020 01 22  0729   58870   26940    0        6.1      355.8     7.66e+04
2020 01 22  0730   58870   27000    0        5.5      357.8     5.37e+04
2020 01 22  0731   58870   27060    0        7.3      368.7     4.29e+04
2020 01 22  0732   58870   27120    0        6.9      354.4     7.80e+04
2020 01 22  0733   58870   27180    1        6.4      364.8     5.81e+04
2020 01 22  0734   58870   27240    0        5.7      355.3     4.76e+04
2020 01 22  0735   58870   27300    0        6.3      352.6     6.18e+04
2020 01 22  0736   58870   27360    0        6.8      358.6     5.38e+04
2020 01 22  0737   58870   27420    1        6.0      355.3     5.49e+04
2020 01 22  0738   58870   27480    0        7.7      353.0     5.72e+04
2020 01 22  0739   58870   27540    0        8.3      357.8     5.27e+04
2020 01 22  0740   58870   27600    1        7.1      358.6     6.26e+04
2020 01 22  0741   58870   27660    0        5.9      352.5     7.09e+04
2020 01 22  0742   58870   27720    1        5.4      353.7     5.82e+04
2020 01 22  0743   58870   27780    0        6.1      360.2     6.08e+04
2020 01 22  0744   58870   27840    0        5.0      348.6     6.69e+04
2020 01 22  0745   58870   27900    0        7.2      354.7     7.42e+04
2020 01 22  0746   58870   27960    0        5.6      359.9     6.35e+04
2020 01 22  0747   58870   28020    0        4.2      345.2     7.68e+04
2020 01 22  0748   58870   28080    1        4.7      347.7     8.98e+04
2020 01 22  0749   58870   28140    1        5.8      359.0     7.15e+04
2020 01 22  0750   58870   28200    1        4.8      354.2     8.13e+04
2020 01 22  0751   58870   28260    0        4.6      350.8     7.39e+04
2020 01 22  0752   58870   28320    0        4.6      350.1     7.13e+04
2020 01 22  0753   58870   28380    0        4.7      350.7     7.63e+04
2020 01 22  0754   58870   28440    0        4.7      349.2     9.12e+04
2020 01 22  0755   58870   28500    0        5.1      350.7     8.42e+04
2020 01 22  0756   58870   28560    1        5.4      352.8     6.29e+04
2020 01 22  0757   58870   28620    0        5.1      351.9     6.15e+04
2020 01 22  0758   58870   28680    0        5.2      351.5     6.61e+04
2020 01 22  0759   58870   28740    0        5.7      352.2     5.75e+04
2020 01 22  0800   58870   28800    0        5.4      351.1     5.10e+04
2020 01 22  0801   58870   28860    1        5.2      350.0     6.73e+04
2020 01 22  0802   58870   28920    0        6.5      363.9     1.02e+05
2020 01 22  0803   58870   28980    0        7.9      368.9     4.96e+04
2020 01 22  0804   58870   29040    0        5.1      350.3     6.97e+04
2020 01 22  0805   58870   29100    1        4.7      358.2     1.06e+05
2020 01 22  0806   58870   29160    0        5.7      365.7     6.19e+04
2020 01 22  0807   58870   29220    1        3.4      355.4     5.43e+04
2020 01 22  0808   58870   29280    0        4.3      355.5     6.20e+04
2020 01 22  0809   58870   29340    0        5.1      360.3     7.10e+04
2020 01 22  0810   58870   29400    0       13.2      355.3     3.99e+04
2020 01 22  0811   58870   29460    0       12.5      356.6     5.51e+04
2020 01 22  0812   58870   29520    1        6.8      367.0     6.97e+04
2020 01 22  0813   58870   29580    0       11.8      363.6     3.08e+04
2020 01 22  0814   58870   29640    0       14.9      353.9     4.04e+04
2020 01 22  0815   58870   29700    0        5.2      363.8     8.86e+04
2020 01 22  0816   58870   29760    0        5.3      358.4     4.71e+04
2020 01 22  0817   58870   29820    0        5.3      345.2     4.35e+04
2020 01 22  0818   58870   29880    0        5.0      357.1     1.27e+05
2020 01 22  0819   58870   29940    1        4.5      354.1     1.01e+05
2020 01 22  0820   58870   30000    0        5.2      364.0     4.84e+04
2020 01 22  0821   58870   30060    1        4.9      366.5     1.40e+05
2020 01 22  0822   58870   30120    0        7.4      365.2     6.59e+04
2020 01 22  0823   58870   30180    0        6.5      359.2     4.02e+04
2020 01 22  0824   58870   30240    0        5.6      361.0     9.53e+04
2020 01 22  0825   58870   30300    0        5.4      362.4     1.18e+05
2020 01 22  0826   58870   30360    0        5.0      348.3     7.27e+04
2020 01 22  0827   58870   30420    0        4.9      346.0     7.61e+04
2020 01 22  0828   58870   30480    1        4.9      344.0     7.71e+04
2020 01 22  0829   58870   30540    0        5.6      341.8     5.86e+04
2020 01 22  0830   58870   30600    0        5.3      335.5     3.18e+04
2020 01 22  0831   58870   30660    1        3.1      337.0     5.33e+04
2020 01 22  0832   58870   30720    1        4.8      354.2     1.16e+05
2020 01 22  0833   58870   30780    0        5.0      342.0     6.96e+04
2020 01 22  0834   58870   30840    1        4.5      343.6     6.04e+04
2020 01 22  0835   58870   30900    0        4.7      351.8     1.01e+05
2020 01 22  0836   58870   30960    1        5.1      345.1     6.78e+04
2020 01 22  0837   58870   31020    0        3.3      329.1     2.91e+04
2020 01 22  0838   58870   31080    1        4.6      348.5     1.22e+05
2020 01 22  0839   58870   31140    1        4.4      345.5     9.07e+04
2020 01 22  0840   58870   31200    0        4.9      349.9     1.25e+05
2020 01 22  0841   58870   31260    0        4.5      344.3     8.14e+04
2020 01 22  0842   58870   31320    1        4.4      342.0     6.80e+04
2020 01 22  0843   58870   31380    1        4.6      343.6     7.52e+04
2020 01 22  0844   58870   31440    0        4.1      339.3     5.25e+04
2020 01 22  0845   58870   31500    0        3.9      336.2     4.13e+04
2020 01 22  0846   58870   31560    0        4.4      340.9     5.77e+04
2020 01 22  0847   58870   31620    0        4.6      347.9     8.98e+04
2020 01 22  0848   58870   31680    0        4.5      360.7     1.60e+05
2020 01 22  0849   58870   31740    1        4.1      353.5     1.21e+05
2020 01 22  0850   58870   31800    0        3.9      351.0     9.82e+04
2020 01 22  0851   58870   31860    0        4.5      347.6     1.03e+05
2020 01 22  0852   58870   31920    0        4.8      351.4     1.37e+05
2020 01 22  0853   58870   31980    0        4.5      354.8     8.20e+04
2020 01 22  0854   58870   32040    1        4.9      354.5     1.01e+05
2020 01 22  0855   58870   32100    0        4.5      372.0     8.36e+04
2020 01 22  0856   58870   32160    0        4.2      367.6     5.80e+04
2020 01 22  0857   58870   32220    0        4.8      362.8     4.93e+04
2020 01 22  0858   58870   32280    0        5.2      362.1     4.88e+04
2020 01 22  0859   58870   32340    0        5.6      356.9     9.12e+04
2020 01 22  0900   58870   32400    0        6.1      359.3     7.19e+04
2020 01 22  0901   58870   32460    0        6.3      359.1     5.05e+04
2020 01 22  0902   58870   32520    0        5.4      354.7     5.40e+04
2020 01 22  0903   58870   32580    0        5.0      356.4     5.47e+04
2020 01 22  0904   58870   32640    0        4.3      356.9     5.83e+04
2020 01 22  0905   58870   32700    0        5.3      354.5     6.08e+04
2020 01 22  0906   58870   32760    0        5.2      353.6     5.30e+04
2020 01 22  0907   58870   32820    0        4.4      356.7     7.12e+04
2020 01 22  0908   58870   32880    0        4.3      355.2     6.35e+04
2020 01 22  0909   58870   32940    0        4.5      355.3     5.52e+04
2020 01 22  0910   58870   33000    0        5.3      358.4     4.66e+04
2020 01 22  0911   58870   33060    0        4.9      358.7     5.59e+04
2020 01 22  0912   58870   33120    0        5.5      359.1     4.95e+04
2020 01 22  0913   58870   33180    1        5.3      360.1     6.29e+04
2020 01 22  0914   58870   33240    0        5.0      358.9     6.21e+04
2020 01 22  0915   58870   33300    0        4.7      358.3     6.49e+04
2020 01 22  0916   58870   33360    0        4.9      357.4     6.33e+04
2020 01 22  0917   58870   33420    0        5.0      357.3     5.65e+04
2020 01 22  0918   58870   33480    0        4.7      360.6     6.79e+04
2020 01 22  0919   58870   33540    0        5.1      361.2     6.97e+04
2020 01 22  0920   58870   33600    0        5.6      358.4     7.35e+04
2020 01 22  0921   58870   33660    0        5.9      354.9     1.02e+05
2020 01 22  0922   58870   33720    1        5.9      356.6     9.28e+04
2020 01 22  0923   58870   33780    0        6.3      355.9     9.05e+04
2020 01 22  0924   58870   33840    0        5.2      362.7     9.06e+04
2020 01 22  0925   58870   33900    0        4.9      364.5     9.85e+04
2020 01 22  0926   58870   33960    0        4.9      364.7     8.81e+04
2020 01 22  0927   58870   34020    0        5.8      369.4     9.78e+04
2020 01 22  0928   58870   34080    0        5.6      366.8     7.18e+04
2020 01 22  0929   58870   34140    0        5.8      370.7     5.42e+04
2020 01 22  0930   58870   34200    0        6.0      368.6     4.39e+04
2020 01 22  0931   58870   34260    0        5.9      365.0     3.90e+04
2020 01 22  0932   58870   34320    0        6.3      361.7     5.57e+04
2020 01 22  0933   58870   34380    0        6.0      362.1     5.85e+04
2020 01 22  0934   58870   34440    0        6.1      363.5     5.95e+04
2020 01 22  0935   58870   34500    0        6.9      363.0     7.01e+04
2020 01 22  0936   58870   34560    0        5.0      356.3     1.21e+05
2020 01 22  0937   58870   34620    1        4.9      351.5     1.05e+05
2020 01 22  0938   58870   34680    0        5.2      353.2     9.92e+04
2020 01 22  0939   58870   34740    1        5.9      353.0     1.08e+05
2020 01 22  0940   58870   34800    0        7.2      358.2     1.08e+05
2020 01 22  0941   58870   34860    0        6.6      356.8     1.12e+05
2020 01 22  0942   58870   34920    0        6.5      354.1     1.03e+05
2020 01 22  0943   58870   34980    0        6.6      357.1     9.54e+04
2020 01 22  0944   58870   35040    0        7.5      357.6     1.11e+05
2020 01 22  0945   58870   35100    0        6.1      357.7     1.10e+05
2020 01 22  0946   58870   35160    0        5.1      358.8     9.54e+04
2020 01 22  0947   58870   35220    0        5.0      358.4     8.74e+04
2020 01 22  0948   58870   35280    0        5.2      358.3     9.63e+04
2020 01 22  0949   58870   35340    0        5.7      361.4     1.05e+05
2020 01 22  0950   58870   35400    0        6.0      362.7     1.04e+05
2020 01 22  0951   58870   35460    0        5.5      359.4     1.08e+05
2020 01 22  0952   58870   35520    0        5.5      362.6     1.02e+05
2020 01 22  0953   58870   35580    0        5.7      358.9     1.04e+05
2020 01 22  0954   58870   35640    0        4.8      353.8     8.83e+04
2020 01 22  0955   58870   35700    0        5.3      351.4     7.33e+04
2020 01 22  0956   58870   35760    1        5.2      356.6     5.97e+04
2020 01 22  0957   58870   35820    0        5.3      358.5     7.16e+04
2020 01 22  0958   58870   35880    0        5.4      359.4     6.88e+04
2020 01 22  0959   58870   35940    0        5.4      360.2     7.22e+04
