:Data_list: 20200205_ace_swepam_1m.txt
:Created: 2020 Feb 05 1001 UT
# Prepared by the U.S. Dept. of Commerce, NOAA, Space Weather Prediction Center
# Please send comments and suggestions to SWPC.Webmaster@noaa.gov 
# 
# Units: Proton density p/cc
# Units: Bulk speed km/s
# Units: Ion tempeture degrees K
# Status(S): 0 = nominal data, 1 to 8 = bad data record, 9 = no data
# Missing data values: Density and Speed = -9999.9, Temp. = -1.00e+05
# Source: ACE Satellite - Solar Wind Electron Proton Alpha Monitor
#
#   1-minute averaged Real-time Bulk Parameters of the Solar Wind Plasma
# 
#                Modified Seconds   -------------  Solar Wind  -----------
# UT Date   Time  Julian  of the          Proton      Bulk         Ion
# YR MO DA  HHMM    Day     Day     S    Density     Speed     Temperature
#-------------------------------------------------------------------------
2020 02 05  0000   58884       0    1        5.6      360.5     9.78e+04
2020 02 05  0001   58884      60    0        5.4      356.2     8.78e+04
2020 02 05  0002   58884     120    0        5.3      356.6     8.46e+04
2020 02 05  0003   58884     180    1        5.0      358.0     9.45e+04
2020 02 05  0004   58884     240    1        5.1      359.3     9.88e+04
2020 02 05  0005   58884     300    0        5.3      355.6     8.67e+04
2020 02 05  0006   58884     360    0        5.3      353.6     9.58e+04
2020 02 05  0007   58884     420    0        5.5      357.1     1.05e+05
2020 02 05  0008   58884     480    0        4.9      355.7     8.62e+04
2020 02 05  0009   58884     540    0        5.1      355.3     9.04e+04
2020 02 05  0010   58884     600    0        5.6      356.3     1.05e+05
2020 02 05  0011   58884     660    0        5.5      358.2     1.07e+05
2020 02 05  0012   58884     720    0        5.4      353.6     8.70e+04
2020 02 05  0013   58884     780    0        5.6      353.5     8.73e+04
2020 02 05  0014   58884     840    0        5.7      359.1     1.01e+05
2020 02 05  0015   58884     900    0        5.0      353.1     7.65e+04
2020 02 05  0016   58884     960    0        4.7      350.3     7.29e+04
2020 02 05  0017   58884    1020    0        6.1      365.3     1.35e+05
2020 02 05  0018   58884    1080    0        6.5      362.5     1.10e+05
2020 02 05  0019   58884    1140    0        6.0      360.6     9.31e+04
2020 02 05  0020   58884    1200    0        5.9      366.6     1.27e+05
2020 02 05  0021   58884    1260    0        6.6      367.9     1.36e+05
2020 02 05  0022   58884    1320    0        9.5      341.7     4.06e+04
2020 02 05  0023   58884    1380    0        6.0      361.8     1.09e+05
2020 02 05  0024   58884    1440    0        5.3      366.4     1.25e+05
2020 02 05  0025   58884    1500    1        7.7      348.6     5.97e+04
2020 02 05  0026   58884    1560    0        6.3      360.0     1.10e+05
2020 02 05  0027   58884    1620    1        6.0      366.7     1.42e+05
2020 02 05  0028   58884    1680    1        6.4      355.5     9.59e+04
2020 02 05  0029   58884    1740    1        6.2      352.2     8.69e+04
2020 02 05  0030   58884    1800    0        5.7      360.3     1.27e+05
2020 02 05  0031   58884    1860    0        5.5      352.8     9.05e+04
2020 02 05  0032   58884    1920    0        5.5      348.5     7.44e+04
2020 02 05  0033   58884    1980    1        6.2      360.7     1.40e+05
2020 02 05  0034   58884    2040    0        5.4      360.5     1.13e+05
2020 02 05  0035   58884    2100    0        5.8      355.5     1.01e+05
2020 02 05  0036   58884    2160    0        6.7      359.9     1.27e+05
2020 02 05  0037   58884    2220    0        7.1      357.8     1.10e+05
2020 02 05  0038   58884    2280    0        6.4      355.1     1.04e+05
2020 02 05  0039   58884    2340    0        5.9      360.4     9.23e+04
2020 02 05  0040   58884    2400    0        5.6      359.3     9.01e+04
2020 02 05  0041   58884    2460    0        6.1      358.6     1.06e+05
2020 02 05  0042   58884    2520    0        6.2      356.6     1.06e+05
2020 02 05  0043   58884    2580    0        6.1      358.6     1.07e+05
2020 02 05  0044   58884    2640    0        5.9      360.8     1.05e+05
2020 02 05  0045   58884    2700    0        6.2      360.6     1.09e+05
2020 02 05  0046   58884    2760    0        6.6      358.4     1.13e+05
2020 02 05  0047   58884    2820    1        6.3      354.6     1.01e+05
2020 02 05  0048   58884    2880    0        6.0      355.9     1.03e+05
2020 02 05  0049   58884    2940    0        5.9      357.8     1.14e+05
2020 02 05  0050   58884    3000    0        5.6      352.7     9.23e+04
2020 02 05  0051   58884    3060    1        6.5      360.7     1.13e+05
2020 02 05  0052   58884    3120    0        6.1      360.8     1.03e+05
2020 02 05  0053   58884    3180    0        5.4      345.5     5.19e+04
2020 02 05  0054   58884    3240    0        5.7      363.3     1.25e+05
2020 02 05  0055   58884    3300    0        5.2      360.8     1.18e+05
2020 02 05  0056   58884    3360    0        6.1      348.6     6.03e+04
2020 02 05  0057   58884    3420    0        6.5      345.2     4.38e+04
2020 02 05  0058   58884    3480    1        6.6      372.5     2.14e+05
2020 02 05  0059   58884    3540    0        5.9      363.4     1.48e+05
2020 02 05  0100   58884    3600    0        5.3      358.1     1.04e+05
2020 02 05  0101   58884    3660    0        5.4      361.6     1.23e+05
2020 02 05  0102   58884    3720    0        6.7      356.2     1.06e+05
2020 02 05  0103   58884    3780    0        7.4      347.5     6.55e+04
2020 02 05  0104   58884    3840    0        5.5      358.7     1.10e+05
2020 02 05  0105   58884    3900    1        6.9      356.8     1.20e+05
2020 02 05  0106   58884    3960    0       10.8      339.4     4.73e+04
2020 02 05  0107   58884    4020    1        5.9      365.5     1.74e+05
2020 02 05  0108   58884    4080    1        6.4      362.6     1.32e+05
2020 02 05  0109   58884    4140    0        6.2      350.2     6.16e+04
2020 02 05  0110   58884    4200    0        6.2      369.0     1.38e+05
2020 02 05  0111   58884    4260    0        7.0      373.0     1.43e+05
2020 02 05  0112   58884    4320    0        5.5      358.3     7.30e+04
2020 02 05  0113   58884    4380    1        5.8      364.6     1.07e+05
2020 02 05  0114   58884    4440    0        6.5      369.0     1.28e+05
2020 02 05  0115   58884    4500    0        6.0      363.9     1.03e+05
2020 02 05  0116   58884    4560    0        6.0      365.9     1.03e+05
2020 02 05  0117   58884    4620    0        6.4      370.0     1.12e+05
2020 02 05  0118   58884    4680    0        6.1      368.7     1.01e+05
2020 02 05  0119   58884    4740    0        5.9      369.5     1.01e+05
2020 02 05  0120   58884    4800    0        5.6      368.5     9.09e+04
2020 02 05  0121   58884    4860    0        5.0      367.8     7.56e+04
2020 02 05  0122   58884    4920    0        4.5      366.7     8.38e+04
2020 02 05  0123   58884    4980    0        4.8      368.4     1.04e+05
2020 02 05  0124   58884    5040    0        4.5      368.6     8.97e+04
2020 02 05  0125   58884    5100    0        4.5      371.4     9.80e+04
2020 02 05  0126   58884    5160    0        4.0      365.0     8.20e+04
2020 02 05  0127   58884    5220    0        3.9      366.9     9.60e+04
2020 02 05  0128   58884    5280    0        4.5      371.3     1.10e+05
2020 02 05  0129   58884    5340    0        4.1      370.3     9.70e+04
2020 02 05  0130   58884    5400    0        3.9      369.4     9.01e+04
2020 02 05  0131   58884    5460    0        4.5      377.1     1.03e+05
2020 02 05  0132   58884    5520    0        4.3      375.9     9.42e+04
2020 02 05  0133   58884    5580    0        4.3      372.2     7.63e+04
2020 02 05  0134   58884    5640    0        4.8      374.3     8.84e+04
2020 02 05  0135   58884    5700    0        5.1      380.0     1.16e+05
2020 02 05  0136   58884    5760    0        4.8      367.4     7.05e+04
2020 02 05  0137   58884    5820    0        5.6      358.8     5.37e+04
2020 02 05  0138   58884    5880    0        5.0      383.1     1.42e+05
2020 02 05  0139   58884    5940    0        5.5      372.7     1.10e+05
2020 02 05  0140   58884    6000    0        5.0      370.7     9.40e+04
2020 02 05  0141   58884    6060    1        5.0      382.2     1.73e+05
2020 02 05  0142   58884    6120    0        5.7      375.9     1.14e+05
2020 02 05  0143   58884    6180    0        8.0      349.4     3.71e+04
2020 02 05  0144   58884    6240    0        5.1      369.6     1.03e+05
2020 02 05  0145   58884    6300    0        5.0      377.5     1.43e+05
2020 02 05  0146   58884    6360    0        6.8      359.0     7.59e+04
2020 02 05  0147   58884    6420    0        6.7      362.2     1.03e+05
2020 02 05  0148   58884    6480    0        6.1      372.5     1.34e+05
2020 02 05  0149   58884    6540    0        6.1      363.4     8.47e+04
2020 02 05  0150   58884    6600    0        6.1      361.2     8.48e+04
2020 02 05  0151   58884    6660    1        6.1      374.8     1.35e+05
2020 02 05  0152   58884    6720    0        5.7      365.9     9.24e+04
2020 02 05  0153   58884    6780    0        6.0      358.6     5.37e+04
2020 02 05  0154   58884    6840    0        6.2      376.0     1.26e+05
2020 02 05  0155   58884    6900    0        6.2      371.0     1.04e+05
2020 02 05  0156   58884    6960    0        5.9      369.6     8.88e+04
2020 02 05  0157   58884    7020    0        6.4      376.3     1.11e+05
2020 02 05  0158   58884    7080    0        5.8      370.2     9.62e+04
2020 02 05  0159   58884    7140    0        5.6      365.4     9.53e+04
2020 02 05  0200   58884    7200    0        5.7      370.6     1.03e+05
2020 02 05  0201   58884    7260    0        5.7      371.0     9.31e+04
2020 02 05  0202   58884    7320    0        5.7      369.6     9.24e+04
2020 02 05  0203   58884    7380    0        5.7      369.2     9.49e+04
2020 02 05  0204   58884    7440    0        4.4      369.2     7.71e+04
2020 02 05  0205   58884    7500    0        5.5      374.3     1.16e+05
2020 02 05  0206   58884    7560    0        6.2      379.9     1.40e+05
2020 02 05  0207   58884    7620    0        4.7      376.1     8.56e+04
2020 02 05  0208   58884    7680    0        4.5      371.6     6.57e+04
2020 02 05  0209   58884    7740    0        4.7      372.1     7.29e+04
2020 02 05  0210   58884    7800    0        4.7      372.3     7.30e+04
2020 02 05  0211   58884    7860    0        4.4      372.1     7.46e+04
2020 02 05  0212   58884    7920    0        4.6      373.9     8.10e+04
2020 02 05  0213   58884    7980    0        4.9      375.7     8.56e+04
2020 02 05  0214   58884    8040    0        4.4      370.0     6.33e+04
2020 02 05  0215   58884    8100    0        5.3      377.3     8.86e+04
2020 02 05  0216   58884    8160    0        5.0      374.6     7.73e+04
2020 02 05  0217   58884    8220    0        3.7      360.7     5.06e+04
2020 02 05  0218   58884    8280    0        4.1      372.8     9.25e+04
2020 02 05  0219   58884    8340    0        5.1      378.9     1.18e+05
2020 02 05  0220   58884    8400    0        5.0      374.2     9.89e+04
2020 02 05  0221   58884    8460    0        4.5      377.3     1.04e+05
2020 02 05  0222   58884    8520    0        5.0      381.6     1.27e+05
2020 02 05  0223   58884    8580    0        4.8      372.9     1.00e+05
2020 02 05  0224   58884    8640    0        3.7      365.2     6.97e+04
2020 02 05  0225   58884    8700    0        4.7      381.9     1.13e+05
2020 02 05  0226   58884    8760    0        5.1      374.9     9.48e+04
2020 02 05  0227   58884    8820    0        4.9      363.8     5.05e+04
2020 02 05  0228   58884    8880    0        4.9      375.8     8.78e+04
2020 02 05  0229   58884    8940    0        5.3      381.3     1.15e+05
2020 02 05  0230   58884    9000    0        4.4      377.9     9.25e+04
2020 02 05  0231   58884    9060    1        4.6      382.2     1.18e+05
2020 02 05  0232   58884    9120    0        4.6      377.4     9.63e+04
2020 02 05  0233   58884    9180    0        4.9      375.6     9.19e+04
2020 02 05  0234   58884    9240    0        4.5      372.8     8.08e+04
2020 02 05  0235   58884    9300    0        5.1      372.8     8.61e+04
2020 02 05  0236   58884    9360    0        5.7      374.1     9.57e+04
2020 02 05  0237   58884    9420    0        4.2      363.7     5.87e+04
2020 02 05  0238   58884    9480    0        4.4      364.3     6.72e+04
2020 02 05  0239   58884    9540    0        4.6      364.5     7.94e+04
2020 02 05  0240   58884    9600    0        4.5      363.6     7.48e+04
2020 02 05  0241   58884    9660    0        4.5      365.3     7.66e+04
2020 02 05  0242   58884    9720    0        4.2      362.7     6.74e+04
2020 02 05  0243   58884    9780    0        4.5      365.0     8.26e+04
2020 02 05  0244   58884    9840    0        4.4      364.0     7.32e+04
2020 02 05  0245   58884    9900    0        4.6      365.2     8.19e+04
2020 02 05  0246   58884    9960    0        4.5      360.2     7.13e+04
2020 02 05  0247   58884   10020    0        4.3      365.6     7.87e+04
2020 02 05  0248   58884   10080    1        4.2      366.7     7.06e+04
2020 02 05  0249   58884   10140    0        4.6      368.9     8.02e+04
2020 02 05  0250   58884   10200    0        4.4      367.0     7.47e+04
2020 02 05  0251   58884   10260    0        4.1      362.8     6.53e+04
2020 02 05  0252   58884   10320    0        4.5      363.6     7.21e+04
2020 02 05  0253   58884   10380    0        5.0      367.5     8.25e+04
2020 02 05  0254   58884   10440    0        4.9      363.4     6.69e+04
2020 02 05  0255   58884   10500    0        4.9      359.3     6.45e+04
2020 02 05  0256   58884   10560    1        5.4      370.5     1.19e+05
2020 02 05  0257   58884   10620    0        5.0      362.0     7.76e+04
2020 02 05  0258   58884   10680    0        5.0      354.5     4.72e+04
2020 02 05  0259   58884   10740    1        4.1      376.9     1.16e+05
2020 02 05  0300   58884   10800    0        4.9      376.0     9.67e+04
2020 02 05  0301   58884   10860    0        3.6      356.8     4.18e+04
2020 02 05  0302   58884   10920    0        4.5      377.8     9.73e+04
2020 02 05  0303   58884   10980    0        4.3      374.1     7.78e+04
2020 02 05  0304   58884   11040    0        4.3      371.9     6.48e+04
2020 02 05  0305   58884   11100    1        5.0      377.0     8.85e+04
2020 02 05  0306   58884   11160    0        5.1      378.0     9.06e+04
2020 02 05  0307   58884   11220    1        3.6      363.1     6.09e+04
2020 02 05  0308   58884   11280    1        3.8      357.4     5.89e+04
2020 02 05  0309   58884   11340    0        4.9      362.6     7.57e+04
2020 02 05  0310   58884   11400    0        4.5      355.6     4.78e+04
2020 02 05  0311   58884   11460    0        4.5      359.7     6.31e+04
2020 02 05  0312   58884   11520    0        4.7      368.1     9.20e+04
2020 02 05  0313   58884   11580    0        4.5      364.0     6.97e+04
2020 02 05  0314   58884   11640    0        4.5      363.0     6.89e+04
2020 02 05  0315   58884   11700    0        5.1      367.7     7.01e+04
2020 02 05  0316   58884   11760    0        4.8      366.6     6.53e+04
2020 02 05  0317   58884   11820    0        4.8      366.5     6.94e+04
2020 02 05  0318   58884   11880    0        4.4      363.7     6.56e+04
2020 02 05  0319   58884   11940    0        4.8      366.1     7.30e+04
2020 02 05  0320   58884   12000    0        4.4      365.7     7.09e+04
2020 02 05  0321   58884   12060    0        4.6      364.3     6.91e+04
2020 02 05  0322   58884   12120    1        4.6      362.5     7.19e+04
2020 02 05  0323   58884   12180    0        4.4      362.5     6.86e+04
2020 02 05  0324   58884   12240    0        4.5      364.6     6.74e+04
2020 02 05  0325   58884   12300    0        4.5      363.5     6.22e+04
2020 02 05  0326   58884   12360    0        4.5      361.8     6.18e+04
2020 02 05  0327   58884   12420    0        4.9      363.7     7.63e+04
2020 02 05  0328   58884   12480    0        4.6      361.7     7.14e+04
2020 02 05  0329   58884   12540    0        4.7      363.0     7.63e+04
2020 02 05  0330   58884   12600    0        5.1      367.5     8.89e+04
2020 02 05  0331   58884   12660    1        4.9      365.7     7.45e+04
2020 02 05  0332   58884   12720    0        4.1      354.2     4.56e+04
2020 02 05  0333   58884   12780    1        5.3      370.4     1.08e+05
2020 02 05  0334   58884   12840    0        4.9      364.7     8.67e+04
2020 02 05  0335   58884   12900    0        4.7      347.1     3.43e+04
2020 02 05  0336   58884   12960    1        4.7      364.7     1.02e+05
2020 02 05  0337   58884   13020    0        4.9      370.0     1.00e+05
2020 02 05  0338   58884   13080    0        6.3      352.1     4.40e+04
2020 02 05  0339   58884   13140    1        5.6      357.9     8.37e+04
2020 02 05  0340   58884   13200    1        4.3      366.2     1.08e+05
2020 02 05  0341   58884   13260    0        4.3      355.9     6.00e+04
2020 02 05  0342   58884   13320    0        4.4      347.4     3.12e+04
2020 02 05  0343   58884   13380    1        5.0      374.6     1.51e+05
2020 02 05  0344   58884   13440    1        4.8      372.1     1.34e+05
2020 02 05  0345   58884   13500    0        4.4      365.3     8.64e+04
2020 02 05  0346   58884   13560    1        5.1      371.7     1.18e+05
2020 02 05  0347   58884   13620    0        4.9      362.3     8.90e+04
2020 02 05  0348   58884   13680    0        3.2      356.9     6.24e+04
2020 02 05  0349   58884   13740    1        4.0      362.7     9.45e+04
2020 02 05  0350   58884   13800    1        3.8      362.0     9.01e+04
2020 02 05  0351   58884   13860    0        3.7      362.0     8.00e+04
2020 02 05  0352   58884   13920    0        4.1      365.1     9.24e+04
2020 02 05  0353   58884   13980    0        4.2      364.2     8.39e+04
2020 02 05  0354   58884   14040    0        4.0      358.2     7.30e+04
2020 02 05  0355   58884   14100    0        4.5      360.3     7.84e+04
2020 02 05  0356   58884   14160    0        4.8      364.2     9.39e+04
2020 02 05  0357   58884   14220    0        4.8      365.7     1.03e+05
2020 02 05  0358   58884   14280    0        4.7      365.1     1.01e+05
2020 02 05  0359   58884   14340    0        4.6      362.2     9.72e+04
2020 02 05  0400   58884   14400    1        4.9      365.3     9.74e+04
2020 02 05  0401   58884   14460    0        4.6      363.5     8.72e+04
2020 02 05  0402   58884   14520    0        4.7      363.8     8.98e+04
2020 02 05  0403   58884   14580    0        4.1      356.7     7.76e+04
2020 02 05  0404   58884   14640    0        4.8      366.1     1.04e+05
2020 02 05  0405   58884   14700    0        4.5      364.3     8.86e+04
2020 02 05  0406   58884   14760    0        4.1      359.2     7.09e+04
2020 02 05  0407   58884   14820    0        5.0      367.6     1.02e+05
2020 02 05  0408   58884   14880    0        4.7      366.1     9.41e+04
2020 02 05  0409   58884   14940    0        3.8      361.3     7.22e+04
2020 02 05  0410   58884   15000    0        4.4      365.1     9.01e+04
2020 02 05  0411   58884   15060    0        4.6      367.2     9.53e+04
2020 02 05  0412   58884   15120    0        3.9      359.7     7.10e+04
2020 02 05  0413   58884   15180    0        4.1      361.3     7.90e+04
2020 02 05  0414   58884   15240    1        4.7      371.6     1.10e+05
2020 02 05  0415   58884   15300    0        4.7      370.6     1.06e+05
2020 02 05  0416   58884   15360    0        4.6      366.4     8.54e+04
2020 02 05  0417   58884   15420    0        4.6      367.6     8.92e+04
2020 02 05  0418   58884   15480    0        4.7      371.1     1.01e+05
2020 02 05  0419   58884   15540    0        3.0      349.7     4.06e+04
2020 02 05  0420   58884   15600    1        4.8      375.6     1.43e+05
2020 02 05  0421   58884   15660    0        3.6      365.8     8.47e+04
2020 02 05  0422   58884   15720    0        3.9      353.1     4.45e+04
2020 02 05  0423   58884   15780    1        4.0      370.2     1.23e+05
2020 02 05  0424   58884   15840    0        4.3      370.8     1.02e+05
2020 02 05  0425   58884   15900    0        4.1      358.1     5.30e+04
2020 02 05  0426   58884   15960    1        4.6      367.2     8.49e+04
2020 02 05  0427   58884   16020    0        4.9      371.9     9.19e+04
2020 02 05  0428   58884   16080    0        4.5      365.0     6.67e+04
2020 02 05  0429   58884   16140    0        4.5      366.6     7.13e+04
2020 02 05  0430   58884   16200    0        4.8      373.6     8.51e+04
2020 02 05  0431   58884   16260    0        4.8      372.5     7.56e+04
2020 02 05  0432   58884   16320    0        4.7      372.3     6.98e+04
2020 02 05  0433   58884   16380    0        4.6      371.3     6.73e+04
2020 02 05  0434   58884   16440    0        4.7      373.8     7.10e+04
2020 02 05  0435   58884   16500    1        4.6      373.6     8.38e+04
2020 02 05  0436   58884   16560    0        4.4      366.3     7.03e+04
2020 02 05  0437   58884   16620    0        4.9      369.1     8.17e+04
2020 02 05  0438   58884   16680    0        4.7      368.1     8.13e+04
2020 02 05  0439   58884   16740    0        4.9      371.5     8.61e+04
2020 02 05  0440   58884   16800    0        4.7      367.3     7.61e+04
2020 02 05  0441   58884   16860    0        4.8      366.3     7.61e+04
2020 02 05  0442   58884   16920    0        5.1      367.6     8.27e+04
2020 02 05  0443   58884   16980    0        4.6      364.7     7.66e+04
2020 02 05  0444   58884   17040    0        4.5      366.9     7.53e+04
2020 02 05  0445   58884   17100    0        4.6      369.1     7.54e+04
2020 02 05  0446   58884   17160    0        4.4      366.1     7.03e+04
2020 02 05  0447   58884   17220    0        4.8      369.3     8.28e+04
2020 02 05  0448   58884   17280    1        5.5      374.8     1.03e+05
2020 02 05  0449   58884   17340    0        4.4      367.6     8.21e+04
2020 02 05  0450   58884   17400    0        4.4      368.0     8.02e+04
2020 02 05  0451   58884   17460    0        4.8      372.1     6.35e+04
2020 02 05  0452   58884   17520    0        4.5      373.2     7.06e+04
2020 02 05  0453   58884   17580    0        4.5      367.5     6.87e+04
2020 02 05  0454   58884   17640    0        4.9      373.2     8.86e+04
2020 02 05  0455   58884   17700    0        4.8      370.4     7.32e+04
2020 02 05  0456   58884   17760    0        3.9      356.9     4.44e+04
2020 02 05  0457   58884   17820    0        4.2      363.1     5.28e+04
2020 02 05  0458   58884   17880    0        4.7      368.7     6.46e+04
2020 02 05  0459   58884   17940    0        4.3      360.7     5.07e+04
2020 02 05  0500   58884   18000    0        4.4      366.6     7.27e+04
2020 02 05  0501   58884   18060    1        5.0      377.5     9.77e+04
2020 02 05  0502   58884   18120    0        4.5      367.6     6.94e+04
2020 02 05  0503   58884   18180    0        4.0      361.2     6.28e+04
2020 02 05  0504   58884   18240    0        5.1      376.0     1.01e+05
2020 02 05  0505   58884   18300    0        4.7      370.0     7.03e+04
2020 02 05  0506   58884   18360    0        4.1      366.6     5.85e+04
2020 02 05  0507   58884   18420    0        4.8      375.7     9.31e+04
2020 02 05  0508   58884   18480    0        4.3      367.7     7.54e+04
2020 02 05  0509   58884   18540    0        4.2      369.7     8.60e+04
2020 02 05  0510   58884   18600    0        4.5      370.1     8.74e+04
2020 02 05  0511   58884   18660    0        3.8      369.0     8.02e+04
2020 02 05  0512   58884   18720    0        3.3      365.2     6.24e+04
2020 02 05  0513   58884   18780    0        3.8      365.5     6.57e+04
2020 02 05  0514   58884   18840    0        4.1      368.1     7.21e+04
2020 02 05  0515   58884   18900    1        3.9      370.1     7.72e+04
2020 02 05  0516   58884   18960    1        3.9      368.8     7.05e+04
2020 02 05  0517   58884   19020    0        4.1      368.3     6.55e+04
2020 02 05  0518   58884   19080    0        4.1      370.4     7.31e+04
2020 02 05  0519   58884   19140    0        3.8      369.6     7.44e+04
2020 02 05  0520   58884   19200    0        3.9      367.9     7.29e+04
2020 02 05  0521   58884   19260    0        4.5      369.0     8.54e+04
2020 02 05  0522   58884   19320    0        3.9      364.5     7.76e+04
2020 02 05  0523   58884   19380    0        3.9      365.0     7.84e+04
2020 02 05  0524   58884   19440    0        5.0      377.9     1.03e+05
2020 02 05  0525   58884   19500    0        4.6      370.4     9.07e+04
2020 02 05  0526   58884   19560    0        5.1      375.8     1.11e+05
2020 02 05  0527   58884   19620    0        3.8      365.5     7.07e+04
2020 02 05  0528   58884   19680    0        3.9      370.5     8.84e+04
2020 02 05  0529   58884   19740    0        3.7      372.5     9.23e+04
2020 02 05  0530   58884   19800    0        3.2      366.2     7.41e+04
2020 02 05  0531   58884   19860    1        3.4      369.2     9.28e+04
2020 02 05  0532   58884   19920    1        4.1      374.5     1.17e+05
2020 02 05  0533   58884   19980    1        4.3      372.3     1.09e+05
2020 02 05  0534   58884   20040    0        4.0      373.4     1.04e+05
2020 02 05  0535   58884   20100    0        3.9      378.2     1.12e+05
2020 02 05  0536   58884   20160    0        4.1      369.4     8.49e+04
2020 02 05  0537   58884   20220    0        3.8      363.0     6.10e+04
2020 02 05  0538   58884   20280    0        4.3      373.3     9.09e+04
2020 02 05  0539   58884   20340    0        4.2      380.0     1.06e+05
2020 02 05  0540   58884   20400    0        3.7      356.6     3.29e+04
2020 02 05  0541   58884   20460    1        3.9      385.1     1.36e+05
2020 02 05  0542   58884   20520    0        3.9      377.9     1.00e+05
2020 02 05  0543   58884   20580    0        3.9      362.7     6.21e+04
2020 02 05  0544   58884   20640    1        4.3      370.3     1.01e+05
2020 02 05  0545   58884   20700    0        4.0      366.4     9.15e+04
2020 02 05  0546   58884   20760    0        3.6      360.0     7.15e+04
2020 02 05  0547   58884   20820    0        3.9      362.9     9.74e+04
2020 02 05  0548   58884   20880    0        4.2      365.1     1.15e+05
2020 02 05  0549   58884   20940    0        4.2      362.5     1.04e+05
2020 02 05  0550   58884   21000    0        4.3      361.6     1.05e+05
2020 02 05  0551   58884   21060    0        4.3      362.4     1.10e+05
2020 02 05  0552   58884   21120    0        4.0      364.0     1.05e+05
2020 02 05  0553   58884   21180    1        3.9      368.0     1.23e+05
2020 02 05  0554   58884   21240    0        4.0      364.3     9.71e+04
2020 02 05  0555   58884   21300    0        4.5    -9999.9    -1.00e+05
2020 02 05  0556   58884   21360    0        4.5      361.9     1.38e+05
2020 02 05  0557   58884   21420    0        4.4      365.6     1.31e+05
2020 02 05  0558   58884   21480    0        3.8      365.3     1.03e+05
2020 02 05  0559   58884   21540    0        3.9      369.3     1.02e+05
2020 02 05  0600   58884   21600    1        3.9      365.6     9.04e+04
2020 02 05  0601   58884   21660    0        4.3      365.9     1.04e+05
2020 02 05  0602   58884   21720    1        4.0      365.4     1.05e+05
2020 02 05  0603   58884   21780    1        4.1      367.0     1.15e+05
2020 02 05  0604   58884   21840    1        4.1      366.3     1.14e+05
2020 02 05  0605   58884   21900    1        3.8      364.4     1.04e+05
2020 02 05  0606   58884   21960    0        3.2      357.9     8.21e+04
2020 02 05  0607   58884   22020    0        2.8      351.0     5.58e+04
2020 02 05  0608   58884   22080    0        3.8      364.6     9.94e+04
2020 02 05  0609   58884   22140    1        3.8      367.1     1.16e+05
2020 02 05  0610   58884   22200    0        3.7      366.3     1.04e+05
2020 02 05  0611   58884   22260    0        3.9      358.6     1.03e+05
2020 02 05  0612   58884   22320    1        4.6      364.8     1.47e+05
2020 02 05  0613   58884   22380    1        4.0      361.6     1.38e+05
2020 02 05  0614   58884   22440    0        3.3      355.4     1.13e+05
2020 02 05  0615   58884   22500    1        3.8      361.4     1.44e+05
2020 02 05  0616   58884   22560    0        4.4      366.7     1.46e+05
2020 02 05  0617   58884   22620    0        3.6      356.9     9.15e+04
2020 02 05  0618   58884   22680    0        3.8      366.0     1.43e+05
2020 02 05  0619   58884   22740    0        4.0      370.7     1.58e+05
2020 02 05  0620   58884   22800    0        3.5      364.1     1.16e+05
2020 02 05  0621   58884   22860    0        3.5      367.6     1.30e+05
2020 02 05  0622   58884   22920    0        4.1      374.7     1.62e+05
2020 02 05  0623   58884   22980    0        3.6      366.5     1.26e+05
2020 02 05  0624   58884   23040    0        2.9      355.4     8.97e+04
2020 02 05  0625   58884   23100    1        3.0      348.1     5.65e+04
2020 02 05  0626   58884   23160    1        4.1      363.9     1.39e+05
2020 02 05  0627   58884   23220    1        3.6      354.1     1.03e+05
2020 02 05  0628   58884   23280    9    -9999.9    -9999.9    -1.00e+05
2020 02 05  0629   58884   23340    1        5.0      370.2     1.67e+05
2020 02 05  0630   58884   23400    0        4.1      362.1     1.33e+05
2020 02 05  0631   58884   23460    0        3.9      355.4     1.12e+05
2020 02 05  0632   58884   23520    1        4.3      360.9     1.44e+05
2020 02 05  0633   58884   23580    0        4.5      362.1     1.52e+05
2020 02 05  0634   58884   23640    0        4.2      359.7     1.30e+05
2020 02 05  0635   58884   23700    1        4.0      361.5     1.24e+05
2020 02 05  0636   58884   23760    1        4.3      365.2     1.20e+05
2020 02 05  0637   58884   23820    0        4.4      364.4     1.10e+05
2020 02 05  0638   58884   23880    0        4.3      362.5     1.14e+05
2020 02 05  0639   58884   23940    0        4.1      364.7     1.21e+05
2020 02 05  0640   58884   24000    0        3.8      366.6     1.13e+05
2020 02 05  0641   58884   24060    0        3.8      371.7     1.13e+05
2020 02 05  0642   58884   24120    0        3.6      376.5     1.29e+05
2020 02 05  0643   58884   24180    0        4.7      379.9     1.88e+05
2020 02 05  0644   58884   24240    0        3.7      368.9     1.06e+05
2020 02 05  0645   58884   24300    0        3.5      368.6     1.15e+05
2020 02 05  0646   58884   24360    0        4.1      375.1     1.12e+05
2020 02 05  0647   58884   24420    0        4.4      376.1     1.18e+05
2020 02 05  0648   58884   24480    0        3.6      369.3     1.10e+05
2020 02 05  0649   58884   24540    0        4.1      372.2     1.11e+05
2020 02 05  0650   58884   24600    0        4.1      373.6     1.15e+05
2020 02 05  0651   58884   24660    0        3.8      366.1     9.47e+04
2020 02 05  0652   58884   24720    0        4.3      368.2     1.08e+05
2020 02 05  0653   58884   24780    0        4.9      373.7     1.32e+05
2020 02 05  0654   58884   24840    0        5.5      360.5     9.46e+04
2020 02 05  0655   58884   24900    1        6.0      354.6     8.17e+04
2020 02 05  0656   58884   24960    0        4.3      380.9     1.66e+05
2020 02 05  0657   58884   25020    0        4.2      373.6     1.41e+05
2020 02 05  0658   58884   25080    1        3.8      364.7     1.03e+05
2020 02 05  0659   58884   25140    1        1.7      338.9     3.53e+04
2020 02 05  0700   58884   25200    0        5.9      376.5     1.40e+05
2020 02 05  0701   58884   25260    0        5.9    -9999.9    -1.00e+05
2020 02 05  0702   58884   25320    1        4.1      371.1     8.83e+04
2020 02 05  0703   58884   25380    0        4.0      372.9     1.37e+05
2020 02 05  0704   58884   25440    0        4.0      357.3     7.88e+04
2020 02 05  0705   58884   25500    0        3.6      397.8     1.20e+05
2020 02 05  0706   58884   25560    0        3.9      396.2     1.21e+05
2020 02 05  0707   58884   25620    0        3.5      383.0     1.01e+05
2020 02 05  0708   58884   25680    0        3.7      386.4     1.19e+05
2020 02 05  0709   58884   25740    0        4.0      387.8     1.25e+05
2020 02 05  0710   58884   25800    1        3.9      382.6     1.10e+05
2020 02 05  0711   58884   25860    0        4.4      377.7     1.15e+05
2020 02 05  0712   58884   25920    0        3.7      374.1     1.12e+05
2020 02 05  0713   58884   25980    0        3.9      380.2     1.31e+05
2020 02 05  0714   58884   26040    0        4.0      373.4     1.56e+05
2020 02 05  0715   58884   26100    1        2.9      369.2     7.60e+04
2020 02 05  0716   58884   26160    0        5.1      380.3     1.61e+05
2020 02 05  0717   58884   26220    0        3.5      370.7     8.44e+04
2020 02 05  0718   58884   26280    0        4.5      369.7     1.26e+05
2020 02 05  0719   58884   26340    0        2.9      367.8     9.32e+04
2020 02 05  0720   58884   26400    0        3.9      380.0     1.03e+05
2020 02 05  0721   58884   26460    0        5.6      390.1     1.39e+05
2020 02 05  0722   58884   26520    0        5.4      374.5     1.33e+05
2020 02 05  0723   58884   26580    1        3.5      364.2     9.06e+04
2020 02 05  0724   58884   26640    1        4.0      377.4     1.25e+05
2020 02 05  0725   58884   26700    0        4.9      383.9     1.44e+05
2020 02 05  0726   58884   26760    0        4.0      373.6     1.06e+05
2020 02 05  0727   58884   26820    0        4.0      370.1     1.27e+05
2020 02 05  0728   58884   26880    1        3.9      367.4     1.17e+05
2020 02 05  0729   58884   26940    0        4.4      362.5     9.82e+04
2020 02 05  0730   58884   27000    0        5.0      370.4     1.38e+05
2020 02 05  0731   58884   27060    0        3.8      361.5     1.36e+05
2020 02 05  0732   58884   27120    1        3.8      355.4     1.02e+05
2020 02 05  0733   58884   27180    0        3.7      373.6     1.64e+05
2020 02 05  0734   58884   27240    0        3.7      374.2     1.66e+05
2020 02 05  0735   58884   27300    0        2.8      371.1     1.08e+05
2020 02 05  0736   58884   27360    1        4.9      376.3     1.70e+05
2020 02 05  0737   58884   27420    0        4.7      378.9     1.46e+05
2020 02 05  0738   58884   27480    0        4.0      376.8     1.35e+05
2020 02 05  0739   58884   27540    0        3.7      382.7     1.58e+05
2020 02 05  0740   58884   27600    0        3.4      387.5     1.60e+05
2020 02 05  0741   58884   27660    0        3.3      380.9     1.28e+05
2020 02 05  0742   58884   27720    0        3.3      374.3     1.07e+05
2020 02 05  0743   58884   27780    0        3.6      378.4     1.24e+05
2020 02 05  0744   58884   27840    0        3.9      382.8     1.30e+05
2020 02 05  0745   58884   27900    0        3.3      380.5     8.86e+04
2020 02 05  0746   58884   27960    0        4.0      393.4     1.32e+05
2020 02 05  0747   58884   28020    0        3.3      387.3     8.56e+04
2020 02 05  0748   58884   28080    0        2.2      375.1     8.08e+04
2020 02 05  0749   58884   28140    1        5.6      385.5     2.02e+05
2020 02 05  0750   58884   28200    0        2.2      381.1     1.06e+05
2020 02 05  0751   58884   28260    0        3.5      392.3     8.57e+04
2020 02 05  0752   58884   28320    0        4.2      392.3     1.39e+05
2020 02 05  0753   58884   28380    0        3.5      380.5     9.62e+04
2020 02 05  0754   58884   28440    0        3.4      382.9     8.09e+04
2020 02 05  0755   58884   28500    0        4.6      374.9     1.06e+05
2020 02 05  0756   58884   28560    0        4.6      365.9     9.68e+04
2020 02 05  0757   58884   28620    0        3.5      370.9     8.28e+04
2020 02 05  0758   58884   28680    0        3.3      378.3     9.70e+04
2020 02 05  0759   58884   28740    0        3.6      381.1     9.62e+04
2020 02 05  0800   58884   28800    0        3.5      383.7     9.11e+04
2020 02 05  0801   58884   28860    0        3.3      382.6     8.38e+04
2020 02 05  0802   58884   28920    0        3.4      384.0     7.90e+04
2020 02 05  0803   58884   28980    0        3.4      383.1     9.53e+04
2020 02 05  0804   58884   29040    0        4.8      387.5     1.47e+05
2020 02 05  0805   58884   29100    0        3.7      366.7     8.89e+04
2020 02 05  0806   58884   29160    0        3.4      375.5     8.34e+04
2020 02 05  0807   58884   29220    0        3.3      376.5     8.30e+04
2020 02 05  0808   58884   29280    0        3.9      384.8     9.14e+04
2020 02 05  0809   58884   29340    0        3.7      380.4     8.29e+04
2020 02 05  0810   58884   29400    0        3.9      379.9     9.87e+04
2020 02 05  0811   58884   29460    0        4.2      381.3     1.12e+05
2020 02 05  0812   58884   29520    0        4.0      365.9     7.57e+04
2020 02 05  0813   58884   29580    0        3.4      361.6     7.02e+04
2020 02 05  0814   58884   29640    0        3.4      378.4     1.14e+05
2020 02 05  0815   58884   29700    0        4.0      378.1     1.07e+05
2020 02 05  0816   58884   29760    0        4.0      374.1     9.39e+04
2020 02 05  0817   58884   29820    0        3.8      382.2     1.14e+05
2020 02 05  0818   58884   29880    0        4.4      379.7     1.16e+05
2020 02 05  0819   58884   29940    0        3.2      372.7     7.16e+04
2020 02 05  0820   58884   30000    0        3.6      387.4     1.64e+05
2020 02 05  0821   58884   30060    0        4.6      379.6     1.21e+05
2020 02 05  0822   58884   30120    0        2.6      362.8     6.29e+04
2020 02 05  0823   58884   30180    0        3.7      372.6     1.04e+05
2020 02 05  0824   58884   30240    1        4.0      367.3     1.22e+05
2020 02 05  0825   58884   30300    1        2.9      355.8     8.65e+04
2020 02 05  0826   58884   30360    0        3.4      362.4     9.93e+04
2020 02 05  0827   58884   30420    0        4.3      369.9     1.08e+05
2020 02 05  0828   58884   30480    0        4.1      365.3     9.41e+04
2020 02 05  0829   58884   30540    0        3.9      361.2     9.67e+04
2020 02 05  0830   58884   30600    0        4.0      363.9     1.01e+05
2020 02 05  0831   58884   30660    0        3.8      365.0     9.15e+04
2020 02 05  0832   58884   30720    0        4.2      363.5     1.02e+05
2020 02 05  0833   58884   30780    0        4.4      358.8     9.60e+04
2020 02 05  0834   58884   30840    0        3.5      362.8     8.70e+04
2020 02 05  0835   58884   30900    1        4.8    -9999.9    -1.00e+05
2020 02 05  0836   58884   30960    1        4.8      367.5     1.17e+05
2020 02 05  0837   58884   31020    0        3.7      370.1     1.01e+05
2020 02 05  0838   58884   31080    0        3.3      371.1     8.44e+04
2020 02 05  0839   58884   31140    0        4.6      365.7     1.11e+05
2020 02 05  0840   58884   31200    0        4.9      364.6     1.17e+05
2020 02 05  0841   58884   31260    3    -9999.9    -9999.9    -1.00e+05
2020 02 05  0842   58884   31320    0        4.3      370.1     1.03e+05
2020 02 05  0843   58884   31380    0        3.9      366.0     9.86e+04
2020 02 05  0844   58884   31440    0        3.6      364.5     9.67e+04
2020 02 05  0845   58884   31500    0        3.6      368.0     9.63e+04
2020 02 05  0846   58884   31560    0        3.6      363.6     8.59e+04
2020 02 05  0847   58884   31620    0        3.6      356.9     8.58e+04
2020 02 05  0848   58884   31680    0        4.0      367.7     1.12e+05
2020 02 05  0849   58884   31740    1        3.9      362.5     9.33e+04
2020 02 05  0850   58884   31800    0        3.6      364.1     7.67e+04
2020 02 05  0851   58884   31860    0        3.5      370.5     9.86e+04
2020 02 05  0852   58884   31920    0        3.6      366.6     8.00e+04
2020 02 05  0853   58884   31980    0        3.2      364.4     6.46e+04
2020 02 05  0854   58884   32040    0        3.6      365.5     8.08e+04
2020 02 05  0855   58884   32100    1        3.9      366.9     1.12e+05
2020 02 05  0856   58884   32160    0        3.6      362.1     8.70e+04
2020 02 05  0857   58884   32220    1        3.5      358.2     7.67e+04
2020 02 05  0858   58884   32280    1        3.7      360.7     7.83e+04
2020 02 05  0859   58884   32340    1        3.9      364.1     9.72e+04
2020 02 05  0900   58884   32400    1        3.9      365.4     1.15e+05
2020 02 05  0901   58884   32460    1        3.8      365.3     1.22e+05
2020 02 05  0902   58884   32520    0        4.0      364.4     1.30e+05
2020 02 05  0903   58884   32580    1        4.1      363.0     1.40e+05
2020 02 05  0904   58884   32640    0        4.1      361.8     1.45e+05
2020 02 05  0905   58884   32700    0        4.2      361.5     1.44e+05
2020 02 05  0906   58884   32760    0        4.2      364.1     1.30e+05
2020 02 05  0907   58884   32820    0        4.2      364.7     1.26e+05
2020 02 05  0908   58884   32880    0        4.3      364.4     1.04e+05
2020 02 05  0909   58884   32940    0        4.6      367.5     1.30e+05
2020 02 05  0910   58884   33000    1        4.5      371.1     1.45e+05
2020 02 05  0911   58884   33060    1        4.3      368.8     1.32e+05
2020 02 05  0912   58884   33120    1        4.6      367.4     1.57e+05
2020 02 05  0913   58884   33180    1        4.7      367.1     1.65e+05
2020 02 05  0914   58884   33240    1        4.0      363.7     1.35e+05
2020 02 05  0915   58884   33300    1        3.9      363.1     1.31e+05
2020 02 05  0916   58884   33360    1        3.9      363.5     1.32e+05
2020 02 05  0917   58884   33420    0        3.9      364.5     1.37e+05
2020 02 05  0918   58884   33480    0        3.8      364.2     1.26e+05
2020 02 05  0919   58884   33540    0        3.6      360.6     9.01e+04
2020 02 05  0920   58884   33600    0        3.4      356.4     6.28e+04
2020 02 05  0921   58884   33660    0        3.9      364.8     1.04e+05
2020 02 05  0922   58884   33720    0        3.9      366.9     9.97e+04
2020 02 05  0923   58884   33780    0        4.1      368.1     1.12e+05
2020 02 05  0924   58884   33840    0        4.0      365.1     1.04e+05
2020 02 05  0925   58884   33900    1        4.1      366.9     1.09e+05
2020 02 05  0926   58884   33960    1        4.3      367.9     1.03e+05
2020 02 05  0927   58884   34020    0        4.1      369.6     1.01e+05
2020 02 05  0928   58884   34080    0        3.7      368.8     9.16e+04
2020 02 05  0929   58884   34140    1        3.8      366.8     1.05e+05
2020 02 05  0930   58884   34200    1        3.9      368.6     1.16e+05
2020 02 05  0931   58884   34260    1        4.1      368.4     1.17e+05
2020 02 05  0932   58884   34320    1        3.8      374.2     1.08e+05
2020 02 05  0933   58884   34380    0        3.6      377.0     1.01e+05
2020 02 05  0934   58884   34440    1        3.9      369.1     1.03e+05
2020 02 05  0935   58884   34500    1        4.0      366.2     1.03e+05
2020 02 05  0936   58884   34560    0        4.0      367.6     9.86e+04
2020 02 05  0937   58884   34620    0        4.1      364.5     1.13e+05
2020 02 05  0938   58884   34680    1        4.1      362.0     1.32e+05
2020 02 05  0939   58884   34740    1        4.2      360.5     1.31e+05
2020 02 05  0940   58884   34800    1        3.7      363.1     1.42e+05
2020 02 05  0941   58884   34860    1        4.4      361.5     1.33e+05
2020 02 05  0942   58884   34920    1        4.0      363.9     1.23e+05
2020 02 05  0943   58884   34980    1        4.1      362.1     1.25e+05
2020 02 05  0944   58884   35040    0        4.2      362.4     1.25e+05
2020 02 05  0945   58884   35100    1        4.2      362.5     1.35e+05
2020 02 05  0946   58884   35160    1        4.2      362.4     1.39e+05
2020 02 05  0947   58884   35220    1        4.3      361.8     1.29e+05
2020 02 05  0948   58884   35280    1        4.4      361.0     1.34e+05
2020 02 05  0949   58884   35340    1        4.4      361.7     1.35e+05
2020 02 05  0950   58884   35400    1        4.1      363.1     1.31e+05
2020 02 05  0951   58884   35460    0        3.9      362.8     1.35e+05
2020 02 05  0952   58884   35520    0        3.9      363.8     1.32e+05
2020 02 05  0953   58884   35580    1        4.1      362.5     1.34e+05
2020 02 05  0954   58884   35640    1        4.0      364.4     1.20e+05
2020 02 05  0955   58884   35700    0        3.9      359.9     1.29e+05
2020 02 05  0956   58884   35760    0        3.9      362.5     1.21e+05
2020 02 05  0957   58884   35820    0        3.9      364.1     1.02e+05
2020 02 05  0958   58884   35880    0        4.0      361.4     1.20e+05
2020 02 05  0959   58884   35940    9    -9999.9    -9999.9    -1.00e+05
