:Data_list: 20200806_ace_sis_5m.txt
:Created: 2020 Aug 07 0011 UT
# Prepared by the U.S. Dept. of Commerce, NOAA, Space Weather Prediction Center
# Please send comments and suggestions to SWPC.Webmaster@noaa.gov 
# 
# Units: proton flux p/cs2-sec-ster
# Status(S): 0 = nominal data, 1 to 8 = bad data record, 9 = no data
# Missing data values: -1.00e+05
# Source: ACE Satellite - Solar Isotope Spectrometer
#
# 5-minute averaged Real-time Integral Flux of High-energy Solar Protons
# 
#                 Modified Seconds
# UT Date   Time   Julian  of the      ---- Integral Proton Flux ----
# YR MO DA  HHMM     Day     Day       S    > 10 MeV    S    > 30 MeV
#--------------------------------------------------------------------
2020 08 06  0000    59067       0      0    2.43e+00    0    1.70e+00
2020 08 06  0005    59067     300      0    2.48e+00    0    1.74e+00
2020 08 06  0010    59067     600      0    2.41e+00    0    1.69e+00
2020 08 06  0015    59067     900      0    2.43e+00    0    1.70e+00
2020 08 06  0020    59067    1200      0    2.40e+00    0    1.67e+00
2020 08 06  0025    59067    1500      0    2.44e+00    0    1.73e+00
2020 08 06  0030    59067    1800      0    2.53e+00    0    1.77e+00
2020 08 06  0035    59067    2100      0    2.47e+00    0    1.71e+00
2020 08 06  0040    59067    2400      0    2.45e+00    0    1.72e+00
2020 08 06  0045    59067    2700      0    2.44e+00    0    1.71e+00
2020 08 06  0050    59067    3000      0    2.41e+00    0    1.67e+00
2020 08 06  0055    59067    3300      0    2.39e+00    0    1.66e+00
2020 08 06  0100    59067    3600      0    2.44e+00    0    1.70e+00
2020 08 06  0105    59067    3900      0    2.40e+00    0    1.68e+00
2020 08 06  0110    59067    4200      0    2.45e+00    0    1.72e+00
2020 08 06  0115    59067    4500      0    2.42e+00    0    1.69e+00
2020 08 06  0120    59067    4800      0    2.47e+00    0    1.72e+00
2020 08 06  0125    59067    5100      0    2.47e+00    0    1.72e+00
2020 08 06  0130    59067    5400      0    2.42e+00    0    1.70e+00
2020 08 06  0135    59067    5700      0    2.43e+00    0    1.70e+00
2020 08 06  0140    59067    6000      0    2.39e+00    0    1.67e+00
2020 08 06  0145    59067    6300      0    2.43e+00    0    1.70e+00
2020 08 06  0150    59067    6600      0    2.49e+00    0    1.72e+00
2020 08 06  0155    59067    6900      0    2.49e+00    0    1.75e+00
2020 08 06  0200    59067    7200      9   -1.00e+05    9   -1.00e+05
2020 08 06  0205    59067    7500      0    2.18e+00    0    1.52e+00
2020 08 06  0210    59067    7800      0    2.43e+00    0    1.68e+00
2020 08 06  0215    59067    8100      0    2.44e+00    0    1.71e+00
2020 08 06  0220    59067    8400      0    2.48e+00    0    1.73e+00
2020 08 06  0225    59067    8700      0    2.44e+00    0    1.70e+00
2020 08 06  0230    59067    9000      0    2.59e+00    0    1.82e+00
2020 08 06  0235    59067    9300      0    2.39e+00    0    1.67e+00
2020 08 06  0240    59067    9600      0    2.39e+00    0    1.68e+00
2020 08 06  0245    59067    9900      0    2.47e+00    0    1.71e+00
2020 08 06  0250    59067   10200      0    2.53e+00    0    1.77e+00
2020 08 06  0255    59067   10500      0    2.50e+00    0    1.75e+00
2020 08 06  0300    59067   10800      0    2.51e+00    0    1.76e+00
2020 08 06  0305    59067   11100      0    2.45e+00    0    1.69e+00
2020 08 06  0310    59067   11400      0    2.39e+00    0    1.67e+00
2020 08 06  0315    59067   11700      0    2.44e+00    0    1.70e+00
2020 08 06  0320    59067   12000      0    2.50e+00    0    1.77e+00
2020 08 06  0325    59067   12300      0    2.44e+00    0    1.71e+00
2020 08 06  0330    59067   12600      0    2.47e+00    0    1.74e+00
2020 08 06  0335    59067   12900      0    2.45e+00    0    1.71e+00
2020 08 06  0340    59067   13200      9   -1.00e+05    9   -1.00e+05
2020 08 06  0345    59067   13500      9   -1.00e+05    9   -1.00e+05
2020 08 06  0350    59067   13800      9   -1.00e+05    9   -1.00e+05
2020 08 06  0355    59067   14100      9   -1.00e+05    9   -1.00e+05
2020 08 06  0400    59067   14400      9   -1.00e+05    9   -1.00e+05
2020 08 06  0405    59067   14700      9   -1.00e+05    9   -1.00e+05
2020 08 06  0410    59067   15000      9   -1.00e+05    9   -1.00e+05
2020 08 06  0415    59067   15300      9   -1.00e+05    9   -1.00e+05
2020 08 06  0420    59067   15600      9   -1.00e+05    9   -1.00e+05
2020 08 06  0425    59067   15900      9   -1.00e+05    9   -1.00e+05
2020 08 06  0430    59067   16200      9   -1.00e+05    9   -1.00e+05
2020 08 06  0435    59067   16500      9   -1.00e+05    9   -1.00e+05
2020 08 06  0440    59067   16800      9   -1.00e+05    9   -1.00e+05
2020 08 06  0445    59067   17100      9   -1.00e+05    9   -1.00e+05
2020 08 06  0450    59067   17400      9   -1.00e+05    9   -1.00e+05
2020 08 06  0455    59067   17700      9   -1.00e+05    9   -1.00e+05
2020 08 06  0500    59067   18000      9   -1.00e+05    9   -1.00e+05
2020 08 06  0505    59067   18300      9   -1.00e+05    9   -1.00e+05
2020 08 06  0510    59067   18600      9   -1.00e+05    9   -1.00e+05
2020 08 06  0515    59067   18900      9   -1.00e+05    9   -1.00e+05
2020 08 06  0520    59067   19200      9   -1.00e+05    9   -1.00e+05
2020 08 06  0525    59067   19500      9   -1.00e+05    9   -1.00e+05
2020 08 06  0530    59067   19800      9   -1.00e+05    9   -1.00e+05
2020 08 06  0535    59067   20100      9   -1.00e+05    9   -1.00e+05
2020 08 06  0540    59067   20400      9   -1.00e+05    9   -1.00e+05
2020 08 06  0545    59067   20700      9   -1.00e+05    9   -1.00e+05
2020 08 06  0550    59067   21000      9   -1.00e+05    9   -1.00e+05
2020 08 06  0555    59067   21300      9   -1.00e+05    9   -1.00e+05
2020 08 06  0600    59067   21600      0    2.48e+00    0    1.74e+00
2020 08 06  0605    59067   21900      9   -1.00e+05    9   -1.00e+05
2020 08 06  0610    59067   22200      9   -1.00e+05    9   -1.00e+05
2020 08 06  0615    59067   22500      9   -1.00e+05    9   -1.00e+05
2020 08 06  0620    59067   22800      9   -1.00e+05    9   -1.00e+05
2020 08 06  0625    59067   23100      0    2.51e+00    0    1.76e+00
2020 08 06  0630    59067   23400      0    2.48e+00    0    1.73e+00
2020 08 06  0635    59067   23700      0    2.46e+00    0    1.75e+00
2020 08 06  0640    59067   24000      0    2.40e+00    0    1.66e+00
2020 08 06  0645    59067   24300      0    2.41e+00    0    1.69e+00
2020 08 06  0650    59067   24600      0    2.65e+00    0    1.89e+00
2020 08 06  0655    59067   24900      0    2.39e+00    0    1.66e+00
2020 08 06  0700    59067   25200      0    2.53e+00    0    1.79e+00
2020 08 06  0705    59067   25500      0    2.50e+00    0    1.75e+00
2020 08 06  0710    59067   25800      0    2.38e+00    0    1.69e+00
2020 08 06  0715    59067   26100      0    2.43e+00    0    1.70e+00
2020 08 06  0720    59067   26400      0    2.41e+00    0    1.70e+00
2020 08 06  0725    59067   26700      0    2.51e+00    0    1.76e+00
2020 08 06  0730    59067   27000      0    2.49e+00    0    1.74e+00
2020 08 06  0735    59067   27300      0    2.46e+00    0    1.72e+00
2020 08 06  0740    59067   27600      0    2.38e+00    0    1.66e+00
2020 08 06  0745    59067   27900      0    2.38e+00    0    1.67e+00
2020 08 06  0750    59067   28200      0    2.46e+00    0    1.73e+00
2020 08 06  0755    59067   28500      0    2.50e+00    0    1.75e+00
2020 08 06  0800    59067   28800      0    2.47e+00    0    1.73e+00
2020 08 06  0805    59067   29100      0    2.47e+00    0    1.71e+00
2020 08 06  0810    59067   29400      0    2.54e+00    0    1.79e+00
2020 08 06  0815    59067   29700      0    2.48e+00    0    1.75e+00
2020 08 06  0820    59067   30000      0    2.49e+00    0    1.74e+00
2020 08 06  0825    59067   30300      0    2.46e+00    0    1.73e+00
2020 08 06  0830    59067   30600      0    2.52e+00    0    1.76e+00
2020 08 06  0835    59067   30900      0    2.46e+00    0    1.74e+00
2020 08 06  0840    59067   31200      0    2.47e+00    0    1.73e+00
2020 08 06  0845    59067   31500      0    2.57e+00    0    1.79e+00
2020 08 06  0850    59067   31800      0    2.42e+00    0    1.69e+00
2020 08 06  0855    59067   32100      0    2.39e+00    0    1.66e+00
2020 08 06  0900    59067   32400      0    2.44e+00    0    1.72e+00
2020 08 06  0905    59067   32700      0    2.48e+00    0    1.76e+00
2020 08 06  0910    59067   33000      0    2.48e+00    0    1.74e+00
2020 08 06  0915    59067   33300      0    2.45e+00    0    1.73e+00
2020 08 06  0920    59067   33600      0    2.51e+00    0    1.77e+00
2020 08 06  0925    59067   33900      0    2.37e+00    0    1.65e+00
2020 08 06  0930    59067   34200      0    2.44e+00    0    1.71e+00
2020 08 06  0935    59067   34500      0    2.47e+00    0    1.73e+00
2020 08 06  0940    59067   34800      0    2.47e+00    0    1.73e+00
2020 08 06  0945    59067   35100      0    2.47e+00    0    1.71e+00
2020 08 06  0950    59067   35400      0    2.48e+00    0    1.74e+00
2020 08 06  0955    59067   35700      0    2.43e+00    0    1.68e+00
2020 08 06  1000    59067   36000      0    2.41e+00    0    1.70e+00
2020 08 06  1005    59067   36300      0    2.44e+00    0    1.72e+00
2020 08 06  1010    59067   36600      0    2.45e+00    0    1.70e+00
2020 08 06  1015    59067   36900      0    2.44e+00    0    1.72e+00
2020 08 06  1020    59067   37200      0    2.47e+00    0    1.70e+00
2020 08 06  1025    59067   37500      0    2.43e+00    0    1.69e+00
2020 08 06  1030    59067   37800      0    2.45e+00    0    1.70e+00
2020 08 06  1035    59067   38100      0    2.37e+00    0    1.65e+00
2020 08 06  1040    59067   38400      0    2.50e+00    0    1.72e+00
2020 08 06  1045    59067   38700      9   -1.00e+05    9   -1.00e+05
2020 08 06  1050    59067   39000      9   -1.00e+05    9   -1.00e+05
2020 08 06  1055    59067   39300      9   -1.00e+05    9   -1.00e+05
2020 08 06  1100    59067   39600      0    2.46e+00    0    1.71e+00
2020 08 06  1105    59067   39900      0    2.45e+00    0    1.71e+00
2020 08 06  1110    59067   40200      0    2.34e+00    0    1.65e+00
2020 08 06  1115    59067   40500      0    2.43e+00    0    1.69e+00
2020 08 06  1120    59067   40800      9   -1.00e+05    9   -1.00e+05
2020 08 06  1125    59067   41100      9   -1.00e+05    9   -1.00e+05
2020 08 06  1130    59067   41400      0    2.43e+00    0    1.67e+00
2020 08 06  1135    59067   41700      0    2.51e+00    0    1.76e+00
2020 08 06  1140    59067   42000      9   -1.00e+05    9   -1.00e+05
2020 08 06  1145    59067   42300      0    2.33e+00    0    1.62e+00
2020 08 06  1150    59067   42600      0    2.48e+00    0    1.74e+00
2020 08 06  1155    59067   42900      0    2.47e+00    0    1.74e+00
2020 08 06  1200    59067   43200      0    2.41e+00    0    1.67e+00
2020 08 06  1205    59067   43500      0    2.50e+00    0    1.73e+00
2020 08 06  1210    59067   43800      0    2.47e+00    0    1.72e+00
2020 08 06  1215    59067   44100      0    2.40e+00    0    1.67e+00
2020 08 06  1220    59067   44400      0    2.44e+00    0    1.69e+00
2020 08 06  1225    59067   44700      0    2.48e+00    0    1.73e+00
2020 08 06  1230    59067   45000      0    2.50e+00    0    1.76e+00
2020 08 06  1235    59067   45300      0    2.46e+00    0    1.72e+00
2020 08 06  1240    59067   45600      0    2.52e+00    0    1.76e+00
2020 08 06  1245    59067   45900      0    2.48e+00    0    1.73e+00
2020 08 06  1250    59067   46200      0    2.34e+00    0    1.62e+00
2020 08 06  1255    59067   46500      0    2.43e+00    0    1.70e+00
2020 08 06  1300    59067   46800      0    2.48e+00    0    1.73e+00
2020 08 06  1305    59067   47100      0    2.45e+00    0    1.71e+00
2020 08 06  1310    59067   47400      0    2.50e+00    0    1.76e+00
2020 08 06  1315    59067   47700      0    2.44e+00    0    1.70e+00
2020 08 06  1320    59067   48000      0    2.41e+00    0    1.70e+00
2020 08 06  1325    59067   48300      0    2.35e+00    0    1.65e+00
2020 08 06  1330    59067   48600      0    2.44e+00    0    1.72e+00
2020 08 06  1335    59067   48900      0    2.51e+00    0    1.76e+00
2020 08 06  1340    59067   49200      0    2.48e+00    0    1.73e+00
2020 08 06  1345    59067   49500      0    2.45e+00    0    1.73e+00
2020 08 06  1350    59067   49800      0    2.46e+00    0    1.72e+00
2020 08 06  1355    59067   50100      0    2.44e+00    0    1.70e+00
2020 08 06  1400    59067   50400      0    2.41e+00    0    1.70e+00
2020 08 06  1405    59067   50700      0    2.45e+00    0    1.71e+00
2020 08 06  1410    59067   51000      0    2.49e+00    0    1.74e+00
2020 08 06  1415    59067   51300      0    2.51e+00    0    1.76e+00
2020 08 06  1420    59067   51600      0    2.54e+00    0    1.77e+00
2020 08 06  1425    59067   51900      0    2.51e+00    0    1.75e+00
2020 08 06  1430    59067   52200      0    2.41e+00    0    1.68e+00
2020 08 06  1435    59067   52500      0    2.41e+00    0    1.69e+00
2020 08 06  1440    59067   52800      0    2.48e+00    0    1.73e+00
2020 08 06  1445    59067   53100      0    2.48e+00    0    1.73e+00
2020 08 06  1450    59067   53400      0    2.48e+00    0    1.73e+00
2020 08 06  1455    59067   53700      0    2.46e+00    0    1.72e+00
2020 08 06  1500    59067   54000      0    2.48e+00    0    1.73e+00
2020 08 06  1505    59067   54300      0    2.45e+00    0    1.73e+00
2020 08 06  1510    59067   54600      0    2.38e+00    0    1.66e+00
2020 08 06  1515    59067   54900      0    2.46e+00    0    1.73e+00
2020 08 06  1520    59067   55200      0    2.44e+00    0    1.70e+00
2020 08 06  1525    59067   55500      0    2.42e+00    0    1.70e+00
2020 08 06  1530    59067   55800      0    2.52e+00    0    1.73e+00
2020 08 06  1535    59067   56100      0    2.49e+00    0    1.73e+00
2020 08 06  1540    59067   56400      0    2.42e+00    0    1.71e+00
2020 08 06  1545    59067   56700      0    2.34e+00    0    1.63e+00
2020 08 06  1550    59067   57000      0    2.51e+00    0    1.79e+00
2020 08 06  1555    59067   57300      0    2.40e+00    0    1.69e+00
2020 08 06  1600    59067   57600      0    2.46e+00    0    1.70e+00
2020 08 06  1605    59067   57900      0    2.58e+00    0    1.81e+00
2020 08 06  1610    59067   58200      0    2.54e+00    0    1.78e+00
2020 08 06  1615    59067   58500      0    2.40e+00    0    1.70e+00
2020 08 06  1620    59067   58800      0    2.41e+00    0    1.69e+00
2020 08 06  1625    59067   59100      0    2.36e+00    0    1.64e+00
2020 08 06  1630    59067   59400      0    2.49e+00    0    1.79e+00
2020 08 06  1635    59067   59700      0    2.38e+00    0    1.67e+00
2020 08 06  1640    59067   60000      0    2.61e+00    0    1.85e+00
2020 08 06  1645    59067   60300      0    2.46e+00    0    1.72e+00
2020 08 06  1650    59067   60600      0    2.44e+00    0    1.72e+00
2020 08 06  1655    59067   60900      0    2.27e+00    0    1.60e+00
2020 08 06  1700    59067   61200      0    2.46e+00    0    1.69e+00
2020 08 06  1705    59067   61500      0    2.40e+00    0    1.73e+00
2020 08 06  1710    59067   61800      0    2.40e+00    0    1.67e+00
2020 08 06  1715    59067   62100      0    2.54e+00    0    1.75e+00
2020 08 06  1720    59067   62400      0    2.42e+00    0    1.69e+00
2020 08 06  1725    59067   62700      0    2.39e+00    0    1.67e+00
2020 08 06  1730    59067   63000      0    2.44e+00    0    1.70e+00
2020 08 06  1735    59067   63300      0    2.47e+00    0    1.74e+00
2020 08 06  1740    59067   63600      0    2.43e+00    0    1.73e+00
2020 08 06  1745    59067   63900      0    2.62e+00    0    1.87e+00
2020 08 06  1750    59067   64200      0    2.46e+00    0    1.71e+00
2020 08 06  1755    59067   64500      0    2.45e+00    0    1.72e+00
2020 08 06  1800    59067   64800      0    2.42e+00    0    1.70e+00
2020 08 06  1805    59067   65100      0    2.48e+00    0    1.75e+00
2020 08 06  1810    59067   65400      0    2.47e+00    0    1.72e+00
2020 08 06  1815    59067   65700      0    2.49e+00    0    1.75e+00
2020 08 06  1820    59067   66000      0    2.48e+00    0    1.73e+00
2020 08 06  1825    59067   66300      0    2.48e+00    0    1.75e+00
2020 08 06  1830    59067   66600      0    2.37e+00    0    1.65e+00
2020 08 06  1835    59067   66900      0    2.34e+00    0    1.63e+00
2020 08 06  1840    59067   67200      0    2.45e+00    0    1.72e+00
2020 08 06  1845    59067   67500      0    2.49e+00    0    1.75e+00
2020 08 06  1850    59067   67800      0    2.52e+00    0    1.77e+00
2020 08 06  1855    59067   68100      0    2.51e+00    0    1.75e+00
2020 08 06  1900    59067   68400      0    2.52e+00    0    1.76e+00
2020 08 06  1905    59067   68700      0    2.35e+00    0    1.64e+00
2020 08 06  1910    59067   69000      0    2.37e+00    0    1.66e+00
2020 08 06  1915    59067   69300      0    2.46e+00    0    1.72e+00
2020 08 06  1920    59067   69600      0    2.45e+00    0    1.71e+00
2020 08 06  1925    59067   69900      0    2.48e+00    0    1.73e+00
2020 08 06  1930    59067   70200      0    2.43e+00    0    1.70e+00
2020 08 06  1935    59067   70500      0    2.50e+00    0    1.75e+00
2020 08 06  1940    59067   70800      0    2.40e+00    0    1.67e+00
2020 08 06  1945    59067   71100      0    2.42e+00    0    1.69e+00
2020 08 06  1950    59067   71400      0    2.45e+00    0    1.73e+00
2020 08 06  1955    59067   71700      0    2.47e+00    0    1.72e+00
2020 08 06  2000    59067   72000      0    2.45e+00    0    1.72e+00
2020 08 06  2005    59067   72300      0    2.50e+00    0    1.74e+00
2020 08 06  2010    59067   72600      0    2.48e+00    0    1.75e+00
2020 08 06  2015    59067   72900      0    2.41e+00    0    1.68e+00
2020 08 06  2020    59067   73200      0    2.44e+00    0    1.71e+00
2020 08 06  2025    59067   73500      0    2.52e+00    0    1.76e+00
2020 08 06  2030    59067   73800      0    2.47e+00    0    1.73e+00
2020 08 06  2035    59067   74100      0    2.49e+00    0    1.73e+00
2020 08 06  2040    59067   74400      0    2.46e+00    0    1.72e+00
2020 08 06  2045    59067   74700      0    2.47e+00    0    1.73e+00
2020 08 06  2050    59067   75000      0    2.37e+00    0    1.66e+00
2020 08 06  2055    59067   75300      0    2.40e+00    0    1.67e+00
2020 08 06  2100    59067   75600      0    2.45e+00    0    1.72e+00
2020 08 06  2105    59067   75900      0    2.43e+00    0    1.71e+00
2020 08 06  2110    59067   76200      0    2.44e+00    0    1.71e+00
2020 08 06  2115    59067   76500      0    2.52e+00    0    1.76e+00
2020 08 06  2120    59067   76800      0    2.38e+00    0    1.66e+00
2020 08 06  2125    59067   77100      0    2.33e+00    0    1.61e+00
2020 08 06  2130    59067   77400      0    2.40e+00    0    1.67e+00
2020 08 06  2135    59067   77700      0    2.47e+00    0    1.73e+00
2020 08 06  2140    59067   78000      0    2.48e+00    0    1.74e+00
2020 08 06  2145    59067   78300      0    2.44e+00    0    1.71e+00
2020 08 06  2150    59067   78600      0    2.44e+00    0    1.69e+00
2020 08 06  2155    59067   78900      0    2.43e+00    0    1.70e+00
2020 08 06  2200    59067   79200      0    2.35e+00    0    1.64e+00
2020 08 06  2205    59067   79500      0    2.44e+00    0    1.71e+00
2020 08 06  2210    59067   79800      0    2.43e+00    0    1.69e+00
2020 08 06  2215    59067   80100      0    2.51e+00    0    1.76e+00
2020 08 06  2220    59067   80400      0    2.48e+00    0    1.75e+00
2020 08 06  2225    59067   80700      0    2.44e+00    0    1.71e+00
2020 08 06  2230    59067   81000      0    2.35e+00    0    1.65e+00
2020 08 06  2235    59067   81300      0    2.40e+00    0    1.66e+00
2020 08 06  2240    59067   81600      0    2.42e+00    0    1.70e+00
2020 08 06  2245    59067   81900      0    2.45e+00    0    1.71e+00
2020 08 06  2250    59067   82200      0    2.47e+00    0    1.72e+00
2020 08 06  2255    59067   82500      0    2.51e+00    0    1.75e+00
2020 08 06  2300    59067   82800      0    2.52e+00    0    1.77e+00
2020 08 06  2305    59067   83100      0    2.36e+00    0    1.65e+00
2020 08 06  2310    59067   83400      0    2.47e+00    0    1.73e+00
2020 08 06  2315    59067   83700      0    2.45e+00    0    1.70e+00
2020 08 06  2320    59067   84000      0    2.43e+00    0    1.70e+00
2020 08 06  2325    59067   84300      0    2.45e+00    0    1.71e+00
2020 08 06  2330    59067   84600      0    2.44e+00    0    1.70e+00
2020 08 06  2335    59067   84900      0    2.46e+00    0    1.72e+00
2020 08 06  2340    59067   85200      0    2.35e+00    0    1.65e+00
2020 08 06  2345    59067   85500      0    2.41e+00    0    1.67e+00
2020 08 06  2350    59067   85800      0    2.43e+00    0    1.71e+00
2020 08 06  2355    59067   86100      0    2.45e+00    0    1.70e+00
