:Data_list: 20201203_ace_swepam_1m.txt
:Created: 2020 Dec 03 1001 UT
# Prepared by the U.S. Dept. of Commerce, NOAA, Space Weather Prediction Center
# Please send comments and suggestions to SWPC.Webmaster@noaa.gov 
# 
# Units: Proton density p/cc
# Units: Bulk speed km/s
# Units: Ion tempeture degrees K
# Status(S): 0 = nominal data, 1 to 8 = bad data record, 9 = no data
# Missing data values: Density and Speed = -9999.9, Temp. = -1.00e+05
# Source: ACE Satellite - Solar Wind Electron Proton Alpha Monitor
#
#   1-minute averaged Real-time Bulk Parameters of the Solar Wind Plasma
# 
#                Modified Seconds   -------------  Solar Wind  -----------
# UT Date   Time  Julian  of the          Proton      Bulk         Ion
# YR MO DA  HHMM    Day     Day     S    Density     Speed     Temperature
#-------------------------------------------------------------------------
2020 12 03  0000   59186       0    0        1.8      390.6     9.26e+04
2020 12 03  0001   59186      60    0        1.9      394.8     9.25e+04
2020 12 03  0002   59186     120    0        2.3      403.5     1.29e+05
2020 12 03  0003   59186     180    0        2.3      403.6     1.30e+05
2020 12 03  0004   59186     240    0        2.2      383.6     9.56e+04
2020 12 03  0005   59186     300    0        2.3      385.2     8.73e+04
2020 12 03  0006   59186     360    0        2.2      385.6     9.29e+04
2020 12 03  0007   59186     420    0        2.3      390.1     9.15e+04
2020 12 03  0008   59186     480    0        2.6      392.6     9.39e+04
2020 12 03  0009   59186     540    0        2.7      393.5     9.03e+04
2020 12 03  0010   59186     600    0        2.2      399.0     8.29e+04
2020 12 03  0011   59186     660    0        2.0      402.7     8.45e+04
2020 12 03  0012   59186     720    0        2.6      403.4     8.93e+04
2020 12 03  0013   59186     780    0        2.7      408.9     9.00e+04
2020 12 03  0014   59186     840    0        2.8      402.1     9.56e+04
2020 12 03  0015   59186     900    0        3.1      412.3     1.21e+05
2020 12 03  0016   59186     960    0        2.9      395.5     8.40e+04
2020 12 03  0017   59186    1020    0        2.7      392.5     8.50e+04
2020 12 03  0018   59186    1080    1        2.8      390.2     7.91e+04
2020 12 03  0019   59186    1140    0        2.7      400.3     9.20e+04
2020 12 03  0020   59186    1200    0        2.7      402.0     9.64e+04
2020 12 03  0021   59186    1260    0        2.4      398.0     9.64e+04
2020 12 03  0022   59186    1320    0        2.2      405.0     8.92e+04
2020 12 03  0023   59186    1380    0        2.0      405.5     9.37e+04
2020 12 03  0024   59186    1440    0        2.0      404.7     9.15e+04
2020 12 03  0025   59186    1500    0        2.1      405.7     8.82e+04
2020 12 03  0026   59186    1560    0        2.0      404.8     8.41e+04
2020 12 03  0027   59186    1620    0        1.9      404.6     8.04e+04
2020 12 03  0028   59186    1680    0        2.2      406.0     8.54e+04
2020 12 03  0029   59186    1740    0        2.4      401.9     8.88e+04
2020 12 03  0030   59186    1800    0        2.2      399.2     9.47e+04
2020 12 03  0031   59186    1860    0        2.6      393.5     8.76e+04
2020 12 03  0032   59186    1920    0        2.6      393.7     8.78e+04
2020 12 03  0033   59186    1980    0        2.7      397.7     9.18e+04
2020 12 03  0034   59186    2040    0        2.6      400.5     7.88e+04
2020 12 03  0035   59186    2100    0        2.5      399.7     7.86e+04
2020 12 03  0036   59186    2160    0        2.6      398.5     8.84e+04
2020 12 03  0037   59186    2220    0        2.8      394.4     9.17e+04
2020 12 03  0038   59186    2280    1        2.7      390.8     8.77e+04
2020 12 03  0039   59186    2340    0        2.8      390.7     8.96e+04
2020 12 03  0040   59186    2400    0        2.7      392.8     8.98e+04
2020 12 03  0041   59186    2460    0        2.6      392.4     8.46e+04
2020 12 03  0042   59186    2520    0        2.6      391.5     8.31e+04
2020 12 03  0043   59186    2580    0        2.7      390.7     8.51e+04
2020 12 03  0044   59186    2640    0        2.5      388.5     8.09e+04
2020 12 03  0045   59186    2700    0        2.5      390.1     7.80e+04
2020 12 03  0046   59186    2760    0        2.0      395.0     9.01e+04
2020 12 03  0047   59186    2820    0        1.9      391.4     9.39e+04
2020 12 03  0048   59186    2880    0        1.9      382.6     8.78e+04
2020 12 03  0049   59186    2940    0        1.9      383.3     1.03e+05
2020 12 03  0050   59186    3000    0        1.9      385.0     9.04e+04
2020 12 03  0051   59186    3060    0        1.9      387.6     9.20e+04
2020 12 03  0052   59186    3120    0        1.9      388.4     9.56e+04
2020 12 03  0053   59186    3180    0        2.0      384.2     8.94e+04
2020 12 03  0054   59186    3240    0        1.8      385.3     8.91e+04
2020 12 03  0055   59186    3300    0        1.9      385.5     8.77e+04
2020 12 03  0056   59186    3360    0        1.9      387.5     8.89e+04
2020 12 03  0057   59186    3420    0        2.0      387.5     8.84e+04
2020 12 03  0058   59186    3480    0        2.1      385.8     8.88e+04
2020 12 03  0059   59186    3540    1        2.1      387.0     9.16e+04
2020 12 03  0100   59186    3600    0        2.2      386.7     8.85e+04
2020 12 03  0101   59186    3660    0        2.3      382.6     8.44e+04
2020 12 03  0102   59186    3720    0        2.2      383.2     8.96e+04
2020 12 03  0103   59186    3780    0        2.2      382.3     8.81e+04
2020 12 03  0104   59186    3840    0        2.0    -9999.9    -1.00e+05
2020 12 03  0105   59186    3900    0        2.0      383.0     8.78e+04
2020 12 03  0106   59186    3960    0        2.5      384.9     9.02e+04
2020 12 03  0107   59186    4020    0        2.5      386.3     9.03e+04
2020 12 03  0108   59186    4080    0        1.9      388.8     8.11e+04
2020 12 03  0109   59186    4140    0        2.1      383.5     7.61e+04
2020 12 03  0110   59186    4200    0        2.2      385.8     7.63e+04
2020 12 03  0111   59186    4260    0        2.0      387.1     8.10e+04
2020 12 03  0112   59186    4320    0        1.8      386.7     8.49e+04
2020 12 03  0113   59186    4380    0        2.1      386.0     8.10e+04
2020 12 03  0114   59186    4440    0        2.4      383.9     7.86e+04
2020 12 03  0115   59186    4500    1        2.2      384.7     8.15e+04
2020 12 03  0116   59186    4560    0        1.9      390.8     8.44e+04
2020 12 03  0117   59186    4620    0        1.9      393.3     9.00e+04
2020 12 03  0118   59186    4680    0        1.7      392.2     8.77e+04
2020 12 03  0119   59186    4740    0        1.7      388.0     8.59e+04
2020 12 03  0120   59186    4800    0        2.1      377.5     8.49e+04
2020 12 03  0121   59186    4860    1        2.0      380.0     8.99e+04
2020 12 03  0122   59186    4920    0        1.8      395.4     8.62e+04
2020 12 03  0123   59186    4980    0        1.7      381.0     1.02e+05
2020 12 03  0124   59186    5040    0        2.2      380.4     7.95e+04
2020 12 03  0125   59186    5100    0        2.2      377.7     8.05e+04
2020 12 03  0126   59186    5160    0        2.2      377.4     7.81e+04
2020 12 03  0127   59186    5220    0        2.1      378.2     7.85e+04
2020 12 03  0128   59186    5280    0        2.1      377.6     8.02e+04
2020 12 03  0129   59186    5340    0        2.1      379.2     8.10e+04
2020 12 03  0130   59186    5400    1        2.2      380.9     8.45e+04
2020 12 03  0131   59186    5460    0        2.0      380.3     9.02e+04
2020 12 03  0132   59186    5520    0        1.9      380.0     8.68e+04
2020 12 03  0133   59186    5580    0        1.8      380.2     7.26e+04
2020 12 03  0134   59186    5640    0        1.6      379.9     7.11e+04
2020 12 03  0135   59186    5700    0        2.0      382.0     7.36e+04
2020 12 03  0136   59186    5760    0        1.6      386.9     8.30e+04
2020 12 03  0137   59186    5820    9    -9999.9    -9999.9    -1.00e+05
2020 12 03  0138   59186    5880    0        2.3      385.9     9.49e+04
2020 12 03  0139   59186    5940    0        2.2      381.9     8.61e+04
2020 12 03  0140   59186    6000    0        2.3      386.8     8.05e+04
2020 12 03  0141   59186    6060    0        2.4      388.5     8.40e+04
2020 12 03  0142   59186    6120    0        2.4      388.3     8.19e+04
2020 12 03  0143   59186    6180    0        2.3      393.3     8.76e+04
2020 12 03  0144   59186    6240    0        2.1      391.0     8.28e+04
2020 12 03  0145   59186    6300    0        2.1      387.5     8.34e+04
2020 12 03  0146   59186    6360    0        2.4      395.9     7.83e+04
2020 12 03  0147   59186    6420    0        2.7      405.7     6.46e+04
2020 12 03  0148   59186    6480    0        2.6      402.5     6.61e+04
2020 12 03  0149   59186    6540    0        2.4      396.3     7.01e+04
2020 12 03  0150   59186    6600    0        2.5      395.1     7.18e+04
2020 12 03  0151   59186    6660    0        2.8      389.5     5.64e+04
2020 12 03  0152   59186    6720    0        2.3      401.8     5.79e+04
2020 12 03  0153   59186    6780    0        3.6      404.6     6.23e+04
2020 12 03  0154   59186    6840    0        2.6      396.3     5.61e+04
2020 12 03  0155   59186    6900    0        2.4      395.8     5.66e+04
2020 12 03  0156   59186    6960    0        2.3      387.8     5.85e+04
2020 12 03  0157   59186    7020    0        2.5      386.3     5.70e+04
2020 12 03  0158   59186    7080    0        2.8      383.7     5.99e+04
2020 12 03  0159   59186    7140    0        2.4      386.1     6.47e+04
2020 12 03  0200   59186    7200    0        2.4      384.7     6.07e+04
2020 12 03  0201   59186    7260    0        2.8      383.8     5.90e+04
2020 12 03  0202   59186    7320    0        2.6      386.7     6.35e+04
2020 12 03  0203   59186    7380    0        2.0      390.2     6.35e+04
2020 12 03  0204   59186    7440    0        1.9      392.6     6.08e+04
2020 12 03  0205   59186    7500    0        1.9      398.8     6.52e+04
2020 12 03  0206   59186    7560    0        2.8      412.2     6.50e+04
2020 12 03  0207   59186    7620    0        2.6      388.9     5.58e+04
2020 12 03  0208   59186    7680    0        2.2      389.4     6.13e+04
2020 12 03  0209   59186    7740    0        2.0      391.6     6.96e+04
2020 12 03  0210   59186    7800    0        2.0    -9999.9    -1.00e+05
2020 12 03  0211   59186    7860    0        2.0      387.5     6.31e+04
2020 12 03  0212   59186    7920    0        2.1      384.4     6.49e+04
2020 12 03  0213   59186    7980    0        2.6      383.7     6.21e+04
2020 12 03  0214   59186    8040    0        2.5      381.6     6.05e+04
2020 12 03  0215   59186    8100    0        2.5      383.6     6.03e+04
2020 12 03  0216   59186    8160    0        2.5      386.2     6.29e+04
2020 12 03  0217   59186    8220    0        2.5      386.2     6.10e+04
2020 12 03  0218   59186    8280    0        2.7      391.1     6.25e+04
2020 12 03  0219   59186    8340    0        2.8      398.4     6.46e+04
2020 12 03  0220   59186    8400    0        2.7      394.4     5.93e+04
2020 12 03  0221   59186    8460    0        2.6      384.7     6.09e+04
2020 12 03  0222   59186    8520    0        2.6      390.5     5.98e+04
2020 12 03  0223   59186    8580    0        2.2      401.8     6.21e+04
2020 12 03  0224   59186    8640    0        2.2      379.1     5.89e+04
2020 12 03  0225   59186    8700    0        2.3      381.3     5.92e+04
2020 12 03  0226   59186    8760    0        2.9      385.9     6.77e+04
2020 12 03  0227   59186    8820    0        2.1      385.3     6.02e+04
2020 12 03  0228   59186    8880    0        2.0      380.0     5.14e+04
2020 12 03  0229   59186    8940    0        2.1      376.7     6.38e+04
2020 12 03  0230   59186    9000    0        1.9      376.7     5.69e+04
2020 12 03  0231   59186    9060    0        1.9      376.6     6.70e+04
2020 12 03  0232   59186    9120    0        1.9      376.6     5.88e+04
2020 12 03  0233   59186    9180    0        2.0      375.4     6.00e+04
2020 12 03  0234   59186    9240    1        1.9      375.1     7.87e+04
2020 12 03  0235   59186    9300    0        1.5      380.8     9.34e+04
2020 12 03  0236   59186    9360    0        0.9      388.4     1.06e+05
2020 12 03  0237   59186    9420    0        0.9      391.4     1.07e+05
2020 12 03  0238   59186    9480    0        1.0      393.1     8.91e+04
2020 12 03  0239   59186    9540    0        2.2      382.6     5.36e+04
2020 12 03  0240   59186    9600    0        2.1      391.5     6.27e+04
2020 12 03  0241   59186    9660    0        2.6      385.9     6.45e+04
2020 12 03  0242   59186    9720    0        2.0      388.2     6.12e+04
2020 12 03  0243   59186    9780    0        2.0      388.2     6.11e+04
2020 12 03  0244   59186    9840    0        2.1      385.9     5.56e+04
2020 12 03  0245   59186    9900    0        2.3      379.9     5.36e+04
2020 12 03  0246   59186    9960    0        2.9      382.1     6.00e+04
2020 12 03  0247   59186   10020    0        2.9      399.6     6.29e+04
2020 12 03  0248   59186   10080    0        2.7      408.2     6.29e+04
2020 12 03  0249   59186   10140    0        2.4      380.8     4.96e+04
2020 12 03  0250   59186   10200    0        2.2      390.0     4.92e+04
2020 12 03  0251   59186   10260    0        2.4      397.4     5.44e+04
2020 12 03  0252   59186   10320    0        2.6      391.4     6.09e+04
2020 12 03  0253   59186   10380    0        2.0      391.0     5.32e+04
2020 12 03  0254   59186   10440    0        2.1      391.8     5.15e+04
2020 12 03  0255   59186   10500    0        2.4      401.0     6.34e+04
2020 12 03  0256   59186   10560    0        2.4      379.7     4.69e+04
2020 12 03  0257   59186   10620    0        2.9      402.4     5.62e+04
2020 12 03  0258   59186   10680    0        2.8      418.5     6.36e+04
2020 12 03  0259   59186   10740    0        2.8      424.3     5.91e+04
2020 12 03  0300   59186   10800    0        2.6      426.5     6.13e+04
2020 12 03  0301   59186   10860    0        2.6      425.4     6.32e+04
2020 12 03  0302   59186   10920    0        2.7      424.3     6.58e+04
2020 12 03  0303   59186   10980    0        2.6      423.5     6.57e+04
2020 12 03  0304   59186   11040    0        2.5      423.3     6.40e+04
2020 12 03  0305   59186   11100    0        1.5      405.8     6.18e+04
2020 12 03  0306   59186   11160    0        1.5      384.1     5.71e+04
2020 12 03  0307   59186   11220    0        2.8      381.6     5.54e+04
2020 12 03  0308   59186   11280    0        3.1      385.1     5.45e+04
2020 12 03  0309   59186   11340    0        2.5      379.5     4.49e+04
2020 12 03  0310   59186   11400    0        2.8      381.4     4.78e+04
2020 12 03  0311   59186   11460    0        2.4      377.3     4.38e+04
2020 12 03  0312   59186   11520    0        2.4      377.8     3.64e+04
2020 12 03  0313   59186   11580    0        2.2      375.0     5.01e+04
2020 12 03  0314   59186   11640    0        2.7      389.6     4.64e+04
2020 12 03  0315   59186   11700    0        2.6      399.6     5.33e+04
2020 12 03  0316   59186   11760    0        2.6      400.5     5.40e+04
2020 12 03  0317   59186   11820    0        2.5      402.2     5.03e+04
2020 12 03  0318   59186   11880    0        2.7      397.4     5.64e+04
2020 12 03  0319   59186   11940    0        2.6      394.5     5.63e+04
2020 12 03  0320   59186   12000    0        2.4      392.7     5.16e+04
2020 12 03  0321   59186   12060    0        2.1      387.9     4.17e+04
2020 12 03  0322   59186   12120    0        1.9      394.8     4.05e+04
2020 12 03  0323   59186   12180    0        2.2      398.3     4.46e+04
2020 12 03  0324   59186   12240    0        2.4      380.0     4.00e+04
2020 12 03  0325   59186   12300    0        2.2      374.7     4.12e+04
2020 12 03  0326   59186   12360    0        2.7      379.8     4.48e+04
2020 12 03  0327   59186   12420    0        2.5      389.0     5.27e+04
2020 12 03  0328   59186   12480    0        2.5      382.8     4.37e+04
2020 12 03  0329   59186   12540    0        2.7      373.6     4.17e+04
2020 12 03  0330   59186   12600    0        2.5      388.5     4.48e+04
2020 12 03  0331   59186   12660    0        2.4      385.5     4.79e+04
2020 12 03  0332   59186   12720    0        2.7      384.3     4.87e+04
2020 12 03  0333   59186   12780    0        2.7      385.1     5.31e+04
2020 12 03  0334   59186   12840    0        2.6      388.1     5.01e+04
2020 12 03  0335   59186   12900    0        2.4      387.4     4.50e+04
2020 12 03  0336   59186   12960    0        2.6      384.0     4.61e+04
2020 12 03  0337   59186   13020    0        2.6      381.3     4.57e+04
2020 12 03  0338   59186   13080    0        2.3      376.3     4.13e+04
2020 12 03  0339   59186   13140    0        2.2      373.1     3.78e+04
2020 12 03  0340   59186   13200    0        2.4      375.7     3.89e+04
2020 12 03  0341   59186   13260    0        2.6      375.2     4.47e+04
2020 12 03  0342   59186   13320    0        2.4      375.8     4.21e+04
2020 12 03  0343   59186   13380    0        1.8      376.9     3.11e+04
2020 12 03  0344   59186   13440    0        2.5      368.2     3.65e+04
2020 12 03  0345   59186   13500    0        2.6      370.8     4.08e+04
2020 12 03  0346   59186   13560    0        2.4      369.7     3.83e+04
2020 12 03  0347   59186   13620    0        2.4      372.0     3.67e+04
2020 12 03  0348   59186   13680    0        2.4      371.6     3.89e+04
2020 12 03  0349   59186   13740    0        2.4      371.5     3.93e+04
2020 12 03  0350   59186   13800    0        2.4      373.7     3.87e+04
2020 12 03  0351   59186   13860    0        2.4      373.9     4.06e+04
2020 12 03  0352   59186   13920    0        2.4      374.1     4.07e+04
2020 12 03  0353   59186   13980    0        2.3      377.3     4.22e+04
2020 12 03  0354   59186   14040    0        2.3      381.1     4.38e+04
2020 12 03  0355   59186   14100    0        2.4      379.2     4.25e+04
2020 12 03  0356   59186   14160    0        2.3      373.7     3.94e+04
2020 12 03  0357   59186   14220    0        2.3      373.5     3.71e+04
2020 12 03  0358   59186   14280    0        2.5      374.3     4.10e+04
2020 12 03  0359   59186   14340    0        2.2      370.3     4.10e+04
2020 12 03  0400   59186   14400    0        2.6      380.1     4.69e+04
2020 12 03  0401   59186   14460    0        2.5      387.7     4.75e+04
2020 12 03  0402   59186   14520    0        2.4      390.1     5.17e+04
2020 12 03  0403   59186   14580    0        2.6      390.5     5.32e+04
2020 12 03  0404   59186   14640    0        2.5      392.0     5.37e+04
2020 12 03  0405   59186   14700    0        2.1      386.3     3.86e+04
2020 12 03  0406   59186   14760    0        2.2      377.6     3.67e+04
2020 12 03  0407   59186   14820    0        2.1      371.8     3.39e+04
2020 12 03  0408   59186   14880    0        2.2      370.3     3.48e+04
2020 12 03  0409   59186   14940    0        2.2      370.7     3.91e+04
2020 12 03  0410   59186   15000    0        2.1      370.6     4.17e+04
2020 12 03  0411   59186   15060    0        2.1      370.7     3.98e+04
2020 12 03  0412   59186   15120    0        2.2      371.5     3.69e+04
2020 12 03  0413   59186   15180    0        2.2      370.7     3.95e+04
2020 12 03  0414   59186   15240    0        2.4      370.2     4.04e+04
2020 12 03  0415   59186   15300    0        1.9      367.3     3.53e+04
2020 12 03  0416   59186   15360    0        2.3      370.9     3.47e+04
2020 12 03  0417   59186   15420    0        2.0      366.4     4.21e+04
2020 12 03  0418   59186   15480    0        2.1      368.1     3.33e+04
2020 12 03  0419   59186   15540    0        2.6      378.7     5.30e+04
2020 12 03  0420   59186   15600    0        2.4      375.8     3.71e+04
2020 12 03  0421   59186   15660    0        2.3      371.3     3.53e+04
2020 12 03  0422   59186   15720    0        2.2      370.2     3.57e+04
2020 12 03  0423   59186   15780    0        2.1      368.3     3.79e+04
2020 12 03  0424   59186   15840    0        2.3      367.0     4.24e+04
2020 12 03  0425   59186   15900    0        2.3      366.1     4.53e+04
2020 12 03  0426   59186   15960    0        2.3      369.1     4.35e+04
2020 12 03  0427   59186   16020    0        2.4      371.6     3.78e+04
2020 12 03  0428   59186   16080    0        2.5      370.9     3.39e+04
2020 12 03  0429   59186   16140    0        2.7      374.1     3.88e+04
2020 12 03  0430   59186   16200    0        2.8      374.1     3.87e+04
2020 12 03  0431   59186   16260    0        2.2      372.8     4.03e+04
2020 12 03  0432   59186   16320    0        2.4      371.8     3.82e+04
2020 12 03  0433   59186   16380    0        1.8      366.4     4.33e+04
2020 12 03  0434   59186   16440    0        2.0      368.5     3.30e+04
2020 12 03  0435   59186   16500    0        2.6      371.4     3.24e+04
2020 12 03  0436   59186   16560    0        1.2      371.0     6.70e+04
2020 12 03  0437   59186   16620    0        2.2      372.0     4.95e+04
2020 12 03  0438   59186   16680    0        2.7      371.7     4.48e+04
2020 12 03  0439   59186   16740    0        2.6      373.8     4.54e+04
2020 12 03  0440   59186   16800    0        2.7      376.6     4.23e+04
2020 12 03  0441   59186   16860    0        2.5      380.8     4.06e+04
2020 12 03  0442   59186   16920    0        2.4      379.3     3.72e+04
2020 12 03  0443   59186   16980    0        2.2      380.0     3.98e+04
2020 12 03  0444   59186   17040    0        1.9      389.7     4.99e+04
2020 12 03  0445   59186   17100    0        2.4      386.2     4.52e+04
2020 12 03  0446   59186   17160    0        2.5      377.8     4.12e+04
2020 12 03  0447   59186   17220    0        2.5      380.0     3.98e+04
2020 12 03  0448   59186   17280    0        2.2      380.0     3.90e+04
2020 12 03  0449   59186   17340    0        2.4      376.0     3.74e+04
2020 12 03  0450   59186   17400    0        2.5      376.3     4.20e+04
2020 12 03  0451   59186   17460    0        2.3      380.9     4.03e+04
2020 12 03  0452   59186   17520    0        2.2      372.7     3.66e+04
2020 12 03  0453   59186   17580    0        2.5      372.3     3.96e+04
2020 12 03  0454   59186   17640    0        2.6      376.5     4.31e+04
2020 12 03  0455   59186   17700    0        2.6      378.0     4.41e+04
2020 12 03  0456   59186   17760    0        2.4      371.9     3.59e+04
2020 12 03  0457   59186   17820    0        2.5      370.8     3.73e+04
2020 12 03  0458   59186   17880    0        2.4      371.5     3.57e+04
2020 12 03  0459   59186   17940    0        2.3      372.4     3.70e+04
2020 12 03  0500   59186   18000    0        2.4      370.2     4.23e+04
2020 12 03  0501   59186   18060    0        2.5      370.5     3.63e+04
2020 12 03  0502   59186   18120    0        2.3      372.3     3.63e+04
2020 12 03  0503   59186   18180    0        2.2      372.6     3.49e+04
2020 12 03  0504   59186   18240    0        2.3      371.6     3.92e+04
2020 12 03  0505   59186   18300    0        2.4      372.7     3.98e+04
2020 12 03  0506   59186   18360    0        2.0      377.3     3.51e+04
2020 12 03  0507   59186   18420    0        2.4      367.7     3.85e+04
2020 12 03  0508   59186   18480    0        2.3      367.1     3.27e+04
2020 12 03  0509   59186   18540    0        2.4      369.0     3.60e+04
2020 12 03  0510   59186   18600    0        2.5      366.6     3.91e+04
2020 12 03  0511   59186   18660    0        2.5      366.0     3.80e+04
2020 12 03  0512   59186   18720    0        2.5      367.5     3.88e+04
2020 12 03  0513   59186   18780    0        2.4      368.7     3.68e+04
2020 12 03  0514   59186   18840    0        2.2      369.1     3.40e+04
2020 12 03  0515   59186   18900    0        2.1      368.3     3.53e+04
2020 12 03  0516   59186   18960    0        2.2      367.7     3.73e+04
2020 12 03  0517   59186   19020    0        2.6      369.6     3.74e+04
2020 12 03  0518   59186   19080    0        2.7      369.7     3.48e+04
2020 12 03  0519   59186   19140    0        2.3      367.2     3.64e+04
2020 12 03  0520   59186   19200    0        1.9      374.1     3.11e+04
2020 12 03  0521   59186   19260    0        2.2      367.4     3.28e+04
2020 12 03  0522   59186   19320    0        2.1      369.5     3.53e+04
2020 12 03  0523   59186   19380    0        2.0      369.1     3.19e+04
2020 12 03  0524   59186   19440    0        2.0      368.5     3.63e+04
2020 12 03  0525   59186   19500    0        1.9      369.4     3.45e+04
2020 12 03  0526   59186   19560    0        2.1      371.2     3.68e+04
2020 12 03  0527   59186   19620    0        1.8      372.3     3.58e+04
2020 12 03  0528   59186   19680    0        1.7      372.5     3.46e+04
2020 12 03  0529   59186   19740    0        1.6      371.2     3.90e+04
2020 12 03  0530   59186   19800    0        1.7      373.3     3.93e+04
2020 12 03  0531   59186   19860    0        2.0      375.2     3.69e+04
2020 12 03  0532   59186   19920    0        2.2      372.9     3.40e+04
2020 12 03  0533   59186   19980    0        2.2      370.4     3.62e+04
2020 12 03  0534   59186   20040    0        1.8      370.6     3.52e+04
2020 12 03  0535   59186   20100    0        1.0      369.8     4.83e+04
2020 12 03  0536   59186   20160    0        1.2      370.3     5.02e+04
2020 12 03  0537   59186   20220    0        2.3      376.3     3.63e+04
2020 12 03  0538   59186   20280    0        2.4      372.5     2.91e+04
2020 12 03  0539   59186   20340    0        2.2      369.8     3.20e+04
2020 12 03  0540   59186   20400    0        2.4      372.1     3.10e+04
2020 12 03  0541   59186   20460    0        2.5      370.0     3.47e+04
2020 12 03  0542   59186   20520    0        2.5      369.0     3.31e+04
2020 12 03  0543   59186   20580    0        2.5      370.8     3.36e+04
2020 12 03  0544   59186   20640    0        2.4      370.5     3.35e+04
2020 12 03  0545   59186   20700    0        2.4      367.0     3.40e+04
2020 12 03  0546   59186   20760    0        2.5      366.3     3.42e+04
2020 12 03  0547   59186   20820    0        2.3      367.6     3.33e+04
2020 12 03  0548   59186   20880    0        2.2      367.6     3.48e+04
2020 12 03  0549   59186   20940    0        2.3      369.7     3.66e+04
2020 12 03  0550   59186   21000    0        2.3      367.9     3.73e+04
2020 12 03  0551   59186   21060    0        2.0      367.1     4.00e+04
2020 12 03  0552   59186   21120    0        1.7      365.7     4.09e+04
2020 12 03  0553   59186   21180    0        2.0      366.5     3.58e+04
2020 12 03  0554   59186   21240    0        1.9      365.6     4.23e+04
2020 12 03  0555   59186   21300    0        2.0      365.0     4.37e+04
2020 12 03  0556   59186   21360    0        2.1      365.4     3.53e+04
2020 12 03  0557   59186   21420    0        2.6      366.7     3.53e+04
2020 12 03  0558   59186   21480    0        2.6      363.7     3.72e+04
2020 12 03  0559   59186   21540    0        2.5      364.3     3.44e+04
2020 12 03  0600   59186   21600    0        2.5      364.7     3.29e+04
2020 12 03  0601   59186   21660    0        2.4      364.3     3.32e+04
2020 12 03  0602   59186   21720    0        2.6      363.3     3.46e+04
2020 12 03  0603   59186   21780    0        2.6      364.1     3.53e+04
2020 12 03  0604   59186   21840    0        2.5      365.0     3.55e+04
2020 12 03  0605   59186   21900    0        2.4      364.8     3.26e+04
2020 12 03  0606   59186   21960    0        2.4      366.6     3.03e+04
2020 12 03  0607   59186   22020    0        2.3      365.2     2.83e+04
2020 12 03  0608   59186   22080    0        2.4      363.7     3.41e+04
2020 12 03  0609   59186   22140    0        2.2      363.7     3.38e+04
2020 12 03  0610   59186   22200    0        2.6      363.4     3.50e+04
2020 12 03  0611   59186   22260    0        2.4      362.7     3.22e+04
2020 12 03  0612   59186   22320    0        2.5      361.5     3.23e+04
2020 12 03  0613   59186   22380    0        2.4      362.2     3.22e+04
2020 12 03  0614   59186   22440    0        2.4      359.7     3.30e+04
2020 12 03  0615   59186   22500    0        2.5      359.0     4.01e+04
2020 12 03  0616   59186   22560    0        2.5      358.7     4.02e+04
2020 12 03  0617   59186   22620    0        2.5      360.7     3.76e+04
2020 12 03  0618   59186   22680    0        2.5      360.6     3.63e+04
2020 12 03  0619   59186   22740    0        2.4      359.3     3.43e+04
2020 12 03  0620   59186   22800    0        2.4      361.0     3.28e+04
2020 12 03  0621   59186   22860    0        2.2      363.6     3.17e+04
2020 12 03  0622   59186   22920    0        1.8      372.4     3.44e+04
2020 12 03  0623   59186   22980    0        2.4      371.1     3.86e+04
2020 12 03  0624   59186   23040    0        2.4      371.4     3.53e+04
2020 12 03  0625   59186   23100    0        2.2      370.2     3.71e+04
2020 12 03  0626   59186   23160    0        2.6      367.9     3.05e+04
2020 12 03  0627   59186   23220    1        2.0      368.1     8.64e+04
2020 12 03  0628   59186   23280    1        2.1      374.2     4.40e+04
2020 12 03  0629   59186   23340    1        2.2      375.2     3.56e+04
2020 12 03  0630   59186   23400    0        2.1      367.5     2.88e+04
2020 12 03  0631   59186   23460    0       58.1      353.5     4.93e+04
2020 12 03  0632   59186   23520    1       37.9      362.6     4.08e+04
2020 12 03  0633   59186   23580    1        2.6      359.3     2.68e+04
2020 12 03  0634   59186   23640    1        3.2      345.2    -1.00e+05
2020 12 03  0635   59186   23700    9    -9999.9    -9999.9    -1.00e+05
2020 12 03  0636   59186   23760    0        2.1      366.5     2.68e+04
2020 12 03  0637   59186   23820    0        2.1      366.4     2.78e+04
2020 12 03  0638   59186   23880    0        2.2      365.4     3.08e+04
2020 12 03  0639   59186   23940    0        2.2      362.1     3.06e+04
2020 12 03  0640   59186   24000    9    -9999.9    -9999.9    -1.00e+05
2020 12 03  0641   59186   24060    9    -9999.9    -9999.9    -1.00e+05
2020 12 03  0642   59186   24120    9    -9999.9    -9999.9    -1.00e+05
2020 12 03  0643   59186   24180    0        1.7      357.2     2.07e+04
2020 12 03  0644   59186   24240    0        1.7      357.2     2.07e+04
2020 12 03  0645   59186   24300    3    -9999.9    -9999.9    -1.00e+05
2020 12 03  0646   59186   24360    3    -9999.9    -9999.9    -1.00e+05
2020 12 03  0647   59186   24420    0        2.3      361.0     2.88e+04
2020 12 03  0648   59186   24480    0        2.3      327.1     1.85e+04
2020 12 03  0649   59186   24540    0        2.3      332.7     2.10e+04
2020 12 03  0650   59186   24600    0        2.2      361.3     3.27e+04
2020 12 03  0651   59186   24660    0        2.1      362.3     3.30e+04
2020 12 03  0652   59186   24720    0        2.3      362.2     3.04e+04
2020 12 03  0653   59186   24780    0        2.4      361.6     3.29e+04
2020 12 03  0654   59186   24840    0        2.2      362.7     2.91e+04
2020 12 03  0655   59186   24900    0        2.3      363.6     3.36e+04
2020 12 03  0656   59186   24960    0        2.2      360.3     3.35e+04
2020 12 03  0657   59186   25020    0        2.2      361.2     3.39e+04
2020 12 03  0658   59186   25080    0        2.5      362.2     2.84e+04
2020 12 03  0659   59186   25140    0        2.4      361.6     3.47e+04
2020 12 03  0700   59186   25200    0        2.3      363.0     3.05e+04
2020 12 03  0701   59186   25260    0        2.4      363.8     2.96e+04
2020 12 03  0702   59186   25320    0        2.4      365.1     2.93e+04
2020 12 03  0703   59186   25380    0        2.5      364.7     3.04e+04
2020 12 03  0704   59186   25440    0        2.5      363.5     3.03e+04
2020 12 03  0705   59186   25500    0        2.5      363.0     3.30e+04
2020 12 03  0706   59186   25560    0        2.5      362.7     3.22e+04
2020 12 03  0707   59186   25620    0        2.5      362.2     2.76e+04
2020 12 03  0708   59186   25680    0        2.6      363.6     2.96e+04
2020 12 03  0709   59186   25740    0        2.5      364.0     2.95e+04
2020 12 03  0710   59186   25800    0        2.2      365.1     2.89e+04
2020 12 03  0711   59186   25860    0        2.4      363.8     2.86e+04
2020 12 03  0712   59186   25920    0        2.5      363.5     2.74e+04
2020 12 03  0713   59186   25980    0        2.6      361.0     3.28e+04
2020 12 03  0714   59186   26040    0        2.5      362.1     3.00e+04
2020 12 03  0715   59186   26100    0        2.6      363.3     3.24e+04
2020 12 03  0716   59186   26160    0        2.5      365.7     2.83e+04
2020 12 03  0717   59186   26220    0        2.5      365.5     3.23e+04
2020 12 03  0718   59186   26280    0        2.3      363.4     3.13e+04
2020 12 03  0719   59186   26340    0        2.2      363.7     3.20e+04
2020 12 03  0720   59186   26400    0        2.3      362.8     3.18e+04
2020 12 03  0721   59186   26460    0        2.4      361.7     3.48e+04
2020 12 03  0722   59186   26520    0        2.4      362.3     3.36e+04
2020 12 03  0723   59186   26580    0        2.3      362.5     3.08e+04
2020 12 03  0724   59186   26640    0        2.4      362.1     3.32e+04
2020 12 03  0725   59186   26700    0        2.4      363.2     2.94e+04
2020 12 03  0726   59186   26760    0        2.5      362.2     3.27e+04
2020 12 03  0727   59186   26820    0        2.3      360.8     2.85e+04
2020 12 03  0728   59186   26880    0        2.5      361.4     3.24e+04
2020 12 03  0729   59186   26940    0        2.1      365.4     2.64e+04
2020 12 03  0730   59186   27000    0        1.8      362.2     3.56e+04
2020 12 03  0731   59186   27060    0        2.0      364.0     2.58e+04
2020 12 03  0732   59186   27120    0        2.1      366.2     2.44e+04
2020 12 03  0733   59186   27180    0        2.2      363.7     2.63e+04
2020 12 03  0734   59186   27240    0        2.2      363.6     2.87e+04
2020 12 03  0735   59186   27300    0        2.1      363.4     2.74e+04
2020 12 03  0736   59186   27360    0        1.8      363.2     2.67e+04
2020 12 03  0737   59186   27420    0        1.8      362.5     2.89e+04
2020 12 03  0738   59186   27480    0        2.0      362.9     2.96e+04
2020 12 03  0739   59186   27540    0        2.1      364.0     2.66e+04
2020 12 03  0740   59186   27600    0        2.1      363.4     2.36e+04
2020 12 03  0741   59186   27660    0        1.9      362.9     2.81e+04
2020 12 03  0742   59186   27720    0        1.9      363.1     2.80e+04
2020 12 03  0743   59186   27780    0        2.2      363.8     2.74e+04
2020 12 03  0744   59186   27840    0        2.3      365.5     2.65e+04
2020 12 03  0745   59186   27900    0        2.0      365.9     2.04e+04
2020 12 03  0746   59186   27960    0        2.2      365.9     2.21e+04
2020 12 03  0747   59186   28020    0        2.2      364.3     2.40e+04
2020 12 03  0748   59186   28080    0        2.2      364.5     2.55e+04
2020 12 03  0749   59186   28140    0        2.3      363.6     2.43e+04
2020 12 03  0750   59186   28200    0        2.2      363.0     2.62e+04
2020 12 03  0751   59186   28260    0        2.2      364.1     2.49e+04
2020 12 03  0752   59186   28320    0        2.2      363.5     2.59e+04
2020 12 03  0753   59186   28380    0        2.1      362.7     2.66e+04
2020 12 03  0754   59186   28440    0        2.0      364.6     2.60e+04
2020 12 03  0755   59186   28500    0        2.0      365.4     2.57e+04
2020 12 03  0756   59186   28560    0        2.2      363.4     2.58e+04
2020 12 03  0757   59186   28620    0        2.1      363.0     2.70e+04
2020 12 03  0758   59186   28680    0        1.9      362.7     2.61e+04
2020 12 03  0759   59186   28740    0        2.0      363.6     3.01e+04
2020 12 03  0800   59186   28800    0        2.0      362.3     3.14e+04
2020 12 03  0801   59186   28860    0        2.5      363.5     3.17e+04
2020 12 03  0802   59186   28920    0        2.2      363.8     2.54e+04
2020 12 03  0803   59186   28980    0        2.4      363.1     2.75e+04
2020 12 03  0804   59186   29040    9    -9999.9    -9999.9    -1.00e+05
2020 12 03  0805   59186   29100    9    -9999.9    -9999.9    -1.00e+05
2020 12 03  0806   59186   29160    9    -9999.9    -9999.9    -1.00e+05
2020 12 03  0807   59186   29220    9    -9999.9    -9999.9    -1.00e+05
2020 12 03  0808   59186   29280    9    -9999.9    -9999.9    -1.00e+05
2020 12 03  0809   59186   29340    9    -9999.9    -9999.9    -1.00e+05
2020 12 03  0810   59186   29400    9    -9999.9    -9999.9    -1.00e+05
2020 12 03  0811   59186   29460    9    -9999.9    -9999.9    -1.00e+05
2020 12 03  0812   59186   29520    9    -9999.9    -9999.9    -1.00e+05
2020 12 03  0813   59186   29580    9    -9999.9    -9999.9    -1.00e+05
2020 12 03  0814   59186   29640    9    -9999.9    -9999.9    -1.00e+05
2020 12 03  0815   59186   29700    9    -9999.9    -9999.9    -1.00e+05
2020 12 03  0816   59186   29760    9    -9999.9    -9999.9    -1.00e+05
2020 12 03  0817   59186   29820    9    -9999.9    -9999.9    -1.00e+05
2020 12 03  0818   59186   29880    9    -9999.9    -9999.9    -1.00e+05
2020 12 03  0819   59186   29940    9    -9999.9    -9999.9    -1.00e+05
2020 12 03  0820   59186   30000    9    -9999.9    -9999.9    -1.00e+05
2020 12 03  0821   59186   30060    9    -9999.9    -9999.9    -1.00e+05
2020 12 03  0822   59186   30120    9    -9999.9    -9999.9    -1.00e+05
2020 12 03  0823   59186   30180    9    -9999.9    -9999.9    -1.00e+05
2020 12 03  0824   59186   30240    9    -9999.9    -9999.9    -1.00e+05
2020 12 03  0825   59186   30300    9    -9999.9    -9999.9    -1.00e+05
2020 12 03  0826   59186   30360    9    -9999.9    -9999.9    -1.00e+05
2020 12 03  0827   59186   30420    9    -9999.9    -9999.9    -1.00e+05
2020 12 03  0828   59186   30480    9    -9999.9    -9999.9    -1.00e+05
2020 12 03  0829   59186   30540    9    -9999.9    -9999.9    -1.00e+05
2020 12 03  0830   59186   30600    9    -9999.9    -9999.9    -1.00e+05
2020 12 03  0831   59186   30660    9    -9999.9    -9999.9    -1.00e+05
2020 12 03  0832   59186   30720    9    -9999.9    -9999.9    -1.00e+05
2020 12 03  0833   59186   30780    9    -9999.9    -9999.9    -1.00e+05
2020 12 03  0834   59186   30840    9    -9999.9    -9999.9    -1.00e+05
2020 12 03  0835   59186   30900    9    -9999.9    -9999.9    -1.00e+05
2020 12 03  0836   59186   30960    9    -9999.9    -9999.9    -1.00e+05
2020 12 03  0837   59186   31020    9    -9999.9    -9999.9    -1.00e+05
2020 12 03  0838   59186   31080    9    -9999.9    -9999.9    -1.00e+05
2020 12 03  0839   59186   31140    9    -9999.9    -9999.9    -1.00e+05
2020 12 03  0840   59186   31200    9    -9999.9    -9999.9    -1.00e+05
2020 12 03  0841   59186   31260    9    -9999.9    -9999.9    -1.00e+05
2020 12 03  0842   59186   31320    9    -9999.9    -9999.9    -1.00e+05
2020 12 03  0843   59186   31380    9    -9999.9    -9999.9    -1.00e+05
2020 12 03  0844   59186   31440    9    -9999.9    -9999.9    -1.00e+05
2020 12 03  0845   59186   31500    9    -9999.9    -9999.9    -1.00e+05
2020 12 03  0846   59186   31560    9    -9999.9    -9999.9    -1.00e+05
2020 12 03  0847   59186   31620    9    -9999.9    -9999.9    -1.00e+05
2020 12 03  0848   59186   31680    9    -9999.9    -9999.9    -1.00e+05
2020 12 03  0849   59186   31740    9    -9999.9    -9999.9    -1.00e+05
2020 12 03  0850   59186   31800    9    -9999.9    -9999.9    -1.00e+05
2020 12 03  0851   59186   31860    9    -9999.9    -9999.9    -1.00e+05
2020 12 03  0852   59186   31920    9    -9999.9    -9999.9    -1.00e+05
2020 12 03  0853   59186   31980    9    -9999.9    -9999.9    -1.00e+05
2020 12 03  0854   59186   32040    9    -9999.9    -9999.9    -1.00e+05
2020 12 03  0855   59186   32100    9    -9999.9    -9999.9    -1.00e+05
2020 12 03  0856   59186   32160    9    -9999.9    -9999.9    -1.00e+05
2020 12 03  0857   59186   32220    9    -9999.9    -9999.9    -1.00e+05
2020 12 03  0858   59186   32280    9    -9999.9    -9999.9    -1.00e+05
2020 12 03  0859   59186   32340    9    -9999.9    -9999.9    -1.00e+05
2020 12 03  0900   59186   32400    9    -9999.9    -9999.9    -1.00e+05
2020 12 03  0901   59186   32460    9    -9999.9    -9999.9    -1.00e+05
2020 12 03  0902   59186   32520    0        2.8      365.2     1.81e+04
2020 12 03  0903   59186   32580    0        2.8      365.1     1.80e+04
2020 12 03  0904   59186   32640    0        2.7      364.0     1.69e+04
2020 12 03  0905   59186   32700    0        2.9      364.9     1.80e+04
2020 12 03  0906   59186   32760    0        3.1      363.1     1.74e+04
2020 12 03  0907   59186   32820    0        3.1      364.6     1.89e+04
2020 12 03  0908   59186   32880    0        3.5      362.2     1.74e+04
2020 12 03  0909   59186   32940    0        3.7      363.2     1.89e+04
2020 12 03  0910   59186   33000    0        4.0      363.0     1.64e+04
2020 12 03  0911   59186   33060    0        3.7      363.6     1.72e+04
2020 12 03  0912   59186   33120    0        3.4      363.6     1.71e+04
2020 12 03  0913   59186   33180    0        3.4      362.5     1.82e+04
2020 12 03  0914   59186   33240    0        3.7      362.0     1.87e+04
2020 12 03  0915   59186   33300    0        3.8      362.8     1.76e+04
2020 12 03  0916   59186   33360    0        3.6      363.5     1.79e+04
2020 12 03  0917   59186   33420    0        3.5      362.9     1.83e+04
2020 12 03  0918   59186   33480    0        3.4      363.4     2.10e+04
2020 12 03  0919   59186   33540    0        3.7      362.6     1.88e+04
2020 12 03  0920   59186   33600    0        4.1    -9999.9    -1.00e+05
2020 12 03  0921   59186   33660    0        4.1      363.2     2.10e+04
2020 12 03  0922   59186   33720    0        3.8      362.1     1.76e+04
2020 12 03  0923   59186   33780    0        3.5      363.1     2.05e+04
2020 12 03  0924   59186   33840    0        3.2      362.9     2.07e+04
2020 12 03  0925   59186   33900    0        3.2      364.8     2.05e+04
2020 12 03  0926   59186   33960    0        3.7      363.6     1.90e+04
2020 12 03  0927   59186   34020    0        3.8      362.8     2.10e+04
2020 12 03  0928   59186   34080    0        3.4      363.0     2.13e+04
2020 12 03  0929   59186   34140    0        2.9      364.9     2.13e+04
2020 12 03  0930   59186   34200    0        2.4      365.0     2.22e+04
2020 12 03  0931   59186   34260    0        2.4      364.0     2.21e+04
2020 12 03  0932   59186   34320    0        2.8      365.5     2.26e+04
2020 12 03  0933   59186   34380    0        2.8      365.4     2.34e+04
2020 12 03  0934   59186   34440    0        3.2      364.2     2.15e+04
2020 12 03  0935   59186   34500    0        3.2      363.7     2.12e+04
2020 12 03  0936   59186   34560    0        3.3      364.9     2.31e+04
2020 12 03  0937   59186   34620    0        3.6      363.4     2.12e+04
2020 12 03  0938   59186   34680    0        3.0      365.3     2.40e+04
2020 12 03  0939   59186   34740    0        2.8      363.9     2.29e+04
2020 12 03  0940   59186   34800    0        2.7      364.9     2.34e+04
2020 12 03  0941   59186   34860    0        3.1      364.3     2.07e+04
2020 12 03  0942   59186   34920    0        3.0      364.6     2.28e+04
2020 12 03  0943   59186   34980    0        3.0      364.5     2.04e+04
2020 12 03  0944   59186   35040    0        2.9      363.9     2.04e+04
2020 12 03  0945   59186   35100    0        2.8      362.8     2.11e+04
2020 12 03  0946   59186   35160    0        3.0      363.5     2.05e+04
2020 12 03  0947   59186   35220    0        3.1      363.7     2.06e+04
2020 12 03  0948   59186   35280    0        3.1      362.2     2.20e+04
2020 12 03  0949   59186   35340    0        3.1      363.5     2.29e+04
2020 12 03  0950   59186   35400    0        2.8      362.6     2.00e+04
2020 12 03  0951   59186   35460    0        2.8      363.6     2.02e+04
2020 12 03  0952   59186   35520    0        2.8      363.0     2.23e+04
2020 12 03  0953   59186   35580    9    -9999.9    -9999.9    -1.00e+05
2020 12 03  0954   59186   35640    0        2.8      364.4     2.25e+04
2020 12 03  0955   59186   35700    0        3.0      362.7     2.23e+04
2020 12 03  0956   59186   35760    0        2.7      361.7     2.42e+04
2020 12 03  0957   59186   35820    0        2.8      361.1     2.41e+04
2020 12 03  0958   59186   35880    0        2.3      361.3     2.99e+04
2020 12 03  0959   59186   35940    9    -9999.9    -9999.9    -1.00e+05
