:Data_list: 20200203_ace_sis_5m.txt
:Created: 2020 Feb 04 0011 UT
# Prepared by the U.S. Dept. of Commerce, NOAA, Space Weather Prediction Center
# Please send comments and suggestions to SWPC.Webmaster@noaa.gov 
# 
# Units: proton flux p/cs2-sec-ster
# Status(S): 0 = nominal data, 1 to 8 = bad data record, 9 = no data
# Missing data values: -1.00e+05
# Source: ACE Satellite - Solar Isotope Spectrometer
#
# 5-minute averaged Real-time Integral Flux of High-energy Solar Protons
# 
#                 Modified Seconds
# UT Date   Time   Julian  of the      ---- Integral Proton Flux ----
# YR MO DA  HHMM     Day     Day       S    > 10 MeV    S    > 30 MeV
#--------------------------------------------------------------------
2020 02 03  0000    58882       0      0    2.47e+00    0    1.73e+00
2020 02 03  0005    58882     300      0    2.50e+00    0    1.77e+00
2020 02 03  0010    58882     600      0    2.46e+00    0    1.74e+00
2020 02 03  0015    58882     900      0    2.47e+00    0    1.75e+00
2020 02 03  0020    58882    1200      0    2.46e+00    0    1.74e+00
2020 02 03  0025    58882    1500      0    2.47e+00    0    1.73e+00
2020 02 03  0030    58882    1800      0    2.46e+00    0    1.73e+00
2020 02 03  0035    58882    2100      0    2.40e+00    0    1.67e+00
2020 02 03  0040    58882    2400      0    2.51e+00    0    1.76e+00
2020 02 03  0045    58882    2700      0    2.50e+00    0    1.76e+00
2020 02 03  0050    58882    3000      0    2.42e+00    0    1.69e+00
2020 02 03  0055    58882    3300      0    2.43e+00    0    1.71e+00
2020 02 03  0100    58882    3600      0    2.45e+00    0    1.71e+00
2020 02 03  0105    58882    3900      0    2.48e+00    0    1.74e+00
2020 02 03  0110    58882    4200      0    2.51e+00    0    1.75e+00
2020 02 03  0115    58882    4500      0    2.41e+00    0    1.69e+00
2020 02 03  0120    58882    4800      0    2.51e+00    0    1.77e+00
2020 02 03  0125    58882    5100      0    2.49e+00    0    1.74e+00
2020 02 03  0130    58882    5400      0    2.51e+00    0    1.76e+00
2020 02 03  0135    58882    5700      0    2.53e+00    0    1.76e+00
2020 02 03  0140    58882    6000      0    2.49e+00    0    1.74e+00
2020 02 03  0145    58882    6300      0    2.48e+00    0    1.73e+00
2020 02 03  0150    58882    6600      0    2.43e+00    0    1.69e+00
2020 02 03  0155    58882    6900      0    2.45e+00    0    1.72e+00
2020 02 03  0200    58882    7200      0    2.45e+00    0    1.72e+00
2020 02 03  0205    58882    7500      0    2.45e+00    0    1.71e+00
2020 02 03  0210    58882    7800      0    2.43e+00    0    1.70e+00
2020 02 03  0215    58882    8100      0    2.47e+00    0    1.72e+00
2020 02 03  0220    58882    8400      0    2.44e+00    0    1.72e+00
2020 02 03  0225    58882    8700      0    2.45e+00    0    1.71e+00
2020 02 03  0230    58882    9000      0    2.50e+00    0    1.77e+00
2020 02 03  0235    58882    9300      0    2.43e+00    0    1.71e+00
2020 02 03  0240    58882    9600      0    2.48e+00    0    1.74e+00
2020 02 03  0245    58882    9900      0    2.43e+00    0    1.70e+00
2020 02 03  0250    58882   10200      0    2.42e+00    0    1.71e+00
2020 02 03  0255    58882   10500      0    2.47e+00    0    1.73e+00
2020 02 03  0300    58882   10800      0    2.47e+00    0    1.71e+00
2020 02 03  0305    58882   11100      0    2.48e+00    0    1.76e+00
2020 02 03  0310    58882   11400      0    2.46e+00    0    1.73e+00
2020 02 03  0315    58882   11700      0    2.43e+00    0    1.70e+00
2020 02 03  0320    58882   12000      0    2.42e+00    0    1.69e+00
2020 02 03  0325    58882   12300      0    2.46e+00    0    1.72e+00
2020 02 03  0330    58882   12600      0    2.45e+00    0    1.72e+00
2020 02 03  0335    58882   12900      0    2.51e+00    0    1.77e+00
2020 02 03  0340    58882   13200      0    2.50e+00    0    1.76e+00
2020 02 03  0345    58882   13500      0    2.46e+00    0    1.72e+00
2020 02 03  0350    58882   13800      0    2.45e+00    0    1.72e+00
2020 02 03  0355    58882   14100      0    2.43e+00    0    1.69e+00
2020 02 03  0400    58882   14400      0    2.48e+00    0    1.73e+00
2020 02 03  0405    58882   14700      0    2.44e+00    0    1.71e+00
2020 02 03  0410    58882   15000      0    2.43e+00    0    1.69e+00
2020 02 03  0415    58882   15300      0    2.42e+00    0    1.68e+00
2020 02 03  0420    58882   15600      0    2.40e+00    0    1.69e+00
2020 02 03  0425    58882   15900      0    2.45e+00    0    1.73e+00
2020 02 03  0430    58882   16200      0    2.48e+00    0    1.72e+00
2020 02 03  0435    58882   16500      0    2.47e+00    0    1.74e+00
2020 02 03  0440    58882   16800      0    2.44e+00    0    1.70e+00
2020 02 03  0445    58882   17100      0    2.39e+00    0    1.68e+00
2020 02 03  0450    58882   17400      0    2.43e+00    0    1.71e+00
2020 02 03  0455    58882   17700      0    2.47e+00    0    1.73e+00
2020 02 03  0500    58882   18000      0    2.50e+00    0    1.75e+00
2020 02 03  0505    58882   18300      0    2.45e+00    0    1.73e+00
2020 02 03  0510    58882   18600      0    2.45e+00    0    1.71e+00
2020 02 03  0515    58882   18900      0    2.44e+00    0    1.70e+00
2020 02 03  0520    58882   19200      0    2.48e+00    0    1.75e+00
2020 02 03  0525    58882   19500      0    2.46e+00    0    1.71e+00
2020 02 03  0530    58882   19800      0    2.46e+00    0    1.74e+00
2020 02 03  0535    58882   20100      0    2.46e+00    0    1.71e+00
2020 02 03  0540    58882   20400      0    2.49e+00    0    1.76e+00
2020 02 03  0545    58882   20700      0    2.40e+00    0    1.68e+00
2020 02 03  0550    58882   21000      0    2.47e+00    0    1.73e+00
2020 02 03  0555    58882   21300      0    2.53e+00    0    1.78e+00
2020 02 03  0600    58882   21600      0    2.51e+00    0    1.77e+00
2020 02 03  0605    58882   21900      0    2.50e+00    0    1.77e+00
2020 02 03  0610    58882   22200      0    2.48e+00    0    1.75e+00
2020 02 03  0615    58882   22500      0    2.47e+00    0    1.74e+00
2020 02 03  0620    58882   22800      0    2.48e+00    0    1.74e+00
2020 02 03  0625    58882   23100      0    2.46e+00    0    1.72e+00
2020 02 03  0630    58882   23400      0    2.49e+00    0    1.76e+00
2020 02 03  0635    58882   23700      0    2.46e+00    0    1.72e+00
2020 02 03  0640    58882   24000      0    2.45e+00    0    1.72e+00
2020 02 03  0645    58882   24300      0    2.50e+00    0    1.75e+00
2020 02 03  0650    58882   24600      0    2.47e+00    0    1.74e+00
2020 02 03  0655    58882   24900      0    2.51e+00    0    1.77e+00
2020 02 03  0700    58882   25200      0    2.52e+00    0    1.77e+00
2020 02 03  0705    58882   25500      0    2.51e+00    0    1.75e+00
2020 02 03  0710    58882   25800      0    2.42e+00    0    1.70e+00
2020 02 03  0715    58882   26100      0    2.49e+00    0    1.74e+00
2020 02 03  0720    58882   26400      0    2.46e+00    0    1.74e+00
2020 02 03  0725    58882   26700      0    2.47e+00    0    1.72e+00
2020 02 03  0730    58882   27000      0    2.49e+00    0    1.75e+00
2020 02 03  0735    58882   27300      0    2.44e+00    0    1.72e+00
2020 02 03  0740    58882   27600      0    2.49e+00    0    1.73e+00
2020 02 03  0745    58882   27900      0    2.52e+00    0    1.77e+00
2020 02 03  0750    58882   28200      0    2.45e+00    0    1.74e+00
2020 02 03  0755    58882   28500      0    2.52e+00    0    1.78e+00
2020 02 03  0800    58882   28800      0    2.45e+00    0    1.71e+00
2020 02 03  0805    58882   29100      0    2.50e+00    0    1.75e+00
2020 02 03  0810    58882   29400      0    2.51e+00    0    1.77e+00
2020 02 03  0815    58882   29700      0    2.51e+00    0    1.76e+00
2020 02 03  0820    58882   30000      0    2.51e+00    0    1.77e+00
2020 02 03  0825    58882   30300      0    2.50e+00    0    1.75e+00
2020 02 03  0830    58882   30600      0    2.49e+00    0    1.75e+00
2020 02 03  0835    58882   30900      0    2.48e+00    0    1.73e+00
2020 02 03  0840    58882   31200      0    2.45e+00    0    1.72e+00
2020 02 03  0845    58882   31500      0    2.49e+00    0    1.75e+00
2020 02 03  0850    58882   31800      0    2.51e+00    0    1.76e+00
2020 02 03  0855    58882   32100      0    2.47e+00    0    1.73e+00
2020 02 03  0900    58882   32400      0    2.47e+00    0    1.73e+00
2020 02 03  0905    58882   32700      0    2.48e+00    0    1.74e+00
2020 02 03  0910    58882   33000      0    2.46e+00    0    1.72e+00
2020 02 03  0915    58882   33300      0    2.50e+00    0    1.75e+00
2020 02 03  0920    58882   33600      0    2.47e+00    0    1.75e+00
2020 02 03  0925    58882   33900      0    2.47e+00    0    1.73e+00
2020 02 03  0930    58882   34200      0    2.46e+00    0    1.73e+00
2020 02 03  0935    58882   34500      0    2.43e+00    0    1.69e+00
2020 02 03  0940    58882   34800      0    2.45e+00    0    1.71e+00
2020 02 03  0945    58882   35100      0    2.42e+00    0    1.70e+00
2020 02 03  0950    58882   35400      0    2.46e+00    0    1.71e+00
2020 02 03  0955    58882   35700      0    2.46e+00    0    1.73e+00
2020 02 03  1000    58882   36000      0    2.53e+00    0    1.75e+00
2020 02 03  1005    58882   36300      0    2.45e+00    0    1.73e+00
2020 02 03  1010    58882   36600      0    2.45e+00    0    1.71e+00
2020 02 03  1015    58882   36900      0    2.50e+00    0    1.76e+00
2020 02 03  1020    58882   37200      0    2.45e+00    0    1.70e+00
2020 02 03  1025    58882   37500      0    2.46e+00    0    1.74e+00
2020 02 03  1030    58882   37800      0    2.47e+00    0    1.73e+00
2020 02 03  1035    58882   38100      0    2.48e+00    0    1.75e+00
2020 02 03  1040    58882   38400      0    2.52e+00    0    1.79e+00
2020 02 03  1045    58882   38700      0    2.52e+00    0    1.78e+00
2020 02 03  1050    58882   39000      0    2.47e+00    0    1.72e+00
2020 02 03  1055    58882   39300      0    2.45e+00    0    1.71e+00
2020 02 03  1100    58882   39600      0    2.50e+00    0    1.77e+00
2020 02 03  1105    58882   39900      0    2.48e+00    0    1.75e+00
2020 02 03  1110    58882   40200      0    2.45e+00    0    1.73e+00
2020 02 03  1115    58882   40500      0    2.47e+00    0    1.74e+00
2020 02 03  1120    58882   40800      0    2.50e+00    0    1.75e+00
2020 02 03  1125    58882   41100      0    2.44e+00    0    1.71e+00
2020 02 03  1130    58882   41400      0    2.46e+00    0    1.71e+00
2020 02 03  1135    58882   41700      0    2.45e+00    0    1.72e+00
2020 02 03  1140    58882   42000      0    2.47e+00    0    1.75e+00
2020 02 03  1145    58882   42300      0    2.45e+00    0    1.71e+00
2020 02 03  1150    58882   42600      0    2.44e+00    0    1.71e+00
2020 02 03  1155    58882   42900      0    2.51e+00    0    1.77e+00
2020 02 03  1200    58882   43200      0    2.51e+00    0    1.75e+00
2020 02 03  1205    58882   43500      0    2.50e+00    0    1.75e+00
2020 02 03  1210    58882   43800      0    2.50e+00    0    1.75e+00
2020 02 03  1215    58882   44100      0    2.46e+00    0    1.70e+00
2020 02 03  1220    58882   44400      0    2.53e+00    0    1.78e+00
2020 02 03  1225    58882   44700      0    2.46e+00    0    1.72e+00
2020 02 03  1230    58882   45000      0    2.43e+00    0    1.72e+00
2020 02 03  1235    58882   45300      0    2.43e+00    0    1.71e+00
2020 02 03  1240    58882   45600      0    2.53e+00    0    1.77e+00
2020 02 03  1245    58882   45900      0    2.49e+00    0    1.75e+00
2020 02 03  1250    58882   46200      0    2.51e+00    0    1.77e+00
2020 02 03  1255    58882   46500      0    2.47e+00    0    1.74e+00
2020 02 03  1300    58882   46800      0    2.46e+00    0    1.73e+00
2020 02 03  1305    58882   47100      0    2.44e+00    0    1.72e+00
2020 02 03  1310    58882   47400      0    2.49e+00    0    1.75e+00
2020 02 03  1315    58882   47700      0    2.47e+00    0    1.73e+00
2020 02 03  1320    58882   48000      0    2.51e+00    0    1.76e+00
2020 02 03  1325    58882   48300      0    2.43e+00    0    1.71e+00
2020 02 03  1330    58882   48600      0    2.50e+00    0    1.75e+00
2020 02 03  1335    58882   48900      0    2.44e+00    0    1.70e+00
2020 02 03  1340    58882   49200      0    2.49e+00    0    1.75e+00
2020 02 03  1345    58882   49500      0    2.50e+00    0    1.75e+00
2020 02 03  1350    58882   49800      0    2.44e+00    0    1.72e+00
2020 02 03  1355    58882   50100      0    2.49e+00    0    1.73e+00
2020 02 03  1400    58882   50400      0    2.45e+00    0    1.71e+00
2020 02 03  1405    58882   50700      0    2.47e+00    0    1.74e+00
2020 02 03  1410    58882   51000      0    2.43e+00    0    1.70e+00
2020 02 03  1415    58882   51300      0    2.40e+00    0    1.70e+00
2020 02 03  1420    58882   51600      0    2.49e+00    0    1.76e+00
2020 02 03  1425    58882   51900      0    2.47e+00    0    1.73e+00
2020 02 03  1430    58882   52200      0    2.47e+00    0    1.73e+00
2020 02 03  1435    58882   52500      0    2.50e+00    0    1.76e+00
2020 02 03  1440    58882   52800      0    2.51e+00    0    1.76e+00
2020 02 03  1445    58882   53100      0    2.46e+00    0    1.72e+00
2020 02 03  1450    58882   53400      0    2.50e+00    0    1.75e+00
2020 02 03  1455    58882   53700      0    2.47e+00    0    1.73e+00
2020 02 03  1500    58882   54000      0    2.51e+00    0    1.76e+00
2020 02 03  1505    58882   54300      0    2.54e+00    0    1.78e+00
2020 02 03  1510    58882   54600      0    2.46e+00    0    1.73e+00
2020 02 03  1515    58882   54900      0    2.47e+00    0    1.73e+00
2020 02 03  1520    58882   55200      0    2.53e+00    0    1.70e+00
2020 02 03  1525    58882   55500      0    2.49e+00    0    1.73e+00
2020 02 03  1530    58882   55800      0    2.51e+00    0    1.77e+00
2020 02 03  1535    58882   56100      0    2.43e+00    0    1.71e+00
2020 02 03  1540    58882   56400      0    2.44e+00    0    1.71e+00
2020 02 03  1545    58882   56700      0    2.52e+00    0    1.77e+00
2020 02 03  1550    58882   57000      0    2.44e+00    0    1.69e+00
2020 02 03  1555    58882   57300      0    2.43e+00    0    1.71e+00
2020 02 03  1600    58882   57600      0    2.45e+00    0    1.73e+00
2020 02 03  1605    58882   57900      0    2.44e+00    0    1.71e+00
2020 02 03  1610    58882   58200      0    2.48e+00    0    1.72e+00
2020 02 03  1615    58882   58500      0    2.45e+00    0    1.73e+00
2020 02 03  1620    58882   58800      0    2.49e+00    0    1.75e+00
2020 02 03  1625    58882   59100      0    2.45e+00    0    1.71e+00
2020 02 03  1630    58882   59400      0    2.39e+00    0    1.66e+00
2020 02 03  1635    58882   59700      0    2.42e+00    0    1.68e+00
2020 02 03  1640    58882   60000      0    2.57e+00    0    1.82e+00
2020 02 03  1645    58882   60300      0    2.52e+00    0    1.76e+00
2020 02 03  1650    58882   60600      0    2.44e+00    0    1.72e+00
2020 02 03  1655    58882   60900      9   -1.00e+05    9   -1.00e+05
2020 02 03  1700    58882   61200      0    2.47e+00    0    1.75e+00
2020 02 03  1705    58882   61500      0    2.30e+00    0    1.64e+00
2020 02 03  1710    58882   61800      0    2.53e+00    0    1.81e+00
2020 02 03  1715    58882   62100      0    2.58e+00    0    1.81e+00
2020 02 03  1720    58882   62400      0    2.52e+00    0    1.76e+00
2020 02 03  1725    58882   62700      0    2.43e+00    0    1.68e+00
2020 02 03  1730    58882   63000      0    2.74e+00    0    1.95e+00
2020 02 03  1735    58882   63300      0    2.48e+00    0    1.74e+00
2020 02 03  1740    58882   63600      0    2.53e+00    0    1.78e+00
2020 02 03  1745    58882   63900      9   -1.00e+05    9   -1.00e+05
2020 02 03  1750    58882   64200      0    2.51e+00    0    1.76e+00
2020 02 03  1755    58882   64500      0    2.57e+00    0    1.86e+00
2020 02 03  1800    58882   64800      9   -1.00e+05    9   -1.00e+05
2020 02 03  1805    58882   65100      0    2.57e+00    0    1.82e+00
2020 02 03  1810    58882   65400      0    2.50e+00    0    1.74e+00
2020 02 03  1815    58882   65700      0    2.44e+00    0    1.67e+00
2020 02 03  1820    58882   66000      0    2.51e+00    0    1.76e+00
2020 02 03  1825    58882   66300      0    2.56e+00    0    1.82e+00
2020 02 03  1830    58882   66600      0    2.56e+00    0    1.82e+00
2020 02 03  1835    58882   66900      9   -1.00e+05    9   -1.00e+05
2020 02 03  1840    58882   67200      0    2.40e+00    0    1.66e+00
2020 02 03  1845    58882   67500      0    2.42e+00    0    1.71e+00
2020 02 03  1850    58882   67800      0    2.59e+00    0    1.85e+00
2020 02 03  1855    58882   68100      0    2.47e+00    0    1.71e+00
2020 02 03  1900    58882   68400      0    2.44e+00    0    1.74e+00
2020 02 03  1905    58882   68700      0    2.46e+00    0    1.72e+00
2020 02 03  1910    58882   69000      0    2.39e+00    0    1.64e+00
2020 02 03  1915    58882   69300      9   -1.00e+05    9   -1.00e+05
2020 02 03  1920    58882   69600      0    2.65e+00    0    1.89e+00
2020 02 03  1925    58882   69900      0    2.55e+00    0    1.79e+00
2020 02 03  1930    58882   70200      0    2.62e+00    0    1.85e+00
2020 02 03  1935    58882   70500      0    2.77e+00    0    1.94e+00
2020 02 03  1940    58882   70800      0    2.34e+00    0    1.63e+00
2020 02 03  1945    58882   71100      0    2.51e+00    0    1.77e+00
2020 02 03  1950    58882   71400      0    2.48e+00    0    1.72e+00
2020 02 03  1955    58882   71700      9   -1.00e+05    9   -1.00e+05
2020 02 03  2000    58882   72000      0    2.49e+00    0    1.74e+00
2020 02 03  2005    58882   72300      0    2.52e+00    0    1.77e+00
2020 02 03  2010    58882   72600      0    2.51e+00    0    1.75e+00
2020 02 03  2015    58882   72900      0    2.54e+00    0    1.79e+00
2020 02 03  2020    58882   73200      0    2.46e+00    0    1.73e+00
2020 02 03  2025    58882   73500      0    2.50e+00    0    1.74e+00
2020 02 03  2030    58882   73800      0    2.51e+00    0    1.78e+00
2020 02 03  2035    58882   74100      0    2.49e+00    0    1.74e+00
2020 02 03  2040    58882   74400      0    2.52e+00    0    1.77e+00
2020 02 03  2045    58882   74700      0    2.52e+00    0    1.77e+00
2020 02 03  2050    58882   75000      0    2.50e+00    0    1.77e+00
2020 02 03  2055    58882   75300      0    2.53e+00    0    1.77e+00
2020 02 03  2100    58882   75600      0    2.52e+00    0    1.77e+00
2020 02 03  2105    58882   75900      0    2.53e+00    0    1.76e+00
2020 02 03  2110    58882   76200      0    2.59e+00    0    1.83e+00
2020 02 03  2115    58882   76500      0    2.53e+00    0    1.77e+00
2020 02 03  2120    58882   76800      0    2.56e+00    0    1.80e+00
2020 02 03  2125    58882   77100      0    2.50e+00    0    1.75e+00
2020 02 03  2130    58882   77400      0    2.52e+00    0    1.77e+00
2020 02 03  2135    58882   77700      0    2.54e+00    0    1.79e+00
2020 02 03  2140    58882   78000      0    2.51e+00    0    1.78e+00
2020 02 03  2145    58882   78300      0    2.51e+00    0    1.75e+00
2020 02 03  2150    58882   78600      0    2.50e+00    0    1.75e+00
2020 02 03  2155    58882   78900      0    2.50e+00    0    1.74e+00
2020 02 03  2200    58882   79200      0    2.52e+00    0    1.75e+00
2020 02 03  2205    58882   79500      0    2.50e+00    0    1.75e+00
2020 02 03  2210    58882   79800      0    2.47e+00    0    1.73e+00
2020 02 03  2215    58882   80100      0    2.52e+00    0    1.76e+00
2020 02 03  2220    58882   80400      0    2.54e+00    0    1.77e+00
2020 02 03  2225    58882   80700      0    2.51e+00    0    1.77e+00
2020 02 03  2230    58882   81000      0    2.49e+00    0    1.75e+00
2020 02 03  2235    58882   81300      0    2.51e+00    0    1.73e+00
2020 02 03  2240    58882   81600      0    2.55e+00    0    1.79e+00
2020 02 03  2245    58882   81900      0    2.46e+00    0    1.74e+00
2020 02 03  2250    58882   82200      0    2.47e+00    0    1.72e+00
2020 02 03  2255    58882   82500      0    2.50e+00    0    1.73e+00
2020 02 03  2300    58882   82800      0    2.52e+00    0    1.77e+00
2020 02 03  2305    58882   83100      0    2.52e+00    0    1.76e+00
2020 02 03  2310    58882   83400      0    2.52e+00    0    1.78e+00
2020 02 03  2315    58882   83700      0    2.48e+00    0    1.74e+00
2020 02 03  2320    58882   84000      0    2.47e+00    0    1.73e+00
2020 02 03  2325    58882   84300      0    2.54e+00    0    1.78e+00
2020 02 03  2330    58882   84600      0    2.55e+00    0    1.80e+00
2020 02 03  2335    58882   84900      0    2.51e+00    0    1.75e+00
2020 02 03  2340    58882   85200      0    2.56e+00    0    1.81e+00
2020 02 03  2345    58882   85500      0    2.44e+00    0    1.70e+00
2020 02 03  2350    58882   85800      0    2.46e+00    0    1.72e+00
2020 02 03  2355    58882   86100      0    2.49e+00    0    1.77e+00
