:Data_list: 20211123_ace_mag_1m.txt
:Created: 2021 Nov 23 1001 UT
# Prepared by the U.S. Dept. of Commerce, NOAA, Space Weather Prediction Center
# Please send comments and suggestions to SWPC.Webmaster@noaa.gov 
# 
# Magnetometer values are in GSM coordinates.
# 
# Units: Bx, By, Bz, Bt in nT
# Units: Latitude  degrees +/-  90.0
# Units: Longitude degrees 0.0 - 360.0
# Status(S): 0 = nominal data, 1 to 8 = bad data record, 9 = no data
# Missing data values: -999.9
# Source: ACE Satellite - Magnetometer
#
#              1-minute averaged Real-time Interplanetary Magnetic Field Values 
# 
#                 Modified Seconds
# UT Date   Time  Julian   of the   ----------------  GSM Coordinates ---------------
# YR MO DA  HHMM    Day      Day    S     Bx      By      Bz      Bt     Lat.   Long.
#------------------------------------------------------------------------------------
2021 11 23  0000   59541       0    0     1.8    -0.2     1.4     2.3    39.0   352.9
2021 11 23  0001   59541      60    9  -999.9  -999.9  -999.9  -999.9  -999.9  -999.9
2021 11 23  0002   59541     120    0     1.9    -0.7     1.4     2.4    33.9   340.5
2021 11 23  0003   59541     180    0     1.7    -0.7     1.6     2.4    40.2   336.1
2021 11 23  0004   59541     240    0     1.8    -0.6     1.8     2.6    42.2   340.6
2021 11 23  0005   59541     300    9  -999.9  -999.9  -999.9  -999.9  -999.9  -999.9
2021 11 23  0006   59541     360    0     1.9    -0.7     1.6     2.6    37.9   341.1
2021 11 23  0007   59541     420    0     2.1    -0.7     1.5     2.7    33.9   342.2
2021 11 23  0008   59541     480    0     2.3    -0.6     1.5     2.8    32.5   345.6
2021 11 23  0009   59541     540    9  -999.9  -999.9  -999.9  -999.9  -999.9  -999.9
2021 11 23  0010   59541     600    0     2.2    -0.7     1.7     2.9    36.3   343.2
2021 11 23  0011   59541     660    0     2.2    -0.8     1.7     2.9    36.1   339.9
2021 11 23  0012   59541     720    0     2.2    -0.9     1.8     3.0    37.8   338.2
2021 11 23  0013   59541     780    9  -999.9  -999.9  -999.9  -999.9  -999.9  -999.9
2021 11 23  0014   59541     840    0     2.0    -0.8     1.9     2.9    40.9   337.8
2021 11 23  0015   59541     900    0     2.1    -0.7     1.8     2.9    38.8   340.7
2021 11 23  0016   59541     960    0     2.2    -0.5     2.0     3.0    40.3   346.5
2021 11 23  0017   59541    1020    9  -999.9  -999.9  -999.9  -999.9  -999.9  -999.9
2021 11 23  0018   59541    1080    0     2.3    -0.8     1.8     3.1    35.8   340.5
2021 11 23  0019   59541    1140    0     2.2    -0.9     1.9     3.1    38.7   337.0
2021 11 23  0020   59541    1200    0     2.5    -0.7     1.7     3.1    32.8   344.1
2021 11 23  0021   59541    1260    9  -999.9  -999.9  -999.9  -999.9  -999.9  -999.9
2021 11 23  0022   59541    1320    0     2.4    -1.1     1.6     3.1    31.0   336.1
2021 11 23  0023   59541    1380    0     2.3    -0.4     1.6     2.9    33.9   351.3
2021 11 23  0024   59541    1440    0     2.4    -1.2     1.4     3.0    28.3   333.0
2021 11 23  0025   59541    1500    9  -999.9  -999.9  -999.9  -999.9  -999.9  -999.9
2021 11 23  0026   59541    1560    0     2.4    -1.4     1.3     3.1    25.3   330.9
2021 11 23  0027   59541    1620    0     2.4    -1.4     1.3     3.1    24.7   329.8
2021 11 23  0028   59541    1680    0     2.8    -0.7     1.0     3.0    19.0   345.3
2021 11 23  0029   59541    1740    0     2.6    -0.6     1.2     3.0    24.4   347.3
2021 11 23  0030   59541    1800    0     2.4    -1.3     1.3     3.0    24.9   332.2
2021 11 23  0031   59541    1860    0     2.5    -1.2     1.3     3.1    25.3   335.0
2021 11 23  0032   59541    1920    0     2.4    -1.6     0.9     3.1    18.1   327.3
2021 11 23  0033   59541    1980    9  -999.9  -999.9  -999.9  -999.9  -999.9  -999.9
2021 11 23  0034   59541    2040    0     2.7    -1.2     1.3     3.2    23.9   335.0
2021 11 23  0035   59541    2100    0     2.5    -1.4     1.1     3.1    20.9   331.5
2021 11 23  0036   59541    2160    0     2.4    -1.5     1.0     3.0    19.0   329.2
2021 11 23  0037   59541    2220    0     2.5    -1.7     1.0     3.1    18.7   325.9
2021 11 23  0038   59541    2280    0     2.7    -1.5     0.6     3.1    11.1   331.6
2021 11 23  0039   59541    2340    0     2.4    -1.8     0.9     3.1    16.5   323.3
2021 11 23  0040   59541    2400    0     2.2    -1.6     1.3     3.1    25.1   323.5
2021 11 23  0041   59541    2460    0     2.3    -1.4     1.2     2.9    23.6   329.1
2021 11 23  0042   59541    2520    0     2.4    -1.5     1.1     3.1    21.0   328.7
2021 11 23  0043   59541    2580    0     2.4    -1.6     1.0     3.1    18.6   327.5
2021 11 23  0044   59541    2640    0     2.2    -1.6     1.2     2.9    23.8   323.4
2021 11 23  0045   59541    2700    0     2.3    -1.6     1.0     3.0    20.5   325.2
2021 11 23  0046   59541    2760    0     2.1    -1.7     1.1     2.9    22.2   321.9
2021 11 23  0047   59541    2820    0     2.3    -1.5     1.2     3.0    24.5   327.2
2021 11 23  0048   59541    2880    0     1.8    -1.7     1.4     2.8    29.6   317.3
2021 11 23  0049   59541    2940    0     1.1    -1.6     1.1     2.2    29.1   304.8
2021 11 23  0050   59541    3000    0     2.0    -1.0     1.4     2.7    31.7   334.6
2021 11 23  0051   59541    3060    0     2.3    -0.6     1.3     2.8    28.1   344.6
2021 11 23  0052   59541    3120    0     2.6    -0.1     1.5     3.0    29.8   357.3
2021 11 23  0053   59541    3180    9  -999.9  -999.9  -999.9  -999.9  -999.9  -999.9
2021 11 23  0054   59541    3240    0     3.2     1.6     0.3     3.6     4.6    27.1
2021 11 23  0055   59541    3300    0     3.1     1.9     0.1     3.7     1.7    30.9
2021 11 23  0056   59541    3360    0     3.0     2.1     0.0     3.7     0.4    34.6
2021 11 23  0057   59541    3420    0     3.0     2.2    -0.1     3.7    -1.4    36.2
2021 11 23  0058   59541    3480    0     2.9     2.3    -0.2     3.7    -3.8    37.8
2021 11 23  0059   59541    3540    0     2.9     2.2    -0.1     3.7    -1.3    37.1
2021 11 23  0100   59541    3600    0     2.9     2.3    -0.1     3.7    -1.7    37.9
2021 11 23  0101   59541    3660    0     3.4     1.7     0.5     3.8     7.0    26.6
2021 11 23  0102   59541    3720    0     3.4     1.6     0.6     3.8     8.7    25.4
2021 11 23  0103   59541    3780    0     3.3     1.8     0.6     3.8     9.0    28.2
2021 11 23  0104   59541    3840    0     3.4     1.5     0.9     3.8    13.0    23.1
2021 11 23  0105   59541    3900    0     3.3     1.5     0.9     3.8    14.0    23.9
2021 11 23  0106   59541    3960    0     3.1     1.0     1.4     3.5    23.1    18.0
2021 11 23  0107   59541    4020    0     3.0     1.2     1.5     3.5    24.6    21.9
2021 11 23  0108   59541    4080    0     3.4     0.7     1.4     3.7    21.6    12.2
2021 11 23  0109   59541    4140    9  -999.9  -999.9  -999.9  -999.9  -999.9  -999.9
2021 11 23  0110   59541    4200    0     3.4     1.0     0.7     3.6    11.2    16.1
2021 11 23  0111   59541    4260    0     3.2     1.0     1.1     3.5    18.2    17.4
2021 11 23  0112   59541    4320    0     3.1     1.0     1.3     3.5    21.1    17.9
2021 11 23  0113   59541    4380    0     3.0     0.8     1.4     3.4    24.2    15.0
2021 11 23  0114   59541    4440    0     3.2     0.9     1.2     3.5    19.5    15.0
2021 11 23  0115   59541    4500    0     3.2     0.8     1.1     3.5    19.3    14.4
2021 11 23  0116   59541    4560    0     3.2     1.1     0.9     3.5    14.5    18.6
2021 11 23  0117   59541    4620    9  -999.9  -999.9  -999.9  -999.9  -999.9  -999.9
2021 11 23  0118   59541    4680    0     3.1     1.1    -0.7     3.4   -12.7    20.1
2021 11 23  0119   59541    4740    0     3.1     1.0    -1.1     3.5   -19.3    18.6
2021 11 23  0120   59541    4800    0     2.8     1.0    -1.9     3.5   -32.6    20.2
2021 11 23  0121   59541    4860    0     2.5     0.7     1.5     3.0    29.8    15.1
2021 11 23  0122   59541    4920    0     2.6     0.8     1.8     3.3    33.6    16.0
2021 11 23  0123   59541    4980    0     2.8     0.7     1.6     3.3    29.6    13.6
2021 11 23  0124   59541    5040    0     2.7     1.3     1.4     3.3    25.3    25.6
2021 11 23  0125   59541    5100    0     2.7     1.4     1.1     3.2    20.0    26.4
2021 11 23  0126   59541    5160    0     2.7     1.4     1.1     3.3    19.5    27.2
2021 11 23  0127   59541    5220    0     3.0     0.9     1.0     3.3    18.4    17.2
2021 11 23  0128   59541    5280    0     3.1     1.0     0.7     3.3    12.3    17.5
2021 11 23  0129   59541    5340    0     3.1     0.9     0.8     3.4    14.2    16.0
2021 11 23  0130   59541    5400    0     3.2     0.8     0.9     3.4    15.0    13.4
2021 11 23  0131   59541    5460    0     3.3     0.8     0.4     3.4     6.2    14.4
2021 11 23  0132   59541    5520    0     2.7     0.9     1.4     3.2    26.0    17.7
2021 11 23  0133   59541    5580    0     2.6     1.2     1.5     3.3    26.5    25.1
2021 11 23  0134   59541    5640    0     2.8     1.2     1.1     3.2    19.6    23.3
2021 11 23  0135   59541    5700    0     2.8     1.0     1.1     3.2    20.3    19.1
2021 11 23  0136   59541    5760    0     2.8     0.8     1.2     3.2    22.4    16.3
2021 11 23  0137   59541    5820    9  -999.9  -999.9  -999.9  -999.9  -999.9  -999.9
2021 11 23  0138   59541    5880    0     3.1     0.3     0.9     3.2    16.2     5.6
2021 11 23  0139   59541    5940    0     3.2     0.4     0.5     3.3     8.1     6.6
2021 11 23  0140   59541    6000    0     3.2     0.3     0.4     3.3     7.9     6.2
2021 11 23  0141   59541    6060    0     3.2     0.3     0.5     3.2     9.1     5.0
2021 11 23  0142   59541    6120    0     3.2     0.3     0.6     3.3    10.8     4.7
2021 11 23  0143   59541    6180    0     3.2     0.2     0.5     3.2     9.4     4.0
2021 11 23  0144   59541    6240    0     3.1     0.1     0.5     3.2     8.8     2.2
2021 11 23  0145   59541    6300    9  -999.9  -999.9  -999.9  -999.9  -999.9  -999.9
2021 11 23  0146   59541    6360    0     3.2     0.1     0.5     3.2     8.2     1.0
2021 11 23  0147   59541    6420    0     3.2     0.1     0.6     3.2    10.3     1.8
2021 11 23  0148   59541    6480    0     3.1     0.2     0.5     3.2     9.1     2.9
2021 11 23  0149   59541    6540    9  -999.9  -999.9  -999.9  -999.9  -999.9  -999.9
2021 11 23  0150   59541    6600    0     3.3    -0.3     0.8     3.4    12.8   354.1
2021 11 23  0151   59541    6660    0     3.2    -0.1     0.7     3.3    12.9   357.6
2021 11 23  0152   59541    6720    0     3.1     0.0     0.8     3.2    14.1     0.1
2021 11 23  0153   59541    6780    9  -999.9  -999.9  -999.9  -999.9  -999.9  -999.9
2021 11 23  0154   59541    6840    0     3.2    -0.5     0.5     3.3     8.5   351.9
2021 11 23  0155   59541    6900    0     3.2    -0.4     0.5     3.3     9.1   352.4
2021 11 23  0156   59541    6960    0     3.2    -0.5     0.5     3.3     9.1   351.8
2021 11 23  0157   59541    7020    0     3.0    -0.8     1.0     3.2    17.3   345.2
2021 11 23  0158   59541    7080    0     3.3    -0.8     0.4     3.4     7.0   347.2
2021 11 23  0159   59541    7140    0     2.9    -1.0     0.9     3.2    16.2   341.9
2021 11 23  0200   59541    7200    0     3.3    -0.7     0.5     3.4     8.1   348.3
2021 11 23  0201   59541    7260    9  -999.9  -999.9  -999.9  -999.9  -999.9  -999.9
2021 11 23  0202   59541    7320    0     3.3    -0.9     0.5     3.4     8.4   344.5
2021 11 23  0203   59541    7380    0     3.3    -0.9     0.4     3.5     5.9   344.8
2021 11 23  0204   59541    7440    0     3.2    -1.0     0.2     3.4     3.7   342.4
2021 11 23  0205   59541    7500    0     3.3    -0.6     0.8     3.5    13.0   350.2
2021 11 23  0206   59541    7560    0     3.3    -0.6     0.7     3.5    12.2   349.3
2021 11 23  0207   59541    7620    0     3.2    -0.8     0.4     3.4     6.0   345.3
2021 11 23  0208   59541    7680    0     3.2    -0.9     0.5     3.4     8.5   344.3
2021 11 23  0209   59541    7740    9  -999.9  -999.9  -999.9  -999.9  -999.9  -999.9
2021 11 23  0210   59541    7800    0     3.1    -1.1    -0.8     3.4   -13.8   341.2
2021 11 23  0211   59541    7860    0     3.2    -1.1    -0.0     3.4    -0.6   341.6
2021 11 23  0212   59541    7920    0     3.3    -1.1     0.0     3.5     0.8   341.0
2021 11 23  0213   59541    7980    9  -999.9  -999.9  -999.9  -999.9  -999.9  -999.9
2021 11 23  0214   59541    8040    0     2.4    -1.1    -0.1     2.7    -2.5   335.3
2021 11 23  0215   59541    8100    0     2.0    -1.0    -1.6     2.7   -34.8   333.5
2021 11 23  0216   59541    8160    0     2.1    -1.3    -1.4     2.8   -28.9   327.8
2021 11 23  0217   59541    8220    0     2.7    -1.5    -0.1     3.1    -2.6   330.6
2021 11 23  0218   59541    8280    0     2.8    -1.6     0.2     3.3     3.0   329.6
2021 11 23  0219   59541    8340    0     2.7    -1.7     0.1     3.2     2.1   327.3
2021 11 23  0220   59541    8400    0     2.7    -1.7     0.4     3.2     6.5   328.1
2021 11 23  0221   59541    8460    9  -999.9  -999.9  -999.9  -999.9  -999.9  -999.9
2021 11 23  0222   59541    8520    0     1.9    -1.5     0.3     2.4     7.5   322.0
2021 11 23  0223   59541    8580    0     1.0    -0.8     0.6     1.4    26.8   322.3
2021 11 23  0224   59541    8640    0    -0.0    -0.3    -1.2     1.3   -74.6   267.0
2021 11 23  0225   59541    8700    0    -0.6    -0.5    -1.9     2.1   -68.5   216.3
2021 11 23  0226   59541    8760    0     1.5    -1.4     0.7     2.2    19.4   317.8
2021 11 23  0227   59541    8820    0     2.1    -1.5     0.8     2.7    17.5   325.3
2021 11 23  0228   59541    8880    0     2.1    -1.5     0.3     2.6     7.2   324.2
2021 11 23  0229   59541    8940    0     2.3    -1.3     0.1     2.6     1.9   330.5
2021 11 23  0230   59541    9000    0     1.3    -1.9     0.1     2.4     1.5   304.9
2021 11 23  0231   59541    9060    0     1.1    -2.1    -0.0     2.4    -0.4   297.4
2021 11 23  0232   59541    9120    0     1.4    -1.9     0.0     2.4     0.7   307.2
2021 11 23  0233   59541    9180    0     2.2    -0.7    -0.4     2.4    -9.9   341.3
2021 11 23  0234   59541    9240    0     2.2    -0.5    -0.2     2.3    -6.1   347.4
2021 11 23  0235   59541    9300    0     2.4    -0.2    -0.2     2.4    -4.5   354.1
2021 11 23  0236   59541    9360    0     2.4     0.0    -0.1     2.4    -3.0     0.3
2021 11 23  0237   59541    9420    0     2.4    -0.2    -0.3     2.4    -7.3   355.7
2021 11 23  0238   59541    9480    0     2.4    -0.2    -0.4     2.4    -9.7   354.9
2021 11 23  0239   59541    9540    0     2.4     0.0    -0.5     2.5   -10.6     0.1
2021 11 23  0240   59541    9600    0     2.4     0.1    -0.5     2.5   -12.7     2.6
2021 11 23  0241   59541    9660    0     2.3     0.3    -0.6     2.4   -15.9     7.1
2021 11 23  0242   59541    9720    0     2.6     0.2    -0.8     2.8   -17.4     3.9
2021 11 23  0243   59541    9780    0     3.0     0.2    -1.0     3.1   -17.8     3.4
2021 11 23  0244   59541    9840    0     2.8     0.3    -1.1     3.0   -20.9     6.6
2021 11 23  0245   59541    9900    9  -999.9  -999.9  -999.9  -999.9  -999.9  -999.9
2021 11 23  0246   59541    9960    0     2.5     0.3    -0.9     2.7   -19.0     6.4
2021 11 23  0247   59541   10020    0     2.5     0.4    -0.9     2.7   -20.6     8.7
2021 11 23  0248   59541   10080    0     2.3     0.6    -1.2     2.6   -26.0    14.4
2021 11 23  0249   59541   10140    9  -999.9  -999.9  -999.9  -999.9  -999.9  -999.9
2021 11 23  0250   59541   10200    0     1.4     1.4    -1.3     2.4   -33.9    44.4
2021 11 23  0251   59541   10260    0     1.9     0.7    -1.1     2.3   -28.0    19.8
2021 11 23  0252   59541   10320    0     2.4    -0.8    -0.3     2.6    -6.8   341.7
2021 11 23  0253   59541   10380    0     2.4    -0.6    -0.5     2.6   -11.6   346.0
2021 11 23  0254   59541   10440    0     2.4    -0.8    -0.5     2.6   -11.8   342.3
2021 11 23  0255   59541   10500    0     2.5    -0.8    -0.8     2.7   -16.9   342.0
2021 11 23  0256   59541   10560    0     2.3    -0.3    -1.2     2.6   -27.2   353.0
2021 11 23  0257   59541   10620    9  -999.9  -999.9  -999.9  -999.9  -999.9  -999.9
2021 11 23  0258   59541   10680    0     2.0     0.1    -1.7     2.7   -40.7     3.1
2021 11 23  0259   59541   10740    0     1.7     0.3    -1.9     2.5   -47.9     9.2
2021 11 23  0300   59541   10800    0     2.1    -0.6    -1.4     2.6   -32.5   344.1
2021 11 23  0301   59541   10860    9  -999.9  -999.9  -999.9  -999.9  -999.9  -999.9
2021 11 23  0302   59541   10920    0     1.8     0.0    -1.8     2.6   -45.2     1.5
2021 11 23  0303   59541   10980    0     2.2    -0.1    -1.3     2.6   -30.8   356.8
2021 11 23  0304   59541   11040    0     2.4     0.4    -1.1     2.6   -25.6     8.5
2021 11 23  0305   59541   11100    9  -999.9  -999.9  -999.9  -999.9  -999.9  -999.9
2021 11 23  0306   59541   11160    0     2.7     0.2    -0.1     2.7    -1.2     3.4
2021 11 23  0307   59541   11220    0     2.7     0.3     0.1     2.7     1.4     7.3
2021 11 23  0308   59541   11280    0     2.7     0.3     0.1     2.7     1.9     5.5
2021 11 23  0309   59541   11340    9  -999.9  -999.9  -999.9  -999.9  -999.9  -999.9
2021 11 23  0310   59541   11400    0     2.6     0.3     1.0     2.8    21.0     7.6
2021 11 23  0311   59541   11460    0     2.4     0.3     0.9     2.6    20.0     7.1
2021 11 23  0312   59541   11520    0     1.9     0.3     1.0     2.2    28.3     8.4
2021 11 23  0313   59541   11580    9  -999.9  -999.9  -999.9  -999.9  -999.9  -999.9
2021 11 23  0314   59541   11640    0     2.7     0.8     1.0     3.0    18.5    15.6
2021 11 23  0315   59541   11700    0     2.6     0.7     1.1     2.9    22.1    14.7
2021 11 23  0316   59541   11760    0     2.5     0.8     1.2     2.9    24.2    16.5
2021 11 23  0317   59541   11820    9  -999.9  -999.9  -999.9  -999.9  -999.9  -999.9
2021 11 23  0318   59541   11880    0     2.7     0.1     1.5     3.1    29.3     1.4
2021 11 23  0319   59541   11940    0     2.5     0.4     1.2     2.8    25.0     8.5
2021 11 23  0320   59541   12000    0     2.2     0.6     1.0     2.5    24.1    14.9
2021 11 23  0321   59541   12060    9  -999.9  -999.9  -999.9  -999.9  -999.9  -999.9
2021 11 23  0322   59541   12120    0     2.0     0.9     0.8     2.3    20.0    23.6
2021 11 23  0323   59541   12180    0     1.7    -0.2     1.5     2.2    41.7   354.3
2021 11 23  0324   59541   12240    0     2.2    -0.3     1.4     2.6    32.7   351.0
2021 11 23  0325   59541   12300    9  -999.9  -999.9  -999.9  -999.9  -999.9  -999.9
2021 11 23  0326   59541   12360    0     1.5    -1.7     1.9     3.0    39.7   312.0
2021 11 23  0327   59541   12420    0     1.8     0.0     1.3     2.2    35.6     0.4
2021 11 23  0328   59541   12480    0     2.4     0.8     0.3     2.6     7.4    19.0
2021 11 23  0329   59541   12540    0     2.2     0.5     0.9     2.4    21.5    11.6
2021 11 23  0330   59541   12600    0     2.1     0.1     0.7     2.2    19.0     2.6
2021 11 23  0331   59541   12660    0     2.2    -0.2     0.9     2.4    20.7   353.7
2021 11 23  0332   59541   12720    0     2.2    -1.0     0.9     2.5    21.5   335.9
2021 11 23  0333   59541   12780    0     2.0    -0.7     1.1     2.4    27.1   341.4
2021 11 23  0334   59541   12840    0     2.0    -0.7     1.0     2.3    25.7   341.2
2021 11 23  0335   59541   12900    0     2.6    -0.5     0.9     2.8    19.1   348.5
2021 11 23  0336   59541   12960    0     2.5     0.0     0.4     2.5    10.0     0.5
2021 11 23  0337   59541   13020    0     2.3     0.4     0.2     2.4     5.5    10.7
2021 11 23  0338   59541   13080    0     2.6     0.2     0.1     2.6     1.9     5.3
2021 11 23  0339   59541   13140    0     2.4     0.4    -0.4     2.4   -10.5    10.1
2021 11 23  0340   59541   13200    0     2.4    -0.1    -0.8     2.6   -18.9   357.7
2021 11 23  0341   59541   13260    0     2.6    -0.2    -1.2     2.8   -24.7   356.3
2021 11 23  0342   59541   13320    0     2.5    -0.8    -0.9     2.8   -18.9   341.8
2021 11 23  0343   59541   13380    0     2.5    -1.4    -1.0     3.1   -19.4   329.9
2021 11 23  0344   59541   13440    0     2.6    -1.3    -1.0     3.1   -19.6   334.3
2021 11 23  0345   59541   13500    0     2.9    -0.7    -1.0     3.1   -18.0   345.7
2021 11 23  0346   59541   13560    0     3.0    -0.5    -0.9     3.2   -16.0   351.2
2021 11 23  0347   59541   13620    0     3.0     0.1    -0.7     3.0   -13.2     1.7
2021 11 23  0348   59541   13680    0     2.6     0.9    -0.4     2.8    -7.8    19.1
2021 11 23  0349   59541   13740    0     2.2     1.0     0.1     2.4     3.3    23.5
2021 11 23  0350   59541   13800    0     2.8     0.5     0.2     2.8     4.7     9.6
2021 11 23  0351   59541   13860    0     2.0     0.5     0.3     2.1     9.2    12.8
2021 11 23  0352   59541   13920    0     0.8     0.3     0.1     0.8     4.9    21.7
2021 11 23  0353   59541   13980    0     0.9     1.2     1.9     2.5    52.4    54.8
2021 11 23  0354   59541   14040    0    -0.3     0.9     2.5     2.7    69.1   110.6
2021 11 23  0355   59541   14100    0     0.3     0.4     2.8     2.8    80.5    49.1
2021 11 23  0356   59541   14160    0     1.2     0.6     1.6     2.1    50.2    24.9
2021 11 23  0357   59541   14220    0     1.5     0.9    -0.3     1.8    -9.5    30.1
2021 11 23  0358   59541   14280    0     0.4     0.8    -0.2     0.9   -11.5    59.7
2021 11 23  0359   59541   14340    0     1.0     0.8    -0.4     1.3   -16.9    38.3
2021 11 23  0400   59541   14400    0     0.7     0.6    -0.4     1.0   -24.3    41.9
2021 11 23  0401   59541   14460    9  -999.9  -999.9  -999.9  -999.9  -999.9  -999.9
2021 11 23  0402   59541   14520    0     1.4     0.4    -0.1     1.4    -3.1    15.5
2021 11 23  0403   59541   14580    0     1.5     0.3    -0.2     1.6    -8.0    10.9
2021 11 23  0404   59541   14640    0     1.7     0.4    -0.1     1.7    -1.9    12.7
2021 11 23  0405   59541   14700    0     1.9     0.5    -0.2     1.9    -4.9    16.3
2021 11 23  0406   59541   14760    0     1.5     0.5    -0.2     1.6    -9.0    17.7
2021 11 23  0407   59541   14820    0     1.9     2.3    -0.6     3.1   -11.4    50.2
2021 11 23  0408   59541   14880    0     1.3     2.8    -0.6     3.1   -10.4    64.3
2021 11 23  0409   59541   14940    0     0.6     1.1    -0.4     1.3   -20.2    61.4
2021 11 23  0410   59541   15000    0    -1.0    -3.2     0.2     3.4     3.5   253.4
2021 11 23  0411   59541   15060    0    -1.0    -3.3    -0.1     3.4    -2.4   253.4
2021 11 23  0412   59541   15120    0    -1.6    -3.3     0.3     3.7     5.4   244.1
2021 11 23  0413   59541   15180    0    -1.4    -3.6     0.4     3.9     5.7   248.8
2021 11 23  0414   59541   15240    0    -1.6    -3.3     0.6     3.7     8.6   243.5
2021 11 23  0415   59541   15300    0    -1.9    -3.1     1.0     3.7    16.2   238.5
2021 11 23  0416   59541   15360    0    -1.8    -3.1     1.2     3.8    18.8   240.0
2021 11 23  0417   59541   15420    0    -1.9    -3.1     1.1     3.8    17.2   238.9
2021 11 23  0418   59541   15480    0    -1.9    -3.1     0.7     3.7    10.4   237.9
2021 11 23  0419   59541   15540    0    -1.9    -3.2     0.5     3.7     8.1   239.5
2021 11 23  0420   59541   15600    0    -2.0    -3.1     0.2     3.7     3.3   236.7
2021 11 23  0421   59541   15660    0    -2.1    -3.1    -0.0     3.7    -0.3   235.9
2021 11 23  0422   59541   15720    0    -2.0    -3.1     0.0     3.7     0.6   237.0
2021 11 23  0423   59541   15780    0    -2.2    -3.1    -0.2     3.8    -3.1   234.2
2021 11 23  0424   59541   15840    0    -2.1    -3.1    -0.3     3.8    -4.0   236.1
2021 11 23  0425   59541   15900    0    -1.3    -3.3     0.1     3.5     0.9   247.9
2021 11 23  0426   59541   15960    0    -0.5    -3.3     0.4     3.4     6.8   260.8
2021 11 23  0427   59541   16020    0    -0.8    -3.4     0.4     3.5     7.4   256.7
2021 11 23  0428   59541   16080    0    -0.9    -3.1     0.6     3.3    11.1   254.1
2021 11 23  0429   59541   16140    0    -1.6    -2.8     0.3     3.2     5.4   239.7
2021 11 23  0430   59541   16200    0    -2.4    -2.9     0.1     3.7     1.1   231.0
2021 11 23  0431   59541   16260    0    -1.8    -3.1     0.4     3.6     6.7   239.3
2021 11 23  0432   59541   16320    0    -1.8    -3.3     0.8     3.8    11.6   241.0
2021 11 23  0433   59541   16380    0    -1.9    -3.3     0.5     3.8     7.1   240.6
2021 11 23  0434   59541   16440    0    -1.1    -2.4     0.5     2.7    11.7   246.0
2021 11 23  0435   59541   16500    0    -0.9    -2.1     0.3     2.3     7.0   247.1
2021 11 23  0436   59541   16560    0    -1.5    -3.2    -0.0     3.5    -0.3   245.8
2021 11 23  0437   59541   16620    0    -1.4    -3.4     0.4     3.7     6.5   247.7
2021 11 23  0438   59541   16680    0    -1.9    -3.3     0.3     3.8     4.8   239.4
2021 11 23  0439   59541   16740    0    -1.5    -3.5     0.3     3.8     5.0   246.4
2021 11 23  0440   59541   16800    0    -1.2    -3.3     0.4     3.6     6.0   250.3
2021 11 23  0441   59541   16860    0    -0.8    -3.2     0.6     3.4    10.1   255.4
2021 11 23  0442   59541   16920    0    -0.7    -3.1     0.6     3.2    11.4   258.0
2021 11 23  0443   59541   16980    0    -0.8    -3.0     0.4     3.2     6.6   255.0
2021 11 23  0444   59541   17040    0    -0.5    -3.1     0.6     3.2    11.7   261.1
2021 11 23  0445   59541   17100    9  -999.9  -999.9  -999.9  -999.9  -999.9  -999.9
2021 11 23  0446   59541   17160    0    -0.2    -3.3     1.4     3.6    22.4   265.9
2021 11 23  0447   59541   17220    0    -0.1    -3.5     0.8     3.6    13.6   268.1
2021 11 23  0448   59541   17280    0    -0.1    -3.5     0.9     3.6    15.0   268.5
2021 11 23  0449   59541   17340    9  -999.9  -999.9  -999.9  -999.9  -999.9  -999.9
2021 11 23  0450   59541   17400    0     0.2    -3.5     1.2     3.7    18.5   273.9
2021 11 23  0451   59541   17460    0     0.6    -3.2     1.4     3.6    23.6   281.1
2021 11 23  0452   59541   17520    0     1.0    -3.2     1.3     3.6    21.8   287.0
2021 11 23  0453   59541   17580    9  -999.9  -999.9  -999.9  -999.9  -999.9  -999.9
2021 11 23  0454   59541   17640    0     2.7    -2.2     2.0     4.0    29.6   321.3
2021 11 23  0455   59541   17700    0     2.8    -2.4     1.7     4.1    25.1   320.3
2021 11 23  0456   59541   17760    0     3.0    -2.4     1.6     4.2    22.9   320.7
2021 11 23  0457   59541   17820    9  -999.9  -999.9  -999.9  -999.9  -999.9  -999.9
2021 11 23  0458   59541   17880    0     3.0    -2.5     1.6     4.2    21.9   320.5
2021 11 23  0459   59541   17940    0     3.0    -2.6     1.5     4.2    21.1   318.5
2021 11 23  0500   59541   18000    0     2.3    -3.1     1.2     4.1    17.2   306.7
2021 11 23  0501   59541   18060    9  -999.9  -999.9  -999.9  -999.9  -999.9  -999.9
2021 11 23  0502   59541   18120    0     2.4    -3.3     1.2     4.3    16.9   305.6
2021 11 23  0503   59541   18180    0     2.9    -3.0     1.5     4.4    19.7   314.9
2021 11 23  0504   59541   18240    0     2.8    -3.1     1.7     4.5    22.1   312.4
2021 11 23  0505   59541   18300    0     3.0    -2.5     1.9     4.4    25.5   320.2
2021 11 23  0506   59541   18360    0     2.6    -3.0     1.6     4.2    22.8   310.8
2021 11 23  0507   59541   18420    0     1.1    -3.8     1.3     4.1    18.8   286.7
2021 11 23  0508   59541   18480    0     0.6    -4.1     1.2     4.3    15.8   278.2
2021 11 23  0509   59541   18540    9  -999.9  -999.9  -999.9  -999.9  -999.9  -999.9
2021 11 23  0510   59541   18600    0     0.5    -4.2     1.4     4.4    18.8   277.3
2021 11 23  0511   59541   18660    0     1.0    -4.0     1.5     4.4    20.5   283.8
2021 11 23  0512   59541   18720    0     0.6    -4.3     1.1     4.5    13.6   278.5
2021 11 23  0513   59541   18780    0     0.4    -4.4     1.1     4.5    13.8   275.3
2021 11 23  0514   59541   18840    0     0.6    -4.4     1.2     4.6    14.5   277.5
2021 11 23  0515   59541   18900    0     0.3    -4.4     1.1     4.5    14.3   274.4
2021 11 23  0516   59541   18960    0    -0.3    -4.2     1.5     4.5    19.1   266.3
2021 11 23  0517   59541   19020    0    -0.2    -4.3     1.3     4.5    16.6   267.2
2021 11 23  0518   59541   19080    0     0.1    -4.3     1.5     4.6    19.5   270.9
2021 11 23  0519   59541   19140    0     0.4    -4.2     1.5     4.5    19.1   274.8
2021 11 23  0520   59541   19200    0     0.2    -4.2     1.6     4.5    20.8   273.2
2021 11 23  0521   59541   19260    0     1.2    -3.4     2.1     4.2    29.9   288.5
2021 11 23  0522   59541   19320    0     2.3    -2.6     2.5     4.3    35.1   311.1
2021 11 23  0523   59541   19380    0     2.5    -2.4     2.6     4.3    36.9   316.0
2021 11 23  0524   59541   19440    0     2.3    -3.3     2.2     4.6    28.9   304.4
2021 11 23  0525   59541   19500    0     2.4    -3.6     1.7     4.6    21.3   304.0
2021 11 23  0526   59541   19560    0     2.8    -2.9     1.7     4.4    23.2   314.4
2021 11 23  0527   59541   19620    0     2.4    -3.8     1.0     4.6    12.0   301.7
2021 11 23  0528   59541   19680    0     2.4    -3.9     0.9     4.7    11.3   301.4
2021 11 23  0529   59541   19740    0     2.6    -3.5     1.7     4.7    21.1   306.5
2021 11 23  0530   59541   19800    0     2.9    -2.4     3.0     4.8    38.6   320.1
2021 11 23  0531   59541   19860    0     2.6    -2.8     3.1     4.9    38.5   312.9
2021 11 23  0532   59541   19920    0     3.0    -2.6     2.9     4.9    36.0   319.2
2021 11 23  0533   59541   19980    0     3.0    -3.1     2.5     5.0    30.4   313.7
2021 11 23  0534   59541   20040    0     2.9    -3.5     2.1     5.0    25.2   309.1
2021 11 23  0535   59541   20100    0     3.0    -3.3     2.4     5.1    28.3   312.6
2021 11 23  0536   59541   20160    0     3.0    -2.3     3.3     5.0    41.0   322.5
2021 11 23  0537   59541   20220    9  -999.9  -999.9  -999.9  -999.9  -999.9  -999.9
2021 11 23  0538   59541   20280    9  -999.9  -999.9  -999.9  -999.9  -999.9  -999.9
2021 11 23  0539   59541   20340    9  -999.9  -999.9  -999.9  -999.9  -999.9  -999.9
2021 11 23  0540   59541   20400    0     2.3    -3.4     2.8     5.0    34.7   303.6
2021 11 23  0541   59541   20460    0     2.8    -2.9     3.0     5.0    36.0   313.9
2021 11 23  0542   59541   20520    0     3.1    -2.4     3.1     5.0    38.3   321.3
2021 11 23  0543   59541   20580    0     3.0    -2.5     3.1     5.0    39.1   320.3
2021 11 23  0544   59541   20640    0     3.3    -1.9     3.2     5.0    39.8   329.9
2021 11 23  0545   59541   20700    9  -999.9  -999.9  -999.9  -999.9  -999.9  -999.9
2021 11 23  0546   59541   20760    0     3.6    -1.6     3.5     5.3    41.4   336.1
2021 11 23  0547   59541   20820    0     3.4    -1.2     3.6     5.1    44.7   340.9
2021 11 23  0548   59541   20880    0     3.6    -1.2     3.6     5.3    43.5   342.1
2021 11 23  0549   59541   20940    0     3.7    -1.3     3.4     5.3    41.0   340.4
2021 11 23  0550   59541   21000    0     3.7    -1.2     3.5     5.2    42.7   342.5
2021 11 23  0551   59541   21060    0     3.7    -1.4     3.5     5.2    41.3   339.6
2021 11 23  0552   59541   21120    0     3.7    -1.0     3.5     5.2    42.8   344.1
2021 11 23  0553   59541   21180    9  -999.9  -999.9  -999.9  -999.9  -999.9  -999.9
2021 11 23  0554   59541   21240    9  -999.9  -999.9  -999.9  -999.9  -999.9  -999.9
2021 11 23  0555   59541   21300    9  -999.9  -999.9  -999.9  -999.9  -999.9  -999.9
2021 11 23  0556   59541   21360    9  -999.9  -999.9  -999.9  -999.9  -999.9  -999.9
2021 11 23  0557   59541   21420    0     3.4    -0.0     3.9     5.2    49.6   360.0
2021 11 23  0558   59541   21480    0     3.4     0.3     3.9     5.2    49.2     4.6
2021 11 23  0559   59541   21540    0     3.4     0.4     4.0     5.3    49.7     6.6
2021 11 23  0600   59541   21600    0     3.4     0.8     3.6     5.0    46.2    13.7
2021 11 23  0601   59541   21660    9  -999.9  -999.9  -999.9  -999.9  -999.9  -999.9
2021 11 23  0602   59541   21720    0     3.0     0.4     3.8     4.8    50.8     7.8
2021 11 23  0603   59541   21780    0     2.5    -0.4     4.0     4.8    57.2   350.3
2021 11 23  0604   59541   21840    0     2.5    -1.1     4.1     4.9    56.7   336.7
2021 11 23  0605   59541   21900    0     2.5    -0.7     4.2     4.9    57.9   344.0
2021 11 23  0606   59541   21960    0     1.7    -1.9     4.2     4.9    59.0   311.6
2021 11 23  0607   59541   22020    0     2.1    -1.4     4.4     5.1    59.6   325.9
2021 11 23  0608   59541   22080    0     2.4    -0.8     4.3     5.0    59.2   340.9
2021 11 23  0609   59541   22140    9  -999.9  -999.9  -999.9  -999.9  -999.9  -999.9
2021 11 23  0610   59541   22200    0     1.3    -2.5     4.2     5.1    55.7   297.4
2021 11 23  0611   59541   22260    0     1.7    -2.0     4.4     5.2    58.5   310.5
2021 11 23  0612   59541   22320    0     1.6    -1.4     4.7     5.2    65.6   318.4
2021 11 23  0613   59541   22380    0     1.5    -2.2     4.1     4.9    56.7   304.8
2021 11 23  0614   59541   22440    0     1.9    -2.3     4.0     5.0    53.5   308.6
2021 11 23  0615   59541   22500    0     2.1    -1.9     4.1     5.0    55.3   317.3
2021 11 23  0616   59541   22560    0     2.1    -2.0     4.1     5.0    54.4   316.9
2021 11 23  0617   59541   22620    0     2.5    -1.5     4.0     4.9    54.4   329.4
2021 11 23  0618   59541   22680    0     2.4    -1.6     3.9     4.8    53.6   326.2
2021 11 23  0619   59541   22740    0     2.9    -1.4     3.5     4.7    47.4   334.1
2021 11 23  0620   59541   22800    0     2.7    -1.4     3.8     4.8    51.1   333.6
2021 11 23  0621   59541   22860    0     2.9    -1.2     3.8     4.9    50.5   337.5
2021 11 23  0622   59541   22920    0     2.4    -2.1     3.8     4.9    49.7   318.4
2021 11 23  0623   59541   22980    0     3.1    -0.8     3.7     4.9    49.0   345.2
2021 11 23  0624   59541   23040    0     3.7    -0.1     3.2     4.9    40.4   358.9
2021 11 23  0625   59541   23100    0     3.2    -0.5     3.7     4.9    48.8   350.7
2021 11 23  0626   59541   23160    0     2.2    -1.4     4.5     5.2    60.2   327.6
2021 11 23  0627   59541   23220    0     2.7    -1.0     4.1     5.0    55.0   340.0
2021 11 23  0628   59541   23280    0     2.8    -0.5     4.1     5.0    54.9   349.6
2021 11 23  0629   59541   23340    0     2.9    -0.5     4.1     5.1    54.4   351.0
2021 11 23  0630   59541   23400    0     3.1    -0.4     3.9     5.0    50.9   352.2
2021 11 23  0631   59541   23460    0     3.1    -0.6     3.9     5.0    51.2   348.6
2021 11 23  0632   59541   23520    0     2.9    -0.7     3.9     4.9    52.7   346.0
2021 11 23  0633   59541   23580    0     3.3    -0.8     3.6     4.9    47.2   345.6
2021 11 23  0634   59541   23640    0     3.5    -0.9     3.4     5.0    43.6   346.0
2021 11 23  0635   59541   23700    0     3.5    -0.8     3.2     4.8    41.8   347.3
2021 11 23  0636   59541   23760    0     3.8    -0.5     2.7     4.7    35.3   351.9
2021 11 23  0637   59541   23820    0     3.5    -0.4     3.0     4.7    40.6   353.0
2021 11 23  0638   59541   23880    0     3.4    -0.7     2.9     4.5    39.5   348.8
2021 11 23  0639   59541   23940    0     3.2    -2.1     3.0     4.9    37.6   326.8
2021 11 23  0640   59541   24000    0     3.6    -1.2     3.0     4.8    38.3   342.0
2021 11 23  0641   59541   24060    9  -999.9  -999.9  -999.9  -999.9  -999.9  -999.9
2021 11 23  0642   59541   24120    0     3.9    -0.5     2.6     4.7    33.2   353.1
2021 11 23  0643   59541   24180    0     4.0    -0.3     2.4     4.7    31.1   356.0
2021 11 23  0644   59541   24240    0     4.1     0.1     2.1     4.6    27.1     1.8
2021 11 23  0645   59541   24300    0     4.3     0.9     1.2     4.6    15.2    11.6
2021 11 23  0646   59541   24360    0     4.2     0.9     1.7     4.6    21.9    11.5
2021 11 23  0647   59541   24420    0     4.2     0.6     1.8     4.6    22.4     7.7
2021 11 23  0648   59541   24480    0     4.2     0.7     1.5     4.5    19.8    10.0
2021 11 23  0649   59541   24540    0     4.0     0.9     1.7     4.5    22.6    12.3
2021 11 23  0650   59541   24600    0     4.2     1.1     0.9     4.5    11.9    14.6
2021 11 23  0651   59541   24660    0     4.1     1.3    -0.0     4.3    -0.6    17.3
2021 11 23  0652   59541   24720    0     3.4     1.9    -2.5     4.6   -32.9    29.1
2021 11 23  0653   59541   24780    0     3.3     1.8    -2.2     4.4   -29.9    28.8
2021 11 23  0654   59541   24840    0     3.5     1.9    -2.1     4.5   -27.5    28.5
2021 11 23  0655   59541   24900    0     3.8     2.2    -1.7     4.8   -21.6    29.9
2021 11 23  0656   59541   24960    0     3.9     2.1    -1.6     4.7   -19.5    28.5
2021 11 23  0657   59541   25020    0     4.3     1.6    -0.4     4.6    -5.0    20.0
2021 11 23  0658   59541   25080    0     4.3     1.5    -0.4     4.6    -4.7    19.9
2021 11 23  0659   59541   25140    0     4.3     1.6    -0.3     4.6    -3.1    20.9
2021 11 23  0700   59541   25200    0     4.2     1.9    -0.6     4.7    -7.7    23.6
2021 11 23  0701   59541   25260    9  -999.9  -999.9  -999.9  -999.9  -999.9  -999.9
2021 11 23  0702   59541   25320    0     4.0     2.5    -1.4     4.9   -16.8    32.0
2021 11 23  0703   59541   25380    0     3.9     2.7    -1.7     5.0   -19.7    34.5
2021 11 23  0704   59541   25440    0     3.7     2.8    -1.9     5.0   -22.7    37.0
2021 11 23  0705   59541   25500    0     3.4     2.8    -2.3     5.0   -27.2    39.3
2021 11 23  0706   59541   25560    0     3.4     3.0    -2.2     5.0   -26.5    41.4
2021 11 23  0707   59541   25620    0     3.3     2.9    -2.3     4.9   -28.2    41.2
2021 11 23  0708   59541   25680    0     3.4     2.9    -2.1     4.9   -24.9    40.6
2021 11 23  0709   59541   25740    0     3.5     2.8    -1.7     4.8   -20.6    38.2
2021 11 23  0710   59541   25800    0     3.8     2.5    -1.3     4.8   -15.8    33.4
2021 11 23  0711   59541   25860    0     4.0     2.5    -0.5     4.7    -6.4    31.7
2021 11 23  0712   59541   25920    0     4.0     2.4    -0.6     4.7    -7.8    30.9
2021 11 23  0713   59541   25980    0     4.1     2.4    -0.8     4.8   -10.0    30.4
2021 11 23  0714   59541   26040    0     3.9     2.5    -1.1     4.7   -13.9    32.5
2021 11 23  0715   59541   26100    0     4.0     2.3    -1.5     4.9   -17.6    29.6
2021 11 23  0716   59541   26160    0     3.9     2.7    -1.2     4.9   -14.5    34.5
2021 11 23  0717   59541   26220    9  -999.9  -999.9  -999.9  -999.9  -999.9  -999.9
2021 11 23  0718   59541   26280    0     3.5     3.2    -1.6     5.0   -18.7    41.8
2021 11 23  0719   59541   26340    0     3.6     2.8    -2.0     4.9   -23.5    38.0
2021 11 23  0720   59541   26400    0     2.7     3.5     0.2     4.5     3.2    52.7
2021 11 23  0721   59541   26460    9  -999.9  -999.9  -999.9  -999.9  -999.9  -999.9
2021 11 23  0722   59541   26520    0     2.9     3.3    -0.5     4.5    -6.9    48.7
2021 11 23  0723   59541   26580    0     3.2     3.2    -1.2     4.7   -14.7    44.8
2021 11 23  0724   59541   26640    0     3.1     3.1    -1.6     4.7   -20.4    45.0
2021 11 23  0725   59541   26700    0     3.3     3.2    -2.0     5.0   -23.7    43.3
2021 11 23  0726   59541   26760    0     3.1     3.2    -2.3     5.1   -27.2    45.7
2021 11 23  0727   59541   26820    0     3.0     3.2    -2.5     5.0   -29.9    47.4
2021 11 23  0728   59541   26880    0     2.4     3.1    -2.6     4.7   -33.7    52.3
2021 11 23  0729   59541   26940    0     2.5     3.4    -2.9     5.1   -34.8    53.9
2021 11 23  0730   59541   27000    0     2.6     3.2    -2.8     5.0   -33.8    50.7
2021 11 23  0731   59541   27060    0     2.7     3.2    -2.7     5.0   -32.4    49.7
2021 11 23  0732   59541   27120    0     2.0     3.8    -2.2     4.8   -27.0    63.0
2021 11 23  0733   59541   27180    0     2.7     3.2    -2.7     5.0   -33.3    50.2
2021 11 23  0734   59541   27240    0     2.6     3.3    -2.6     5.0   -31.6    52.2
2021 11 23  0735   59541   27300    0     2.7     3.1    -2.5     4.8   -30.6    49.2
2021 11 23  0736   59541   27360    0     2.6     3.1    -2.5     4.8   -32.3    49.7
2021 11 23  0737   59541   27420    0     2.9     2.5    -2.8     4.7   -35.6    41.0
2021 11 23  0738   59541   27480    0     2.8     2.5    -2.4     4.5   -32.4    41.8
2021 11 23  0739   59541   27540    0     2.6     3.1    -1.3     4.3   -17.2    49.9
2021 11 23  0740   59541   27600    0     3.0     2.9    -1.0     4.3   -13.1    44.1
2021 11 23  0741   59541   27660    0     2.9     2.7    -1.3     4.2   -17.5    42.9
2021 11 23  0742   59541   27720    0     2.9     2.6    -1.7     4.2   -24.2    41.7
2021 11 23  0743   59541   27780    0     3.0     2.7    -1.0     4.1   -14.7    42.0
2021 11 23  0744   59541   27840    9  -999.9  -999.9  -999.9  -999.9  -999.9  -999.9
2021 11 23  0745   59541   27900    9  -999.9  -999.9  -999.9  -999.9  -999.9  -999.9
2021 11 23  0746   59541   27960    9  -999.9  -999.9  -999.9  -999.9  -999.9  -999.9
2021 11 23  0747   59541   28020    9  -999.9  -999.9  -999.9  -999.9  -999.9  -999.9
2021 11 23  0748   59541   28080    9  -999.9  -999.9  -999.9  -999.9  -999.9  -999.9
2021 11 23  0749   59541   28140    0     2.8     2.4    -2.4     4.4   -33.3    39.7
2021 11 23  0750   59541   28200    0     2.7     2.7    -1.8     4.2   -25.1    45.3
2021 11 23  0751   59541   28260    9  -999.9  -999.9  -999.9  -999.9  -999.9  -999.9
2021 11 23  0752   59541   28320    9  -999.9  -999.9  -999.9  -999.9  -999.9  -999.9
2021 11 23  0753   59541   28380    0     1.0    -1.2    -2.3     2.8   -57.1   309.1
2021 11 23  0754   59541   28440    0    -0.1    -3.4    -1.4     3.7   -22.5   268.1
2021 11 23  0755   59541   28500    0     0.9    -0.9    -2.3     2.7   -61.5   315.5
2021 11 23  0756   59541   28560    0     1.8    -0.4    -3.4     3.9   -61.1   346.2
2021 11 23  0757   59541   28620    0     2.1    -0.9    -3.1     3.9   -54.2   335.3
2021 11 23  0758   59541   28680    9  -999.9  -999.9  -999.9  -999.9  -999.9  -999.9
2021 11 23  0759   59541   28740    9  -999.9  -999.9  -999.9  -999.9  -999.9  -999.9
2021 11 23  0800   59541   28800    0     3.2     0.1    -2.5     4.1   -38.5     1.9
2021 11 23  0801   59541   28860    9  -999.9  -999.9  -999.9  -999.9  -999.9  -999.9
2021 11 23  0802   59541   28920    9  -999.9  -999.9  -999.9  -999.9  -999.9  -999.9
2021 11 23  0803   59541   28980    0     3.5     1.4    -1.4     4.0   -21.0    21.5
2021 11 23  0804   59541   29040    0     3.2     1.4    -1.9     4.0   -28.3    23.8
2021 11 23  0805   59541   29100    0     3.2     1.5    -1.9     4.0   -28.4    24.9
2021 11 23  0806   59541   29160    0     2.9     1.9    -1.9     4.0   -28.9    33.0
2021 11 23  0807   59541   29220    0     2.6     2.3    -2.1     4.1   -30.8    42.1
2021 11 23  0808   59541   29280    0     2.2     2.7    -2.1     4.1   -31.9    50.3
2021 11 23  0809   59541   29340    0     2.5     2.2    -2.3     4.0   -34.4    41.5
2021 11 23  0810   59541   29400    0     2.6     1.8    -2.6     4.1   -39.3    34.7
2021 11 23  0811   59541   29460    0     3.1     2.1    -1.7     4.1   -24.8    33.8
2021 11 23  0812   59541   29520    0     3.1     2.8    -0.7     4.2    -9.4    42.3
2021 11 23  0813   59541   29580    0     1.7     1.7    -2.9     3.8   -49.7    45.0
2021 11 23  0814   59541   29640    0     1.9     2.2    -2.5     3.9   -40.8    48.4
2021 11 23  0815   59541   29700    0     2.3     2.1    -2.1     3.7   -34.5    42.7
2021 11 23  0816   59541   29760    0     2.7     1.9    -1.9     3.8   -29.6    34.8
2021 11 23  0817   59541   29820    9  -999.9  -999.9  -999.9  -999.9  -999.9  -999.9
2021 11 23  0818   59541   29880    9  -999.9  -999.9  -999.9  -999.9  -999.9  -999.9
2021 11 23  0819   59541   29940    9  -999.9  -999.9  -999.9  -999.9  -999.9  -999.9
2021 11 23  0820   59541   30000    9  -999.9  -999.9  -999.9  -999.9  -999.9  -999.9
2021 11 23  0821   59541   30060    9  -999.9  -999.9  -999.9  -999.9  -999.9  -999.9
2021 11 23  0822   59541   30120    0    -0.3    -0.3    -4.4     4.4   -84.4   229.9
2021 11 23  0823   59541   30180    9  -999.9  -999.9  -999.9  -999.9  -999.9  -999.9
2021 11 23  0824   59541   30240    0     3.3     1.9    -1.9     4.2   -26.3    29.5
2021 11 23  0825   59541   30300    9  -999.9  -999.9  -999.9  -999.9  -999.9  -999.9
2021 11 23  0826   59541   30360    0     3.3     2.4    -1.3     4.3   -17.4    36.1
2021 11 23  0827   59541   30420    0    -0.6     0.7    -4.7     4.8   -79.0   131.9
2021 11 23  0828   59541   30480    0    -1.2     0.4    -4.8     4.9   -75.5   161.2
2021 11 23  0829   59541   30540    0     0.4     1.9    -4.0     4.5   -63.7    79.3
2021 11 23  0830   59541   30600    0     1.0     1.4    -4.0     4.4   -66.3    53.7
2021 11 23  0831   59541   30660    0     0.8     0.1    -4.4     4.4   -79.4     8.5
2021 11 23  0832   59541   30720    0     0.4    -0.3    -4.5     4.6   -83.6   323.4
2021 11 23  0833   59541   30780    0     1.0    -0.0    -4.4     4.5   -76.9   359.1
2021 11 23  0834   59541   30840    0     1.6     0.2    -3.9     4.2   -67.1     7.6
2021 11 23  0835   59541   30900    0     2.9     0.5    -2.6     3.9   -40.9    10.0
2021 11 23  0836   59541   30960    0     3.4     0.8    -1.6     3.8   -24.8    13.1
2021 11 23  0837   59541   31020    9  -999.9  -999.9  -999.9  -999.9  -999.9  -999.9
2021 11 23  0838   59541   31080    9  -999.9  -999.9  -999.9  -999.9  -999.9  -999.9
2021 11 23  0839   59541   31140    0     3.9    -0.0    -1.4     4.2   -19.7   359.7
2021 11 23  0840   59541   31200    0     3.9     0.1    -1.4     4.2   -20.0     1.5
2021 11 23  0841   59541   31260    0     3.9     0.1    -1.7     4.2   -23.2     1.0
2021 11 23  0842   59541   31320    0     3.9    -0.0    -1.7     4.2   -23.3   359.9
2021 11 23  0843   59541   31380    0     3.9     0.1    -1.7     4.2   -23.9     1.5
2021 11 23  0844   59541   31440    0     4.1    -0.7    -1.6     4.4   -21.6   350.0
2021 11 23  0845   59541   31500    9  -999.9  -999.9  -999.9  -999.9  -999.9  -999.9
2021 11 23  0846   59541   31560    0     3.9    -0.1    -2.0     4.4   -26.4   358.3
2021 11 23  0847   59541   31620    0     3.9    -0.1    -2.0     4.3   -27.2   358.8
2021 11 23  0848   59541   31680    0     3.8    -0.2    -1.9     4.3   -26.9   357.5
2021 11 23  0849   59541   31740    9  -999.9  -999.9  -999.9  -999.9  -999.9  -999.9
2021 11 23  0850   59541   31800    0     4.0     0.2    -1.6     4.3   -22.4     2.5
2021 11 23  0851   59541   31860    0     4.1     0.4    -1.8     4.5   -23.2     5.6
2021 11 23  0852   59541   31920    0     4.1     0.4    -1.7     4.5   -22.6     6.0
2021 11 23  0853   59541   31980    9  -999.9  -999.9  -999.9  -999.9  -999.9  -999.9
2021 11 23  0854   59541   32040    9  -999.9  -999.9  -999.9  -999.9  -999.9  -999.9
2021 11 23  0855   59541   32100    9  -999.9  -999.9  -999.9  -999.9  -999.9  -999.9
2021 11 23  0856   59541   32160    0     4.3     0.0    -1.2     4.5   -15.1     0.1
2021 11 23  0857   59541   32220    0     4.2     0.2    -1.2     4.3   -15.7     2.2
2021 11 23  0858   59541   32280    9  -999.9  -999.9  -999.9  -999.9  -999.9  -999.9
2021 11 23  0859   59541   32340    9  -999.9  -999.9  -999.9  -999.9  -999.9  -999.9
2021 11 23  0900   59541   32400    0     3.9     1.1    -1.8     4.4   -23.2    16.3
2021 11 23  0901   59541   32460    9  -999.9  -999.9  -999.9  -999.9  -999.9  -999.9
2021 11 23  0902   59541   32520    9  -999.9  -999.9  -999.9  -999.9  -999.9  -999.9
2021 11 23  0903   59541   32580    0     4.1     1.6    -1.1     4.5   -13.9    20.8
2021 11 23  0904   59541   32640    0     4.1     1.7    -0.8     4.5   -10.8    22.9
2021 11 23  0905   59541   32700    0     4.0     2.1    -0.4     4.5    -4.9    28.1
2021 11 23  0906   59541   32760    9  -999.9  -999.9  -999.9  -999.9  -999.9  -999.9
2021 11 23  0907   59541   32820    9  -999.9  -999.9  -999.9  -999.9  -999.9  -999.9
2021 11 23  0908   59541   32880    0     3.5     1.1    -2.9     4.7   -38.6    16.7
2021 11 23  0909   59541   32940    9  -999.9  -999.9  -999.9  -999.9  -999.9  -999.9
2021 11 23  0910   59541   33000    0     3.6     1.4    -2.4     4.6   -32.5    20.8
2021 11 23  0911   59541   33060    0     3.7     1.6    -1.7     4.4   -23.0    23.9
2021 11 23  0912   59541   33120    0     3.9     1.7    -1.1     4.4   -15.1    23.3
2021 11 23  0913   59541   33180    0     3.9     1.8    -0.5     4.3    -6.6    24.6
2021 11 23  0914   59541   33240    0     3.8     2.0    -0.5     4.3    -6.0    27.2
2021 11 23  0915   59541   33300    0     3.9     1.7    -0.2     4.3    -3.0    23.7
2021 11 23  0916   59541   33360    0     3.8     1.5    -1.3     4.3   -17.3    21.3
2021 11 23  0917   59541   33420    0     3.5     1.9    -1.8     4.4   -24.6    29.1
2021 11 23  0918   59541   33480    0     3.6     1.9    -1.9     4.6   -25.2    28.2
2021 11 23  0919   59541   33540    0     3.3     2.6    -1.5     4.5   -19.9    38.2
2021 11 23  0920   59541   33600    0     3.4     2.9    -1.4     4.7   -17.1    40.8
2021 11 23  0921   59541   33660    0     3.5     2.3    -2.1     4.7   -27.0    32.6
2021 11 23  0922   59541   33720    0     3.3     2.2    -2.3     4.6   -29.6    33.3
2021 11 23  0923   59541   33780    0     1.6     0.1    -3.0     3.4   -62.4     4.6
2021 11 23  0924   59541   33840    0     1.9     0.4    -3.9     4.3   -63.6    10.9
2021 11 23  0925   59541   33900    0     2.4     1.1    -3.3     4.2   -51.4    25.0
2021 11 23  0926   59541   33960    0     1.9     0.2    -3.7     4.1   -62.5     4.8
2021 11 23  0927   59541   34020    0     1.8     0.7    -3.8     4.3   -63.2    22.3
2021 11 23  0928   59541   34080    0     1.9     1.1    -3.6     4.2   -58.8    29.7
2021 11 23  0929   59541   34140    0     1.8     0.9    -3.5     4.0   -59.5    25.7
2021 11 23  0930   59541   34200    0     1.7     0.8    -3.5     3.9   -62.1    24.3
2021 11 23  0931   59541   34260    0     2.7     1.7    -2.9     4.3   -42.9    32.5
2021 11 23  0932   59541   34320    0     3.1     2.5    -1.1     4.1   -15.2    39.5
2021 11 23  0933   59541   34380    0     3.1     2.9    -0.4     4.2    -5.2    43.1
2021 11 23  0934   59541   34440    0     2.8     3.1    -0.3     4.2    -4.7    48.1
2021 11 23  0935   59541   34500    0     3.0     3.1    -0.4     4.3    -5.2    46.1
2021 11 23  0936   59541   34560    0     3.5     2.6    -0.4     4.4    -5.5    36.8
2021 11 23  0937   59541   34620    0     3.4     2.6    -0.6     4.3    -7.3    37.5
2021 11 23  0938   59541   34680    0     3.6     2.2    -1.0     4.3   -13.7    32.3
2021 11 23  0939   59541   34740    0     3.5     2.3    -1.7     4.5   -21.7    33.0
2021 11 23  0940   59541   34800    0     3.5     2.2    -1.0     4.3   -13.4    32.3
2021 11 23  0941   59541   34860    0     3.6     2.1    -0.4     4.2    -5.8    29.9
2021 11 23  0942   59541   34920    0     3.3     2.5     0.6     4.2     7.6    36.7
2021 11 23  0943   59541   34980    0     3.5     2.3    -0.1     4.2    -1.8    33.7
2021 11 23  0944   59541   35040    0     3.5     2.2    -0.3     4.1    -4.0    32.9
2021 11 23  0945   59541   35100    0     3.5     1.9     0.1     4.0     0.9    27.7
2021 11 23  0946   59541   35160    0     3.6     1.9    -0.1     4.1    -1.9    27.6
2021 11 23  0947   59541   35220    0     3.4     2.3    -0.4     4.1    -5.6    33.8
2021 11 23  0948   59541   35280    0     3.5     2.0     0.3     4.0     3.6    30.0
2021 11 23  0949   59541   35340    0     3.5     1.9     0.4     4.0     5.1    28.0
2021 11 23  0950   59541   35400    0     3.3     2.2    -0.1     4.0    -1.9    34.1
2021 11 23  0951   59541   35460    0     3.2     2.4    -0.3     4.0    -4.1    37.2
2021 11 23  0952   59541   35520    0     3.1     2.6    -0.5     4.1    -6.6    39.9
2021 11 23  0953   59541   35580    0     3.2     2.4    -0.4     4.0    -6.0    37.7
2021 11 23  0954   59541   35640    0     3.2     2.4    -0.5     4.1    -6.8    37.3
2021 11 23  0955   59541   35700    0     3.2     2.3    -0.5     3.9    -7.3    36.0
2021 11 23  0956   59541   35760    0     3.2     2.3    -0.5     4.0    -6.8    35.7
2021 11 23  0957   59541   35820    0     3.3     2.1    -0.6     4.0    -8.0    33.1
2021 11 23  0958   59541   35880    0     3.4     2.0    -0.4     4.0    -5.5    30.9
2021 11 23  0959   59541   35940    0     3.2     2.0    -0.5     3.8    -7.3    31.3
