:Data_list: 20210103_ace_epam_5m.txt
:Created: 2021 Jan 03 1001 UT
# Prepared by the U.S. Dept. of Commerce, NOAA, Space Weather Prediction Center
# Please send comments and suggestions to SWPC.Webmaster@noaa.gov 
# 
# Units: Differential Flux particles/cm2-s-ster-MeV
# Units: Anisotropy Index 0.0 - 2.0
# Status(S): 0 = nominal, 4,6,7,8 = bad data, unable to process, 9 = no data
# Missing data values: -1.00e+05, index = -1.00
# Source: ACE Satellite - Electron, Proton, and Alpha Monitor
#
#
#                      5-minute averaged Real-time Differential Electron and Proton Flux 
# 
#                Modified Seconds ---------------------------- Differential Flux ---------------------------
# UT Date   Time  Julian  of the  ----- Electron -----   ------------------- Protons keV -------------------   Anis.
# YR MO DA  HHMM    Day    Day    S    38-53   175-315   S    47-68   115-195   310-580   795-1193 1060-1900   Index
#-------------------------------------------------------------------------------------------------------------------
2021 01 03  0000   59217       0  0  1.23e+03  3.16e+01  0  4.49e+03  2.15e+01  3.03e+00  8.07e-01  1.88e-01  -1.00
2021 01 03  0005   59217     300  0  9.96e+02  3.12e+01  0  4.28e+03  2.05e+01  3.03e+00  6.65e-01  1.61e-01  -1.00
2021 01 03  0010   59217     600  0  1.02e+03  3.40e+01  0  4.26e+03  1.89e+01  2.78e+00  8.10e-01  1.69e-01  -1.00
2021 01 03  0015   59217     900  0  1.02e+03  3.31e+01  0  4.16e+03  2.28e+01  2.83e+00  5.78e-01  1.46e-01  -1.00
2021 01 03  0020   59217    1200  0  1.22e+03  3.17e+01  0  4.30e+03  1.90e+01  2.75e+00  6.51e-01  1.54e-01  -1.00
2021 01 03  0025   59217    1500  0  9.33e+02  3.35e+01  0  4.36e+03  2.38e+01  2.52e+00  6.71e-01  1.86e-01  -1.00
2021 01 03  0030   59217    1800  0  1.03e+03  3.46e+01  0  4.02e+03  2.47e+01  2.87e+00  6.46e-01  2.13e-01  -1.00
2021 01 03  0035   59217    2100  0  1.21e+03  3.22e+01  0  4.33e+03  2.06e+01  2.93e+00  5.90e-01  2.32e-01  -1.00
2021 01 03  0040   59217    2400  0  9.75e+02  2.34e+01  0  4.31e+03  1.92e+01  2.78e+00  8.52e-01  1.99e-01  -1.00
2021 01 03  0045   59217    2700  0  1.02e+03  2.90e+01  0  4.26e+03  2.26e+01  2.70e+00  6.16e-01  2.08e-01  -1.00
2021 01 03  0050   59217    3000  0  1.23e+03  2.98e+01  0  4.39e+03  1.98e+01  2.66e+00  8.38e-01  1.72e-01  -1.00
2021 01 03  0055   59217    3300  0  1.02e+03  3.24e+01  0  4.21e+03  1.89e+01  2.18e+00  5.98e-01  2.14e-01  -1.00
2021 01 03  0100   59217    3600  0  9.41e+02  3.30e+01  0  4.28e+03  2.10e+01  3.03e+00  6.13e-01  1.73e-01  -1.00
2021 01 03  0105   59217    3900  0  1.04e+03  3.63e+01  0  4.07e+03  2.21e+01  2.64e+00  9.63e-01  1.42e-01  -1.00
2021 01 03  0110   59217    4200  0  1.34e+03  3.31e+01  0  4.41e+03  1.97e+01  2.94e+00  6.96e-01  1.82e-01  -1.00
2021 01 03  0115   59217    4500  0  1.04e+03  3.77e+01  0  4.29e+03  2.11e+01  2.91e+00  8.19e-01  1.60e-01  -1.00
2021 01 03  0120   59217    4800  0  1.09e+03  3.23e+01  0  4.17e+03  2.07e+01  2.75e+00  8.41e-01  1.50e-01  -1.00
2021 01 03  0125   59217    5100  0  1.20e+03  2.56e+01  0  4.26e+03  2.10e+01  2.58e+00  6.08e-01  2.13e-01  -1.00
2021 01 03  0130   59217    5400  0  1.01e+03  3.05e+01  0  4.32e+03  2.25e+01  2.91e+00  6.94e-01  2.08e-01  -1.00
2021 01 03  0135   59217    5700  0  1.11e+03  3.50e+01  0  4.25e+03  2.12e+01  2.60e+00  5.75e-01  7.96e-02  -1.00
2021 01 03  0140   59217    6000  0  1.09e+03  3.36e+01  0  4.16e+03  2.09e+01  2.74e+00  7.97e-01  1.68e-01  -1.00
2021 01 03  0145   59217    6300  0  1.21e+03  3.38e+01  0  4.35e+03  2.14e+01  2.61e+00  9.82e-01  1.97e-01  -1.00
2021 01 03  0150   59217    6600  0  9.71e+02  3.13e+01  0  4.39e+03  2.40e+01  3.20e+00  6.14e-01  2.41e-01  -1.00
2021 01 03  0155   59217    6900  0  9.88e+02  3.40e+01  0  4.04e+03  2.08e+01  2.45e+00  7.31e-01  1.12e-01  -1.00
2021 01 03  0200   59217    7200  0  1.31e+03  3.50e+01  0  4.24e+03  2.19e+01  2.87e+00  7.15e-01  1.84e-01  -1.00
2021 01 03  0205   59217    7500  0  1.07e+03  3.35e+01  0  4.25e+03  1.94e+01  2.64e+00  6.39e-01  1.95e-01  -1.00
2021 01 03  0210   59217    7800  0  1.02e+03  3.32e+01  0  4.16e+03  2.14e+01  2.87e+00  6.51e-01  1.74e-01  -1.00
2021 01 03  0215   59217    8100  0  1.20e+03  3.50e+01  0  4.22e+03  2.15e+01  3.31e+00  6.42e-01  1.75e-01  -1.00
2021 01 03  0220   59217    8400  0  1.14e+03  3.25e+01  0  4.42e+03  2.04e+01  3.07e+00  8.86e-01  8.93e-02  -1.00
2021 01 03  0225   59217    8700  0  9.70e+02  3.29e+01  0  4.29e+03  2.11e+01  2.83e+00  7.61e-01  1.16e-01  -1.00
2021 01 03  0230   59217    9000  0  1.11e+03  3.42e+01  0  4.03e+03  2.22e+01  2.74e+00  7.05e-01  2.35e-01  -1.00
2021 01 03  0235   59217    9300  0  1.35e+03  3.00e+01  0  4.37e+03  1.95e+01  2.94e+00  9.56e-01  2.09e-01  -1.00
2021 01 03  0240   59217    9600  0  1.01e+03  3.23e+01  0  4.30e+03  1.90e+01  2.68e+00  6.91e-01  1.69e-01  -1.00
2021 01 03  0245   59217    9900  0  9.89e+02  2.80e+01  0  4.15e+03  2.15e+01  2.62e+00  7.88e-01  1.61e-01  -1.00
2021 01 03  0250   59217   10200  0  1.19e+03  2.89e+01  0  4.33e+03  2.35e+01  2.73e+00  6.93e-01  1.86e-01  -1.00
2021 01 03  0255   59217   10500  0  9.99e+02  3.48e+01  0  4.31e+03  2.32e+01  3.10e+00  8.19e-01  2.28e-01  -1.00
2021 01 03  0300   59217   10800  0  1.14e+03  3.13e+01  0  4.33e+03  2.06e+01  2.71e+00  7.07e-01  1.49e-01  -1.00
2021 01 03  0305   59217   11100  0  1.16e+03  2.88e+01  0  4.05e+03  2.28e+01  2.22e+00  7.47e-01  1.22e-01  -1.00
2021 01 03  0310   59217   11400  0  1.33e+03  3.39e+01  0  4.37e+03  1.90e+01  2.88e+00  5.98e-01  2.11e-01  -1.00
2021 01 03  0315   59217   11700  0  9.88e+02  3.17e+01  0  4.37e+03  1.98e+01  2.63e+00  7.30e-01  1.82e-01  -1.00
2021 01 03  0320   59217   12000  0  1.06e+03  3.50e+01  0  3.98e+03  2.42e+01  2.31e+00  7.88e-01  2.24e-01  -1.00
2021 01 03  0325   59217   12300  0  1.29e+03  3.32e+01  0  4.31e+03  2.19e+01  2.88e+00  9.30e-01  1.64e-01  -1.00
2021 01 03  0330   59217   12600  0  1.04e+03  3.41e+01  0  4.18e+03  2.17e+01  2.88e+00  5.54e-01  1.25e-01  -1.00
2021 01 03  0335   59217   12900  0  1.04e+03  3.30e+01  0  4.30e+03  2.00e+01  2.97e+00  6.73e-01  9.30e-02  -1.00
2021 01 03  0340   59217   13200  0  1.16e+03  3.80e+01  0  4.17e+03  2.10e+01  2.81e+00  7.09e-01  1.52e-01  -1.00
2021 01 03  0345   59217   13500  0  1.08e+03  2.94e+01  0  4.30e+03  1.86e+01  2.81e+00  7.55e-01  9.48e-02  -1.00
2021 01 03  0350   59217   13800  0  1.09e+03  2.71e+01  0  4.29e+03  1.85e+01  2.84e+00  7.21e-01  2.08e-01  -1.00
2021 01 03  0355   59217   14100  0  1.11e+03  3.17e+01  0  4.03e+03  2.02e+01  2.86e+00  6.56e-01  2.46e-01  -1.00
2021 01 03  0400   59217   14400  0  1.21e+03  2.89e+01  0  4.29e+03  2.42e+01  2.46e+00  7.92e-01  1.56e-01  -1.00
2021 01 03  0405   59217   14700  0  1.04e+03  3.29e+01  0  4.48e+03  2.11e+01  3.10e+00  7.01e-01  1.40e-01  -1.00
2021 01 03  0410   59217   15000  0  1.03e+03  3.29e+01  0  4.20e+03  1.90e+01  2.39e+00  6.06e-01  1.43e-01  -1.00
2021 01 03  0415   59217   15300  0  1.35e+03  3.37e+01  0  4.33e+03  2.19e+01  2.66e+00  4.46e-01  2.34e-01  -1.00
2021 01 03  0420   59217   15600  0  1.22e+03  3.26e+01  0  4.35e+03  2.29e+01  2.87e+00  6.71e-01  1.83e-01  -1.00
2021 01 03  0425   59217   15900  0  1.10e+03  3.25e+01  0  4.18e+03  2.28e+01  2.29e+00  1.05e+00  1.21e-01  -1.00
2021 01 03  0430   59217   16200  0  1.06e+03  3.19e+01  0  4.02e+03  2.14e+01  3.47e+00  6.86e-01  1.43e-01  -1.00
2021 01 03  0435   59217   16500  0  1.33e+03  3.33e+01  0  4.40e+03  2.34e+01  2.18e+00  6.11e-01  1.24e-01  -1.00
2021 01 03  0440   59217   16800  0  1.12e+03  2.88e+01  0  4.39e+03  2.27e+01  2.68e+00  9.81e-01  1.61e-01  -1.00
2021 01 03  0445   59217   17100  0  1.08e+03  2.90e+01  0  4.11e+03  2.20e+01  2.50e+00  7.50e-01  1.74e-01  -1.00
2021 01 03  0450   59217   17400  0  1.47e+03  3.28e+01  0  4.33e+03  2.30e+01  2.71e+00  7.34e-01  2.34e-01  -1.00
2021 01 03  0455   59217   17700  0  1.13e+03  3.35e+01  0  4.26e+03  2.06e+01  2.59e+00  8.95e-01  1.76e-01  -1.00
2021 01 03  0500   59217   18000  0  1.12e+03  3.29e+01  0  4.28e+03  2.01e+01  3.27e+00  7.00e-01  1.77e-01  -1.00
2021 01 03  0505   59217   18300  0  1.28e+03  3.31e+01  0  4.21e+03  1.96e+01  2.83e+00  9.75e-01  2.22e-01  -1.00
2021 01 03  0510   59217   18600  0  1.22e+03  3.11e+01  0  4.35e+03  2.08e+01  2.82e+00  7.75e-01  1.37e-01  -1.00
2021 01 03  0515   59217   18900  0  1.20e+03  2.97e+01  0  4.23e+03  2.21e+01  2.78e+00  8.83e-01  1.16e-01  -1.00
2021 01 03  0520   59217   19200  0  1.02e+03  3.78e+01  0  4.02e+03  2.20e+01  3.13e+00  8.22e-01  2.00e-01  -1.00
2021 01 03  0525   59217   19500  0  1.29e+03  3.02e+01  0  4.34e+03  2.01e+01  2.47e+00  6.76e-01  2.19e-01  -1.00
2021 01 03  0530   59217   19800  0  1.08e+03  3.54e+01  0  4.35e+03  2.07e+01  2.62e+00  5.50e-01  2.06e-01  -1.00
2021 01 03  0535   59217   20100  0  1.04e+03  3.39e+01  0  4.21e+03  2.30e+01  2.69e+00  5.30e-01  1.87e-01  -1.00
2021 01 03  0540   59217   20400  0  1.24e+03  3.18e+01  0  4.28e+03  2.18e+01  2.65e+00  7.24e-01  2.59e-01  -1.00
2021 01 03  0545   59217   20700  0  1.04e+03  3.07e+01  0  4.32e+03  1.80e+01  2.64e+00  8.75e-01  1.55e-01  -1.00
2021 01 03  0550   59217   21000  0  9.58e+02  3.38e+01  0  4.25e+03  2.20e+01  2.69e+00  4.98e-01  2.19e-01  -1.00
2021 01 03  0555   59217   21300  0  1.05e+03  3.18e+01  0  4.08e+03  2.16e+01  2.40e+00  7.56e-01  1.35e-01  -1.00
2021 01 03  0600   59217   21600  0  1.17e+03  3.45e+01  0  4.37e+03  2.26e+01  3.03e+00  8.95e-01  1.18e-01  -1.00
2021 01 03  0605   59217   21900  0  1.06e+03  3.05e+01  0  4.29e+03  2.11e+01  2.70e+00  5.63e-01  1.64e-01  -1.00
2021 01 03  0610   59217   22200  0  1.06e+03  3.26e+01  0  4.16e+03  2.07e+01  2.52e+00  6.37e-01  2.00e-01  -1.00
2021 01 03  0615   59217   22500  0  1.31e+03  3.15e+01  0  4.27e+03  2.03e+01  2.46e+00  6.38e-01  2.55e-01  -1.00
2021 01 03  0620   59217   22800  0  9.14e+02  2.68e+01  0  4.25e+03  2.23e+01  2.63e+00  7.49e-01  1.99e-01  -1.00
2021 01 03  0625   59217   23100  0  9.28e+02  3.17e+01  0  4.23e+03  2.10e+01  2.94e+00  9.12e-01  2.77e-01  -1.00
2021 01 03  0630   59217   23400  0  1.16e+03  2.83e+01  0  4.16e+03  1.74e+01  2.53e+00  7.97e-01  2.38e-01  -1.00
2021 01 03  0635   59217   23700  0  1.23e+03  3.51e+01  0  4.30e+03  2.12e+01  2.79e+00  5.75e-01  1.67e-01  -1.00
2021 01 03  0640   59217   24000  0  1.08e+03  3.10e+01  0  4.40e+03  2.16e+01  3.10e+00  7.97e-01  2.56e-01  -1.00
2021 01 03  0645   59217   24300  0  9.83e+02  3.29e+01  0  4.01e+03  2.45e+01  2.89e+00  7.94e-01  1.50e-01  -1.00
2021 01 03  0650   59217   24600  0  1.31e+03  3.34e+01  0  4.30e+03  2.21e+01  2.46e+00  6.58e-01  1.83e-01  -1.00
2021 01 03  0655   59217   24900  0  1.14e+03  3.38e+01  0  4.29e+03  2.22e+01  2.91e+00  8.96e-01  1.98e-01  -1.00
2021 01 03  0700   59217   25200  0  1.02e+03  3.36e+01  0  4.27e+03  2.41e+01  2.64e+00  5.98e-01  3.02e-01  -1.00
2021 01 03  0705   59217   25500  0  1.19e+03  2.94e+01  0  4.14e+03  2.08e+01  2.57e+00  7.13e-01  1.65e-01  -1.00
2021 01 03  0710   59217   25800  0  1.20e+03  3.25e+01  0  4.39e+03  2.23e+01  2.34e+00  5.67e-01  2.07e-01  -1.00
2021 01 03  0715   59217   26100  0  1.06e+03  3.00e+01  0  4.13e+03  2.25e+01  2.65e+00  9.00e-01  1.71e-01  -1.00
2021 01 03  0720   59217   26400  0  1.01e+03  3.52e+01  0  4.07e+03  2.23e+01  2.50e+00  7.47e-01  2.29e-01  -1.00
2021 01 03  0725   59217   26700  0  1.32e+03  2.94e+01  0  4.26e+03  2.03e+01  2.06e+00  9.29e-01  1.79e-01  -1.00
2021 01 03  0730   59217   27000  0  1.01e+03  3.18e+01  0  4.43e+03  2.14e+01  2.14e+00  9.55e-01  1.99e-01  -1.00
2021 01 03  0735   59217   27300  0  1.08e+03  3.41e+01  0  4.16e+03  1.97e+01  2.57e+00  7.25e-01  2.40e-01  -1.00
2021 01 03  0740   59217   27600  0  1.33e+03  3.13e+01  0  4.30e+03  1.95e+01  2.90e+00  7.76e-01  2.14e-01  -1.00
2021 01 03  0745   59217   27900  0  1.06e+03  3.17e+01  0  4.34e+03  2.12e+01  2.77e+00  8.03e-01  1.65e-01  -1.00
2021 01 03  0750   59217   28200  0  1.12e+03  3.31e+01  0  4.31e+03  2.26e+01  3.19e+00  6.09e-01  1.72e-01  -1.00
2021 01 03  0755   59217   28500  0  1.11e+03  3.22e+01  0  4.09e+03  2.20e+01  2.89e+00  7.90e-01  1.57e-01  -1.00
2021 01 03  0800   59217   28800  0  1.37e+03  3.05e+01  0  4.40e+03  2.09e+01  2.92e+00  7.77e-01  2.08e-01  -1.00
2021 01 03  0805   59217   29100  0  9.87e+02  3.51e+01  0  4.39e+03  2.02e+01  3.06e+00  8.35e-01  1.27e-01  -1.00
2021 01 03  0810   59217   29400  0  1.06e+03  3.34e+01  0  4.03e+03  2.01e+01  2.92e+00  7.37e-01  1.62e-01  -1.00
2021 01 03  0815   59217   29700  0  1.34e+03  3.11e+01  0  4.28e+03  2.10e+01  2.65e+00  8.22e-01  1.11e-01  -1.00
2021 01 03  0820   59217   30000  0  1.09e+03  3.11e+01  0  4.28e+03  2.12e+01  2.63e+00  7.17e-01  1.43e-01  -1.00
2021 01 03  0825   59217   30300  0  1.06e+03  3.17e+01  0  4.24e+03  1.95e+01  2.42e+00  7.85e-01  2.13e-01  -1.00
2021 01 03  0830   59217   30600  0  3.57e+04  3.01e+01  0  4.10e+03  2.10e+01  3.06e+00  9.64e-01  1.72e-01  -1.00
2021 01 03  0835   59217   30900  0  1.11e+03  3.20e+01  0  4.40e+03  2.07e+01  2.92e+00  6.79e-01  2.46e-01  -1.00
2021 01 03  0840   59217   31200  0  9.11e+02  3.43e+01  0  4.31e+03  2.33e+01  2.41e+00  7.78e-01  2.02e-01  -1.00
2021 01 03  0845   59217   31500  0  1.06e+03  3.06e+01  0  4.05e+03  2.24e+01  3.15e+00  5.00e-01  1.91e-01  -1.00
2021 01 03  0850   59217   31800  0  1.28e+03  3.12e+01  0  4.29e+03  2.17e+01  2.72e+00  5.01e-01  2.97e-01  -1.00
2021 01 03  0855   59217   32100  0  9.83e+02  2.93e+01  0  4.33e+03  2.04e+01  2.77e+00  5.65e-01  2.36e-01  -1.00
2021 01 03  0900   59217   32400  0  1.03e+03  3.29e+01  0  4.16e+03  2.15e+01  2.21e+00  7.11e-01  1.97e-01  -1.00
2021 01 03  0905   59217   32700  0  1.35e+03  3.11e+01  0  4.24e+03  1.87e+01  3.05e+00  7.00e-01  1.67e-01  -1.00
2021 01 03  0910   59217   33000  0  1.06e+03  3.32e+01  0  4.24e+03  2.29e+01  2.83e+00  5.35e-01  3.12e-01  -1.00
2021 01 03  0915   59217   33300  0  1.07e+03  2.91e+01  0  4.22e+03  2.45e+01  3.17e+00  6.58e-01  1.72e-01  -1.00
2021 01 03  0920   59217   33600  0  1.00e+03  3.01e+01  0  4.12e+03  2.20e+01  2.56e+00  1.08e+00  9.01e-02  -1.00
2021 01 03  0925   59217   33900  0  1.34e+03  3.39e+01  0  4.38e+03  2.01e+01  2.44e+00  7.54e-01  1.13e-01  -1.00
2021 01 03  0930   59217   34200  0  1.09e+03  3.30e+01  0  4.30e+03  1.85e+01  2.47e+00  8.34e-01  1.67e-01  -1.00
2021 01 03  0935   59217   34500  0  1.10e+03  2.86e+01  0  4.13e+03  2.03e+01  2.72e+00  7.16e-01  1.73e-01  -1.00
2021 01 03  0940   59217   34800  0  1.35e+03  3.10e+01  0  4.31e+03  2.18e+01  3.07e+00  5.78e-01  1.88e-01  -1.00
2021 01 03  0945   59217   35100  0  1.08e+03  2.81e+01  0  4.27e+03  2.14e+01  2.76e+00  5.42e-01  1.22e-01  -1.00
2021 01 03  0950   59217   35400  0  1.05e+03  3.28e+01  0  4.27e+03  2.36e+01  3.45e+00  5.46e-01  2.26e-01  -1.00
2021 01 03  0955   59217   35700  0  1.03e+03  2.95e+01  0  4.23e+03  2.13e+01  2.74e+00  7.64e-01  1.72e-01  -1.00
