:Data_list: 20210426_ace_sis_5m.txt
:Created: 2021 Apr 27 0011 UT
# Prepared by the U.S. Dept. of Commerce, NOAA, Space Weather Prediction Center
# Please send comments and suggestions to SWPC.Webmaster@noaa.gov 
# 
# Units: proton flux p/cs2-sec-ster
# Status(S): 0 = nominal data, 1 to 8 = bad data record, 9 = no data
# Missing data values: -1.00e+05
# Source: ACE Satellite - Solar Isotope Spectrometer
#
# 5-minute averaged Real-time Integral Flux of High-energy Solar Protons
# 
#                 Modified Seconds
# UT Date   Time   Julian  of the      ---- Integral Proton Flux ----
# YR MO DA  HHMM     Day     Day       S    > 10 MeV    S    > 30 MeV
#--------------------------------------------------------------------
2021 04 26  0000    59330       0      0    2.30e+00    0    1.62e+00
2021 04 26  0005    59330     300      0    2.26e+00    0    1.58e+00
2021 04 26  0010    59330     600      0    2.31e+00    0    1.63e+00
2021 04 26  0015    59330     900      0    2.28e+00    0    1.61e+00
2021 04 26  0020    59330    1200      0    2.25e+00    0    1.59e+00
2021 04 26  0025    59330    1500      0    2.27e+00    0    1.57e+00
2021 04 26  0030    59330    1800      0    2.26e+00    0    1.57e+00
2021 04 26  0035    59330    2100      0    2.30e+00    0    1.63e+00
2021 04 26  0040    59330    2400      0    2.33e+00    0    1.63e+00
2021 04 26  0045    59330    2700      0    2.29e+00    0    1.60e+00
2021 04 26  0050    59330    3000      0    2.31e+00    0    1.61e+00
2021 04 26  0055    59330    3300      0    2.32e+00    0    1.63e+00
2021 04 26  0100    59330    3600      0    2.30e+00    0    1.63e+00
2021 04 26  0105    59330    3900      0    2.32e+00    0    1.62e+00
2021 04 26  0110    59330    4200      0    2.32e+00    0    1.63e+00
2021 04 26  0115    59330    4500      0    2.22e+00    0    1.58e+00
2021 04 26  0120    59330    4800      0    2.26e+00    0    1.58e+00
2021 04 26  0125    59330    5100      0    2.29e+00    0    1.62e+00
2021 04 26  0130    59330    5400      0    2.28e+00    0    1.59e+00
2021 04 26  0135    59330    5700      0    2.25e+00    0    1.58e+00
2021 04 26  0140    59330    6000      0    2.34e+00    0    1.64e+00
2021 04 26  0145    59330    6300      0    2.34e+00    0    1.66e+00
2021 04 26  0150    59330    6600      0    2.26e+00    0    1.59e+00
2021 04 26  0155    59330    6900      0    2.27e+00    0    1.59e+00
2021 04 26  0200    59330    7200      0    2.30e+00    0    1.61e+00
2021 04 26  0205    59330    7500      0    2.28e+00    0    1.60e+00
2021 04 26  0210    59330    7800      0    2.19e+00    0    1.53e+00
2021 04 26  0215    59330    8100      0    2.26e+00    0    1.57e+00
2021 04 26  0220    59330    8400      0    2.28e+00    0    1.60e+00
2021 04 26  0225    59330    8700      0    2.27e+00    0    1.59e+00
2021 04 26  0230    59330    9000      0    2.27e+00    0    1.58e+00
2021 04 26  0235    59330    9300      0    2.29e+00    0    1.60e+00
2021 04 26  0240    59330    9600      0    2.32e+00    0    1.61e+00
2021 04 26  0245    59330    9900      0    2.32e+00    0    1.62e+00
2021 04 26  0250    59330   10200      0    2.33e+00    0    1.62e+00
2021 04 26  0255    59330   10500      0    2.23e+00    0    1.57e+00
2021 04 26  0300    59330   10800      0    2.23e+00    0    1.56e+00
2021 04 26  0305    59330   11100      0    2.31e+00    0    1.61e+00
2021 04 26  0310    59330   11400      0    2.30e+00    0    1.62e+00
2021 04 26  0315    59330   11700      0    2.33e+00    0    1.65e+00
2021 04 26  0320    59330   12000      0    2.32e+00    0    1.61e+00
2021 04 26  0325    59330   12300      0    2.30e+00    0    1.61e+00
2021 04 26  0330    59330   12600      0    2.31e+00    0    1.62e+00
2021 04 26  0335    59330   12900      0    2.27e+00    0    1.60e+00
2021 04 26  0340    59330   13200      0    2.33e+00    0    1.63e+00
2021 04 26  0345    59330   13500      0    2.33e+00    0    1.65e+00
2021 04 26  0350    59330   13800      0    2.31e+00    0    1.61e+00
2021 04 26  0355    59330   14100      0    2.29e+00    0    1.61e+00
2021 04 26  0400    59330   14400      0    2.33e+00    0    1.62e+00
2021 04 26  0405    59330   14700      0    2.27e+00    0    1.58e+00
2021 04 26  0410    59330   15000      0    2.28e+00    0    1.61e+00
2021 04 26  0415    59330   15300      0    2.29e+00    0    1.60e+00
2021 04 26  0420    59330   15600      0    2.26e+00    0    1.60e+00
2021 04 26  0425    59330   15900      0    2.26e+00    0    1.58e+00
2021 04 26  0430    59330   16200      0    2.27e+00    0    1.58e+00
2021 04 26  0435    59330   16500      0    2.34e+00    0    1.64e+00
2021 04 26  0440    59330   16800      0    2.28e+00    0    1.62e+00
2021 04 26  0445    59330   17100      0    2.28e+00    0    1.59e+00
2021 04 26  0450    59330   17400      0    2.33e+00    0    1.64e+00
2021 04 26  0455    59330   17700      0    2.28e+00    0    1.60e+00
2021 04 26  0500    59330   18000      0    2.30e+00    0    1.62e+00
2021 04 26  0505    59330   18300      0    2.30e+00    0    1.62e+00
2021 04 26  0510    59330   18600      0    2.27e+00    0    1.59e+00
2021 04 26  0515    59330   18900      0    2.30e+00    0    1.61e+00
2021 04 26  0520    59330   19200      0    2.34e+00    0    1.64e+00
2021 04 26  0525    59330   19500      0    2.35e+00    0    1.64e+00
2021 04 26  0530    59330   19800      0    2.36e+00    0    1.64e+00
2021 04 26  0535    59330   20100      0    2.30e+00    0    1.61e+00
2021 04 26  0540    59330   20400      0    2.33e+00    0    1.64e+00
2021 04 26  0545    59330   20700      0    2.29e+00    0    1.62e+00
2021 04 26  0550    59330   21000      0    2.28e+00    0    1.59e+00
2021 04 26  0555    59330   21300      0    2.30e+00    0    1.60e+00
2021 04 26  0600    59330   21600      0    2.34e+00    0    1.63e+00
2021 04 26  0605    59330   21900      0    2.28e+00    0    1.59e+00
2021 04 26  0610    59330   22200      0    2.35e+00    0    1.65e+00
2021 04 26  0615    59330   22500      0    2.31e+00    0    1.61e+00
2021 04 26  0620    59330   22800      0    2.29e+00    0    1.60e+00
2021 04 26  0625    59330   23100      0    2.28e+00    0    1.60e+00
2021 04 26  0630    59330   23400      0    2.31e+00    0    1.61e+00
2021 04 26  0635    59330   23700      0    2.33e+00    0    1.63e+00
2021 04 26  0640    59330   24000      0    2.32e+00    0    1.64e+00
2021 04 26  0645    59330   24300      0    2.29e+00    0    1.59e+00
2021 04 26  0650    59330   24600      0    2.32e+00    0    1.62e+00
2021 04 26  0655    59330   24900      0    2.29e+00    0    1.62e+00
2021 04 26  0700    59330   25200      0    2.25e+00    0    1.58e+00
2021 04 26  0705    59330   25500      0    2.30e+00    0    1.62e+00
2021 04 26  0710    59330   25800      0    2.29e+00    0    1.61e+00
2021 04 26  0715    59330   26100      0    2.26e+00    0    1.59e+00
2021 04 26  0720    59330   26400      0    2.30e+00    0    1.60e+00
2021 04 26  0725    59330   26700      0    2.27e+00    0    1.60e+00
2021 04 26  0730    59330   27000      0    2.26e+00    0    1.59e+00
2021 04 26  0735    59330   27300      0    2.29e+00    0    1.61e+00
2021 04 26  0740    59330   27600      0    2.26e+00    0    1.61e+00
2021 04 26  0745    59330   27900      0    2.28e+00    0    1.58e+00
2021 04 26  0750    59330   28200      0    2.31e+00    0    1.62e+00
2021 04 26  0755    59330   28500      0    2.14e+00    0    1.49e+00
2021 04 26  0800    59330   28800      0    2.32e+00    0    1.62e+00
2021 04 26  0805    59330   29100      0    2.33e+00    0    1.65e+00
2021 04 26  0810    59330   29400      0    2.24e+00    0    1.57e+00
2021 04 26  0815    59330   29700      0    2.31e+00    0    1.63e+00
2021 04 26  0820    59330   30000      0    2.31e+00    0    1.61e+00
2021 04 26  0825    59330   30300      0    2.29e+00    0    1.59e+00
2021 04 26  0830    59330   30600      0    2.28e+00    0    1.58e+00
2021 04 26  0835    59330   30900      0    2.29e+00    0    1.61e+00
2021 04 26  0840    59330   31200      0    2.22e+00    0    1.55e+00
2021 04 26  0845    59330   31500      0    2.27e+00    0    1.58e+00
2021 04 26  0850    59330   31800      0    2.28e+00    0    1.58e+00
2021 04 26  0855    59330   32100      0    2.29e+00    0    1.60e+00
2021 04 26  0900    59330   32400      0    2.27e+00    0    1.60e+00
2021 04 26  0905    59330   32700      0    2.29e+00    0    1.61e+00
2021 04 26  0910    59330   33000      0    2.28e+00    0    1.59e+00
2021 04 26  0915    59330   33300      0    2.29e+00    0    1.61e+00
2021 04 26  0920    59330   33600      0    2.27e+00    0    1.58e+00
2021 04 26  0925    59330   33900      0    2.32e+00    0    1.63e+00
2021 04 26  0930    59330   34200      0    2.29e+00    0    1.61e+00
2021 04 26  0935    59330   34500      0    2.28e+00    0    1.59e+00
2021 04 26  0940    59330   34800      0    2.29e+00    0    1.60e+00
2021 04 26  0945    59330   35100      0    2.35e+00    0    1.64e+00
2021 04 26  0950    59330   35400      0    2.30e+00    0    1.60e+00
2021 04 26  0955    59330   35700      0    2.31e+00    0    1.62e+00
2021 04 26  1000    59330   36000      0    2.29e+00    0    1.61e+00
2021 04 26  1005    59330   36300      0    2.32e+00    0    1.63e+00
2021 04 26  1010    59330   36600      0    2.31e+00    0    1.61e+00
2021 04 26  1015    59330   36900      0    2.31e+00    0    1.62e+00
2021 04 26  1020    59330   37200      0    2.27e+00    0    1.58e+00
2021 04 26  1025    59330   37500      0    2.32e+00    0    1.63e+00
2021 04 26  1030    59330   37800      0    2.30e+00    0    1.60e+00
2021 04 26  1035    59330   38100      0    2.28e+00    0    1.61e+00
2021 04 26  1040    59330   38400      0    2.36e+00    0    1.64e+00
2021 04 26  1045    59330   38700      0    2.34e+00    0    1.64e+00
2021 04 26  1050    59330   39000      0    2.31e+00    0    1.63e+00
2021 04 26  1055    59330   39300      0    2.22e+00    0    1.55e+00
2021 04 26  1100    59330   39600      0    2.27e+00    0    1.60e+00
2021 04 26  1105    59330   39900      0    2.25e+00    0    1.58e+00
2021 04 26  1110    59330   40200      0    2.29e+00    0    1.60e+00
2021 04 26  1115    59330   40500      0    2.29e+00    0    1.60e+00
2021 04 26  1120    59330   40800      0    2.33e+00    0    1.63e+00
2021 04 26  1125    59330   41100      0    2.27e+00    0    1.60e+00
2021 04 26  1130    59330   41400      0    2.28e+00    0    1.60e+00
2021 04 26  1135    59330   41700      0    2.29e+00    0    1.60e+00
2021 04 26  1140    59330   42000      0    2.29e+00    0    1.60e+00
2021 04 26  1145    59330   42300      0    2.28e+00    0    1.60e+00
2021 04 26  1150    59330   42600      0    2.25e+00    0    1.59e+00
2021 04 26  1155    59330   42900      0    2.25e+00    0    1.56e+00
2021 04 26  1200    59330   43200      0    2.29e+00    0    1.60e+00
2021 04 26  1205    59330   43500      0    2.31e+00    0    1.62e+00
2021 04 26  1210    59330   43800      0    2.29e+00    0    1.61e+00
2021 04 26  1215    59330   44100      0    2.32e+00    0    1.62e+00
2021 04 26  1220    59330   44400      0    2.22e+00    0    1.55e+00
2021 04 26  1225    59330   44700      0    2.27e+00    0    1.55e+00
2021 04 26  1230    59330   45000      0    2.23e+00    0    1.53e+00
2021 04 26  1235    59330   45300      0    2.43e+00    0    1.68e+00
2021 04 26  1240    59330   45600      0    2.18e+00    0    1.53e+00
2021 04 26  1245    59330   45900      0    2.22e+00    0    1.56e+00
2021 04 26  1250    59330   46200      0    2.32e+00    0    1.61e+00
2021 04 26  1255    59330   46500      0    2.28e+00    0    1.60e+00
2021 04 26  1300    59330   46800      0    2.26e+00    0    1.59e+00
2021 04 26  1305    59330   47100      9   -1.00e+05    9   -1.00e+05
2021 04 26  1310    59330   47400      0    2.36e+00    0    1.62e+00
2021 04 26  1315    59330   47700      0    2.28e+00    0    1.59e+00
2021 04 26  1320    59330   48000      9   -1.00e+05    9   -1.00e+05
2021 04 26  1325    59330   48300      0    2.19e+00    0    1.55e+00
2021 04 26  1330    59330   48600      0    2.32e+00    0    1.61e+00
2021 04 26  1335    59330   48900      9   -1.00e+05    9   -1.00e+05
2021 04 26  1340    59330   49200      0    2.43e+00    0    1.74e+00
2021 04 26  1345    59330   49500      9   -1.00e+05    9   -1.00e+05
2021 04 26  1350    59330   49800      0    2.28e+00    0    1.57e+00
2021 04 26  1355    59330   50100      0    2.26e+00    0    1.58e+00
2021 04 26  1400    59330   50400      0    2.24e+00    0    1.53e+00
2021 04 26  1405    59330   50700      0    2.40e+00    0    1.68e+00
2021 04 26  1410    59330   51000      0    2.22e+00    0    1.55e+00
2021 04 26  1415    59330   51300      0    2.23e+00    0    1.61e+00
2021 04 26  1420    59330   51600      0    2.21e+00    0    1.52e+00
2021 04 26  1425    59330   51900      0    2.22e+00    0    1.53e+00
2021 04 26  1430    59330   52200      0    2.31e+00    0    1.63e+00
2021 04 26  1435    59330   52500      0    2.28e+00    0    1.62e+00
2021 04 26  1440    59330   52800      9   -1.00e+05    9   -1.00e+05
2021 04 26  1445    59330   53100      0    2.27e+00    0    1.55e+00
2021 04 26  1450    59330   53400      9   -1.00e+05    9   -1.00e+05
2021 04 26  1455    59330   53700      0    2.24e+00    0    1.55e+00
2021 04 26  1500    59330   54000      9   -1.00e+05    9   -1.00e+05
2021 04 26  1505    59330   54300      0    2.28e+00    0    1.62e+00
2021 04 26  1510    59330   54600      9   -1.00e+05    9   -1.00e+05
2021 04 26  1515    59330   54900      0    2.24e+00    0    1.55e+00
2021 04 26  1520    59330   55200      0    2.24e+00    0    1.59e+00
2021 04 26  1525    59330   55500      0    2.35e+00    0    1.67e+00
2021 04 26  1530    59330   55800      9   -1.00e+05    9   -1.00e+05
2021 04 26  1535    59330   56100      0    2.26e+00    0    1.61e+00
2021 04 26  1540    59330   56400      0    2.26e+00    0    1.56e+00
2021 04 26  1545    59330   56700      0    2.34e+00    0    1.63e+00
2021 04 26  1550    59330   57000      0    2.27e+00    0    1.60e+00
2021 04 26  1555    59330   57300      0    2.30e+00    0    1.63e+00
2021 04 26  1600    59330   57600      0    2.26e+00    0    1.58e+00
2021 04 26  1605    59330   57900      0    2.25e+00    0    1.56e+00
2021 04 26  1610    59330   58200      0    2.31e+00    0    1.62e+00
2021 04 26  1615    59330   58500      0    2.30e+00    0    1.60e+00
2021 04 26  1620    59330   58800      0    2.32e+00    0    1.62e+00
2021 04 26  1625    59330   59100      0    2.29e+00    0    1.62e+00
2021 04 26  1630    59330   59400      0    2.29e+00    0    1.61e+00
2021 04 26  1635    59330   59700      0    2.29e+00    0    1.62e+00
2021 04 26  1640    59330   60000      0    2.28e+00    0    1.61e+00
2021 04 26  1645    59330   60300      0    2.35e+00    0    1.66e+00
2021 04 26  1650    59330   60600      0    2.30e+00    0    1.60e+00
2021 04 26  1655    59330   60900      0    2.26e+00    0    1.57e+00
2021 04 26  1700    59330   61200      0    2.28e+00    0    1.60e+00
2021 04 26  1705    59330   61500      0    2.33e+00    0    1.63e+00
2021 04 26  1710    59330   61800      0    2.27e+00    0    1.60e+00
2021 04 26  1715    59330   62100      0    2.29e+00    0    1.61e+00
2021 04 26  1720    59330   62400      0    2.29e+00    0    1.60e+00
2021 04 26  1725    59330   62700      0    2.26e+00    0    1.59e+00
2021 04 26  1730    59330   63000      0    2.32e+00    0    1.63e+00
2021 04 26  1735    59330   63300      0    2.34e+00    0    1.63e+00
2021 04 26  1740    59330   63600      0    2.27e+00    0    1.59e+00
2021 04 26  1745    59330   63900      0    2.29e+00    0    1.61e+00
2021 04 26  1750    59330   64200      0    2.30e+00    0    1.62e+00
2021 04 26  1755    59330   64500      0    2.30e+00    0    1.61e+00
2021 04 26  1800    59330   64800      0    2.33e+00    0    1.64e+00
2021 04 26  1805    59330   65100      0    2.32e+00    0    1.65e+00
2021 04 26  1810    59330   65400      0    2.30e+00    0    1.60e+00
2021 04 26  1815    59330   65700      0    2.29e+00    0    1.61e+00
2021 04 26  1820    59330   66000      0    2.24e+00    0    1.56e+00
2021 04 26  1825    59330   66300      0    2.32e+00    0    1.64e+00
2021 04 26  1830    59330   66600      0    2.29e+00    0    1.61e+00
2021 04 26  1835    59330   66900      0    2.34e+00    0    1.64e+00
2021 04 26  1840    59330   67200      0    2.33e+00    0    1.65e+00
2021 04 26  1845    59330   67500      0    2.30e+00    0    1.63e+00
2021 04 26  1850    59330   67800      0    2.29e+00    0    1.60e+00
2021 04 26  1855    59330   68100      0    2.26e+00    0    1.58e+00
2021 04 26  1900    59330   68400      0    2.27e+00    0    1.60e+00
2021 04 26  1905    59330   68700      0    2.32e+00    0    1.63e+00
2021 04 26  1910    59330   69000      0    2.33e+00    0    1.63e+00
2021 04 26  1915    59330   69300      0    2.33e+00    0    1.64e+00
2021 04 26  1920    59330   69600      0    2.34e+00    0    1.66e+00
2021 04 26  1925    59330   69900      0    2.27e+00    0    1.60e+00
2021 04 26  1930    59330   70200      0    2.33e+00    0    1.65e+00
2021 04 26  1935    59330   70500      0    2.32e+00    0    1.63e+00
2021 04 26  1940    59330   70800      0    2.30e+00    0    1.61e+00
2021 04 26  1945    59330   71100      0    2.31e+00    0    1.62e+00
2021 04 26  1950    59330   71400      0    2.30e+00    0    1.60e+00
2021 04 26  1955    59330   71700      0    2.26e+00    0    1.58e+00
2021 04 26  2000    59330   72000      0    2.34e+00    0    1.62e+00
2021 04 26  2005    59330   72300      0    2.27e+00    0    1.58e+00
2021 04 26  2010    59330   72600      0    2.29e+00    0    1.59e+00
2021 04 26  2015    59330   72900      0    2.24e+00    0    1.57e+00
2021 04 26  2020    59330   73200      0    2.33e+00    0    1.65e+00
2021 04 26  2025    59330   73500      0    2.30e+00    0    1.63e+00
2021 04 26  2030    59330   73800      0    2.35e+00    0    1.64e+00
2021 04 26  2035    59330   74100      0    2.28e+00    0    1.60e+00
2021 04 26  2040    59330   74400      0    2.27e+00    0    1.59e+00
2021 04 26  2045    59330   74700      0    2.35e+00    0    1.65e+00
2021 04 26  2050    59330   75000      0    2.26e+00    0    1.58e+00
2021 04 26  2055    59330   75300      0    2.33e+00    0    1.64e+00
2021 04 26  2100    59330   75600      0    2.26e+00    0    1.61e+00
2021 04 26  2105    59330   75900      0    2.30e+00    0    1.62e+00
2021 04 26  2110    59330   76200      0    2.28e+00    0    1.59e+00
2021 04 26  2115    59330   76500      0    2.31e+00    0    1.61e+00
2021 04 26  2120    59330   76800      0    2.31e+00    0    1.62e+00
2021 04 26  2125    59330   77100      0    2.35e+00    0    1.65e+00
2021 04 26  2130    59330   77400      0    2.29e+00    0    1.60e+00
2021 04 26  2135    59330   77700      0    2.34e+00    0    1.65e+00
2021 04 26  2140    59330   78000      0    2.31e+00    0    1.62e+00
2021 04 26  2145    59330   78300      0    2.32e+00    0    1.63e+00
2021 04 26  2150    59330   78600      0    2.31e+00    0    1.62e+00
2021 04 26  2155    59330   78900      0    2.27e+00    0    1.59e+00
2021 04 26  2200    59330   79200      0    2.27e+00    0    1.60e+00
2021 04 26  2205    59330   79500      0    2.30e+00    0    1.62e+00
2021 04 26  2210    59330   79800      9   -1.00e+05    9   -1.00e+05
2021 04 26  2215    59330   80100      9   -1.00e+05    9   -1.00e+05
2021 04 26  2220    59330   80400      9   -1.00e+05    9   -1.00e+05
2021 04 26  2225    59330   80700      9   -1.00e+05    9   -1.00e+05
2021 04 26  2230    59330   81000      9   -1.00e+05    9   -1.00e+05
2021 04 26  2235    59330   81300      9   -1.00e+05    9   -1.00e+05
2021 04 26  2240    59330   81600      9   -1.00e+05    9   -1.00e+05
2021 04 26  2245    59330   81900      9   -1.00e+05    9   -1.00e+05
2021 04 26  2250    59330   82200      9   -1.00e+05    9   -1.00e+05
2021 04 26  2255    59330   82500      9   -1.00e+05    9   -1.00e+05
2021 04 26  2300    59330   82800      9   -1.00e+05    9   -1.00e+05
2021 04 26  2305    59330   83100      9   -1.00e+05    9   -1.00e+05
2021 04 26  2310    59330   83400      9   -1.00e+05    9   -1.00e+05
2021 04 26  2315    59330   83700      9   -1.00e+05    9   -1.00e+05
2021 04 26  2320    59330   84000      9   -1.00e+05    9   -1.00e+05
2021 04 26  2325    59330   84300      9   -1.00e+05    9   -1.00e+05
2021 04 26  2330    59330   84600      9   -1.00e+05    9   -1.00e+05
2021 04 26  2335    59330   84900      9   -1.00e+05    9   -1.00e+05
2021 04 26  2340    59330   85200      0    2.44e+00    0    1.71e+00
2021 04 26  2345    59330   85500      0    2.33e+00    0    1.64e+00
2021 04 26  2350    59330   85800      0    2.32e+00    0    1.61e+00
2021 04 26  2355    59330   86100      0    2.31e+00    0    1.63e+00
