:Data_list: 20210531_ace_sis_5m.txt
:Created: 2021 Jun 01 0011 UT
# Prepared by the U.S. Dept. of Commerce, NOAA, Space Weather Prediction Center
# Please send comments and suggestions to SWPC.Webmaster@noaa.gov 
# 
# Units: proton flux p/cs2-sec-ster
# Status(S): 0 = nominal data, 1 to 8 = bad data record, 9 = no data
# Missing data values: -1.00e+05
# Source: ACE Satellite - Solar Isotope Spectrometer
#
# 5-minute averaged Real-time Integral Flux of High-energy Solar Protons
# 
#                 Modified Seconds
# UT Date   Time   Julian  of the      ---- Integral Proton Flux ----
# YR MO DA  HHMM     Day     Day       S    > 10 MeV    S    > 30 MeV
#--------------------------------------------------------------------
2021 05 31  0000    59365       0      0    2.43e+00    0    1.66e+00
2021 05 31  0005    59365     300      0    2.43e+00    0    1.66e+00
2021 05 31  0010    59365     600      0    2.43e+00    0    1.68e+00
2021 05 31  0015    59365     900      0    2.41e+00    0    1.65e+00
2021 05 31  0020    59365    1200      0    2.37e+00    0    1.61e+00
2021 05 31  0025    59365    1500      0    2.32e+00    0    1.58e+00
2021 05 31  0030    59365    1800      0    2.35e+00    0    1.61e+00
2021 05 31  0035    59365    2100      0    2.42e+00    0    1.65e+00
2021 05 31  0040    59365    2400      0    2.43e+00    0    1.66e+00
2021 05 31  0045    59365    2700      0    2.41e+00    0    1.66e+00
2021 05 31  0050    59365    3000      0    2.44e+00    0    1.67e+00
2021 05 31  0055    59365    3300      0    2.34e+00    0    1.59e+00
2021 05 31  0100    59365    3600      0    2.34e+00    0    1.60e+00
2021 05 31  0105    59365    3900      0    2.38e+00    0    1.63e+00
2021 05 31  0110    59365    4200      0    2.41e+00    0    1.66e+00
2021 05 31  0115    59365    4500      0    2.43e+00    0    1.65e+00
2021 05 31  0120    59365    4800      0    2.43e+00    0    1.65e+00
2021 05 31  0125    59365    5100      0    2.39e+00    0    1.63e+00
2021 05 31  0130    59365    5400      0    2.32e+00    0    1.58e+00
2021 05 31  0135    59365    5700      0    2.34e+00    0    1.60e+00
2021 05 31  0140    59365    6000      0    2.42e+00    0    1.65e+00
2021 05 31  0145    59365    6300      0    2.40e+00    0    1.64e+00
2021 05 31  0150    59365    6600      0    2.49e+00    0    1.70e+00
2021 05 31  0155    59365    6900      0    2.46e+00    0    1.69e+00
2021 05 31  0200    59365    7200      0    2.41e+00    0    1.64e+00
2021 05 31  0205    59365    7500      0    2.30e+00    0    1.57e+00
2021 05 31  0210    59365    7800      0    2.41e+00    0    1.65e+00
2021 05 31  0215    59365    8100      0    2.36e+00    0    1.61e+00
2021 05 31  0220    59365    8400      0    2.44e+00    0    1.66e+00
2021 05 31  0225    59365    8700      0    2.41e+00    0    1.64e+00
2021 05 31  0230    59365    9000      0    2.48e+00    0    1.71e+00
2021 05 31  0235    59365    9300      0    2.43e+00    0    1.66e+00
2021 05 31  0240    59365    9600      0    2.32e+00    0    1.59e+00
2021 05 31  0245    59365    9900      0    2.34e+00    0    1.60e+00
2021 05 31  0250    59365   10200      0    2.33e+00    0    1.61e+00
2021 05 31  0255    59365   10500      0    2.41e+00    0    1.64e+00
2021 05 31  0300    59365   10800      0    2.46e+00    0    1.67e+00
2021 05 31  0305    59365   11100      0    2.47e+00    0    1.71e+00
2021 05 31  0310    59365   11400      0    2.36e+00    0    1.63e+00
2021 05 31  0315    59365   11700      0    2.31e+00    0    1.59e+00
2021 05 31  0320    59365   12000      0    2.35e+00    0    1.60e+00
2021 05 31  0325    59365   12300      0    2.44e+00    0    1.67e+00
2021 05 31  0330    59365   12600      0    2.42e+00    0    1.66e+00
2021 05 31  0335    59365   12900      0    2.43e+00    0    1.67e+00
2021 05 31  0340    59365   13200      0    2.38e+00    0    1.63e+00
2021 05 31  0345    59365   13500      0    2.37e+00    0    1.62e+00
2021 05 31  0350    59365   13800      0    2.41e+00    0    1.65e+00
2021 05 31  0355    59365   14100      0    2.38e+00    0    1.62e+00
2021 05 31  0400    59365   14400      0    2.42e+00    0    1.66e+00
2021 05 31  0405    59365   14700      0    2.47e+00    0    1.70e+00
2021 05 31  0410    59365   15000      0    2.43e+00    0    1.68e+00
2021 05 31  0415    59365   15300      0    2.48e+00    0    1.71e+00
2021 05 31  0420    59365   15600      0    2.35e+00    0    1.62e+00
2021 05 31  0425    59365   15900      0    2.37e+00    0    1.65e+00
2021 05 31  0430    59365   16200      0    2.37e+00    0    1.62e+00
2021 05 31  0435    59365   16500      0    2.38e+00    0    1.62e+00
2021 05 31  0440    59365   16800      0    2.41e+00    0    1.65e+00
2021 05 31  0445    59365   17100      0    2.40e+00    0    1.64e+00
2021 05 31  0450    59365   17400      0    2.42e+00    0    1.65e+00
2021 05 31  0455    59365   17700      0    2.40e+00    0    1.67e+00
2021 05 31  0500    59365   18000      0    2.38e+00    0    1.63e+00
2021 05 31  0505    59365   18300      0    2.38e+00    0    1.64e+00
2021 05 31  0510    59365   18600      0    2.41e+00    0    1.66e+00
2021 05 31  0515    59365   18900      0    2.42e+00    0    1.68e+00
2021 05 31  0520    59365   19200      0    2.39e+00    0    1.65e+00
2021 05 31  0525    59365   19500      0    2.38e+00    0    1.62e+00
2021 05 31  0530    59365   19800      0    2.36e+00    0    1.63e+00
2021 05 31  0535    59365   20100      0    2.39e+00    0    1.65e+00
2021 05 31  0540    59365   20400      0    2.39e+00    0    1.64e+00
2021 05 31  0545    59365   20700      0    2.39e+00    0    1.63e+00
2021 05 31  0550    59365   21000      0    2.41e+00    0    1.66e+00
2021 05 31  0555    59365   21300      0    2.49e+00    0    1.71e+00
2021 05 31  0600    59365   21600      0    2.41e+00    0    1.66e+00
2021 05 31  0605    59365   21900      0    2.34e+00    0    1.62e+00
2021 05 31  0610    59365   22200      0    2.40e+00    0    1.66e+00
2021 05 31  0615    59365   22500      0    2.40e+00    0    1.65e+00
2021 05 31  0620    59365   22800      0    2.55e+00    0    1.77e+00
2021 05 31  0625    59365   23100      0    2.46e+00    0    1.67e+00
2021 05 31  0630    59365   23400      0    2.43e+00    0    1.67e+00
2021 05 31  0635    59365   23700      0    2.44e+00    0    1.69e+00
2021 05 31  0640    59365   24000      0    2.39e+00    0    1.68e+00
2021 05 31  0645    59365   24300      0    2.42e+00    0    1.66e+00
2021 05 31  0650    59365   24600      0    2.41e+00    0    1.66e+00
2021 05 31  0655    59365   24900      0    2.40e+00    0    1.65e+00
2021 05 31  0700    59365   25200      0    2.49e+00    0    1.71e+00
2021 05 31  0705    59365   25500      0    2.47e+00    0    1.71e+00
2021 05 31  0710    59365   25800      0    2.37e+00    0    1.63e+00
2021 05 31  0715    59365   26100      0    2.33e+00    0    1.62e+00
2021 05 31  0720    59365   26400      0    2.32e+00    0    1.60e+00
2021 05 31  0725    59365   26700      0    2.42e+00    0    1.67e+00
2021 05 31  0730    59365   27000      0    2.41e+00    0    1.67e+00
2021 05 31  0735    59365   27300      0    2.46e+00    0    1.70e+00
2021 05 31  0740    59365   27600      0    2.37e+00    0    1.65e+00
2021 05 31  0745    59365   27900      0    2.33e+00    0    1.61e+00
2021 05 31  0750    59365   28200      0    2.33e+00    0    1.61e+00
2021 05 31  0755    59365   28500      0    2.41e+00    0    1.67e+00
2021 05 31  0800    59365   28800      0    2.40e+00    0    1.65e+00
2021 05 31  0805    59365   29100      0    2.41e+00    0    1.67e+00
2021 05 31  0810    59365   29400      0    2.42e+00    0    1.67e+00
2021 05 31  0815    59365   29700      0    2.39e+00    0    1.65e+00
2021 05 31  0820    59365   30000      0    2.34e+00    0    1.61e+00
2021 05 31  0825    59365   30300      0    2.33e+00    0    1.60e+00
2021 05 31  0830    59365   30600      0    2.38e+00    0    1.63e+00
2021 05 31  0835    59365   30900      0    2.45e+00    0    1.68e+00
2021 05 31  0840    59365   31200      0    2.41e+00    0    1.66e+00
2021 05 31  0845    59365   31500      0    2.42e+00    0    1.67e+00
2021 05 31  0850    59365   31800      0    2.48e+00    0    1.71e+00
2021 05 31  0855    59365   32100      0    2.33e+00    0    1.61e+00
2021 05 31  0900    59365   32400      0    2.38e+00    0    1.64e+00
2021 05 31  0905    59365   32700      0    2.36e+00    0    1.63e+00
2021 05 31  0910    59365   33000      0    2.39e+00    0    1.66e+00
2021 05 31  0915    59365   33300      0    2.43e+00    0    1.65e+00
2021 05 31  0920    59365   33600      0    2.47e+00    0    1.70e+00
2021 05 31  0925    59365   33900      0    2.36e+00    0    1.61e+00
2021 05 31  0930    59365   34200      0    2.37e+00    0    1.62e+00
2021 05 31  0935    59365   34500      0    2.39e+00    0    1.65e+00
2021 05 31  0940    59365   34800      0    2.36e+00    0    1.64e+00
2021 05 31  0945    59365   35100      0    2.37e+00    0    1.63e+00
2021 05 31  0950    59365   35400      0    2.40e+00    0    1.67e+00
2021 05 31  0955    59365   35700      0    2.44e+00    0    1.70e+00
2021 05 31  1000    59365   36000      0    2.37e+00    0    1.65e+00
2021 05 31  1005    59365   36300      0    2.36e+00    0    1.63e+00
2021 05 31  1010    59365   36600      0    2.31e+00    0    1.59e+00
2021 05 31  1015    59365   36900      0    2.37e+00    0    1.64e+00
2021 05 31  1020    59365   37200      0    2.38e+00    0    1.64e+00
2021 05 31  1025    59365   37500      0    2.39e+00    0    1.66e+00
2021 05 31  1030    59365   37800      0    2.47e+00    0    1.72e+00
2021 05 31  1035    59365   38100      0    2.34e+00    0    1.62e+00
2021 05 31  1040    59365   38400      0    2.33e+00    0    1.62e+00
2021 05 31  1045    59365   38700      0    2.35e+00    0    1.62e+00
2021 05 31  1050    59365   39000      0    2.41e+00    0    1.66e+00
2021 05 31  1055    59365   39300      0    2.43e+00    0    1.68e+00
2021 05 31  1100    59365   39600      0    2.43e+00    0    1.68e+00
2021 05 31  1105    59365   39900      0    2.42e+00    0    1.67e+00
2021 05 31  1110    59365   40200      0    2.32e+00    0    1.60e+00
2021 05 31  1115    59365   40500      0    2.36e+00    0    1.64e+00
2021 05 31  1120    59365   40800      0    2.36e+00    0    1.63e+00
2021 05 31  1125    59365   41100      0    2.34e+00    0    1.63e+00
2021 05 31  1130    59365   41400      0    2.40e+00    0    1.66e+00
2021 05 31  1135    59365   41700      0    2.38e+00    0    1.65e+00
2021 05 31  1140    59365   42000      0    2.40e+00    0    1.67e+00
2021 05 31  1145    59365   42300      0    2.33e+00    0    1.62e+00
2021 05 31  1150    59365   42600      0    2.34e+00    0    1.62e+00
2021 05 31  1155    59365   42900      0    2.38e+00    0    1.66e+00
2021 05 31  1200    59365   43200      0    2.38e+00    0    1.65e+00
2021 05 31  1205    59365   43500      0    2.34e+00    0    1.62e+00
2021 05 31  1210    59365   43800      0    2.45e+00    0    1.70e+00
2021 05 31  1215    59365   44100      0    2.49e+00    0    1.77e+00
2021 05 31  1220    59365   44400      0    2.37e+00    0    1.63e+00
2021 05 31  1225    59365   44700      0    2.35e+00    0    1.65e+00
2021 05 31  1230    59365   45000      9   -1.00e+05    9   -1.00e+05
2021 05 31  1235    59365   45300      0    2.47e+00    0    1.71e+00
2021 05 31  1240    59365   45600      0    2.30e+00    0    1.56e+00
2021 05 31  1245    59365   45900      9   -1.00e+05    9   -1.00e+05
2021 05 31  1250    59365   46200      0    2.49e+00    0    1.74e+00
2021 05 31  1255    59365   46500      0    2.24e+00    0    1.55e+00
2021 05 31  1300    59365   46800      0    2.41e+00    0    1.64e+00
2021 05 31  1305    59365   47100      0    2.41e+00    0    1.64e+00
2021 05 31  1310    59365   47400      0    2.42e+00    0    1.65e+00
2021 05 31  1315    59365   47700      0    2.47e+00    0    1.74e+00
2021 05 31  1320    59365   48000      0    2.39e+00    0    1.64e+00
2021 05 31  1325    59365   48300      0    2.39e+00    0    1.66e+00
2021 05 31  1330    59365   48600      0    2.34e+00    0    1.60e+00
2021 05 31  1335    59365   48900      0    2.47e+00    0    1.72e+00
2021 05 31  1340    59365   49200      0    2.38e+00    0    1.65e+00
2021 05 31  1345    59365   49500      0    2.42e+00    0    1.67e+00
2021 05 31  1350    59365   49800      0    2.53e+00    0    1.83e+00
2021 05 31  1355    59365   50100      0    2.39e+00    0    1.64e+00
2021 05 31  1400    59365   50400      0    2.32e+00    0    1.59e+00
2021 05 31  1405    59365   50700      0    2.35e+00    0    1.62e+00
2021 05 31  1410    59365   51000      0    2.36e+00    0    1.62e+00
2021 05 31  1415    59365   51300      0    2.48e+00    0    1.69e+00
2021 05 31  1420    59365   51600      0    2.51e+00    0    1.73e+00
2021 05 31  1425    59365   51900      0    2.54e+00    0    1.75e+00
2021 05 31  1430    59365   52200      0    2.40e+00    0    1.66e+00
2021 05 31  1435    59365   52500      0    2.36e+00    0    1.69e+00
2021 05 31  1440    59365   52800      0    2.30e+00    0    1.59e+00
2021 05 31  1445    59365   53100      0    2.35e+00    0    1.66e+00
2021 05 31  1450    59365   53400      0    2.31e+00    0    1.60e+00
2021 05 31  1455    59365   53700      0    2.42e+00    0    1.67e+00
2021 05 31  1500    59365   54000      0    2.36e+00    0    1.61e+00
2021 05 31  1505    59365   54300      0    2.37e+00    0    1.63e+00
2021 05 31  1510    59365   54600      0    2.32e+00    0    1.62e+00
2021 05 31  1515    59365   54900      9   -1.00e+05    9   -1.00e+05
2021 05 31  1520    59365   55200      0    2.28e+00    0    1.54e+00
2021 05 31  1525    59365   55500      0    2.32e+00    0    1.62e+00
2021 05 31  1530    59365   55800      0    2.48e+00    0    1.74e+00
2021 05 31  1535    59365   56100      0    2.28e+00    0    1.61e+00
2021 05 31  1540    59365   56400      0    2.42e+00    0    1.70e+00
2021 05 31  1545    59365   56700      0    2.26e+00    0    1.57e+00
2021 05 31  1550    59365   57000      0    2.36e+00    0    1.64e+00
2021 05 31  1555    59365   57300      0    2.34e+00    0    1.61e+00
2021 05 31  1600    59365   57600      0    2.35e+00    0    1.62e+00
2021 05 31  1605    59365   57900      0    2.38e+00    0    1.67e+00
2021 05 31  1610    59365   58200      0    2.41e+00    0    1.67e+00
2021 05 31  1615    59365   58500      0    2.34e+00    0    1.63e+00
2021 05 31  1620    59365   58800      0    2.27e+00    0    1.58e+00
2021 05 31  1625    59365   59100      0    2.33e+00    0    1.63e+00
2021 05 31  1630    59365   59400      0    2.38e+00    0    1.65e+00
2021 05 31  1635    59365   59700      0    2.39e+00    0    1.65e+00
2021 05 31  1640    59365   60000      0    2.38e+00    0    1.64e+00
2021 05 31  1645    59365   60300      0    2.40e+00    0    1.67e+00
2021 05 31  1650    59365   60600      0    2.35e+00    0    1.63e+00
2021 05 31  1655    59365   60900      0    2.31e+00    0    1.61e+00
2021 05 31  1700    59365   61200      0    2.35e+00    0    1.63e+00
2021 05 31  1705    59365   61500      0    2.37e+00    0    1.64e+00
2021 05 31  1710    59365   61800      0    2.36e+00    0    1.65e+00
2021 05 31  1715    59365   62100      0    2.40e+00    0    1.68e+00
2021 05 31  1720    59365   62400      0    2.44e+00    0    1.70e+00
2021 05 31  1725    59365   62700      0    2.30e+00    0    1.60e+00
2021 05 31  1730    59365   63000      0    2.31e+00    0    1.60e+00
2021 05 31  1735    59365   63300      0    2.36e+00    0    1.64e+00
2021 05 31  1740    59365   63600      0    2.43e+00    0    1.69e+00
2021 05 31  1745    59365   63900      0    2.40e+00    0    1.66e+00
2021 05 31  1750    59365   64200      0    2.42e+00    0    1.68e+00
2021 05 31  1755    59365   64500      0    2.42e+00    0    1.69e+00
2021 05 31  1800    59365   64800      0    2.31e+00    0    1.60e+00
2021 05 31  1805    59365   65100      0    2.32e+00    0    1.62e+00
2021 05 31  1810    59365   65400      0    2.42e+00    0    1.68e+00
2021 05 31  1815    59365   65700      0    2.41e+00    0    1.68e+00
2021 05 31  1820    59365   66000      0    2.40e+00    0    1.67e+00
2021 05 31  1825    59365   66300      0    2.38e+00    0    1.65e+00
2021 05 31  1830    59365   66600      0    2.39e+00    0    1.67e+00
2021 05 31  1835    59365   66900      0    2.29e+00    0    1.58e+00
2021 05 31  1840    59365   67200      0    2.32e+00    0    1.61e+00
2021 05 31  1845    59365   67500      0    2.31e+00    0    1.60e+00
2021 05 31  1850    59365   67800      0    2.38e+00    0    1.66e+00
2021 05 31  1855    59365   68100      0    2.35e+00    0    1.63e+00
2021 05 31  1900    59365   68400      0    2.43e+00    0    1.69e+00
2021 05 31  1905    59365   68700      0    2.39e+00    0    1.66e+00
2021 05 31  1910    59365   69000      0    2.32e+00    0    1.60e+00
2021 05 31  1915    59365   69300      0    2.28e+00    0    1.60e+00
2021 05 31  1920    59365   69600      0    2.37e+00    0    1.66e+00
2021 05 31  1925    59365   69900      0    2.44e+00    0    1.68e+00
2021 05 31  1930    59365   70200      0    2.43e+00    0    1.69e+00
2021 05 31  1935    59365   70500      0    2.42e+00    0    1.69e+00
2021 05 31  1940    59365   70800      0    2.42e+00    0    1.69e+00
2021 05 31  1945    59365   71100      0    2.32e+00    0    1.59e+00
2021 05 31  1950    59365   71400      0    2.40e+00    0    1.66e+00
2021 05 31  1955    59365   71700      0    2.32e+00    0    1.61e+00
2021 05 31  2000    59365   72000      0    2.40e+00    0    1.66e+00
2021 05 31  2005    59365   72300      0    2.40e+00    0    1.66e+00
2021 05 31  2010    59365   72600      0    2.41e+00    0    1.68e+00
2021 05 31  2015    59365   72900      0    2.34e+00    0    1.63e+00
2021 05 31  2020    59365   73200      0    2.29e+00    0    1.60e+00
2021 05 31  2025    59365   73500      0    2.39e+00    0    1.66e+00
2021 05 31  2030    59365   73800      0    2.40e+00    0    1.68e+00
2021 05 31  2035    59365   74100      0    2.38e+00    0    1.66e+00
2021 05 31  2040    59365   74400      0    2.40e+00    0    1.67e+00
2021 05 31  2045    59365   74700      0    2.42e+00    0    1.68e+00
2021 05 31  2050    59365   75000      0    2.32e+00    0    1.61e+00
2021 05 31  2055    59365   75300      0    2.32e+00    0    1.61e+00
2021 05 31  2100    59365   75600      0    2.37e+00    0    1.65e+00
2021 05 31  2105    59365   75900      0    2.36e+00    0    1.65e+00
2021 05 31  2110    59365   76200      0    2.40e+00    0    1.66e+00
2021 05 31  2115    59365   76500      0    2.42e+00    0    1.69e+00
2021 05 31  2120    59365   76800      0    2.44e+00    0    1.70e+00
2021 05 31  2125    59365   77100      0    2.26e+00    0    1.57e+00
2021 05 31  2130    59365   77400      0    2.37e+00    0    1.66e+00
2021 05 31  2135    59365   77700      0    2.35e+00    0    1.62e+00
2021 05 31  2140    59365   78000      0    2.39e+00    0    1.68e+00
2021 05 31  2145    59365   78300      0    2.45e+00    0    1.72e+00
2021 05 31  2150    59365   78600      0    2.33e+00    0    1.63e+00
2021 05 31  2155    59365   78900      0    2.36e+00    0    1.63e+00
2021 05 31  2200    59365   79200      0    2.31e+00    0    1.60e+00
2021 05 31  2205    59365   79500      0    2.25e+00    0    1.56e+00
2021 05 31  2210    59365   79800      0    2.33e+00    0    1.62e+00
2021 05 31  2215    59365   80100      0    2.39e+00    0    1.66e+00
2021 05 31  2220    59365   80400      0    2.38e+00    0    1.64e+00
2021 05 31  2225    59365   80700      0    2.40e+00    0    1.67e+00
2021 05 31  2230    59365   81000      0    2.37e+00    0    1.65e+00
2021 05 31  2235    59365   81300      0    2.30e+00    0    1.61e+00
2021 05 31  2240    59365   81600      0    2.37e+00    0    1.65e+00
2021 05 31  2245    59365   81900      0    2.35e+00    0    1.63e+00
2021 05 31  2250    59365   82200      0    2.39e+00    0    1.65e+00
2021 05 31  2255    59365   82500      0    2.38e+00    0    1.64e+00
2021 05 31  2300    59365   82800      0    2.42e+00    0    1.69e+00
2021 05 31  2305    59365   83100      0    2.37e+00    0    1.65e+00
2021 05 31  2310    59365   83400      0    2.34e+00    0    1.65e+00
2021 05 31  2315    59365   83700      0    2.37e+00    0    1.65e+00
2021 05 31  2320    59365   84000      0    2.37e+00    0    1.65e+00
2021 05 31  2325    59365   84300      0    2.36e+00    0    1.63e+00
2021 05 31  2330    59365   84600      0    2.40e+00    0    1.67e+00
2021 05 31  2335    59365   84900      0    2.39e+00    0    1.67e+00
2021 05 31  2340    59365   85200      0    2.34e+00    0    1.63e+00
2021 05 31  2345    59365   85500      0    2.33e+00    0    1.63e+00
2021 05 31  2350    59365   85800      0    2.39e+00    0    1.66e+00
2021 05 31  2355    59365   86100      0    2.35e+00    0    1.64e+00
