:Data_list: 20210129_ace_swepam_1m.txt
:Created: 2021 Jan 29 1001 UT
# Prepared by the U.S. Dept. of Commerce, NOAA, Space Weather Prediction Center
# Please send comments and suggestions to SWPC.Webmaster@noaa.gov 
# 
# Units: Proton density p/cc
# Units: Bulk speed km/s
# Units: Ion tempeture degrees K
# Status(S): 0 = nominal data, 1 to 8 = bad data record, 9 = no data
# Missing data values: Density and Speed = -9999.9, Temp. = -1.00e+05
# Source: ACE Satellite - Solar Wind Electron Proton Alpha Monitor
#
#   1-minute averaged Real-time Bulk Parameters of the Solar Wind Plasma
# 
#                Modified Seconds   -------------  Solar Wind  -----------
# UT Date   Time  Julian  of the          Proton      Bulk         Ion
# YR MO DA  HHMM    Day     Day     S    Density     Speed     Temperature
#-------------------------------------------------------------------------
2021 01 29  0000   59243       0    9    -9999.9    -9999.9    -1.00e+05
2021 01 29  0001   59243      60    9    -9999.9    -9999.9    -1.00e+05
2021 01 29  0002   59243     120    9    -9999.9    -9999.9    -1.00e+05
2021 01 29  0003   59243     180    9    -9999.9    -9999.9    -1.00e+05
2021 01 29  0004   59243     240    9    -9999.9    -9999.9    -1.00e+05
2021 01 29  0005   59243     300    9    -9999.9    -9999.9    -1.00e+05
2021 01 29  0006   59243     360    9    -9999.9    -9999.9    -1.00e+05
2021 01 29  0007   59243     420    9    -9999.9    -9999.9    -1.00e+05
2021 01 29  0008   59243     480    9    -9999.9    -9999.9    -1.00e+05
2021 01 29  0009   59243     540    9    -9999.9    -9999.9    -1.00e+05
2021 01 29  0010   59243     600    9    -9999.9    -9999.9    -1.00e+05
2021 01 29  0011   59243     660    9    -9999.9    -9999.9    -1.00e+05
2021 01 29  0012   59243     720    9    -9999.9    -9999.9    -1.00e+05
2021 01 29  0013   59243     780    9    -9999.9    -9999.9    -1.00e+05
2021 01 29  0014   59243     840    9    -9999.9    -9999.9    -1.00e+05
2021 01 29  0015   59243     900    9    -9999.9    -9999.9    -1.00e+05
2021 01 29  0016   59243     960    9    -9999.9    -9999.9    -1.00e+05
2021 01 29  0017   59243    1020    9    -9999.9    -9999.9    -1.00e+05
2021 01 29  0018   59243    1080    9    -9999.9    -9999.9    -1.00e+05
2021 01 29  0019   59243    1140    9    -9999.9    -9999.9    -1.00e+05
2021 01 29  0020   59243    1200    9    -9999.9    -9999.9    -1.00e+05
2021 01 29  0021   59243    1260    9    -9999.9    -9999.9    -1.00e+05
2021 01 29  0022   59243    1320    0        3.0      401.9     5.27e+04
2021 01 29  0023   59243    1380    0        2.6      402.1     5.90e+04
2021 01 29  0024   59243    1440    0        2.7      403.0     5.26e+04
2021 01 29  0025   59243    1500    0        2.7      403.4     5.16e+04
2021 01 29  0026   59243    1560    0        2.7      402.6     5.35e+04
2021 01 29  0027   59243    1620    0        2.6      402.9     5.49e+04
2021 01 29  0028   59243    1680    0        2.4      403.5     5.39e+04
2021 01 29  0029   59243    1740    0        2.6      404.2     5.29e+04
2021 01 29  0030   59243    1800    0        3.0      404.3     5.26e+04
2021 01 29  0031   59243    1860    0        3.3      401.6     4.94e+04
2021 01 29  0032   59243    1920    0        2.8      400.5     5.03e+04
2021 01 29  0033   59243    1980    0        2.6      400.6     5.10e+04
2021 01 29  0034   59243    2040    0        2.8      399.9     4.67e+04
2021 01 29  0035   59243    2100    0        2.5      399.4     5.24e+04
2021 01 29  0036   59243    2160    0        2.4      401.2     5.74e+04
2021 01 29  0037   59243    2220    0        2.8      403.5     5.36e+04
2021 01 29  0038   59243    2280    0        2.6      406.6     6.10e+04
2021 01 29  0039   59243    2340    0        3.0      399.9     4.95e+04
2021 01 29  0040   59243    2400    0        2.5      399.3     5.46e+04
2021 01 29  0041   59243    2460    0        2.3      399.8     5.77e+04
2021 01 29  0042   59243    2520    0        2.5      396.7     5.35e+04
2021 01 29  0043   59243    2580    0        2.4      398.0     5.56e+04
2021 01 29  0044   59243    2640    0        2.4      362.5     3.95e+04
2021 01 29  0045   59243    2700    1    -9999.9      320.6     1.89e+04
2021 01 29  0046   59243    2760    9    -9999.9    -9999.9    -1.00e+05
2021 01 29  0047   59243    2820    9    -9999.9    -9999.9    -1.00e+05
2021 01 29  0048   59243    2880    9    -9999.9    -9999.9    -1.00e+05
2021 01 29  0049   59243    2940    9    -9999.9    -9999.9    -1.00e+05
2021 01 29  0050   59243    3000    9    -9999.9    -9999.9    -1.00e+05
2021 01 29  0051   59243    3060    9    -9999.9    -9999.9    -1.00e+05
2021 01 29  0052   59243    3120    9    -9999.9    -9999.9    -1.00e+05
2021 01 29  0053   59243    3180    1       10.1      360.6     1.65e+05
2021 01 29  0054   59243    3240    1       10.1      360.6     1.65e+05
2021 01 29  0055   59243    3300    0        3.3      399.4     5.19e+04
2021 01 29  0056   59243    3360    0        2.7      398.3     5.88e+04
2021 01 29  0057   59243    3420    0        2.7      398.1     5.23e+04
2021 01 29  0058   59243    3480    0        2.6      398.1     5.77e+04
2021 01 29  0059   59243    3540    9    -9999.9    -9999.9    -1.00e+05
2021 01 29  0100   59243    3600    0        2.9      392.5     5.10e+04
2021 01 29  0101   59243    3660    0        2.6      393.2     5.16e+04
2021 01 29  0102   59243    3720    0        2.2      394.2     5.25e+04
2021 01 29  0103   59243    3780    0        2.8      389.1     7.66e+04
2021 01 29  0104   59243    3840    0        2.8      389.6     7.87e+04
2021 01 29  0105   59243    3900    0        2.5      391.3     8.61e+04
2021 01 29  0106   59243    3960    0        2.4      388.8     7.78e+04
2021 01 29  0107   59243    4020    0        2.2      394.7     7.72e+04
2021 01 29  0108   59243    4080    0        2.5      387.3     7.19e+04
2021 01 29  0109   59243    4140    0        3.6      400.4     6.37e+04
2021 01 29  0110   59243    4200    0        2.9      390.5     7.26e+04
2021 01 29  0111   59243    4260    0        2.9      393.3     7.65e+04
2021 01 29  0112   59243    4320    0        3.5      404.6     6.84e+04
2021 01 29  0113   59243    4380    3    -9999.9    -9999.9    -1.00e+05
2021 01 29  0114   59243    4440    3    -9999.9    -9999.9    -1.00e+05
2021 01 29  0115   59243    4500    0        2.8      396.2     6.86e+04
2021 01 29  0116   59243    4560    0        2.7      396.8     7.16e+04
2021 01 29  0117   59243    4620    0        2.9      396.8     7.35e+04
2021 01 29  0118   59243    4680    0        3.0      398.4     7.19e+04
2021 01 29  0119   59243    4740    0        2.8      403.3     7.14e+04
2021 01 29  0120   59243    4800    0        2.8      402.7     6.87e+04
2021 01 29  0121   59243    4860    0        2.7      399.8     7.73e+04
2021 01 29  0122   59243    4920    0        2.7      399.3     7.12e+04
2021 01 29  0123   59243    4980    0        2.7      399.5     7.78e+04
2021 01 29  0124   59243    5040    0        2.8      399.2     7.29e+04
2021 01 29  0125   59243    5100    0        2.9      400.6     7.46e+04
2021 01 29  0126   59243    5160    0        2.0      385.0     3.79e+04
2021 01 29  0127   59243    5220    0        2.3      394.0     5.48e+04
2021 01 29  0128   59243    5280    1        2.6      396.1     1.01e+05
2021 01 29  0129   59243    5340    6        2.7      395.9     1.15e+05
2021 01 29  0130   59243    5400    0        2.7      396.7     6.75e+04
2021 01 29  0131   59243    5460    0        2.7      398.1     7.17e+04
2021 01 29  0132   59243    5520    0        2.7      401.7     7.27e+04
2021 01 29  0133   59243    5580    0        2.7      404.7     6.85e+04
2021 01 29  0134   59243    5640    0        2.5      404.2     6.55e+04
2021 01 29  0135   59243    5700    0        2.4      401.2     6.02e+04
2021 01 29  0136   59243    5760    0        2.4      398.3     5.41e+04
2021 01 29  0137   59243    5820    0        2.4      399.1     5.23e+04
2021 01 29  0138   59243    5880    0        2.3      399.1     5.09e+04
2021 01 29  0139   59243    5940    0        2.6      400.9     4.86e+04
2021 01 29  0140   59243    6000    0        2.6      402.1     4.62e+04
2021 01 29  0141   59243    6060    0        2.4      402.0     5.28e+04
2021 01 29  0142   59243    6120    0        2.3      403.3     5.61e+04
2021 01 29  0143   59243    6180    0        2.2      404.0     6.31e+04
2021 01 29  0144   59243    6240    0        2.3      403.3     5.81e+04
2021 01 29  0145   59243    6300    0        2.4      399.6     5.45e+04
2021 01 29  0146   59243    6360    0        2.4      397.8     5.97e+04
2021 01 29  0147   59243    6420    0        2.3      397.7     6.36e+04
2021 01 29  0148   59243    6480    0        2.4      396.7     5.52e+04
2021 01 29  0149   59243    6540    0        2.4      397.0     5.57e+04
2021 01 29  0150   59243    6600    0        2.3      397.8     5.58e+04
2021 01 29  0151   59243    6660    0        2.5      401.6     5.66e+04
2021 01 29  0152   59243    6720    0        2.9      411.2     6.20e+04
2021 01 29  0153   59243    6780    0        3.4      413.7     5.87e+04
2021 01 29  0154   59243    6840    0        2.6      396.9     6.21e+04
2021 01 29  0155   59243    6900    0        2.5      386.0     5.83e+04
2021 01 29  0156   59243    6960    0        2.7      389.9     7.06e+04
2021 01 29  0157   59243    7020    0        2.7      390.4     5.91e+04
2021 01 29  0158   59243    7080    0        2.6      391.7     5.66e+04
2021 01 29  0159   59243    7140    0        3.0      390.9     6.28e+04
2021 01 29  0200   59243    7200    0        2.8      385.1     6.50e+04
2021 01 29  0201   59243    7260    0        2.7      393.0     6.03e+04
2021 01 29  0202   59243    7320    0        2.6      395.0     5.67e+04
2021 01 29  0203   59243    7380    0        2.7      392.0     5.59e+04
2021 01 29  0204   59243    7440    0        2.8      393.4     5.44e+04
2021 01 29  0205   59243    7500    0        2.6      396.0     5.27e+04
2021 01 29  0206   59243    7560    0        2.6      396.4     5.47e+04
2021 01 29  0207   59243    7620    0        2.6      397.7     5.76e+04
2021 01 29  0208   59243    7680    0        2.9      398.0     5.53e+04
2021 01 29  0209   59243    7740    0        2.5      395.7     5.69e+04
2021 01 29  0210   59243    7800    0        2.8      395.1     5.72e+04
2021 01 29  0211   59243    7860    0        3.1      401.7     6.27e+04
2021 01 29  0212   59243    7920    0        3.4      396.0     5.40e+04
2021 01 29  0213   59243    7980    0        2.9      399.0     6.09e+04
2021 01 29  0214   59243    8040    0        3.5      400.4     5.59e+04
2021 01 29  0215   59243    8100    0        4.0      399.9     6.07e+04
2021 01 29  0216   59243    8160    0        3.2      398.4     6.10e+04
2021 01 29  0217   59243    8220    0        2.9      397.6     6.40e+04
2021 01 29  0218   59243    8280    0        2.9      399.2     6.13e+04
2021 01 29  0219   59243    8340    0        2.7      399.2     6.13e+04
2021 01 29  0220   59243    8400    0        2.6      398.1     6.39e+04
2021 01 29  0221   59243    8460    0        2.8      399.9     5.90e+04
2021 01 29  0222   59243    8520    0        2.7      399.8     5.87e+04
2021 01 29  0223   59243    8580    0        2.5      399.1     5.61e+04
2021 01 29  0224   59243    8640    0        2.5      397.1     5.08e+04
2021 01 29  0225   59243    8700    0        2.3      396.5     5.26e+04
2021 01 29  0226   59243    8760    0        2.3      397.2     5.42e+04
2021 01 29  0227   59243    8820    0        2.3      393.4     5.23e+04
2021 01 29  0228   59243    8880    0        2.6      397.6     4.97e+04
2021 01 29  0229   59243    8940    0        2.3      395.8     5.24e+04
2021 01 29  0230   59243    9000    0        2.9      407.6     8.65e+04
2021 01 29  0231   59243    9060    0        2.6      400.0     6.50e+04
2021 01 29  0232   59243    9120    0        2.5      396.6     5.20e+04
2021 01 29  0233   59243    9180    0        2.8      397.3     5.08e+04
2021 01 29  0234   59243    9240    0        2.7      398.9     5.32e+04
2021 01 29  0235   59243    9300    0        2.7      399.2     4.95e+04
2021 01 29  0236   59243    9360    0        2.7      399.6     4.59e+04
2021 01 29  0237   59243    9420    0        2.5      400.6     5.04e+04
2021 01 29  0238   59243    9480    0        2.5      400.4     5.26e+04
2021 01 29  0239   59243    9540    0        2.5      399.8     5.03e+04
2021 01 29  0240   59243    9600    0        2.5      400.6     5.97e+04
2021 01 29  0241   59243    9660    0        2.9      401.6     5.95e+04
2021 01 29  0242   59243    9720    0        9.3      393.4     6.34e+04
2021 01 29  0243   59243    9780    1       92.9      338.3     2.10e+04
2021 01 29  0244   59243    9840    1       17.9      538.9     3.39e+05
2021 01 29  0245   59243    9900    0        5.2      417.0     1.34e+05
2021 01 29  0246   59243    9960    0        3.5      403.9     9.12e+04
2021 01 29  0247   59243   10020    3    -9999.9    -9999.9    -1.00e+05
2021 01 29  0248   59243   10080    1        6.0      427.0     3.14e+05
2021 01 29  0249   59243   10140    1       78.0      360.6     1.44e+05
2021 01 29  0250   59243   10200    1      114.0      333.6     9.12e+04
2021 01 29  0251   59243   10260    6    -9999.9      337.7     1.13e+05
2021 01 29  0252   59243   10320    6    -9999.9    -9999.9    -1.00e+05
2021 01 29  0253   59243   10380    9    -9999.9    -9999.9    -1.00e+05
2021 01 29  0254   59243   10440    3    -9999.9    -9999.9    -1.00e+05
2021 01 29  0255   59243   10500    3    -9999.9    -9999.9    -1.00e+05
2021 01 29  0256   59243   10560    6    -9999.9    -9999.9    -1.00e+05
2021 01 29  0257   59243   10620    9    -9999.9    -9999.9    -1.00e+05
2021 01 29  0258   59243   10680    9    -9999.9    -9999.9    -1.00e+05
2021 01 29  0259   59243   10740    9    -9999.9    -9999.9    -1.00e+05
2021 01 29  0300   59243   10800    0        4.0      402.3     7.28e+04
2021 01 29  0301   59243   10860    0        7.9      388.3     6.39e+04
2021 01 29  0302   59243   10920    0        8.2      387.3     6.33e+04
2021 01 29  0303   59243   10980    1        2.8      396.9     4.30e+04
2021 01 29  0304   59243   11040    0        9.2      350.6     7.49e+04
2021 01 29  0305   59243   11100    0        5.5      374.5     5.84e+04
2021 01 29  0306   59243   11160    0        3.0      390.9     7.71e+04
2021 01 29  0307   59243   11220    0        2.9      392.7     7.08e+04
2021 01 29  0308   59243   11280    0        2.5      397.2     4.53e+04
2021 01 29  0309   59243   11340    0        2.4      397.8     4.57e+04
2021 01 29  0310   59243   11400    0        2.3      397.3     4.57e+04
2021 01 29  0311   59243   11460    0        2.4      396.8     4.16e+04
2021 01 29  0312   59243   11520    0        2.2      394.2     4.73e+04
2021 01 29  0313   59243   11580    0        2.2      393.6     4.76e+04
2021 01 29  0314   59243   11640    0        2.3      390.1     4.91e+04
2021 01 29  0315   59243   11700    0        2.2      395.6     4.66e+04
2021 01 29  0316   59243   11760    0        2.6      396.3     4.79e+04
2021 01 29  0317   59243   11820    0        2.3      393.9     4.95e+04
2021 01 29  0318   59243   11880    0        2.8      398.6     5.11e+04
2021 01 29  0319   59243   11940    0        2.3      396.9     4.97e+04
2021 01 29  0320   59243   12000    0        2.3      395.4     5.83e+04
2021 01 29  0321   59243   12060    0        2.4      395.3     6.38e+04
2021 01 29  0322   59243   12120    0        2.5      395.2     5.47e+04
2021 01 29  0323   59243   12180    0        2.6      397.4     5.70e+04
2021 01 29  0324   59243   12240    0        2.6      398.4     6.17e+04
2021 01 29  0325   59243   12300    0        2.4      397.2     5.80e+04
2021 01 29  0326   59243   12360    3    -9999.9    -9999.9    -1.00e+05
2021 01 29  0327   59243   12420    0        3.6      399.5     4.84e+04
2021 01 29  0328   59243   12480    0        3.5      399.7     4.97e+04
2021 01 29  0329   59243   12540    0        3.5      400.2     5.40e+04
2021 01 29  0330   59243   12600    0        3.4      397.9     4.96e+04
2021 01 29  0331   59243   12660    0        3.1      396.4     4.99e+04
2021 01 29  0332   59243   12720    0        3.3      400.9     5.01e+04
2021 01 29  0333   59243   12780    0        3.2      401.5     5.44e+04
2021 01 29  0334   59243   12840    0        3.6      401.6     5.46e+04
2021 01 29  0335   59243   12900    0        3.3      399.9     5.63e+04
2021 01 29  0336   59243   12960    0        3.3      399.4     5.46e+04
2021 01 29  0337   59243   13020    0        3.2      400.1     5.53e+04
2021 01 29  0338   59243   13080    0        3.4      402.5     5.65e+04
2021 01 29  0339   59243   13140    0        3.3      403.7     6.12e+04
2021 01 29  0340   59243   13200    0        2.9      398.9     6.40e+04
2021 01 29  0341   59243   13260    0        2.9      395.6     6.55e+04
2021 01 29  0342   59243   13320    0        2.9      397.2     6.66e+04
2021 01 29  0343   59243   13380    0        2.8      394.1     6.20e+04
2021 01 29  0344   59243   13440    0        2.8      394.2     6.49e+04
2021 01 29  0345   59243   13500    0        2.7      394.7     6.44e+04
2021 01 29  0346   59243   13560    0        2.6      392.8     5.96e+04
2021 01 29  0347   59243   13620    0        2.5      392.7     5.23e+04
2021 01 29  0348   59243   13680    0        2.3      394.4     6.05e+04
2021 01 29  0349   59243   13740    0        2.3      394.4     6.05e+04
2021 01 29  0350   59243   13800    0        2.6      395.0     6.42e+04
2021 01 29  0351   59243   13860    0        2.9      394.0     5.78e+04
2021 01 29  0352   59243   13920    0        2.6      393.7     5.93e+04
2021 01 29  0353   59243   13980    0        2.5      393.5     5.88e+04
2021 01 29  0354   59243   14040    0        2.5      393.8     6.02e+04
2021 01 29  0355   59243   14100    0        2.5      394.3     5.92e+04
2021 01 29  0356   59243   14160    0        2.5      394.6     5.71e+04
2021 01 29  0357   59243   14220    0        2.5      395.8     5.91e+04
2021 01 29  0358   59243   14280    0        2.6      395.6     5.93e+04
2021 01 29  0359   59243   14340    0        2.8      395.3     5.97e+04
2021 01 29  0400   59243   14400    0        2.5      396.8     5.45e+04
2021 01 29  0401   59243   14460    0        2.5      396.9     5.50e+04
2021 01 29  0402   59243   14520    0        2.4      397.4     5.82e+04
2021 01 29  0403   59243   14580    0        2.4      398.0     5.55e+04
2021 01 29  0404   59243   14640    0        2.3      396.1     5.15e+04
2021 01 29  0405   59243   14700    0        2.4      395.7     5.37e+04
2021 01 29  0406   59243   14760    0        2.6      399.2     5.51e+04
2021 01 29  0407   59243   14820    0        2.3      394.6     5.43e+04
2021 01 29  0408   59243   14880    0        2.3      397.6     5.66e+04
2021 01 29  0409   59243   14940    0        2.3      399.0     5.27e+04
2021 01 29  0410   59243   15000    0        2.3      399.8     5.30e+04
2021 01 29  0411   59243   15060    0        2.4      398.7     5.56e+04
2021 01 29  0412   59243   15120    0        2.6      397.3     5.64e+04
2021 01 29  0413   59243   15180    0        2.8      397.1     5.39e+04
2021 01 29  0414   59243   15240    0        2.7      392.6     5.64e+04
2021 01 29  0415   59243   15300    0        2.6      383.9     6.18e+04
2021 01 29  0416   59243   15360    0        2.7      384.5     6.24e+04
2021 01 29  0417   59243   15420    0        2.5      385.0     6.04e+04
2021 01 29  0418   59243   15480    0        2.6      384.9     6.07e+04
2021 01 29  0419   59243   15540    0        2.6      383.9     6.52e+04
2021 01 29  0420   59243   15600    0        2.6      383.1     6.16e+04
2021 01 29  0421   59243   15660    0        2.6      383.1     6.16e+04
2021 01 29  0422   59243   15720    0        2.8      383.9     7.20e+04
2021 01 29  0423   59243   15780    0        2.8      387.0     7.56e+04
2021 01 29  0424   59243   15840    0        2.7      385.7     6.53e+04
2021 01 29  0425   59243   15900    0        2.6      384.6     6.36e+04
2021 01 29  0426   59243   15960    0        2.6      384.4     6.48e+04
2021 01 29  0427   59243   16020    0        2.4      386.8     6.62e+04
2021 01 29  0428   59243   16080    0        2.5      385.8     6.35e+04
2021 01 29  0429   59243   16140    0        2.5      384.7     6.12e+04
2021 01 29  0430   59243   16200    0        2.4      384.8     6.11e+04
2021 01 29  0431   59243   16260    0        2.3      384.5     6.01e+04
2021 01 29  0432   59243   16320    0        2.4      382.4     6.43e+04
2021 01 29  0433   59243   16380    0        2.6      385.9     5.90e+04
2021 01 29  0434   59243   16440    0        2.6      385.8     5.92e+04
2021 01 29  0435   59243   16500    0        2.3      384.3     6.19e+04
2021 01 29  0436   59243   16560    0        2.1      387.4     5.53e+04
2021 01 29  0437   59243   16620    0        2.3      379.3     5.58e+04
2021 01 29  0438   59243   16680    0        2.4      388.2     6.51e+04
2021 01 29  0439   59243   16740    0        2.1      383.0     5.51e+04
2021 01 29  0440   59243   16800    0        2.4      379.1     5.35e+04
2021 01 29  0441   59243   16860    0        2.8      377.3     5.69e+04
2021 01 29  0442   59243   16920    0        2.7      377.4     5.04e+04
2021 01 29  0443   59243   16980    0        2.6      381.1     5.70e+04
2021 01 29  0444   59243   17040    0        2.7      384.8     6.26e+04
2021 01 29  0445   59243   17100    0        2.8      386.2     5.83e+04
2021 01 29  0446   59243   17160    0        2.7      386.1     5.84e+04
2021 01 29  0447   59243   17220    0        2.8      384.9     5.58e+04
2021 01 29  0448   59243   17280    0        2.6      387.9     5.85e+04
2021 01 29  0449   59243   17340    0        2.6      389.6     5.93e+04
2021 01 29  0450   59243   17400    0        2.7      389.2     5.80e+04
2021 01 29  0451   59243   17460    0        2.7      390.0     5.90e+04
2021 01 29  0452   59243   17520    0        2.5      385.6     4.67e+04
2021 01 29  0453   59243   17580    0        2.6      383.4     4.40e+04
2021 01 29  0454   59243   17640    0        2.8      378.7     4.81e+04
2021 01 29  0455   59243   17700    0        2.7      379.6     5.07e+04
2021 01 29  0456   59243   17760    0        2.6      381.4     5.82e+04
2021 01 29  0457   59243   17820    0        2.6      382.7     5.71e+04
2021 01 29  0458   59243   17880    0        2.6      382.7     5.74e+04
2021 01 29  0459   59243   17940    0        2.6      382.6     5.95e+04
2021 01 29  0500   59243   18000    0        2.7      381.4     5.80e+04
2021 01 29  0501   59243   18060    0        2.8      379.9     5.54e+04
2021 01 29  0502   59243   18120    0        2.8      377.7     5.30e+04
2021 01 29  0503   59243   18180    0        2.5      374.1     5.01e+04
2021 01 29  0504   59243   18240    0        2.5      378.2     5.28e+04
2021 01 29  0505   59243   18300    0        2.5      384.3     5.31e+04
2021 01 29  0506   59243   18360    0        2.6      383.0     5.14e+04
2021 01 29  0507   59243   18420    0        2.6      383.0     5.14e+04
2021 01 29  0508   59243   18480    0        2.5      387.9     5.29e+04
2021 01 29  0509   59243   18540    0        2.9      390.6     5.28e+04
2021 01 29  0510   59243   18600    0        2.5      390.3     5.84e+04
2021 01 29  0511   59243   18660    0        2.7      389.2     5.29e+04
2021 01 29  0512   59243   18720    0        2.6      389.8     6.11e+04
2021 01 29  0513   59243   18780    0        2.6      390.9     6.32e+04
2021 01 29  0514   59243   18840    0        2.6      391.1     6.28e+04
2021 01 29  0515   59243   18900    0        2.7      392.4     6.02e+04
2021 01 29  0516   59243   18960    0        2.9      395.8     6.30e+04
2021 01 29  0517   59243   19020    0        2.9      397.5     6.72e+04
2021 01 29  0518   59243   19080    0        2.7      396.9     6.51e+04
2021 01 29  0519   59243   19140    0        2.7      397.4     6.72e+04
2021 01 29  0520   59243   19200    0        2.7      396.1     6.86e+04
2021 01 29  0521   59243   19260    0        2.6      396.1     7.00e+04
2021 01 29  0522   59243   19320    0        2.9      391.1     6.08e+04
2021 01 29  0523   59243   19380    0        2.3      393.2     6.38e+04
2021 01 29  0524   59243   19440    0        2.4      397.1     6.34e+04
2021 01 29  0525   59243   19500    0        2.4      396.5     6.39e+04
2021 01 29  0526   59243   19560    0        2.5      397.0     5.51e+04
2021 01 29  0527   59243   19620    0        2.4      395.8     5.50e+04
2021 01 29  0528   59243   19680    0        2.4      394.6     5.48e+04
2021 01 29  0529   59243   19740    0        2.4      393.2     5.16e+04
2021 01 29  0530   59243   19800    0        2.4      394.4     4.93e+04
2021 01 29  0531   59243   19860    0        2.5      396.9     5.27e+04
2021 01 29  0532   59243   19920    0        2.4      397.3     5.50e+04
2021 01 29  0533   59243   19980    0        2.3      396.2     5.83e+04
2021 01 29  0534   59243   20040    0        2.4      394.4     6.10e+04
2021 01 29  0535   59243   20100    0        2.5      391.7     5.24e+04
2021 01 29  0536   59243   20160    0        2.4      392.2     5.20e+04
2021 01 29  0537   59243   20220    0        2.7      393.2     5.41e+04
2021 01 29  0538   59243   20280    0        2.5      393.4     5.86e+04
2021 01 29  0539   59243   20340    9    -9999.9    -9999.9    -1.00e+05
2021 01 29  0540   59243   20400    0        2.7      393.7     5.94e+04
2021 01 29  0541   59243   20460    0        2.4      392.4     5.62e+04
2021 01 29  0542   59243   20520    0        2.3      389.4     4.91e+04
2021 01 29  0543   59243   20580    0        2.3      387.9     4.90e+04
2021 01 29  0544   59243   20640    0        2.7      392.9     5.13e+04
2021 01 29  0545   59243   20700    0        2.4      392.0     5.16e+04
2021 01 29  0546   59243   20760    0        2.2      390.1     4.65e+04
2021 01 29  0547   59243   20820    0        2.3      392.0     4.65e+04
2021 01 29  0548   59243   20880    0        2.5      392.3     5.19e+04
2021 01 29  0549   59243   20940    0        2.5      391.2     5.65e+04
2021 01 29  0550   59243   21000    0        2.5      391.6     5.21e+04
2021 01 29  0551   59243   21060    0        2.3      389.8     3.64e+04
2021 01 29  0552   59243   21120    0        2.3      389.6     3.32e+04
2021 01 29  0553   59243   21180    0        2.2      390.5     3.99e+04
2021 01 29  0554   59243   21240    0        2.4      391.0     3.86e+04
2021 01 29  0555   59243   21300    0        2.3      389.7     4.42e+04
2021 01 29  0556   59243   21360    0        1.9      388.7     3.95e+04
2021 01 29  0557   59243   21420    0        2.7      383.2     3.46e+04
2021 01 29  0558   59243   21480    0        2.3      385.1     4.19e+04
2021 01 29  0559   59243   21540    0        2.2      389.7     4.25e+04
2021 01 29  0600   59243   21600    0        2.1      390.2     3.72e+04
2021 01 29  0601   59243   21660    0        2.3      392.6     4.32e+04
2021 01 29  0602   59243   21720    0        2.0      392.5     4.23e+04
2021 01 29  0603   59243   21780    0        2.0      393.1     3.93e+04
2021 01 29  0604   59243   21840    0        2.3      393.3     3.80e+04
2021 01 29  0605   59243   21900    0        2.2      391.8     3.76e+04
2021 01 29  0606   59243   21960    0        2.0      390.4     3.96e+04
2021 01 29  0607   59243   22020    0        2.1      389.8     4.38e+04
2021 01 29  0608   59243   22080    0        2.3      392.6     5.51e+04
2021 01 29  0609   59243   22140    0        2.3      392.2     5.63e+04
2021 01 29  0610   59243   22200    0        2.5      392.8     5.38e+04
2021 01 29  0611   59243   22260    0        2.1      390.9     4.86e+04
2021 01 29  0612   59243   22320    9    -9999.9    -9999.9    -1.00e+05
2021 01 29  0613   59243   22380    0        2.3      388.8     5.44e+04
2021 01 29  0614   59243   22440    0        2.3      388.9     6.00e+04
2021 01 29  0615   59243   22500    0        2.4      389.6     5.91e+04
2021 01 29  0616   59243   22560    0        2.2      389.1     4.67e+04
2021 01 29  0617   59243   22620    0        2.3      384.6     3.52e+04
2021 01 29  0618   59243   22680    0        2.3      380.9     3.84e+04
2021 01 29  0619   59243   22740    0        2.2      384.0     4.05e+04
2021 01 29  0620   59243   22800    0        2.3      387.3     4.31e+04
2021 01 29  0621   59243   22860    0        2.2      387.0     4.39e+04
2021 01 29  0622   59243   22920    0        2.4      387.7     4.31e+04
2021 01 29  0623   59243   22980    0        2.5      388.9     5.45e+04
2021 01 29  0624   59243   23040    0        2.5      390.0     5.28e+04
2021 01 29  0625   59243   23100    0        2.6      388.3     5.21e+04
2021 01 29  0626   59243   23160    0        2.3      387.9     4.60e+04
2021 01 29  0627   59243   23220    0        1.9      392.2     4.70e+04
2021 01 29  0628   59243   23280    0        2.2      391.9     4.85e+04
2021 01 29  0629   59243   23340    0        2.4      389.6     4.88e+04
2021 01 29  0630   59243   23400    0        2.4      391.6     5.07e+04
2021 01 29  0631   59243   23460    0        2.4      389.4     4.65e+04
2021 01 29  0632   59243   23520    0        2.5      391.6     4.61e+04
2021 01 29  0633   59243   23580    0        2.3      390.7     4.65e+04
2021 01 29  0634   59243   23640    0        2.4      389.1     4.77e+04
2021 01 29  0635   59243   23700    0        2.4      389.5     4.98e+04
2021 01 29  0636   59243   23760    0        2.4      391.0     5.22e+04
2021 01 29  0637   59243   23820    0        2.5      391.8     5.38e+04
2021 01 29  0638   59243   23880    0        2.4      391.9     5.34e+04
2021 01 29  0639   59243   23940    0        2.5      391.9     5.16e+04
2021 01 29  0640   59243   24000    0        2.7      391.2     5.31e+04
2021 01 29  0641   59243   24060    0        2.6      389.3     5.67e+04
2021 01 29  0642   59243   24120    0        2.7      383.9     5.09e+04
2021 01 29  0643   59243   24180    0        2.7      385.9     4.96e+04
2021 01 29  0644   59243   24240    0        2.5      386.6     5.40e+04
2021 01 29  0645   59243   24300    0        2.5      386.6     5.40e+04
2021 01 29  0646   59243   24360    0        2.6      387.1     5.14e+04
2021 01 29  0647   59243   24420    0        2.8      386.4     5.51e+04
2021 01 29  0648   59243   24480    0        2.7      385.6     5.30e+04
2021 01 29  0649   59243   24540    0        2.6      386.2     5.08e+04
2021 01 29  0650   59243   24600    0        2.7      387.2     4.87e+04
2021 01 29  0651   59243   24660    0        2.8      386.0     4.96e+04
2021 01 29  0652   59243   24720    0        3.0      384.5     5.03e+04
2021 01 29  0653   59243   24780    0        3.0      385.1     5.04e+04
2021 01 29  0654   59243   24840    0        2.7      385.8     5.16e+04
2021 01 29  0655   59243   24900    0        2.7      386.0     5.05e+04
2021 01 29  0656   59243   24960    0        2.6      386.7     5.03e+04
2021 01 29  0657   59243   25020    0        2.7      388.0     5.10e+04
2021 01 29  0658   59243   25080    0        2.6      388.0     5.34e+04
2021 01 29  0659   59243   25140    0        2.9      390.3     5.25e+04
2021 01 29  0700   59243   25200    0        3.0      388.1     5.49e+04
2021 01 29  0701   59243   25260    0        3.0      389.6     5.46e+04
2021 01 29  0702   59243   25320    0        2.6      385.6     4.93e+04
2021 01 29  0703   59243   25380    0        2.9      388.4     5.31e+04
2021 01 29  0704   59243   25440    0        2.9      388.7     5.75e+04
2021 01 29  0705   59243   25500    0        2.7      389.5     5.54e+04
2021 01 29  0706   59243   25560    0        2.6      389.4     5.61e+04
2021 01 29  0707   59243   25620    0        3.0      391.6     5.29e+04
2021 01 29  0708   59243   25680    0        3.0      390.4     5.13e+04
2021 01 29  0709   59243   25740    0        2.6      388.2     5.21e+04
2021 01 29  0710   59243   25800    0        2.7      390.9     5.02e+04
2021 01 29  0711   59243   25860    0        2.6      390.4     5.22e+04
2021 01 29  0712   59243   25920    0        2.6      388.3     5.04e+04
2021 01 29  0713   59243   25980    0        2.5      385.0     5.13e+04
2021 01 29  0714   59243   26040    0        3.0      386.8     5.07e+04
2021 01 29  0715   59243   26100    0        3.0      390.0     5.61e+04
2021 01 29  0716   59243   26160    0        8.1      432.6     1.35e+05
2021 01 29  0717   59243   26220    0        3.0      392.6     5.69e+04
2021 01 29  0718   59243   26280    0        2.6      389.7     5.13e+04
2021 01 29  0719   59243   26340    0        2.5      393.9     5.16e+04
2021 01 29  0720   59243   26400    0        2.6      390.4     5.28e+04
2021 01 29  0721   59243   26460    0        2.6      388.0     5.29e+04
2021 01 29  0722   59243   26520    0        2.6      387.5     5.27e+04
2021 01 29  0723   59243   26580    0        2.9      388.8     5.66e+04
2021 01 29  0724   59243   26640    0        2.7      390.1     5.56e+04
2021 01 29  0725   59243   26700    0        2.6      390.6     5.42e+04
2021 01 29  0726   59243   26760    0        2.6      386.9     5.24e+04
2021 01 29  0727   59243   26820    0        2.7      382.9     5.00e+04
2021 01 29  0728   59243   26880    0        2.9      384.4     5.08e+04
2021 01 29  0729   59243   26940    0        2.7      384.1     5.03e+04
2021 01 29  0730   59243   27000    0        2.7      382.5     4.78e+04
2021 01 29  0731   59243   27060    0        2.7      371.9     4.48e+04
2021 01 29  0732   59243   27120    0        2.5      376.8     4.80e+04
2021 01 29  0733   59243   27180    0        2.9      380.9     5.80e+04
2021 01 29  0734   59243   27240    0        2.7      384.8     5.71e+04
2021 01 29  0735   59243   27300    0        2.8      384.3     5.54e+04
2021 01 29  0736   59243   27360    0        3.0      386.5     5.23e+04
2021 01 29  0737   59243   27420    0        2.6      383.2     5.29e+04
2021 01 29  0738   59243   27480    0        2.7      384.2     5.33e+04
2021 01 29  0739   59243   27540    0        3.1      384.3     5.66e+04
2021 01 29  0740   59243   27600    0        3.0      384.3     5.61e+04
2021 01 29  0741   59243   27660    0        2.7      386.4     5.37e+04
2021 01 29  0742   59243   27720    0        2.8      387.7     5.28e+04
2021 01 29  0743   59243   27780    0        3.0      389.8     4.96e+04
2021 01 29  0744   59243   27840    0        2.7      388.9     5.82e+04
2021 01 29  0745   59243   27900    0        2.7      389.9     5.44e+04
2021 01 29  0746   59243   27960    0        2.5      390.5     5.30e+04
2021 01 29  0747   59243   28020    0        2.6      391.4     5.46e+04
2021 01 29  0748   59243   28080    0        2.7      386.9     5.27e+04
2021 01 29  0749   59243   28140    0        2.5      388.1     4.78e+04
2021 01 29  0750   59243   28200    0        2.6      385.6     5.03e+04
2021 01 29  0751   59243   28260    0        2.6      385.2     5.08e+04
2021 01 29  0752   59243   28320    0        2.6      379.2     3.62e+04
2021 01 29  0753   59243   28380    0        2.8      379.0     4.09e+04
2021 01 29  0754   59243   28440    0        3.4      378.3     3.52e+04
2021 01 29  0755   59243   28500    0        3.5      376.6     3.13e+04
2021 01 29  0756   59243   28560    0        3.7      376.3     2.88e+04
2021 01 29  0757   59243   28620    0        3.9      375.7     2.41e+04
2021 01 29  0758   59243   28680    0        3.4      374.3     2.56e+04
2021 01 29  0759   59243   28740    0        3.0      375.1     2.94e+04
2021 01 29  0800   59243   28800    0        2.7      373.5     2.86e+04
2021 01 29  0801   59243   28860    0        3.1      375.0     2.93e+04
2021 01 29  0802   59243   28920    0        3.8      372.4     2.35e+04
2021 01 29  0803   59243   28980    0        3.3      373.2     2.45e+04
2021 01 29  0804   59243   29040    0        2.9      371.4     2.68e+04
2021 01 29  0805   59243   29100    0        2.9      372.1     2.61e+04
2021 01 29  0806   59243   29160    0        2.9      370.5     2.69e+04
2021 01 29  0807   59243   29220    0        3.8      370.9     2.29e+04
2021 01 29  0808   59243   29280    0        3.9      369.2     2.30e+04
2021 01 29  0809   59243   29340    0        3.2      370.2     2.75e+04
2021 01 29  0810   59243   29400    0        3.0      370.3     2.83e+04
2021 01 29  0811   59243   29460    0        2.7      367.2     2.33e+04
2021 01 29  0812   59243   29520    0        3.0      369.7     3.09e+04
2021 01 29  0813   59243   29580    0        3.4      373.4     3.89e+04
2021 01 29  0814   59243   29640    0        3.1      368.5     3.15e+04
2021 01 29  0815   59243   29700    0        3.0      363.3     2.93e+04
2021 01 29  0816   59243   29760    0        2.6      364.3     2.52e+04
2021 01 29  0817   59243   29820    0        3.0      370.9     2.76e+04
2021 01 29  0818   59243   29880    0        4.5      371.6     2.36e+04
2021 01 29  0819   59243   29940    0        4.1      371.6     2.69e+04
2021 01 29  0820   59243   30000    0        4.2      373.5     2.33e+04
2021 01 29  0821   59243   30060    0        4.1      372.6     2.67e+04
2021 01 29  0822   59243   30120    0        4.3      372.8     2.32e+04
2021 01 29  0823   59243   30180    0        4.5      372.0     2.32e+04
2021 01 29  0824   59243   30240    0        4.6      371.7     2.33e+04
2021 01 29  0825   59243   30300    3    -9999.9    -9999.9    -1.00e+05
2021 01 29  0826   59243   30360    0        4.0      371.5     2.58e+04
2021 01 29  0827   59243   30420    0        4.2      372.6     2.43e+04
2021 01 29  0828   59243   30480    0        4.2      371.2     2.36e+04
2021 01 29  0829   59243   30540    0        4.2      369.8     2.38e+04
2021 01 29  0830   59243   30600    0        4.4      371.4     2.27e+04
2021 01 29  0831   59243   30660    0        4.4      371.1     2.22e+04
2021 01 29  0832   59243   30720    0        3.8      372.9     2.28e+04
2021 01 29  0833   59243   30780    0        3.0      371.5     2.71e+04
2021 01 29  0834   59243   30840    0        4.1      370.6     2.25e+04
2021 01 29  0835   59243   30900    0        4.0      369.6     2.27e+04
2021 01 29  0836   59243   30960    0        4.1      373.0     2.27e+04
2021 01 29  0837   59243   31020    0        3.8      375.0     2.80e+04
2021 01 29  0838   59243   31080    0        4.1      374.7     2.19e+04
2021 01 29  0839   59243   31140    0        2.6      364.1     1.47e+04
2021 01 29  0840   59243   31200    0        4.0      372.3     1.52e+04
2021 01 29  0841   59243   31260    0        6.1      380.8     1.97e+04
2021 01 29  0842   59243   31320    0        4.5      375.0     1.82e+04
2021 01 29  0843   59243   31380    0        3.0      368.2     2.35e+04
2021 01 29  0844   59243   31440    0        2.9      367.0     3.01e+04
2021 01 29  0845   59243   31500    0        2.5      359.1     2.92e+04
2021 01 29  0846   59243   31560    0        2.7      359.8     3.62e+04
2021 01 29  0847   59243   31620    0        3.0      361.9     5.11e+04
2021 01 29  0848   59243   31680    0        3.1      363.7     5.25e+04
2021 01 29  0849   59243   31740    0        3.2      363.8     4.71e+04
2021 01 29  0850   59243   31800    0        3.2      364.9     3.96e+04
2021 01 29  0851   59243   31860    0        2.9      369.1     3.17e+04
2021 01 29  0852   59243   31920    0        1.9      358.3     1.42e+04
2021 01 29  0853   59243   31980    0        3.6      374.2     5.13e+04
2021 01 29  0854   59243   32040    0        3.5      364.4     4.80e+04
2021 01 29  0855   59243   32100    0        2.9      359.2     3.25e+04
2021 01 29  0856   59243   32160    0        2.9      361.0     3.38e+04
2021 01 29  0857   59243   32220    0        3.0      362.0     3.56e+04
2021 01 29  0858   59243   32280    3    -9999.9    -9999.9    -1.00e+05
2021 01 29  0859   59243   32340    0        3.1      362.0     3.55e+04
2021 01 29  0900   59243   32400    0        3.1      362.1     3.90e+04
2021 01 29  0901   59243   32460    0        3.0      361.8     4.11e+04
2021 01 29  0902   59243   32520    0        3.0      361.0     4.01e+04
2021 01 29  0903   59243   32580    0        3.0      360.8     4.32e+04
2021 01 29  0904   59243   32640    0        3.1      361.6     3.78e+04
2021 01 29  0905   59243   32700    0        3.6      364.4     2.41e+04
2021 01 29  0906   59243   32760    0        3.1      362.3     3.13e+04
2021 01 29  0907   59243   32820    0        2.8      364.4     3.61e+04
2021 01 29  0908   59243   32880    0        3.1      361.2     3.86e+04
2021 01 29  0909   59243   32940    0        3.1      361.0     3.87e+04
2021 01 29  0910   59243   33000    0        3.0      361.6     4.14e+04
2021 01 29  0911   59243   33060    0        3.1      360.3     4.09e+04
2021 01 29  0912   59243   33120    0        3.0      361.7     3.36e+04
2021 01 29  0913   59243   33180    0        3.0      363.2     3.51e+04
2021 01 29  0914   59243   33240    0        3.1      362.5     3.66e+04
2021 01 29  0915   59243   33300    0        3.0      361.7     3.45e+04
2021 01 29  0916   59243   33360    0        3.0      361.3     3.41e+04
2021 01 29  0917   59243   33420    0        3.0      360.5     3.51e+04
2021 01 29  0918   59243   33480    0        2.9      360.2     3.46e+04
2021 01 29  0919   59243   33540    0        2.9      359.5     3.06e+04
2021 01 29  0920   59243   33600    0        2.2      356.2     2.05e+04
2021 01 29  0921   59243   33660    0        3.5      370.8     7.72e+04
2021 01 29  0922   59243   33720    0        3.5      370.5     7.53e+04
2021 01 29  0923   59243   33780    0        3.4      365.3     4.87e+04
2021 01 29  0924   59243   33840    0        2.7      359.0     2.85e+04
2021 01 29  0925   59243   33900    0        3.1      362.6     4.45e+04
2021 01 29  0926   59243   33960    0        3.3      358.9     3.62e+04
2021 01 29  0927   59243   34020    0        2.6      353.8     2.38e+04
2021 01 29  0928   59243   34080    0        3.1      360.5     4.73e+04
2021 01 29  0929   59243   34140    0        3.1      359.8     4.41e+04
2021 01 29  0930   59243   34200    0        3.0      358.0     3.77e+04
2021 01 29  0931   59243   34260    3    -9999.9    -9999.9    -1.00e+05
2021 01 29  0932   59243   34320    3    -9999.9    -9999.9    -1.00e+05
2021 01 29  0933   59243   34380    6        3.6      361.2     3.15e+04
2021 01 29  0934   59243   34440    0        3.4      361.4     3.28e+04
2021 01 29  0935   59243   34500    0        3.1      361.7     3.51e+04
2021 01 29  0936   59243   34560    0        3.2      361.4     3.47e+04
2021 01 29  0937   59243   34620    0        3.1      360.4     3.43e+04
2021 01 29  0938   59243   34680    0        3.2      361.3     3.49e+04
2021 01 29  0939   59243   34740    0        2.9      360.8     2.98e+04
2021 01 29  0940   59243   34800    0        3.2      359.5     3.07e+04
2021 01 29  0941   59243   34860    0        3.9      360.0     3.06e+04
2021 01 29  0942   59243   34920    0        3.3      361.3     3.11e+04
2021 01 29  0943   59243   34980    0        3.1      359.9     2.80e+04
2021 01 29  0944   59243   35040    0        3.1      358.9     2.90e+04
2021 01 29  0945   59243   35100    0        3.3      359.1     2.79e+04
2021 01 29  0946   59243   35160    0        3.2      360.0     2.92e+04
2021 01 29  0947   59243   35220    0        3.2      359.8     2.87e+04
2021 01 29  0948   59243   35280    0        3.3      360.2     2.94e+04
2021 01 29  0949   59243   35340    0        3.3      360.5     3.00e+04
2021 01 29  0950   59243   35400    0        3.3      359.4     2.85e+04
2021 01 29  0951   59243   35460    0        3.2      359.7     2.85e+04
2021 01 29  0952   59243   35520    0        3.1      361.0     2.51e+04
2021 01 29  0953   59243   35580    0        3.1      361.6     2.85e+04
2021 01 29  0954   59243   35640    0        3.2      361.6     2.72e+04
2021 01 29  0955   59243   35700    0        3.8      364.9     2.73e+04
2021 01 29  0956   59243   35760    0        3.2      361.8     2.59e+04
2021 01 29  0957   59243   35820    0        3.2      361.4     2.82e+04
2021 01 29  0958   59243   35880    0        3.2      360.9     2.64e+04
2021 01 29  0959   59243   35940    0        3.2      360.7     3.49e+04
