:Data_list: 20210204_ace_epam_5m.txt
:Created: 2021 Feb 05 0011 UT
# Prepared by the U.S. Dept. of Commerce, NOAA, Space Weather Prediction Center
# Please send comments and suggestions to SWPC.Webmaster@noaa.gov 
# 
# Units: Differential Flux particles/cm2-s-ster-MeV
# Units: Anisotropy Index 0.0 - 2.0
# Status(S): 0 = nominal, 4,6,7,8 = bad data, unable to process, 9 = no data
# Missing data values: -1.00e+05, index = -1.00
# Source: ACE Satellite - Electron, Proton, and Alpha Monitor
#
#
#                      5-minute averaged Real-time Differential Electron and Proton Flux 
# 
#                Modified Seconds ---------------------------- Differential Flux ---------------------------
# UT Date   Time  Julian  of the  ----- Electron -----   ------------------- Protons keV -------------------   Anis.
# YR MO DA  HHMM    Day    Day    S    38-53   175-315   S    47-68   115-195   310-580   795-1193 1060-1900   Index
#-------------------------------------------------------------------------------------------------------------------
2021 02 04  0000   59249       0  0  1.69e+03 -1.00e+05  9 -1.00e+05 -1.00e+05 -1.00e+05 -1.00e+05 -1.00e+05  -1.00
2021 02 04  0005   59249     300  0  8.93e+02  3.03e+01  0  4.53e+04 -1.00e+05 -1.00e+05  0.00e+00  5.22e+03  -1.00
2021 02 04  0010   59249     600  0  9.55e+02  3.43e+01  0  3.83e+03  2.35e+01  1.07e+01  6.18e-01  1.86e-01  -1.00
2021 02 04  0015   59249     900  0  1.08e+03  2.83e+01  0  3.95e+03  2.75e+01  2.65e+00  5.69e-01  1.35e-01  -1.00
2021 02 04  0020   59249    1200  0  1.01e+03  3.56e+01  0  4.12e+03  2.81e+01  3.13e+00  6.73e-01  2.43e-01  -1.00
2021 02 04  0025   59249    1500  0  1.10e+03  3.07e+01  0  3.98e+03  2.66e+01  2.33e+00  6.32e-01  1.64e-01  -1.00
2021 02 04  0030   59249    1800  0  9.87e+02  3.30e+01  0  3.86e+03  3.46e+01  3.09e+00  5.81e-01  1.88e-01  -1.00
2021 02 04  0035   59249    2100  0  1.14e+03  3.09e+01  0  4.39e+03  5.28e+01  4.12e+00  7.92e-01  2.07e-01  -1.00
2021 02 04  0040   59249    2400  0  9.63e+02  2.89e+01  0  4.22e+03  3.46e+01  2.66e+00  6.08e-01  1.87e-01  -1.00
2021 02 04  0045   59249    2700  0  9.45e+02  2.84e+01  0  4.22e+03  4.51e+01  2.91e+00  8.90e-01  2.28e-01  -1.00
2021 02 04  0050   59249    3000  0  1.25e+03  2.89e+01  0  3.99e+03  2.85e+01  2.27e+00  6.16e-01  1.64e-01  -1.00
2021 02 04  0055   59249    3300  0  9.17e+02  2.72e+01  0  4.00e+03  2.85e+01  2.62e+00  7.46e-01  2.62e-01  -1.00
2021 02 04  0100   59249    3600  0  9.58e+02  3.00e+01  0  3.97e+03  3.24e+01  2.87e+00  7.10e-01  1.93e-01  -1.00
2021 02 04  0105   59249    3900  0  9.47e+02  3.28e+01  0  3.83e+03  2.77e+01  3.09e+00  6.67e-01  1.91e-01  -1.00
2021 02 04  0110   59249    4200  0  1.18e+03  3.25e+01  0  3.99e+03  2.58e+01  2.77e+00  6.38e-01  1.94e-01  -1.00
2021 02 04  0115   59249    4500  0  9.09e+02  2.90e+01  0  3.97e+03  2.77e+01  2.72e+00  8.39e-01  1.20e-01  -1.00
2021 02 04  0120   59249    4800  0  8.36e+02  2.95e+01  0  3.75e+03  2.55e+01  2.67e+00  8.42e-01  1.57e-01  -1.00
2021 02 04  0125   59249    5100  0  1.13e+03  2.95e+01  0  4.04e+03  2.81e+01  2.67e+00  5.73e-01  1.34e-01  -1.00
2021 02 04  0130   59249    5400  0  9.66e+02  2.74e+01  0  3.92e+03  2.54e+01  3.01e+00  6.12e-01  2.58e-01  -1.00
2021 02 04  0135   59249    5700  0  9.06e+02  2.95e+01  0  3.89e+03  2.56e+01  2.92e+00  7.46e-01  2.18e-01  -1.00
2021 02 04  0140   59249    6000  0  8.83e+02  2.98e+01  0  3.79e+03  3.11e+01  2.39e+00  7.84e-01  1.90e-01  -1.00
2021 02 04  0145   59249    6300  0  1.01e+03  3.05e+01  0  4.07e+03  2.75e+01  2.90e+00  6.18e-01  2.02e-01  -1.00
2021 02 04  0150   59249    6600  0  9.53e+02  2.68e+01  0  4.09e+03  3.02e+01  3.15e+00  7.35e-01  1.84e-01  -1.00
2021 02 04  0155   59249    6900  0  9.54e+02  3.43e+01  0  3.88e+03  3.38e+01  2.73e+00  5.25e-01  1.10e-01  -1.00
2021 02 04  0200   59249    7200  0  1.18e+03  2.69e+01  0  4.12e+03  2.66e+01  2.74e+00  5.42e-01  1.94e-01  -1.00
2021 02 04  0205   59249    7500  0  9.95e+02  3.26e+01  0  3.99e+03  2.24e+01  2.80e+00  6.94e-01  1.91e-01  -1.00
2021 02 04  0210   59249    7800  0  9.67e+02  3.25e+01  0  3.95e+03  2.66e+01  3.02e+00  8.83e-01  1.87e-01  -1.00
2021 02 04  0215   59249    8100  0  1.23e+03  3.04e+01  0  3.93e+03  2.84e+01  2.93e+00  6.88e-01  1.71e-01  -1.00
2021 02 04  0220   59249    8400  0  1.09e+03  3.03e+01  0  4.30e+03  2.94e+01  2.64e+00  5.34e-01  1.70e-01  -1.00
2021 02 04  0225   59249    8700  0  9.43e+02  2.94e+01  0  4.02e+03  3.22e+01  2.65e+00  4.13e-01  2.18e-01  -1.00
2021 02 04  0230   59249    9000  0  9.86e+02  2.89e+01  0  4.00e+03  3.65e+01  2.66e+00  6.97e-01  1.58e-01  -1.00
2021 02 04  0235   59249    9300  0  1.26e+03  3.18e+01  0  4.30e+03  2.97e+01  2.53e+00  6.92e-01  1.93e-01  -1.00
2021 02 04  0240   59249    9600  0  9.23e+02  3.19e+01  0  4.51e+03  3.39e+01  3.09e+00  5.44e-01  1.71e-01  -1.00
2021 02 04  0245   59249    9900  0  9.13e+02  2.96e+01  0  4.14e+03  2.93e+01  2.56e+00  6.55e-01  1.56e-01  -1.00
2021 02 04  0250   59249   10200  0  1.24e+03  3.47e+01  0  4.06e+03  2.78e+01  2.21e+00  6.59e-01  2.48e-01  -1.00
2021 02 04  0255   59249   10500  0  1.01e+03  3.18e+01  0  3.91e+03  2.58e+01  2.48e+00  7.29e-01  2.03e-01  -1.00
2021 02 04  0300   59249   10800  0  1.02e+03  3.51e+01  0  3.85e+03  2.46e+01  3.18e+00  9.37e-01  1.68e-01  -1.00
2021 02 04  0305   59249   11100  0  9.89e+02  3.28e+01  0  3.80e+03  2.41e+01  2.94e+00  7.42e-01  1.29e-01  -1.00
2021 02 04  0310   59249   11400  0  1.11e+03  3.13e+01  0  4.03e+03  2.21e+01  2.82e+00  6.93e-01  2.05e-01  -1.00
2021 02 04  0315   59249   11700  0  9.12e+02  2.64e+01  0  4.12e+03  2.44e+01  2.56e+00  7.42e-01  1.35e-01  -1.00
2021 02 04  0320   59249   12000  0  9.23e+02  3.17e+01  0  3.61e+03  2.52e+01  2.80e+00  7.75e-01  1.04e-01  -1.00
2021 02 04  0325   59249   12300  0  1.22e+03  2.94e+01  0  3.92e+03  2.25e+01  2.67e+00  7.22e-01  1.35e-01  -1.00
2021 02 04  0330   59249   12600  0  9.57e+02  3.26e+01  0  3.88e+03  2.46e+01  2.88e+00  6.13e-01  1.22e-01  -1.00
2021 02 04  0335   59249   12900  0  9.75e+02  3.19e+01  0  3.86e+03  2.55e+01  2.38e+00  6.50e-01  1.74e-01  -1.00
2021 02 04  0340   59249   13200  0  1.05e+03  3.14e+01  0  3.79e+03  2.06e+01  2.90e+00  7.62e-01  2.16e-01  -1.00
2021 02 04  0345   59249   13500  0  1.09e+03  3.01e+01  0  4.07e+03  2.19e+01  2.61e+00  5.72e-01  2.64e-01  -1.00
2021 02 04  0350   59249   13800  0  8.85e+02  3.03e+01  0  3.97e+03  2.37e+01  3.41e+00  6.77e-01  2.25e-01  -1.00
2021 02 04  0355   59249   14100  0  8.73e+02  3.40e+01  0  3.67e+03  2.24e+01  2.51e+00  6.68e-01  2.89e-01  -1.00
2021 02 04  0400   59249   14400  0  1.17e+03  3.21e+01  0  3.87e+03  2.13e+01  2.67e+00  5.60e-01  1.23e-01  -1.00
2021 02 04  0405   59249   14700  0  9.83e+02  2.68e+01  0  3.95e+03  2.11e+01  2.65e+00  6.77e-01  1.48e-01  -1.00
2021 02 04  0410   59249   15000  0  9.55e+02  2.94e+01  0  3.86e+03  2.19e+01  2.63e+00  9.40e-01  3.10e-01  -1.00
2021 02 04  0415   59249   15300  0  1.25e+03  3.00e+01  0  3.89e+03  2.34e+01  2.48e+00  8.78e-01  2.31e-01  -1.00
2021 02 04  0420   59249   15600  0  1.07e+03  3.04e+01  0  3.85e+03  2.43e+01  2.33e+00  5.42e-01  2.14e-01  -1.00
2021 02 04  0425   59249   15900  0  1.00e+03  3.10e+01  0  3.95e+03  2.16e+01  2.99e+00  7.89e-01  2.13e-01  -1.00
2021 02 04  0430   59249   16200  0  1.05e+03  2.79e+01  0  3.84e+03  2.42e+01  3.06e+00  7.42e-01  1.34e-01  -1.00
2021 02 04  0435   59249   16500  0  1.17e+03  2.85e+01  0  4.02e+03  2.21e+01  2.90e+00  7.85e-01  2.35e-01  -1.00
2021 02 04  0440   59249   16800  0  9.30e+02  2.58e+01  0  4.11e+03  1.98e+01  2.33e+00  3.60e-01  2.73e-01  -1.00
2021 02 04  0445   59249   17100  0  9.51e+02  3.26e+01  0  3.83e+03  2.26e+01  2.97e+00  7.12e-01  2.03e-01  -1.00
2021 02 04  0450   59249   17400  0  1.16e+03  2.78e+01  0  3.97e+03  2.28e+01  2.81e+00  4.54e-01  2.43e-01  -1.00
2021 02 04  0455   59249   17700  0  9.52e+02  3.32e+01  0  3.89e+03  4.23e+01  2.56e+00  4.43e-01  2.27e+00  -1.00
2021 02 04  0500   59249   18000  0  9.48e+02  3.18e+01  0  4.00e+03  2.26e+01  2.85e+00  1.70e+00  1.71e-01  -1.00
2021 02 04  0505   59249   18300  0  1.07e+03  3.53e+01  0  3.92e+03  2.56e+01  3.37e+00  5.28e-01  1.79e-01  -1.00
2021 02 04  0510   59249   18600  0  1.08e+03  2.90e+01  0  4.05e+03  2.31e+01  2.96e+00  5.06e-01  1.82e-01  -1.00
2021 02 04  0515   59249   18900  0  9.82e+02  3.30e+01  0  4.05e+03  2.50e+01  2.44e+00  7.72e-01  1.07e-01  -1.00
2021 02 04  0520   59249   19200  0  1.08e+03  2.93e+01  0  3.74e+03  2.52e+01  2.47e+00  6.04e-01  1.40e-01  -1.00
2021 02 04  0525   59249   19500  0  1.25e+03  3.03e+01  0  4.05e+03  2.77e+01  2.37e+00  7.64e-01  1.50e-01  -1.00
2021 02 04  0530   59249   19800  0  1.06e+03  2.75e+01  0  3.99e+03  2.59e+01  2.52e+00  7.17e-01  1.36e-01  -1.00
2021 02 04  0535   59249   20100  0  1.03e+03  3.38e+01  0  3.86e+03  2.39e+01  2.71e+00  4.32e-01  1.26e-01  -1.00
2021 02 04  0540   59249   20400  0  1.08e+03  3.02e+01  0  3.97e+03  2.40e+01  2.52e+00  8.88e-01  1.63e-01  -1.00
2021 02 04  0545   59249   20700  0  9.17e+02  2.78e+01  0  3.93e+03  2.29e+01  2.88e+00  6.02e-01  2.13e-01  -1.00
2021 02 04  0550   59249   21000  0  9.02e+02  3.18e+01  0  3.88e+03  2.46e+01  2.77e+00  6.04e-01  1.24e-01  -1.00
2021 02 04  0555   59249   21300  0  1.01e+03  2.75e+01  0  3.75e+03  2.61e+01  2.30e+00  7.88e-01  1.87e-01  -1.00
2021 02 04  0600   59249   21600  0  1.19e+03  3.16e+01  0  3.95e+03  2.49e+01  2.77e+00  8.68e-01  1.61e-01  -1.00
2021 02 04  0605   59249   21900  0  1.06e+03  3.52e+01  0  4.00e+03  2.39e+01  3.14e+00  5.01e-01  1.42e-01  -1.00
2021 02 04  0610   59249   22200  0  1.02e+03  3.32e+01  0  3.93e+03  2.36e+01  2.81e+00  7.91e-01  1.66e-01  -1.00
2021 02 04  0615   59249   22500  0  1.20e+03  3.58e+01  0  4.00e+03  2.42e+01  2.50e+00  6.53e-01  2.60e-01  -1.00
2021 02 04  0620   59249   22800  0  9.74e+02  2.71e+01  0  4.01e+03  2.34e+01  2.34e+00  7.01e-01  1.21e-01  -1.00
2021 02 04  0625   59249   23100  0  9.87e+02  3.18e+01  0  4.00e+03  2.10e+01  2.62e+00  9.85e-01  1.61e-01  -1.00
2021 02 04  0630   59249   23400  0  1.22e+03  3.55e+01  0  3.78e+03  2.39e+01  2.60e+00  5.72e-01  1.45e-01  -1.00
2021 02 04  0635   59249   23700  0  1.10e+03  2.82e+01  0  3.98e+03  2.34e+01  2.45e+00  7.64e-01  1.91e-01  -1.00
2021 02 04  0640   59249   24000  0  9.85e+02  3.34e+01  0  3.98e+03  2.15e+01  2.13e+00  7.26e-01  1.35e-01  -1.00
2021 02 04  0645   59249   24300  0  9.32e+02  2.92e+01  0  3.73e+03  2.08e+01  2.41e+00  8.68e-01  1.34e-01  -1.00
2021 02 04  0650   59249   24600  0  1.23e+03  2.89e+01  0  4.05e+03  2.33e+01  2.32e+00  6.07e-01  1.08e-01  -1.00
2021 02 04  0655   59249   24900  0  9.36e+02  2.77e+01  0  3.97e+03  1.78e+01  2.42e+00  8.74e-01  1.22e-01  -1.00
2021 02 04  0700   59249   25200  0  1.10e+03  2.67e+01  0  1.78e+04  2.55e+01  1.94e+00  1.40e+00  3.42e-01  -1.00
2021 02 04  0705   59249   25500  0  1.03e+03  3.32e+01  0  7.42e+03  3.34e+01  3.21e+00  1.67e+00  2.41e-01  -1.00
2021 02 04  0710   59249   25800  0  9.47e+02  2.66e+01  0  3.82e+03  7.30e+01  3.12e+00  1.39e+00  2.07e-01  -1.00
2021 02 04  0715   59249   26100  0  1.05e+03  2.79e+01  0  4.05e+03  2.28e+01  2.77e+00  9.50e-01  1.86e-01  -1.00
2021 02 04  0720   59249   26400  0  1.39e+03  7.77e+01  0  5.33e+03  2.08e+01  2.32e+00  2.01e+00  1.24e-01  -1.00
2021 02 04  0725   59249   26700  0  1.42e+03  1.96e+02  0  8.62e+03  2.54e+01  2.16e+00  2.41e+00  2.14e+00  -1.00
2021 02 04  0730   59249   27000  0  9.80e+02  4.77e+01  0  3.97e+03  2.71e+01  2.87e+00  6.77e-01  2.49e-01  -1.00
2021 02 04  0735   59249   27300  0  1.08e+03  3.60e+01  0  3.75e+03  2.41e+01  2.77e+00  5.61e-01  1.29e-01  -1.00
2021 02 04  0740   59249   27600  0  1.30e+03  2.95e+01  0  4.00e+03  2.17e+01  2.68e+00  5.28e-01  1.77e-01  -1.00
2021 02 04  0745   59249   27900  0  1.03e+03  3.57e+01  0  3.88e+03  2.23e+01  3.02e+00  6.29e-01  1.48e-01  -1.00
2021 02 04  0750   59249   28200  0  1.02e+03  2.85e+01  0  3.90e+03  2.08e+01  2.81e+00  6.46e-01  1.67e-01  -1.00
2021 02 04  0755   59249   28500  0  1.07e+03  2.71e+01  0  3.79e+03  2.07e+01  2.73e+00  6.98e-01  1.52e-01  -1.00
2021 02 04  0800   59249   28800  0  1.22e+03  3.19e+01  0  4.08e+03  2.46e+01  3.36e+00  5.70e-01  1.81e-01  -1.00
2021 02 04  0805   59249   29100  0  1.02e+03  2.97e+01  0  3.97e+03  2.22e+01  2.76e+00  6.95e-01  1.98e-01  -1.00
2021 02 04  0810   59249   29400  0  9.84e+02  2.97e+01  0  3.87e+03  2.42e+01  2.56e+00  7.51e-01  1.85e-01  -1.00
2021 02 04  0815   59249   29700  0  1.26e+03  3.12e+01  0  3.95e+03  2.35e+01  2.92e+00  7.20e-01  1.63e-01  -1.00
2021 02 04  0820   59249   30000  0  9.41e+02  2.63e+01  0  3.86e+03  2.17e+01  2.68e+00  7.91e-01  1.22e-01  -1.00
2021 02 04  0825   59249   30300  0  9.15e+02  3.13e+01  0  3.87e+03  2.01e+01  3.14e+00  6.15e-01  1.49e-01  -1.00
2021 02 04  0830   59249   30600  0  1.09e+03  2.56e+01  0  3.80e+03  2.47e+01  2.89e+00  6.72e-01  1.35e-01  -1.00
2021 02 04  0835   59249   30900  0  1.10e+03  2.70e+01  0  4.02e+03  2.22e+01  2.49e+00  6.37e-01  1.91e-01  -1.00
2021 02 04  0840   59249   31200  0  9.72e+02  3.38e+01  0  3.98e+03  2.20e+01  3.04e+00  8.84e-01  1.44e-01  -1.00
2021 02 04  0845   59249   31500  0  1.05e+03  3.13e+01  0  3.70e+03  2.25e+01  3.27e+00  7.19e-01  1.46e-01  -1.00
2021 02 04  0850   59249   31800  0  1.27e+03  2.23e+01  0  4.02e+03  2.33e+01  2.59e+00  8.00e-01  1.71e-01  -1.00
2021 02 04  0855   59249   32100  0  1.03e+03  3.15e+01  0  3.95e+03  2.35e+01  2.82e+00  5.79e-01  1.59e-01  -1.00
2021 02 04  0900   59249   32400  0  1.02e+03  3.35e+01  0  3.82e+03  2.36e+01  2.79e+00  6.53e-01  1.72e-01  -1.00
2021 02 04  0905   59249   32700  0  1.23e+03  2.86e+01  0  3.94e+03  2.15e+01  2.41e+00  8.21e-01  1.40e-01  -1.00
2021 02 04  0910   59249   33000  0  1.08e+03  3.03e+01  0  3.95e+03  2.14e+01  2.68e+00  6.52e-01  2.49e-01  -1.00
2021 02 04  0915   59249   33300  0  1.19e+03  3.53e+01  0  3.94e+03  2.10e+01  2.98e+00  6.88e-01  1.80e-01  -1.00
2021 02 04  0920   59249   33600  0  1.15e+03  2.94e+01  0  3.61e+03  2.39e+01  2.44e+00  7.40e-01  1.84e-01  -1.00
2021 02 04  0925   59249   33900  0  1.23e+03  3.12e+01  0  4.06e+03  2.18e+01  2.56e+00  7.69e-01  2.22e-01  -1.00
2021 02 04  0930   59249   34200  0  1.02e+03  3.09e+01  0  3.97e+03  2.36e+01  2.42e+00  6.32e-01  1.18e-01  -1.00
2021 02 04  0935   59249   34500  0  8.76e+02  3.09e+01  0  3.76e+03  2.42e+01  2.70e+00  8.65e-01  2.37e-01  -1.00
2021 02 04  0940   59249   34800  0  1.15e+03  2.94e+01  0  3.95e+03  2.05e+01  2.47e+00  7.09e-01  1.83e-01  -1.00
2021 02 04  0945   59249   35100  0  9.88e+02  2.82e+01  0  3.97e+03  2.42e+01  2.27e+00  4.83e-01  1.50e-01  -1.00
2021 02 04  0950   59249   35400  0  1.04e+03  3.02e+01  0  3.95e+03  2.31e+01  2.95e+00  6.95e-01  1.33e-01  -1.00
2021 02 04  0955   59249   35700  0  9.70e+02  2.86e+01  0  3.85e+03  2.19e+01  2.69e+00  7.59e-01  2.05e-01  -1.00
2021 02 04  1000   59249   36000  0  1.16e+03  2.70e+01  0  3.95e+03  2.30e+01  2.41e+00  6.87e-01  1.87e-01  -1.00
2021 02 04  1005   59249   36300  0  1.09e+03  3.08e+01  0  3.94e+03  2.28e+01  2.72e+00  7.92e-01  1.95e-01  -1.00
2021 02 04  1010   59249   36600  0  1.06e+03  3.25e+01  0  3.69e+03  1.89e+01  3.17e+00  8.96e-01  1.85e-01  -1.00
2021 02 04  1015   59249   36900  0  1.27e+03  3.03e+01  0  3.96e+03  2.06e+01  2.58e+00  5.50e-01  1.73e-01  -1.00
2021 02 04  1020   59249   37200  0  1.06e+03  3.37e+01  0  3.93e+03  2.16e+01  2.86e+00  9.40e-01  2.61e-01  -1.00
2021 02 04  1025   59249   37500  0  1.00e+03  2.61e+01  0  3.88e+03  2.23e+01  2.47e+00  6.38e-01  1.74e-01  -1.00
2021 02 04  1030   59249   37800  0  1.08e+03  2.53e+01  0  3.89e+03  2.18e+01  2.67e+00  5.78e-01  2.19e-01  -1.00
2021 02 04  1035   59249   38100  0  9.43e+02  2.77e+01  0  4.03e+03  2.19e+01  2.65e+00  6.67e-01  1.42e-01  -1.00
2021 02 04  1040   59249   38400  0  9.73e+02  3.20e+01  0  3.92e+03  2.09e+01  2.58e+00  7.45e-01  1.24e-01  -1.00
2021 02 04  1045   59249   38700  0  9.43e+02  2.93e+01  0  3.62e+03  2.15e+01  2.75e+00  5.96e-01  2.40e-01  -1.00
2021 02 04  1050   59249   39000  0  1.18e+03  3.07e+01  0  3.99e+03  2.21e+01  2.88e+00  6.59e-01  1.76e-01  -1.00
2021 02 04  1055   59249   39300  0  9.65e+02  3.29e+01  0  3.95e+03  2.12e+01  2.47e+00  6.23e-01  2.29e-01  -1.00
2021 02 04  1100   59249   39600  0  9.22e+02  3.21e+01  0  3.74e+03  2.04e+01  2.64e+00  3.81e-01  1.83e-01  -1.00
2021 02 04  1105   59249   39900  0  1.05e+03  3.20e+01  0  3.94e+03  1.96e+01  2.65e+00  7.55e-01  1.55e-01  -1.00
2021 02 04  1110   59249   40200  0  1.04e+03  2.73e+01  0  3.90e+03  2.20e+01  2.78e+00  7.59e-01  2.11e-01  -1.00
2021 02 04  1115   59249   40500  0  1.06e+03  3.03e+01  0  3.88e+03  2.17e+01  2.63e+00  6.79e-01  1.98e-01  -1.00
2021 02 04  1120   59249   40800  0  9.70e+02  2.80e+01  0  3.75e+03  2.28e+01  2.85e+00  7.99e-01  1.64e-01  -1.00
2021 02 04  1125   59249   41100  0  1.14e+03  2.90e+01  0  3.95e+03  1.95e+01  2.58e+00  6.75e-01  2.48e-01  -1.00
2021 02 04  1130   59249   41400  0  9.61e+02  2.78e+01  0  3.95e+03  2.03e+01  2.89e+00  6.78e-01  1.93e-01  -1.00
2021 02 04  1135   59249   41700  0  9.94e+02  3.15e+01  0  3.63e+03  2.15e+01  2.80e+00  9.96e-01  1.92e-01  -1.00
2021 02 04  1140   59249   42000  0  1.30e+03  3.00e+01  0  3.98e+03  2.12e+01  2.96e+00  5.84e-01  2.01e-01  -1.00
2021 02 04  1145   59249   42300  0  9.44e+02  2.98e+01  0  3.98e+03  2.06e+01  2.39e+00  5.21e-01  1.58e-01  -1.00
2021 02 04  1150   59249   42600  0  9.51e+02  2.57e+01  0  3.93e+03  2.28e+01  2.96e+00  8.81e-01  1.64e-01  -1.00
2021 02 04  1155   59249   42900  0  1.05e+03  3.58e+01  0  3.86e+03  2.41e+01  2.37e+00  6.88e-01  1.67e-01  -1.00
2021 02 04  1200   59249   43200  0  1.10e+03  2.98e+01  0  3.97e+03  2.23e+01  3.09e+00  5.86e-01  1.76e-01  -1.00
2021 02 04  1205   59249   43500  0  9.39e+02  2.85e+01  0  3.96e+03  2.15e+01  2.95e+00  8.42e-01  1.83e-01  -1.00
2021 02 04  1210   59249   43800  0  9.92e+02  3.59e+01  0  3.66e+03  2.05e+01  2.98e+00  7.77e-01  2.10e-01  -1.00
2021 02 04  1215   59249   44100  0  1.16e+03  3.15e+01  0  4.00e+03  2.12e+01  2.47e+00  4.64e-01  1.74e-01  -1.00
2021 02 04  1220   59249   44400  0  9.47e+02  3.20e+01  0  4.03e+03  2.16e+01  2.41e+00  6.26e-01  1.52e-01  -1.00
2021 02 04  1225   59249   44700  0  9.44e+02  2.90e+01  0  3.83e+03  2.00e+01  2.56e+00  6.21e-01  2.11e-01  -1.00
2021 02 04  1230   59249   45000  0  1.16e+03  3.02e+01  0  3.91e+03  2.03e+01  2.32e+00  8.14e-01  1.65e-01  -1.00
2021 02 04  1235   59249   45300  0  1.07e+03  2.94e+01  0  3.93e+03  2.00e+01  2.58e+00  7.36e-01  1.60e-01  -1.00
2021 02 04  1240   59249   45600  0  9.10e+02  3.01e+01  0  3.90e+03  2.13e+01  2.81e+00  5.73e-01  1.69e-01  -1.00
2021 02 04  1245   59249   45900  0  1.08e+03  2.95e+01  0  3.74e+03  2.32e+01  2.43e+00  7.06e-01  1.72e-01  -1.00
2021 02 04  1250   59249   46200  0  1.26e+03  3.13e+01  0  3.98e+03  2.25e+01  2.45e+00  6.55e-01  1.46e-01  -1.00
2021 02 04  1255   59249   46500  0  1.12e+03  2.84e+01  0  4.04e+03  2.24e+01  2.54e+00  5.65e-01  1.64e-01  -1.00
2021 02 04  1300   59249   46800  0  1.09e+03  3.21e+01  0  3.69e+03  2.27e+01  2.89e+00  6.62e-01  1.64e-01  -1.00
2021 02 04  1305   59249   47100  0  1.41e+03  3.40e+01  0  3.89e+03  2.38e+01  2.55e+00  7.85e-01  1.80e-01  -1.00
2021 02 04  1310   59249   47400  0  1.08e+03  3.16e+01  0  3.98e+03  2.29e+01  2.36e+00  7.62e-01  2.06e-01  -1.00
2021 02 04  1315   59249   47700  0  1.07e+03  3.29e+01  0  3.95e+03  2.25e+01  2.90e+00  9.21e-01  2.08e-01  -1.00
2021 02 04  1320   59249   48000  0  1.13e+03  2.92e+01  0  3.89e+03  2.18e+01  2.84e+00  7.12e-01  2.22e-01  -1.00
2021 02 04  1325   59249   48300  0  1.18e+03  3.00e+01  0  3.92e+03  2.24e+01  3.23e+00  5.68e-01  1.77e-01  -1.00
2021 02 04  1330   59249   48600  0  1.01e+03  3.10e+01  0  3.96e+03  2.13e+01  2.46e+00  6.39e-01  2.17e-01  -1.00
2021 02 04  1335   59249   48900  0  1.05e+03  3.22e+01  0  3.76e+03  2.35e+01  2.70e+00  6.48e-01  1.19e-01  -1.00
2021 02 04  1340   59249   49200  0  1.18e+03  3.28e+01  0  3.95e+03  2.30e+01  2.31e+00  7.14e-01  1.34e-01  -1.00
2021 02 04  1345   59249   49500  0  1.03e+03  2.86e+01  0  4.06e+03  2.04e+01  2.80e+00  9.22e-01  1.13e-01  -1.00
2021 02 04  1350   59249   49800  0  1.08e+03  3.26e+01  0  3.82e+03  2.47e+01  2.45e+00  7.88e-01  1.13e-01  -1.00
2021 02 04  1355   59249   50100  0  1.28e+03  3.30e+01  0  3.88e+03  2.20e+01  2.69e+00  5.62e-01  1.97e-01  -1.00
2021 02 04  1400   59249   50400  0  1.05e+03  3.04e+01  0  3.91e+03  2.31e+01  2.83e+00  7.06e-01  2.76e-01  -1.00
2021 02 04  1405   59249   50700  0  9.52e+02  2.84e+01  0  3.93e+03  2.45e+01  2.30e+00  6.09e-01  2.49e-01  -1.00
2021 02 04  1410   59249   51000  0  1.03e+03  2.69e+01  0  3.70e+03  2.07e+01  2.80e+00  5.68e-01  1.93e-01  -1.00
2021 02 04  1415   59249   51300  0  1.20e+03  2.94e+01  0  4.02e+03  2.30e+01  3.16e+00  6.72e-01  1.58e-01  -1.00
2021 02 04  1420   59249   51600  0  9.70e+02  3.00e+01  0  4.01e+03  2.30e+01  2.96e+00  5.85e-01  1.45e-01  -1.00
2021 02 04  1425   59249   51900  0  1.04e+03  3.08e+01  0  3.77e+03  2.24e+01  2.81e+00  6.89e-01  1.45e-01  -1.00
2021 02 04  1430   59249   52200  0  1.28e+03  3.45e+01  0  3.95e+03  2.24e+01  2.53e+00  7.74e-01  1.77e-01  -1.00
2021 02 04  1435   59249   52500  0  1.00e+03  2.91e+01  0  3.88e+03  2.17e+01  2.64e+00  7.91e-01  1.35e-01  -1.00
2021 02 04  1440   59249   52800  0  1.07e+03  3.07e+01  0  3.90e+03  2.11e+01  2.74e+00  5.28e-01  1.41e-01  -1.00
2021 02 04  1445   59249   53100  0  1.01e+03  2.99e+01  0  3.83e+03  2.44e+01  2.33e+00  7.61e-01  2.45e-01  -1.00
2021 02 04  1450   59249   53400  0  1.12e+03  3.03e+01  0  3.98e+03  2.15e+01  2.73e+00  5.40e-01  1.99e-01  -1.00
2021 02 04  1455   59249   53700  0  1.02e+03  3.50e+01  0  3.98e+03  2.22e+01  2.45e+00  8.37e-01  2.15e-01  -1.00
2021 02 04  1500   59249   54000  0  1.02e+03  3.21e+01  0  3.75e+03  2.34e+01  2.86e+00  5.10e-01  1.57e-01  -1.00
2021 02 04  1505   59249   54300  0  1.23e+03  2.97e+01  0  3.96e+03  2.01e+01  2.88e+00  6.44e-01  1.52e-01  -1.00
2021 02 04  1510   59249   54600  0  1.07e+03  3.18e+01  0  3.90e+03  2.21e+01  2.51e+00  5.47e-01  1.48e-01  -1.00
2021 02 04  1515   59249   54900  0  1.03e+03  3.02e+01  0  3.91e+03  2.31e+01  2.17e+00  5.49e-01  1.69e-01  -1.00
2021 02 04  1520   59249   55200  0  1.20e+03  3.04e+01  0  3.85e+03  1.91e+01  2.60e+00  6.97e-01  2.06e-01  -1.00
2021 02 04  1525   59249   55500  0  1.12e+03  3.32e+01  0  3.95e+03  2.03e+01  2.82e+00  8.81e-01  1.58e-01  -1.00
2021 02 04  1530   59249   55800  0  9.61e+02  2.88e+01  0  3.94e+03  2.11e+01  3.07e+00  6.82e-01  1.50e-01  -1.00
2021 02 04  1535   59249   56100  0  1.08e+03  3.34e+01  0  3.62e+03  2.29e+01  2.95e+00  6.55e-01  2.03e-01  -1.00
2021 02 04  1540   59249   56400  0  1.29e+03  2.70e+01  0  4.06e+03  2.08e+01  2.67e+00  7.67e-01  1.92e-01  -1.00
2021 02 04  1545   59249   56700  0  9.32e+02  3.08e+01  0  4.04e+03  2.20e+01  2.78e+00  7.00e-01  1.78e-01  -1.00
2021 02 04  1550   59249   57000  0  9.83e+02  3.04e+01  0  3.89e+03  2.25e+01  3.13e+00  6.35e-01  2.25e-01  -1.00
2021 02 04  1555   59249   57300  0  1.25e+03  3.41e+01  0  3.92e+03  2.41e+01  2.84e+00  6.64e-01  1.93e-01  -1.00
2021 02 04  1600   59249   57600  0  9.61e+02  3.16e+01  0  3.91e+03  2.34e+01  2.71e+00  6.88e-01  1.66e-01  -1.00
2021 02 04  1605   59249   57900  0  1.04e+03  2.82e+01  0  3.93e+03  2.35e+01  2.48e+00  5.80e-01  2.59e-01  -1.00
2021 02 04  1610   59249   58200  0  1.05e+03  3.08e+01  0  3.74e+03  1.96e+01  2.93e+00  4.72e-01  2.16e-01  -1.00
2021 02 04  1615   59249   58500  0  1.16e+03  3.17e+01  0  4.04e+03  2.22e+01  2.82e+00  8.69e-01  2.66e-01  -1.00
2021 02 04  1620   59249   58800  0  1.01e+03  3.56e+01  0  3.99e+03  2.14e+01  2.45e+00  4.92e-01  2.32e-01  -1.00
2021 02 04  1625   59249   59100  0  1.00e+03  2.86e+01  0  3.72e+03  2.02e+01  3.02e+00  6.07e-01  2.30e-01  -1.00
2021 02 04  1630   59249   59400  0  1.14e+03  2.89e+01  0  3.92e+03  2.41e+01  2.89e+00  6.07e-01  1.94e-01  -1.00
2021 02 04  1635   59249   59700  0  9.76e+02  3.28e+01  0  3.92e+03  2.25e+01  2.98e+00  5.84e-01  2.01e-01  -1.00
2021 02 04  1640   59249   60000  0  9.01e+02  2.94e+01  0  3.93e+03  1.90e+01  3.09e+00  6.39e-01  1.76e-01  -1.00
2021 02 04  1645   59249   60300  0  1.08e+03  2.81e+01  0  3.79e+03  2.42e+01  2.65e+00  6.99e-01  1.95e-01  -1.00
2021 02 04  1650   59249   60600  0  1.09e+03  3.31e+01  0  3.97e+03  2.07e+01  2.95e+00  7.38e-01  1.25e-01  -1.00
2021 02 04  1655   59249   60900  0  9.79e+02  3.61e+01  0  3.93e+03  2.38e+01  2.53e+00  6.97e-01  1.99e-01  -1.00
2021 02 04  1700   59249   61200  0  9.51e+02  3.46e+01  0  3.74e+03  2.18e+01  2.63e+00  4.33e-01  1.16e-01  -1.00
2021 02 04  1705   59249   61500  0  1.18e+03  2.96e+01  0  3.95e+03  2.02e+01  2.73e+00  8.36e-01  2.09e-01  -1.00
2021 02 04  1710   59249   61800  0  1.05e+03  2.93e+01  0  4.02e+03  2.21e+01  2.90e+00  8.54e-01  1.77e-01  -1.00
2021 02 04  1715   59249   62100  0  1.04e+03  3.09e+01  0  3.81e+03  2.11e+01  3.06e+00  8.35e-01  1.54e-01  -1.00
2021 02 04  1720   59249   62400  0  1.28e+03  3.04e+01  0  3.90e+03  2.25e+01  2.72e+00  6.18e-01  1.66e-01  -1.00
2021 02 04  1725   59249   62700  0  1.00e+03  3.86e+01  0  3.90e+03  2.19e+01  2.59e+00  7.18e-01  2.22e-01  -1.00
2021 02 04  1730   59249   63000  0  9.84e+02  2.94e+01  0  3.91e+03  2.46e+01  2.86e+00  8.85e-01  1.52e-01  -1.00
2021 02 04  1735   59249   63300  0  1.00e+03  3.31e+01  0  3.71e+03  2.07e+01  2.54e+00  5.32e-01  1.88e-01  -1.00
2021 02 04  1740   59249   63600  0  1.08e+03  3.34e+01  0  3.98e+03  2.21e+01  2.49e+00  5.88e-01  1.46e-01  -1.00
2021 02 04  1745   59249   63900  0  1.03e+03  3.00e+01  0  4.04e+03  2.06e+01  2.49e+00  4.85e-01  1.98e-01  -1.00
2021 02 04  1750   59249   64200  0  1.15e+03  3.11e+01  0  3.71e+03  2.32e+01  2.48e+00  6.91e-01  1.90e-01  -1.00
2021 02 04  1755   59249   64500  0  1.33e+03  3.11e+01  0  3.97e+03  2.15e+01  2.51e+00  5.83e-01  2.08e-01  -1.00
2021 02 04  1800   59249   64800  0  1.04e+03  2.89e+01  0  3.93e+03  2.27e+01  2.88e+00  6.71e-01  1.37e-01  -1.00
2021 02 04  1805   59249   65100  0  9.08e+02  3.09e+01  0  4.00e+03  2.35e+01  2.36e+00  7.48e-01  2.40e-01  -1.00
2021 02 04  1810   59249   65400  0  1.10e+03  3.16e+01  0  3.81e+03  2.21e+01  2.39e+00  5.01e-01  1.26e-01  -1.00
2021 02 04  1815   59249   65700  0  1.12e+03  3.25e+01  0  3.99e+03  2.00e+01  2.44e+00  6.46e-01  1.32e-01  -1.00
2021 02 04  1820   59249   66000  0  1.02e+03  2.94e+01  0  3.93e+03  2.42e+01  2.58e+00  8.59e-01  1.78e-01  -1.00
2021 02 04  1825   59249   66300  0  9.66e+02  3.21e+01  0  3.72e+03  2.17e+01  2.25e+00  4.98e-01  1.60e-01  -1.00
2021 02 04  1830   59249   66600  0  1.18e+03  3.04e+01  0  4.00e+03  2.59e+01  2.05e+00  6.92e-01  2.28e-01  -1.00
2021 02 04  1835   59249   66900  0  9.62e+02  3.36e+01  0  4.01e+03  2.27e+01  2.67e+00  6.43e-01  1.17e-01  -1.00
2021 02 04  1840   59249   67200  0  9.32e+02  2.86e+01  0  3.88e+03  2.06e+01  3.08e+00  5.20e-01  2.33e-01  -1.00
2021 02 04  1845   59249   67500  0  1.17e+03  2.89e+01  0  3.93e+03  2.33e+01  2.33e+00  5.75e-01  1.97e-01  -1.00
2021 02 04  1850   59249   67800  0  1.04e+03  3.19e+01  0  3.96e+03  2.19e+01  2.23e+00  5.75e-01  2.27e-01  -1.00
2021 02 04  1855   59249   68100  0  1.03e+03  2.86e+01  0  3.99e+03  1.95e+01  2.91e+00  6.95e-01  2.11e-01  -1.00
2021 02 04  1900   59249   68400  0  1.06e+03  3.02e+01  0  3.74e+03  2.32e+01  3.05e+00  4.61e-01  1.66e-01  -1.00
2021 02 04  1905   59249   68700  0  1.33e+03  3.10e+01  0  4.03e+03  2.09e+01  3.39e+00  7.87e-01  2.08e-01  -1.00
2021 02 04  1910   59249   69000  0  9.36e+02  3.31e+01  0  4.02e+03  2.30e+01  2.68e+00  7.85e-01  1.94e-01  -1.00
2021 02 04  1915   59249   69300  0  9.60e+02  3.13e+01  0  3.81e+03  2.48e+01  2.48e+00  7.39e-01  1.48e-01  -1.00
2021 02 04  1920   59249   69600  0  1.27e+03  3.04e+01  0  3.93e+03  2.20e+01  2.63e+00  7.85e-01  2.12e-01  -1.00
2021 02 04  1925   59249   69900  0  1.13e+03  2.88e+01  0  3.98e+03  2.25e+01  2.57e+00  5.67e-01  1.69e-01  -1.00
2021 02 04  1930   59249   70200  0  1.00e+03  3.23e+01  0  4.00e+03  2.29e+01  2.73e+00  6.57e-01  1.81e-01  -1.00
2021 02 04  1935   59249   70500  0  1.10e+03  2.72e+01  0  3.80e+03  1.94e+01  2.60e+00  5.33e-01  1.39e-01  -1.00
2021 02 04  1940   59249   70800  0  1.18e+03  3.33e+01  0  4.01e+03  2.48e+01  3.02e+00  7.63e-01  2.07e-01  -1.00
2021 02 04  1945   59249   71100  0  1.12e+03  2.79e+01  0  3.97e+03  2.33e+01  2.98e+00  8.13e-01  1.81e-01  -1.00
2021 02 04  1950   59249   71400  0  9.75e+02  2.90e+01  0  3.78e+03  2.40e+01  2.97e+00  5.50e-01  1.64e-01  -1.00
2021 02 04  1955   59249   71700  0  1.25e+03  2.94e+01  0  5.62e+03  4.37e+01  3.17e+00  7.88e-01  1.70e-01  -1.00
2021 02 04  2000   59249   72000  0  1.03e+03  2.83e+01  0  6.49e+03  4.03e+01  3.01e+00  7.12e-01  1.48e-01  -1.00
2021 02 04  2005   59249   72300  0  1.07e+03  3.08e+01  0  9.09e+03  6.09e+01  3.70e+00  8.42e-01  2.03e-01  -1.00
2021 02 04  2010   59249   72600  0  1.20e+03  2.86e+01  0  8.62e+03  7.57e+01  3.35e+00  6.90e-01  2.36e-01  -1.00
2021 02 04  2015   59249   72900  0  1.04e+03  3.09e+01  0  6.23e+03  4.77e+01  3.28e+00  6.29e-01  1.64e-01  -1.00
2021 02 04  2020   59249   73200  0  1.06e+03  3.12e+01  0  4.38e+03  5.42e+01  3.13e+00  7.36e-01  1.87e-01  -1.00
2021 02 04  2025   59249   73500  0  1.02e+03  2.70e+01  0  4.34e+03  6.61e+01  3.14e+00  8.98e-01  1.52e-01  -1.00
2021 02 04  2030   59249   73800  0  1.27e+03  3.22e+01  0  3.98e+03  2.66e+01  2.79e+00  6.80e-01  1.32e-01  -1.00
2021 02 04  2035   59249   74100  0  1.09e+03  3.85e+01  0  4.04e+03  2.53e+01  2.43e+00  5.39e-01  1.73e-01  -1.00
2021 02 04  2040   59249   74400  0  1.02e+03  2.97e+01  0  3.95e+03  2.52e+01  2.91e+00  8.63e-01  1.84e-01  -1.00
2021 02 04  2045   59249   74700  0  1.18e+03  2.58e+01  0  4.19e+03  2.56e+01  3.03e+00  8.82e-01  2.17e-01  -1.00
2021 02 04  2050   59249   75000  0  9.88e+02  2.77e+01  0  4.04e+03  2.23e+01  2.53e+00  5.74e-01  1.44e-01  -1.00
2021 02 04  2055   59249   75300  0  1.01e+03  3.03e+01  0  3.96e+03  2.01e+01  3.01e+00  6.43e-01  2.24e-01  -1.00
2021 02 04  2100   59249   75600  0  1.01e+03  2.35e+01  0  3.73e+03  2.26e+01  2.26e+00  8.88e-01  2.04e-01  -1.00
2021 02 04  2105   59249   75900  0  1.10e+03  3.33e+01  0  3.97e+03  2.12e+01  2.89e+00  6.26e-01  1.52e-01  -1.00
2021 02 04  2110   59249   76200  0  9.44e+02  2.58e+01  0  4.33e+03  2.81e+01  2.71e+00  7.24e-01  1.39e-01  -1.00
2021 02 04  2115   59249   76500  0  9.24e+02  3.02e+01  0  3.75e+03  2.40e+01  2.66e+00  6.64e-01  1.96e-01  -1.00
2021 02 04  2120   59249   76800  0  1.15e+03  2.64e+01  0  4.05e+03  2.28e+01  2.32e+00  6.31e-01  1.25e-01  -1.00
2021 02 04  2125   59249   77100  0  9.26e+02  3.55e+01  0  3.99e+03  2.17e+01  3.07e+00  5.68e-01  1.38e-01  -1.00
2021 02 04  2130   59249   77400  0  9.61e+02  2.98e+01  0  4.05e+03  2.30e+01  3.53e+00  1.03e+00  2.00e-01  -1.00
2021 02 04  2135   59249   77700  0  1.15e+03  2.86e+01  0  5.17e+03  3.25e+01  2.83e+00  5.34e-01  1.38e-01  -1.00
2021 02 04  2140   59249   78000  0  1.07e+03  2.62e+01  0  4.39e+03  2.25e+01  2.70e+00  7.49e-01  1.54e-01  -1.00
2021 02 04  2145   59249   78300  0  9.56e+02  3.68e+01  0  3.95e+03  2.11e+01  2.63e+00  8.10e-01  1.80e-01  -1.00
2021 02 04  2150   59249   78600  0  9.14e+02  2.88e+01  0  3.63e+03  2.16e+01  2.58e+00  8.07e-01  1.40e-01  -1.00
2021 02 04  2155   59249   78900  0  1.24e+03  3.14e+01  0  3.94e+03  2.28e+01  2.70e+00  7.94e-01  1.53e-01  -1.00
2021 02 04  2200   59249   79200  0  9.15e+02  2.85e+01  0  4.41e+03  2.37e+01  2.76e+00  7.21e-01  1.52e-01  -1.00
2021 02 04  2205   59249   79500  0  9.49e+02  3.20e+01  0  4.69e+03  3.27e+01  2.67e+00  7.31e-01  2.12e-01  -1.00
2021 02 04  2210   59249   79800  0  1.11e+03  2.99e+01  0  5.50e+03  4.09e+01  2.63e+00  7.30e-01  1.55e-01  -1.00
2021 02 04  2215   59249   80100  0  9.69e+02  2.87e+01  0  6.82e+03  4.89e+01  2.64e+00  6.19e-01  1.75e-01  -1.00
2021 02 04  2220   59249   80400 -1 -1.00e+05 -1.00e+05 -1 -1.00e+05 -1.00e+05 -1.00e+05 -1.00e+05 -1.00e+05  -1.00
2021 02 04  2225   59249   80700 -1 -1.00e+05 -1.00e+05 -1 -1.00e+05 -1.00e+05 -1.00e+05 -1.00e+05 -1.00e+05  -1.00
2021 02 04  2230   59249   81000 -1 -1.00e+05 -1.00e+05 -1 -1.00e+05 -1.00e+05 -1.00e+05 -1.00e+05 -1.00e+05  -1.00
2021 02 04  2235   59249   81300 -1 -1.00e+05 -1.00e+05 -1 -1.00e+05 -1.00e+05 -1.00e+05 -1.00e+05 -1.00e+05  -1.00
2021 02 04  2240   59249   81600 -1 -1.00e+05 -1.00e+05 -1 -1.00e+05 -1.00e+05 -1.00e+05 -1.00e+05 -1.00e+05  -1.00
2021 02 04  2245   59249   81900 -1 -1.00e+05 -1.00e+05 -1 -1.00e+05 -1.00e+05 -1.00e+05 -1.00e+05 -1.00e+05  -1.00
2021 02 04  2250   59249   82200 -1 -1.00e+05 -1.00e+05 -1 -1.00e+05 -1.00e+05 -1.00e+05 -1.00e+05 -1.00e+05  -1.00
2021 02 04  2255   59249   82500 -1 -1.00e+05 -1.00e+05 -1 -1.00e+05 -1.00e+05 -1.00e+05 -1.00e+05 -1.00e+05  -1.00
2021 02 04  2300   59249   82800 -1 -1.00e+05 -1.00e+05 -1 -1.00e+05 -1.00e+05 -1.00e+05 -1.00e+05 -1.00e+05  -1.00
2021 02 04  2305   59249   83100 -1 -1.00e+05 -1.00e+05 -1 -1.00e+05 -1.00e+05 -1.00e+05 -1.00e+05 -1.00e+05  -1.00
2021 02 04  2310   59249   83400 -1 -1.00e+05 -1.00e+05 -1 -1.00e+05 -1.00e+05 -1.00e+05 -1.00e+05 -1.00e+05  -1.00
2021 02 04  2315   59249   83700 -1 -1.00e+05 -1.00e+05 -1 -1.00e+05 -1.00e+05 -1.00e+05 -1.00e+05 -1.00e+05  -1.00
2021 02 04  2320   59249   84000 -1 -1.00e+05 -1.00e+05 -1 -1.00e+05 -1.00e+05 -1.00e+05 -1.00e+05 -1.00e+05  -1.00
2021 02 04  2325   59249   84300 -1 -1.00e+05 -1.00e+05 -1 -1.00e+05 -1.00e+05 -1.00e+05 -1.00e+05 -1.00e+05  -1.00
2021 02 04  2330   59249   84600 -1 -1.00e+05 -1.00e+05 -1 -1.00e+05 -1.00e+05 -1.00e+05 -1.00e+05 -1.00e+05  -1.00
2021 02 04  2335   59249   84900 -1 -1.00e+05 -1.00e+05 -1 -1.00e+05 -1.00e+05 -1.00e+05 -1.00e+05 -1.00e+05  -1.00
2021 02 04  2340   59249   85200 -1 -1.00e+05 -1.00e+05 -1 -1.00e+05 -1.00e+05 -1.00e+05 -1.00e+05 -1.00e+05  -1.00
2021 02 04  2345   59249   85500 -1 -1.00e+05 -1.00e+05 -1 -1.00e+05 -1.00e+05 -1.00e+05 -1.00e+05 -1.00e+05  -1.00
2021 02 04  2350   59249   85800 -1 -1.00e+05 -1.00e+05 -1 -1.00e+05 -1.00e+05 -1.00e+05 -1.00e+05 -1.00e+05  -1.00
2021 02 04  2355   59249   86100  9 -1.00e+05  1.28e+01  0  1.58e+04 -1.00e+05 -1.00e+05 -1.00e+05 -1.00e+05  -1.00
