:Data_list: 20211116_ace_epam_5m.txt
:Created: 2021 Nov 17 0011 UT
# Prepared by the U.S. Dept. of Commerce, NOAA, Space Weather Prediction Center
# Please send comments and suggestions to SWPC.Webmaster@noaa.gov 
# 
# Units: Differential Flux particles/cm2-s-ster-MeV
# Units: Anisotropy Index 0.0 - 2.0
# Status(S): 0 = nominal, 4,6,7,8 = bad data, unable to process, 9 = no data
# Missing data values: -1.00e+05, index = -1.00
# Source: ACE Satellite - Electron, Proton, and Alpha Monitor
#
#
#                      5-minute averaged Real-time Differential Electron and Proton Flux 
# 
#                Modified Seconds ---------------------------- Differential Flux ---------------------------
# UT Date   Time  Julian  of the  ----- Electron -----   ------------------- Protons keV -------------------   Anis.
# YR MO DA  HHMM    Day    Day    S    38-53   175-315   S    47-68   115-195   310-580   795-1193 1060-1900   Index
#-------------------------------------------------------------------------------------------------------------------
2021 11 16  0000   59534       0  0  1.31e+03  2.60e+01  0  3.84e+03  2.80e+01  3.08e+00  7.74e-01  2.41e-01  -1.00
2021 11 16  0005   59534     300  0  1.24e+03  3.31e+01  0  3.90e+03  2.92e+01  3.21e+00  7.68e-01  1.65e-01  -1.00
2021 11 16  0010   59534     600  0  1.19e+03  3.05e+01  0  3.93e+03  3.03e+01  3.27e+00  8.39e-01  1.59e-01  -1.00
2021 11 16  0015   59534     900  0  1.24e+03  2.80e+01  0  3.64e+03  2.77e+01  3.17e+00  6.77e-01  2.00e-01  -1.00
2021 11 16  0020   59534    1200  0  1.29e+03  3.58e+01  0  4.01e+03  3.14e+01  3.37e+00  9.76e-01  1.11e-01  -1.00
2021 11 16  0025   59534    1500  0  1.10e+03  2.99e+01  0  3.93e+03  3.38e+01  4.03e+00  7.71e-01  2.02e-01  -1.00
2021 11 16  0030   59534    1800  0  1.11e+03  3.32e+01  0  3.69e+03  3.22e+01  3.88e+00  6.60e-01  1.84e-01  -1.00
2021 11 16  0035   59534    2100  0  1.36e+03  2.91e+01  0  4.00e+03  3.25e+01  3.66e+00  9.70e-01  1.95e-01  -1.00
2021 11 16  0040   59534    2400  0  1.09e+03  3.26e+01  0  3.97e+03  3.12e+01  3.53e+00  9.50e-01  2.31e-01  -1.00
2021 11 16  0045   59534    2700  0  1.22e+03  2.98e+01  0  3.89e+03  3.31e+01  3.78e+00  6.79e-01  1.63e-01  -1.00
2021 11 16  0050   59534    3000  0  1.11e+03  2.75e+01  0  3.87e+03  3.56e+01  3.97e+00  1.03e+00  3.32e-01  -1.00
2021 11 16  0055   59534    3300  0  1.19e+03  2.95e+01  0  4.00e+03  3.83e+01  3.86e+00  7.80e-01  2.47e-01  -1.00
2021 11 16  0100   59534    3600  0  1.07e+03  2.74e+01  0  3.97e+03  3.41e+01  4.16e+00  8.68e-01  1.89e-01  -1.00
2021 11 16  0105   59534    3900  0  1.18e+03  3.01e+01  0  3.70e+03  3.95e+01  4.39e+00  9.25e-01  3.35e-01  -1.00
2021 11 16  0110   59534    4200  0  1.46e+03  2.87e+01  0  4.07e+03  4.52e+01  4.45e+00  8.13e-01  2.99e-01  -1.00
2021 11 16  0115   59534    4500  0  1.10e+03  3.13e+01  0  4.03e+03  4.70e+01  4.96e+00  7.88e-01  2.93e-01  -1.00
2021 11 16  0120   59534    4800  0  1.12e+03  3.49e+01  0  3.95e+03  4.86e+01  4.69e+00  8.68e-01  2.66e-01  -1.00
2021 11 16  0125   59534    5100  0  1.24e+03  3.30e+01  0  4.05e+03  4.52e+01  4.23e+00  7.92e-01  2.77e-01  -1.00
2021 11 16  0130   59534    5400  0  1.26e+03  2.64e+01  0  4.16e+03  5.06e+01  5.07e+00  9.96e-01  2.73e-01  -1.00
2021 11 16  0135   59534    5700  0  1.15e+03  3.43e+01  0  4.12e+03  5.45e+01  5.47e+00  8.38e-01  3.62e-01  -1.00
2021 11 16  0140   59534    6000  0  1.16e+03  3.02e+01  0  3.81e+03  5.12e+01  4.75e+00  9.99e-01  2.91e-01  -1.00
2021 11 16  0145   59534    6300  0  1.46e+03  3.25e+01  0  4.18e+03  5.62e+01  4.49e+00  1.00e+00  2.53e-01  -1.00
2021 11 16  0150   59534    6600  0  1.09e+03  3.28e+01  0  4.19e+03  5.76e+01  4.45e+00  1.12e+00  3.18e-01  -1.00
2021 11 16  0155   59534    6900  0  1.10e+03  2.97e+01  0  4.07e+03  5.72e+01  5.10e+00  9.67e-01  2.84e-01  -1.00
2021 11 16  0200   59534    7200  0  1.26e+03  2.96e+01  0  4.29e+03  5.96e+01  4.66e+00  9.34e-01  2.68e-01  -1.00
2021 11 16  0205   59534    7500  0  1.19e+03  3.46e+01  0  4.20e+03  5.81e+01  5.83e+00  8.54e-01  2.73e-01  -1.00
2021 11 16  0210   59534    7800  0  1.16e+03  3.28e+01  0  4.19e+03  5.88e+01  5.44e+00  8.49e-01  3.21e-01  -1.00
2021 11 16  0215   59534    8100  0  1.28e+03  3.48e+01  0  3.96e+03  5.33e+01  4.87e+00  8.85e-01  1.98e-01  -1.00
2021 11 16  0220   59534    8400  0  1.39e+03  3.21e+01  0  4.26e+03  4.87e+01  4.94e+00  1.09e+00  2.28e-01  -1.00
2021 11 16  0225   59534    8700  0  1.16e+03  2.89e+01  0  4.47e+03  6.91e+01  5.37e+00  8.96e-01  2.27e-01  -1.00
2021 11 16  0230   59534    9000  0  1.20e+03  2.78e+01  0  3.76e+03  4.42e+01  4.01e+00  1.19e+00  2.25e-01  -1.00
2021 11 16  0235   59534    9300  0  1.40e+03  3.14e+01  0  4.86e+03  9.97e+05  6.03e+05  8.56e-01  5.72e-01  -1.00
2021 11 16  0240   59534    9600  0  1.12e+03  3.40e+01  0  4.20e+03  6.10e+01  5.14e+00  9.92e-01  2.59e-01  -1.00
2021 11 16  0245   59534    9900  0  1.27e+03  3.09e+01  0  4.44e+03  6.29e+01  5.35e+00  8.53e-01  2.40e-01  -1.00
2021 11 16  0250   59534   10200  0  1.22e+03  3.38e+01  0  4.17e+03  6.11e+01  4.82e+00  1.27e+00  2.54e-01  -1.00
2021 11 16  0255   59534   10500  0  1.22e+03  3.55e+01  0  4.43e+03  6.26e+01  5.49e+00  1.18e+00  2.69e-01  -1.00
2021 11 16  0300   59534   10800  0  1.23e+03  3.00e+01  0  4.85e+03  8.55e+01  5.09e+00  9.55e-01  3.51e-01  -1.00
2021 11 16  0305   59534   11100  0  1.25e+03  3.28e+01  0  4.89e+03  9.42e+01  5.42e+00  9.17e-01  2.67e-01  -1.00
2021 11 16  0310   59534   11400  0  1.38e+03  2.79e+01  0  4.47e+03  6.19e+01  5.14e+00  1.10e+00  2.72e-01  -1.00
2021 11 16  0315   59534   11700  0  1.17e+03  3.19e+01  0  4.60e+03  7.39e+01  6.28e+00  7.84e-01  3.11e-01  -1.00
2021 11 16  0320   59534   12000  0  1.14e+03  2.76e+01  0  4.36e+03  8.17e+01  6.22e+00  9.15e-01  3.51e-01  -1.00
2021 11 16  0325   59534   12300  0  1.32e+03  2.88e+01  0  4.18e+03  6.42e+01  5.26e+00  1.17e+00  3.95e-01  -1.00
2021 11 16  0330   59534   12600  0  1.20e+03  3.16e+01  0  4.01e+03  5.31e+01  5.05e+00  1.43e+00  2.79e-01  -1.00
2021 11 16  0335   59534   12900  0  1.11e+03  3.25e+01  0  4.06e+03  5.00e+01  5.42e+00  8.70e-01  2.58e-01  -1.00
2021 11 16  0340   59534   13200  0  1.20e+03  2.97e+01  0  3.88e+03  4.76e+01  4.43e+00  1.05e+00  3.44e-01  -1.00
2021 11 16  0345   59534   13500  0  1.42e+03  3.20e+01  0  4.35e+03  5.31e+01  4.52e+00  1.27e+00  2.16e-01  -1.00
2021 11 16  0350   59534   13800  0  1.24e+03  2.68e+01  0  4.20e+03  5.69e+01  6.07e+00  1.21e+00  2.80e-01  -1.00
2021 11 16  0355   59534   14100  0  1.14e+03  2.68e+01  0  4.01e+03  5.29e+01  4.92e+00  8.23e-01  2.31e-01  -1.00
2021 11 16  0400   59534   14400  0  1.51e+03  3.09e+01  0  4.16e+03  5.25e+01  5.35e+00  8.08e-01  2.82e-01  -1.00
2021 11 16  0405   59534   14700  0  1.09e+03  3.31e+01  0  4.20e+03  5.90e+01  4.97e+00  1.08e+00  3.17e-01  -1.00
2021 11 16  0410   59534   15000  0  1.23e+03  2.83e+01  0  4.19e+03  6.01e+01  6.18e+00  8.09e-01  2.47e-01  -1.00
2021 11 16  0415   59534   15300  0  1.34e+03  3.11e+01  0  4.01e+03  5.87e+01  5.78e+00  1.06e+00  4.12e-01  -1.00
2021 11 16  0420   59534   15600  0  1.31e+03  2.91e+01  0  4.24e+03  6.15e+01  4.97e+00  1.07e+00  2.75e-01  -1.00
2021 11 16  0425   59534   15900  0  1.13e+03  3.10e+01  0  4.13e+03  5.85e+01  4.89e+00  1.26e+00  3.25e-01  -1.00
2021 11 16  0430   59534   16200  0  1.10e+03  3.18e+01  0  3.90e+03  5.87e+01  5.64e+00  1.01e+00  1.75e-01  -1.00
2021 11 16  0435   59534   16500  0  1.22e+03  3.14e+01  0  4.17e+03  5.78e+01  5.79e+00  1.17e+00  2.90e-01  -1.00
2021 11 16  0440   59534   16800  0  1.18e+03  2.78e+01  0  4.18e+03  5.84e+01  5.17e+00  8.40e-01  1.82e-01  -1.00
2021 11 16  0445   59534   17100  0  1.13e+03  2.64e+01  0  4.19e+03  5.78e+01  5.23e+00  1.02e+00  2.82e-01  -1.00
2021 11 16  0450   59534   17400  0  1.28e+03  2.98e+01  0  3.94e+03  5.85e+01  6.78e+00  1.03e+00  4.00e-01  -1.00
2021 11 16  0455   59534   17700  0  1.12e+03  2.47e+01  0  4.19e+03  6.00e+01  6.07e+00  8.09e-01  1.89e-01  -1.00
2021 11 16  0500   59534   18000  0  1.21e+03  3.21e+01  0  4.10e+03  5.70e+01  5.44e+00  9.27e-01  3.15e-01  -1.00
2021 11 16  0505   59534   18300  0  1.19e+03  3.49e+01  0  3.91e+03  5.47e+01  4.47e+00  1.02e+00  2.78e-01  -1.00
2021 11 16  0510   59534   18600  0  1.39e+03  2.94e+01  0  4.14e+03  5.25e+01  4.54e+00  9.15e-01  3.05e-01  -1.00
2021 11 16  0515   59534   18900  0  1.06e+03  3.14e+01  0  4.27e+03  5.02e+01  4.84e+00  1.06e+00  2.63e-01  -1.00
2021 11 16  0520   59534   19200  0  1.02e+03  3.11e+01  0  3.95e+03  5.24e+01  5.00e+00  1.15e+00  2.79e-01  -1.00
2021 11 16  0525   59534   19500  0  1.34e+03  3.50e+01  0  4.09e+03  4.64e+01  4.70e+00  9.07e-01  2.79e-01  -1.00
2021 11 16  0530   59534   19800  0  1.13e+03  3.49e+01  0  4.11e+03  5.56e+01  5.71e+00  1.18e+00  2.31e-01  -1.00
2021 11 16  0535   59534   20100  0  1.13e+03  3.30e+01  0  4.09e+03  4.97e+01  5.21e+00  9.15e-01  2.75e-01  -1.00
2021 11 16  0540   59534   20400  0  1.18e+03  3.12e+01  0  3.93e+03  5.23e+01  5.97e+00  8.68e-01  2.29e-01  -1.00
2021 11 16  0545   59534   20700  0  1.18e+03  3.10e+01  0  4.11e+03  4.99e+01  5.94e+00  1.06e+00  2.06e-01  -1.00
2021 11 16  0550   59534   21000  0  1.15e+03  3.02e+01  0  4.09e+03  5.18e+01  4.87e+00  1.07e+00  2.41e-01  -1.00
2021 11 16  0555   59534   21300  0  1.16e+03  3.36e+01  0  3.99e+03  5.84e+01  4.81e+00  1.09e+00  2.85e-01  -1.00
2021 11 16  0600   59534   21600  0  1.43e+03  3.14e+01  0  6.51e+03  1.29e+02  6.19e+00  9.65e-01  3.54e-01  -1.00
2021 11 16  0605   59534   21900  0  1.25e+03  2.83e+01  0  1.19e+04  2.52e+02  7.55e+00  9.12e-01  3.13e-01  -1.00
2021 11 16  0610   59534   22200  0  1.13e+03  3.02e+01  0  1.04e+04  3.20e+02  8.02e+00  1.03e+00  2.45e-01  -1.00
2021 11 16  0615   59534   22500  0  1.12e+03  3.15e+01  0  1.73e+04  6.05e+02  8.65e+00  8.48e-01  3.09e-01  -1.00
2021 11 16  0620   59534   22800  0  1.27e+03  2.89e+01  0  3.24e+04  6.42e+02  1.22e+01  6.33e-01  2.80e-01  -1.00
2021 11 16  0625   59534   23100  0  1.13e+03  3.24e+01  0  1.44e+04  2.64e+02  7.40e+00  1.17e+00  3.03e-01  -1.00
2021 11 16  0630   59534   23400  0  1.23e+03  3.17e+01  0  4.20e+03  6.97e+01  5.84e+00  1.17e+00  2.21e-01  -1.00
2021 11 16  0635   59534   23700  0  1.50e+03  2.86e+01  0  4.46e+03  5.34e+01  4.58e+00  1.16e+00  2.84e-01  -1.00
2021 11 16  0640   59534   24000  0  1.15e+03  3.53e+01  0  4.62e+03  5.22e+01  4.38e+00  9.65e-01  2.23e-01  -1.00
2021 11 16  0645   59534   24300  0  1.27e+03  3.02e+01  0  3.84e+03  4.12e+01  4.99e+00  8.53e-01  2.49e-01  -1.00
2021 11 16  0650   59534   24600  0  1.38e+03  2.94e+01  0  4.06e+03  4.05e+01  3.97e+00  9.66e-01  3.06e-01  -1.00
2021 11 16  0655   59534   24900  0  1.10e+03  2.95e+01  0  3.95e+03  3.76e+01  4.33e+00  1.05e+00  1.72e-01  -1.00
2021 11 16  0700   59534   25200  0  1.12e+03  3.60e+01  0  3.91e+03  3.99e+01  4.72e+00  8.67e-01  2.44e-01  -1.00
2021 11 16  0705   59534   25500  0  1.16e+03  3.00e+01  0  3.84e+03  3.78e+01  4.93e+00  8.29e-01  2.79e-01  -1.00
2021 11 16  0710   59534   25800  0  1.32e+03  2.81e+01  0  4.04e+03  4.17e+01  4.24e+00  8.43e-01  1.72e-01  -1.00
2021 11 16  0715   59534   26100  0  1.20e+03  3.30e+01  0  4.04e+03  3.95e+01  4.38e+00  1.02e+00  2.18e-01  -1.00
2021 11 16  0720   59534   26400  0  1.15e+03  2.74e+01  0  3.74e+03  4.05e+01  5.10e+00  8.76e-01  2.82e-01  -1.00
2021 11 16  0725   59534   26700  0  1.42e+03  3.05e+01  0  4.09e+03  4.04e+01  4.20e+00  8.16e-01  1.91e-01  -1.00
2021 11 16  0730   59534   27000  0  1.01e+03  3.20e+01  0  3.96e+03  4.28e+01  3.96e+00  9.81e-01  1.82e-01  -1.00
2021 11 16  0735   59534   27300  0  1.07e+03  3.05e+01  0  3.92e+03  4.30e+01  4.58e+00  9.06e-01  3.04e-01  -1.00
2021 11 16  0740   59534   27600  0  1.25e+03  3.28e+01  0  3.93e+03  4.41e+01  1.08e+01  1.17e+00  2.77e-01  -1.00
2021 11 16  0745   59534   27900  0  1.36e+03  2.81e+01  0  4.01e+03  3.58e+01  4.61e+00  1.06e+00  1.91e-01  -1.00
2021 11 16  0750   59534   28200  0  1.20e+03  3.46e+01  0  3.92e+03  3.20e+01  3.99e+00  8.72e-01  2.32e-01  -1.00
2021 11 16  0755   59534   28500  0  1.15e+03  3.22e+01  0  3.71e+03  3.37e+01  3.76e+00  6.38e-01  2.51e-01  -1.00
2021 11 16  0800   59534   28800  0  1.36e+03  3.44e+01  0  3.97e+03  3.20e+01  3.51e+00  9.13e-01  3.18e-01  -1.00
2021 11 16  0805   59534   29100  0  1.08e+03  2.62e+01  0  3.97e+03  3.59e+01  4.25e+00  9.07e-01  1.37e-01  -1.00
2021 11 16  0810   59534   29400  0  1.14e+03  3.01e+01  0  3.96e+03  3.11e+01  3.62e+00  9.23e-01  2.03e-01  -1.00
2021 11 16  0815   59534   29700  0  1.40e+03  3.27e+01  0  3.97e+03  3.36e+01  3.71e+00  9.03e-01  2.13e-01  -1.00
2021 11 16  0820   59534   30000  0  1.01e+03  3.03e+01  0  3.82e+03  3.65e+01  1.35e+01  9.45e-01  2.10e+00  -1.00
2021 11 16  0825   59534   30300  0  9.16e+02  3.70e+01  0  4.89e+03  4.14e+01  1.38e+01  8.00e-01  8.02e-01  -1.00
2021 11 16  0830   59534   30600  0  1.25e+03  2.94e+01  0  3.68e+03  3.51e+01  4.57e+00  8.62e-01  2.06e-01  -1.00
2021 11 16  0835   59534   30900  0  1.34e+03  3.42e+01  0  3.89e+03  2.96e+01  3.84e+00  1.16e+00  2.22e-01  -1.00
2021 11 16  0840   59534   31200  0  1.22e+03  4.00e+01  0  3.93e+03  3.70e+01  7.38e+00  7.72e-01  2.08e-01  -1.00
2021 11 16  0845   59534   31500  0  1.17e+03  2.81e+01  0  3.91e+03  2.84e+01  3.91e+00  1.00e+00  4.71e-01  -1.00
2021 11 16  0850   59534   31800  0  1.39e+03  3.33e+01  0  3.93e+03  3.65e+01  1.01e+01  9.03e-01  2.64e-01  -1.00
2021 11 16  0855   59534   32100  0  1.16e+03  3.15e+01  0  3.97e+03  3.39e+01  4.91e+00  1.08e+00  1.89e-01  -1.00
2021 11 16  0900   59534   32400  0  1.08e+03  2.60e+01  0  4.08e+03  3.22e+01  4.32e+00  7.53e-01  1.26e-01  -1.00
2021 11 16  0905   59534   32700  0  1.42e+03  3.23e+01  0  4.09e+03  3.89e+01  3.10e+00  1.06e+00  1.24e-01  -1.00
2021 11 16  0910   59534   33000  0  1.29e+03  3.43e+01  0  4.01e+03  3.36e+01  4.94e+00  8.23e-01  2.79e-01  -1.00
2021 11 16  0915   59534   33300  0  1.11e+03  2.80e+01  0  3.97e+03  3.87e+01  5.01e+00  7.95e-01  2.26e-01  -1.00
2021 11 16  0920   59534   33600  0  1.13e+03  3.19e+01  0  3.82e+03  4.01e+01  4.06e+00  9.60e-01  2.30e-01  -1.00
2021 11 16  0925   59534   33900  0  1.64e+03  3.14e+01  0  3.97e+03  4.21e+01  7.93e+00  8.82e-01  2.67e-01  -1.00
2021 11 16  0930   59534   34200  0  1.06e+03  3.43e+01  0  3.79e+03  4.39e+01  1.10e+01  9.63e-01  1.90e-01  -1.00
2021 11 16  0935   59534   34500  0  1.15e+03  3.29e+01  0  3.91e+03  4.16e+01  4.12e+00  9.33e-01  1.49e-01  -1.00
2021 11 16  0940   59534   34800  0  1.42e+03  3.12e+01  0  3.94e+03  3.78e+01  4.39e+00  8.92e-01  6.42e-01  -1.00
2021 11 16  0945   59534   35100  0  1.23e+03  3.01e+01  0  4.03e+03  4.23e+01  5.03e+00  8.90e-01  2.64e-01  -1.00
2021 11 16  0950   59534   35400  0  1.19e+03  3.75e+01  0  3.86e+03  4.15e+01  4.30e+00  1.13e+00  2.02e-01  -1.00
2021 11 16  0955   59534   35700  0  1.14e+03  3.38e+01  0  3.71e+03  3.58e+01  3.53e+00  1.13e+00  2.71e-01  -1.00
2021 11 16  1000   59534   36000  0  2.14e+03  3.48e+01  0  3.95e+03  3.98e+01  4.19e+00  7.45e-01  2.66e-01  -1.00
2021 11 16  1005   59534   36300  0  1.21e+03  3.41e+01  0  4.10e+03  3.90e+01  7.40e+00  1.85e+00  2.19e-01  -1.00
2021 11 16  1010   59534   36600  0  1.05e+03  2.81e+01  0  3.75e+03  4.41e+01  6.26e+00  9.33e-01  3.89e-01  -1.00
2021 11 16  1015   59534   36900  0  1.27e+03  2.67e+01  0  3.94e+03  4.96e+01  5.84e+00  1.72e+00  1.66e+00  -1.00
2021 11 16  1020   59534   37200  0  1.12e+03  2.82e+01  0  3.89e+03  4.58e+01  4.15e+00  9.91e-01  3.05e-01  -1.00
2021 11 16  1025   59534   37500  0  1.18e+03  2.95e+01  0  3.81e+03  3.98e+01  5.44e+00  9.95e-01  3.70e-01  -1.00
2021 11 16  1030   59534   37800  0  1.45e+03  3.58e+01  0  3.86e+03  4.49e+01  6.42e+00  1.26e+00  2.70e-01  -1.00
2021 11 16  1035   59534   38100  0  1.31e+03  3.13e+01  0  4.60e+03  4.06e+01  4.15e+00  2.53e+00  2.52e-01  -1.00
2021 11 16  1040   59534   38400  0  1.13e+03  3.56e+01  0  3.92e+03  3.79e+01  4.14e+00  8.21e-01  4.22e-01  -1.00
2021 11 16  1045   59534   38700  0  1.28e+03  3.64e+01  0  3.71e+03  3.45e+01  5.22e+00  1.15e+00  1.90e-01  -1.00
2021 11 16  1050   59534   39000  0  1.31e+03  3.06e+01  0  4.27e+03  5.18e+01  5.31e+00  7.26e-01  2.77e-01  -1.00
2021 11 16  1055   59534   39300  0  1.10e+03  3.24e+01  0  1.14e+04  1.60e+02  4.95e+00  8.68e-01  2.81e-01  -1.00
2021 11 16  1100   59534   39600  0  1.23e+03  3.19e+01  0  1.35e+04  3.89e+02  4.60e+00  1.19e+00  2.07e-01  -1.00
2021 11 16  1105   59534   39900  0  1.15e+03  2.84e+01  0  3.82e+03  3.59e+01  4.83e+00  1.24e+00  2.39e-01  -1.00
2021 11 16  1110   59534   40200  0  1.23e+03  3.05e+01  0  4.04e+03  3.46e+01  4.17e+00  8.49e-01  2.16e-01  -1.00
2021 11 16  1115   59534   40500  0  1.26e+03  3.20e+01  0  3.82e+03  3.73e+01  5.15e+00  7.97e-01  2.47e-01  -1.00
2021 11 16  1120   59534   40800  0  1.19e+03  2.66e+01  0  3.71e+03  3.29e+01  4.28e+00  8.00e-01  2.46e-01  -1.00
2021 11 16  1125   59534   41100  0  1.36e+03  2.83e+01  0  4.05e+03  3.56e+01  3.94e+00  1.11e+00  2.00e-01  -1.00
2021 11 16  1130   59534   41400  0  1.16e+03  1.15e+02  0  3.94e+03  2.81e+01  3.44e+00  1.26e+00  2.74e-01  -1.00
2021 11 16  1135   59534   41700  0  1.18e+03  2.64e+01  0  3.74e+03  3.30e+01  3.46e+00  7.34e-01  1.68e-01  -1.00
2021 11 16  1140   59534   42000  0  1.45e+03  2.89e+01  0  3.95e+03  3.44e+01  4.12e+00  8.70e-01  1.99e-01  -1.00
2021 11 16  1145   59534   42300  0  1.17e+03  3.33e+01  0  4.01e+03  3.54e+01  3.91e+00  7.87e-01  2.79e-01  -1.00
2021 11 16  1150   59534   42600  0  1.36e+03  2.78e+01  0  4.30e+03  5.76e+01  3.63e+00  1.01e+00  1.57e-01  -1.00
2021 11 16  1155   59534   42900  0  1.20e+03  3.17e+01  0  3.84e+03  3.50e+01  4.45e+00  8.70e-01  2.90e-01  -1.00
2021 11 16  1200   59534   43200  0  1.37e+03  2.91e+01  0  4.04e+03  3.28e+01  4.54e+00  1.15e+00  2.19e-01  -1.00
2021 11 16  1205   59534   43500  0  1.08e+03  3.34e+01  0  3.99e+03  3.78e+01  4.71e+00  8.37e-01  1.80e-01  -1.00
2021 11 16  1210   59534   43800  0  1.18e+03  3.25e+01  0  3.82e+03  3.28e+01  4.52e+00  9.83e-01  2.39e-01  -1.00
2021 11 16  1215   59534   44100  0  1.42e+03  3.05e+01  0  4.02e+03  3.70e+01  5.09e+00  1.20e+00  2.32e-01  -1.00
2021 11 16  1220   59534   44400  0  1.05e+03  3.31e+01  0  3.97e+03  4.31e+01  5.00e+00  1.07e+00  2.27e-01  -1.00
2021 11 16  1225   59534   44700  0  1.16e+03  3.09e+01  0  4.03e+03  4.52e+01  4.87e+00  8.38e-01  3.64e-01  -1.00
2021 11 16  1230   59534   45000  0  1.30e+03  3.81e+01  0  3.88e+03  4.26e+01  5.06e+00  8.74e-01  1.88e-01  -1.00
2021 11 16  1235   59534   45300  0  1.25e+03  3.31e+01  0  4.09e+03  4.69e+01  5.57e+00  1.01e+00  1.86e-01  -1.00
2021 11 16  1240   59534   45600  0  1.14e+03  3.51e+01  0  3.95e+03  5.58e+01  5.75e+00  5.77e-01  2.70e-01  -1.00
2021 11 16  1245   59534   45900 -1 -1.00e+05 -1.00e+05 -1 -1.00e+05 -1.00e+05 -1.00e+05 -1.00e+05 -1.00e+05  -1.00
2021 11 16  1250   59534   46200 -1 -1.00e+05 -1.00e+05 -1 -1.00e+05 -1.00e+05 -1.00e+05 -1.00e+05 -1.00e+05  -1.00
2021 11 16  1255   59534   46500 -1 -1.00e+05 -1.00e+05 -1 -1.00e+05 -1.00e+05 -1.00e+05 -1.00e+05 -1.00e+05  -1.00
2021 11 16  1300   59534   46800 -1 -1.00e+05 -1.00e+05 -1 -1.00e+05 -1.00e+05 -1.00e+05 -1.00e+05 -1.00e+05  -1.00
2021 11 16  1305   59534   47100 -1 -1.00e+05 -1.00e+05 -1 -1.00e+05 -1.00e+05 -1.00e+05 -1.00e+05 -1.00e+05  -1.00
2021 11 16  1310   59534   47400 -1 -1.00e+05 -1.00e+05 -1 -1.00e+05 -1.00e+05 -1.00e+05 -1.00e+05 -1.00e+05  -1.00
2021 11 16  1315   59534   47700  0  1.17e+03  2.41e+01  0  4.12e+03  5.11e+01  4.33e+00  8.24e-01  1.49e-01  -1.00
2021 11 16  1320   59534   48000  0  1.13e+03  3.19e+01  0  3.83e+03  5.30e+01  4.97e+00  1.02e+00  1.82e-01  -1.00
2021 11 16  1325   59534   48300  0  1.48e+03  2.58e+01  0  4.24e+03  5.61e+01  4.56e+00  7.60e-01  2.76e-01  -1.00
2021 11 16  1330   59534   48600  0  1.11e+03  2.48e+01  0  4.05e+03  5.66e+01  4.92e+00  8.92e-01  3.21e-01  -1.00
2021 11 16  1335   59534   48900  0  1.21e+03  3.11e+01  0  3.91e+03  5.49e+01  5.32e+00  9.43e-01  2.06e-01  -1.00
2021 11 16  1340   59534   49200  0  1.50e+03  3.38e+01  0  4.13e+03  5.16e+01  5.27e+00  8.29e-01  2.52e-01  -1.00
2021 11 16  1345   59534   49500  0  9.86e+02  2.56e+01  0  3.94e+03  4.62e+01  4.68e+00  7.53e-01  2.28e-01  -1.00
2021 11 16  1350   59534   49800  0  1.11e+03  3.35e+01  0  3.81e+03  5.05e+01  4.11e+00  9.21e-01  2.80e-01  -1.00
2021 11 16  1355   59534   50100  0  1.15e+03  2.85e+01  0  3.78e+03  5.10e+01  3.86e+00  6.83e-01  2.92e-01  -1.00
2021 11 16  1400   59534   50400  0  1.40e+03  3.11e+01  0  4.14e+03  5.52e+01  5.67e+00  8.90e-01  4.27e-01  -1.00
2021 11 16  1405   59534   50700  0  1.17e+03  3.35e+01  0  4.04e+03  6.14e+01  4.52e+00  1.27e+00  3.10e-01  -1.00
2021 11 16  1410   59534   51000  0  1.02e+03  2.61e+01  0  3.62e+03  5.10e+01  4.43e+00  9.58e-01  2.16e-01  -1.00
2021 11 16  1415   59534   51300  0  1.30e+03  2.75e+01  0  3.84e+03  4.34e+01  3.95e+00  9.79e-01  1.90e-01  -1.00
2021 11 16  1420   59534   51600  0  9.38e+02  2.68e+01  0  3.84e+03  5.29e+01  3.91e+00  8.27e-01  3.09e-01  -1.00
2021 11 16  1425   59534   51900  0  1.13e+03  2.63e+01  0  3.82e+03  3.84e+01  3.90e+00  9.98e-01  2.65e-01  -1.00
2021 11 16  1430   59534   52200  0  1.31e+03  3.50e+01  0  3.85e+03  4.23e+01  4.28e+00  1.39e+00  2.69e-01  -1.00
2021 11 16  1435   59534   52500  0  1.16e+03  2.28e+01  0  3.97e+03  4.00e+01  3.55e+00  1.11e+00  1.73e-01  -1.00
2021 11 16  1440   59534   52800  0  1.11e+03  2.74e+01  0  3.85e+03  4.20e+01  4.01e+00  1.03e+00  2.18e-01  -1.00
2021 11 16  1445   59534   53100  0  1.15e+03  2.92e+01  0  3.58e+03  4.38e+01  4.87e+00  1.20e+00  2.24e-01  -1.00
2021 11 16  1450   59534   53400  0  1.50e+03  3.06e+01  0  3.98e+03  4.79e+01  4.49e+00  8.54e-01  2.96e-01  -1.00
2021 11 16  1455   59534   53700  0  1.01e+03  3.22e+01  0  3.97e+03  4.98e+01  3.66e+00  5.69e-01  2.45e-01  -1.00
2021 11 16  1500   59534   54000  0  1.18e+03  3.40e+01  0  3.77e+03  4.47e+01  4.99e+00  7.08e-01  3.34e-01  -1.00
2021 11 16  1505   59534   54300  0  1.39e+03  2.75e+01  0  3.87e+03  4.39e+01  4.69e+00  7.95e-01  2.38e-01  -1.00
2021 11 16  1510   59534   54600  0  9.65e+02  2.43e+01  0  3.86e+03  4.29e+01  4.27e+00  6.58e-01  1.99e-01  -1.00
2021 11 16  1515   59534   54900  0  1.35e+03  2.75e+01  0  3.78e+03  3.63e+01  3.73e+00  9.91e-01  2.81e-01  -1.00
2021 11 16  1520   59534   55200  0  1.29e+03  2.67e+01  0  3.83e+03  3.88e+01  4.04e+00  8.17e-01  1.86e-01  -1.00
2021 11 16  1525   59534   55500  0  1.49e+03  2.73e+01  0  4.25e+03  4.21e+01  4.08e+00  6.11e-01  2.05e-01  -1.00
2021 11 16  1530   59534   55800  0  1.24e+03  3.33e+01  0  4.20e+03  5.14e+01  4.13e+00  7.71e-01  2.45e-01  -1.00
2021 11 16  1535   59534   56100  0  1.07e+03  2.49e+01  0  3.99e+03  5.67e+01  4.90e+00  8.05e-01  2.37e-01  -1.00
2021 11 16  1540   59534   56400  0  1.57e+03  3.39e+01  0  4.38e+03  5.50e+01  4.59e+00  9.40e-01  2.24e-01  -1.00
2021 11 16  1545   59534   56700  0  1.26e+03  2.46e+01  0  1.84e+04  2.70e+02  5.26e+00  9.62e-01  1.73e-01  -1.00
2021 11 16  1550   59534   57000  0  1.04e+03  2.63e+01  0  8.53e+03  1.13e+02  4.94e+00  9.61e-01  2.03e-01  -1.00
2021 11 16  1555   59534   57300  0  1.37e+03  3.11e+01  0  5.05e+03  5.55e+01  3.31e+00  9.33e-01  1.66e-01  -1.00
2021 11 16  1600   59534   57600  0  1.74e+03  3.57e+01  0  4.06e+03  4.12e+01  2.97e+00  9.87e-01  2.24e-01  -1.00
2021 11 16  1605   59534   57900  0  1.36e+03  3.12e+01  0  5.35e+03  5.80e+01  4.19e+00  8.19e-01  2.79e-01  -1.00
2021 11 16  1610   59534   58200  0  1.12e+03  2.84e+01  0  4.14e+03  5.42e+01  4.53e+00  8.24e-01  1.59e-01  -1.00
2021 11 16  1615   59534   58500  0  1.42e+03  2.98e+01  0  4.01e+03  3.23e+01  3.76e+00  5.89e-01  1.55e-01  -1.00
2021 11 16  1620   59534   58800  0  1.41e+03  3.43e+01  0  3.90e+03  3.96e+01  4.13e+00  8.53e-01  3.06e-01  -1.00
2021 11 16  1625   59534   59100  0  9.76e+02  2.85e+01  0  3.87e+03  3.48e+01  4.23e+00  9.90e-01  2.12e-01  -1.00
2021 11 16  1630   59534   59400  0  1.61e+03  2.25e+01  0  3.81e+03  3.46e+01  4.49e+00  9.76e-01  1.48e-01  -1.00
2021 11 16  1635   59534   59700  0  1.04e+03  2.54e+01  0  3.74e+03  3.27e+01  4.57e+00  5.25e-01  2.05e-01  -1.00
2021 11 16  1640   59534   60000  0  1.39e+03  3.14e+01  0  3.53e+03  4.09e+01  3.97e+00  1.00e+00  6.50e-01  -1.00
2021 11 16  1645   59534   60300  0  1.12e+03  2.51e+01  0  6.04e+03  1.45e+02  3.91e+00  7.92e-01  2.64e-01  -1.00
2021 11 16  1650   59534   60600  0  9.79e+02  2.30e+01  0  3.77e+03  3.01e+01  2.98e+00  8.07e-01  2.56e-01  -1.00
2021 11 16  1655   59534   60900  0  1.00e+03  2.30e+01  0  3.70e+03  3.23e+01  4.27e+00  8.99e-01  1.80e-01  -1.00
2021 11 16  1700   59534   61200  0  9.42e+02  2.57e+01  0  3.73e+03  3.91e+01  3.62e+00  7.66e-01  4.06e-01  -1.00
2021 11 16  1705   59534   61500  0  1.73e+03  3.14e+01  0  4.05e+03  3.43e+01  4.86e+00  1.11e+00  1.24e-01  -1.00
2021 11 16  1710   59534   61800  0  1.54e+03  1.20e+02  0  3.68e+03  3.62e+01  3.75e+00  3.60e+00  1.76e-01  -1.00
2021 11 16  1715   59534   62100  0  7.58e+02  2.15e+01  0  3.74e+03  3.33e+01  4.37e+00  7.72e-01  1.53e-01  -1.00
2021 11 16  1720   59534   62400  0  1.59e+03  4.13e+01  0  3.97e+03  2.90e+01  4.22e+00  4.22e-01  1.07e-01  -1.00
2021 11 16  1725   59534   62700  0  1.17e+03  2.94e+01  0  3.82e+03  3.22e+01  3.24e+00  5.29e-01  2.53e-01  -1.00
2021 11 16  1730   59534   63000  0  9.50e+02  2.94e+01  0  3.68e+03  3.36e+01  3.21e+00  8.19e-01  1.93e-01  -1.00
2021 11 16  1735   59534   63300  0  8.79e+02  2.43e+01  0  3.65e+03  3.42e+01  4.02e+00  5.42e-01  1.55e-01  -1.00
2021 11 16  1740   59534   63600  0  1.30e+03  2.46e+01  0  3.96e+03  3.38e+01  4.10e+00  9.76e-01  1.79e-01  -1.00
2021 11 16  1745   59534   63900  0  1.24e+03  2.85e+01  0  3.80e+03  3.56e+01  3.58e+00  9.67e-01  2.13e-01  -1.00
2021 11 16  1750   59534   64200  0  1.16e+03  2.63e+01  0  3.76e+03  3.59e+01  3.98e+00  8.15e-01  1.88e-01  -1.00
2021 11 16  1755   59534   64500  0  1.42e+03  2.65e+01  0  3.84e+03  5.04e+01  6.07e+00  6.62e-01  1.12e-01  -1.00
2021 11 16  1800   59534   64800  0  1.21e+03  2.98e+01  0  3.85e+03  3.30e+01  3.90e+00  9.54e-01  2.21e-01  -1.00
2021 11 16  1805   59534   65100  0  1.29e+03  3.07e+01  0  3.84e+03  3.68e+01  4.34e+00  9.62e-01  2.95e-01  -1.00
2021 11 16  1810   59534   65400  0  1.01e+03  2.71e+01  0  3.64e+03  4.27e+01  3.49e+00  5.85e-01  2.49e-01  -1.00
2021 11 16  1815   59534   65700  0  1.50e+03  3.01e+01  0  4.01e+03  3.34e+01  4.37e+00  8.31e-01  2.42e-01  -1.00
2021 11 16  1820   59534   66000  0  1.13e+03  2.52e+01  0  3.69e+03  2.42e+01  3.78e+00  6.28e-01  1.39e-01  -1.00
2021 11 16  1825   59534   66300  0  1.22e+03  2.68e+01  0  3.65e+03  3.11e+01  3.85e+00  7.80e-01  2.57e-01  -1.00
2021 11 16  1830   59534   66600  0  1.21e+03  2.17e+01  0  3.83e+03  3.08e+01  3.71e+00  4.70e-01  2.83e-01  -1.00
2021 11 16  1835   59534   66900  0  9.39e+02  2.36e+01  0  3.93e+03  3.25e+01  3.11e+00  6.29e-01  1.41e-01  -1.00
2021 11 16  1840   59534   67200  0  1.11e+03  3.69e+01  0  6.78e+03  2.86e+01  3.96e+00  9.02e-01  2.60e-01  -1.00
2021 11 16  1845   59534   67500  0  1.31e+03  3.24e+01  0  3.74e+03  3.07e+01  3.99e+00  1.11e+00  2.35e-01  -1.00
2021 11 16  1850   59534   67800  0  1.01e+03  3.03e+01  0  3.86e+03  2.79e+01  3.97e+00  7.59e-01  1.76e-01  -1.00
2021 11 16  1855   59534   68100  0  1.16e+03  2.75e+01  0  3.90e+03  3.01e+01  3.68e+00  8.90e-01  1.56e-01  -1.00
2021 11 16  1900   59534   68400  0  1.10e+03  2.99e+01  0  3.80e+03  2.94e+01  3.67e+00  1.06e+00  2.34e-01  -1.00
2021 11 16  1905   59534   68700  0  1.49e+03  3.50e+01  0  3.90e+03  3.31e+01  3.31e+00  1.15e+00  1.86e-01  -1.00
2021 11 16  1910   59534   69000  0  1.02e+03  2.94e+01  0  4.25e+03  8.37e+01  3.76e+00  7.19e-01  2.10e-01  -1.00
2021 11 16  1915   59534   69300  0  1.07e+03  2.76e+01  0  2.01e+04  3.71e+02  4.32e+00  6.37e-01  1.74e-01  -1.00
2021 11 16  1920   59534   69600  0  1.25e+03  3.08e+01  0  5.95e+03  1.35e+02  3.77e+00  7.68e-01  1.70e-01  -1.00
2021 11 16  1925   59534   69900  0  1.27e+03  3.32e+01  0  7.05e+03  1.27e+02  3.60e+00  8.29e-01  1.48e-01  -1.00
2021 11 16  1930   59534   70200  0  1.28e+03  3.14e+01  0  6.70e+03  9.15e+01  4.42e+00  5.42e-01  1.53e-01  -1.00
2021 11 16  1935   59534   70500  0  9.92e+02  2.59e+01  0  4.37e+03  5.35e+01  3.70e+00  9.65e-01  2.34e-01  -1.00
2021 11 16  1940   59534   70800  0  1.31e+03  2.89e+01  0  4.25e+03  3.83e+01  3.85e+00  7.81e-01  2.22e-01  -1.00
2021 11 16  1945   59534   71100  0  1.27e+03  3.65e+01  0  4.30e+03  7.23e+01  3.56e+00  6.83e-01  2.42e-01  -1.00
2021 11 16  1950   59534   71400  0  1.11e+03  3.02e+01  0  4.26e+03  7.22e+01  4.35e+00  7.25e-01  2.27e-01  -1.00
2021 11 16  1955   59534   71700  0  1.26e+03  2.49e+01  0  3.87e+03  4.46e+01  4.96e+00  8.54e-01  1.86e-01  -1.00
2021 11 16  2000   59534   72000  0  1.12e+03  2.92e+01  0  4.10e+03  6.28e+01  5.60e+00  8.52e-01  1.26e-01  -1.00
2021 11 16  2005   59534   72300  0  1.06e+03  2.34e+01  0  4.02e+03  6.30e+01  4.72e+00  7.99e-01  1.97e-01  -1.00
2021 11 16  2010   59534   72600  0  1.01e+03  2.73e+01  0  3.89e+03  7.97e+01  1.92e+01  9.20e-01  2.56e-01  -1.00
2021 11 16  2015   59534   72900  0  1.22e+03  2.22e+01  0  4.28e+03  5.84e+01  4.75e+00  8.36e-01  1.75e-01  -1.00
2021 11 16  2020   59534   73200  0  1.10e+03  2.71e+01  0  4.25e+03  5.33e+01  5.24e+00  8.09e-01  2.55e-01  -1.00
2021 11 16  2025   59534   73500  0  1.40e+03  3.74e+01  0  3.85e+03  4.59e+01  5.10e+00  9.91e-01  2.41e-01  -1.00
2021 11 16  2030   59534   73800  0  1.72e+03  2.82e+01  0  4.22e+03  4.01e+01  5.00e+00  5.81e-01  2.37e-01  -1.00
2021 11 16  2035   59534   74100  0  1.10e+03  2.62e+01  0  3.95e+03  3.64e+01  4.14e+00  5.93e-01  2.48e-01  -1.00
2021 11 16  2040   59534   74400  0  1.20e+03  3.01e+01  0  3.98e+03  3.78e+01  4.95e+00  8.52e-01  2.74e-01  -1.00
2021 11 16  2045   59534   74700  0  1.33e+03  3.09e+01  0  3.83e+03  3.70e+01  5.20e+00  9.60e-01  3.25e-01  -1.00
2021 11 16  2050   59534   75000  0  1.50e+03  4.07e+01  0  4.10e+03  3.83e+01  4.72e+00  1.13e+00  3.68e-01  -1.00
2021 11 16  2055   59534   75300  0  1.02e+03  3.00e+01  0  4.08e+03  3.98e+01  5.02e+00  8.99e-01  2.72e-01  -1.00
2021 11 16  2100   59534   75600 -1 -1.00e+05 -1.00e+05 -1 -1.00e+05 -1.00e+05 -1.00e+05 -1.00e+05 -1.00e+05  -1.00
2021 11 16  2105   59534   75900 -1 -1.00e+05 -1.00e+05 -1 -1.00e+05 -1.00e+05 -1.00e+05 -1.00e+05 -1.00e+05  -1.00
2021 11 16  2110   59534   76200 -1 -1.00e+05 -1.00e+05 -1 -1.00e+05 -1.00e+05 -1.00e+05 -1.00e+05 -1.00e+05  -1.00
2021 11 16  2115   59534   76500 -1 -1.00e+05 -1.00e+05 -1 -1.00e+05 -1.00e+05 -1.00e+05 -1.00e+05 -1.00e+05  -1.00
2021 11 16  2120   59534   76800 -1 -1.00e+05 -1.00e+05 -1 -1.00e+05 -1.00e+05 -1.00e+05 -1.00e+05 -1.00e+05  -1.00
2021 11 16  2125   59534   77100 -1 -1.00e+05 -1.00e+05 -1 -1.00e+05 -1.00e+05 -1.00e+05 -1.00e+05 -1.00e+05  -1.00
2021 11 16  2130   59534   77400 -1 -1.00e+05 -1.00e+05 -1 -1.00e+05 -1.00e+05 -1.00e+05 -1.00e+05 -1.00e+05  -1.00
2021 11 16  2135   59534   77700 -1 -1.00e+05 -1.00e+05 -1 -1.00e+05 -1.00e+05 -1.00e+05 -1.00e+05 -1.00e+05  -1.00
2021 11 16  2140   59534   78000  0  1.14e+03  2.79e+01  0  3.76e+03  2.35e+01  2.98e+00  8.26e-01  2.09e-01  -1.00
2021 11 16  2145   59534   78300 -1 -1.00e+05 -1.00e+05 -1 -1.00e+05 -1.00e+05 -1.00e+05 -1.00e+05 -1.00e+05  -1.00
2021 11 16  2150   59534   78600  0  1.37e+03  3.77e+01  0  3.63e+03  2.46e+01  2.37e+00  4.79e-01  2.54e-01  -1.00
2021 11 16  2155   59534   78900  0  1.35e+03  3.01e+01  0  3.84e+03  2.50e+01  3.45e+00  7.80e-01  1.60e-01  -1.00
2021 11 16  2200   59534   79200  0  1.30e+03  3.14e+01  0  4.00e+03  1.95e+01  2.90e+00  9.72e-01  2.32e-01  -1.00
2021 11 16  2205   59534   79500  0  1.22e+03  3.17e+01  0  3.83e+03  2.34e+01  3.15e+00  4.76e-01  1.64e-01  -1.00
2021 11 16  2210   59534   79800  0  1.04e+03  3.05e+01  0  3.55e+03  2.24e+01  2.57e+00  3.57e-01  1.41e-01  -1.00
2021 11 16  2215   59534   80100  0  1.25e+03  3.59e+01  0  3.61e+03  2.17e+01  2.32e+00  1.01e+00  1.70e-01  -1.00
2021 11 16  2220   59534   80400 -1 -1.00e+05 -1.00e+05 -1 -1.00e+05 -1.00e+05 -1.00e+05 -1.00e+05 -1.00e+05  -1.00
2021 11 16  2225   59534   80700 -1 -1.00e+05 -1.00e+05 -1 -1.00e+05 -1.00e+05 -1.00e+05 -1.00e+05 -1.00e+05  -1.00
2021 11 16  2230   59534   81000 -1 -1.00e+05 -1.00e+05 -1 -1.00e+05 -1.00e+05 -1.00e+05 -1.00e+05 -1.00e+05  -1.00
2021 11 16  2235   59534   81300 -1 -1.00e+05 -1.00e+05 -1 -1.00e+05 -1.00e+05 -1.00e+05 -1.00e+05 -1.00e+05  -1.00
2021 11 16  2240   59534   81600 -1 -1.00e+05 -1.00e+05 -1 -1.00e+05 -1.00e+05 -1.00e+05 -1.00e+05 -1.00e+05  -1.00
2021 11 16  2245   59534   81900 -1 -1.00e+05 -1.00e+05 -1 -1.00e+05 -1.00e+05 -1.00e+05 -1.00e+05 -1.00e+05  -1.00
2021 11 16  2250   59534   82200 -1 -1.00e+05 -1.00e+05 -1 -1.00e+05 -1.00e+05 -1.00e+05 -1.00e+05 -1.00e+05  -1.00
2021 11 16  2255   59534   82500 -1 -1.00e+05 -1.00e+05 -1 -1.00e+05 -1.00e+05 -1.00e+05 -1.00e+05 -1.00e+05  -1.00
2021 11 16  2300   59534   82800 -1 -1.00e+05 -1.00e+05 -1 -1.00e+05 -1.00e+05 -1.00e+05 -1.00e+05 -1.00e+05  -1.00
2021 11 16  2305   59534   83100 -1 -1.00e+05 -1.00e+05 -1 -1.00e+05 -1.00e+05 -1.00e+05 -1.00e+05 -1.00e+05  -1.00
2021 11 16  2310   59534   83400 -1 -1.00e+05 -1.00e+05 -1 -1.00e+05 -1.00e+05 -1.00e+05 -1.00e+05 -1.00e+05  -1.00
2021 11 16  2315   59534   83700 -1 -1.00e+05 -1.00e+05 -1 -1.00e+05 -1.00e+05 -1.00e+05 -1.00e+05 -1.00e+05  -1.00
2021 11 16  2320   59534   84000 -1 -1.00e+05 -1.00e+05 -1 -1.00e+05 -1.00e+05 -1.00e+05 -1.00e+05 -1.00e+05  -1.00
2021 11 16  2325   59534   84300 -1 -1.00e+05 -1.00e+05 -1 -1.00e+05 -1.00e+05 -1.00e+05 -1.00e+05 -1.00e+05  -1.00
2021 11 16  2330   59534   84600 -1 -1.00e+05 -1.00e+05 -1 -1.00e+05 -1.00e+05 -1.00e+05 -1.00e+05 -1.00e+05  -1.00
2021 11 16  2335   59534   84900 -1 -1.00e+05 -1.00e+05 -1 -1.00e+05 -1.00e+05 -1.00e+05 -1.00e+05 -1.00e+05  -1.00
2021 11 16  2340   59534   85200 -1 -1.00e+05 -1.00e+05 -1 -1.00e+05 -1.00e+05 -1.00e+05 -1.00e+05 -1.00e+05  -1.00
2021 11 16  2345   59534   85500 -1 -1.00e+05 -1.00e+05 -1 -1.00e+05 -1.00e+05 -1.00e+05 -1.00e+05 -1.00e+05  -1.00
2021 11 16  2350   59534   85800 -1 -1.00e+05 -1.00e+05 -1 -1.00e+05 -1.00e+05 -1.00e+05 -1.00e+05 -1.00e+05  -1.00
2021 11 16  2355   59534   86100 -1 -1.00e+05 -1.00e+05 -1 -1.00e+05 -1.00e+05 -1.00e+05 -1.00e+05 -1.00e+05  -1.00
