:Data_list: 20220330_ace_mag_1m.txt
:Created: 2022 Mar 30 0901 UT
# Prepared by the U.S. Dept. of Commerce, NOAA, Space Weather Prediction Center
# Please send comments and suggestions to SWPC.Webmaster@noaa.gov 
# 
# Magnetometer values are in GSM coordinates.
# 
# Units: Bx, By, Bz, Bt in nT
# Units: Latitude  degrees +/-  90.0
# Units: Longitude degrees 0.0 - 360.0
# Status(S): 0 = nominal data, 1 to 8 = bad data record, 9 = no data
# Missing data values: -999.9
# Source: ACE Satellite - Magnetometer
#
#              1-minute averaged Real-time Interplanetary Magnetic Field Values 
# 
#                 Modified Seconds
# UT Date   Time  Julian   of the   ----------------  GSM Coordinates ---------------
# YR MO DA  HHMM    Day      Day    S     Bx      By      Bz      Bt     Lat.   Long.
#------------------------------------------------------------------------------------
2022 03 30  0000   59668       0    0    -2.3    -2.7    -0.6     3.6   -10.2   230.0
2022 03 30  0001   59668      60    0    -2.2    -2.7    -0.6     3.6    -9.4   231.0
2022 03 30  0002   59668     120    0    -2.5    -2.7    -0.6     3.7    -9.1   227.3
2022 03 30  0003   59668     180    0    -2.7    -2.4    -0.6     3.7   -10.0   221.7
2022 03 30  0004   59668     240    0    -2.8    -2.4    -0.6     3.7    -9.2   220.5
2022 03 30  0005   59668     300    0    -2.5    -2.3    -0.5     3.4    -8.8   222.1
2022 03 30  0006   59668     360    0    -2.5    -2.3    -0.6     3.5    -9.8   222.5
2022 03 30  0007   59668     420    0    -2.5    -2.2    -0.5     3.4    -9.3   221.4
2022 03 30  0008   59668     480    0    -2.3    -2.3    -0.7     3.4   -12.4   224.2
2022 03 30  0009   59668     540    0    -2.4    -2.3    -0.6     3.4    -9.6   223.3
2022 03 30  0010   59668     600    0    -2.2    -2.3    -0.7     3.3   -12.7   226.4
2022 03 30  0011   59668     660    0    -2.2    -2.3    -0.9     3.3   -15.6   225.3
2022 03 30  0012   59668     720    0    -2.5    -2.3    -0.7     3.4   -12.1   222.3
2022 03 30  0013   59668     780    0    -2.5    -2.2    -0.6     3.3    -9.8   221.7
2022 03 30  0014   59668     840    0    -2.5    -2.2    -0.6     3.4    -9.7   221.0
2022 03 30  0015   59668     900    0    -2.3    -2.2    -0.8     3.2   -14.3   224.1
2022 03 30  0016   59668     960    0    -2.3    -1.9    -1.0     3.2   -18.1   219.5
2022 03 30  0017   59668    1020    0    -2.5    -2.0    -0.8     3.3   -13.6   219.7
2022 03 30  0018   59668    1080    0    -2.6    -2.1    -0.8     3.4   -13.1   219.8
2022 03 30  0019   59668    1140    0    -2.5    -2.2    -0.5     3.4    -9.1   220.8
2022 03 30  0020   59668    1200    0    -2.5    -2.2    -0.5     3.4    -7.9   220.9
2022 03 30  0021   59668    1260    0    -2.4    -2.2    -0.4     3.3    -7.0   222.1
2022 03 30  0022   59668    1320    0    -2.5    -2.2    -0.1     3.3    -2.5   221.7
2022 03 30  0023   59668    1380    0    -2.4    -2.2    -0.0     3.3    -0.3   221.9
2022 03 30  0024   59668    1440    0    -2.5    -2.4     0.3     3.5     4.4   223.8
2022 03 30  0025   59668    1500    0    -2.7    -2.4     0.5     3.7     8.2   222.4
2022 03 30  0026   59668    1560    0    -2.7    -2.4     0.5     3.6     7.5   220.7
2022 03 30  0027   59668    1620    0    -2.7    -2.4     0.5     3.7     8.5   220.9
2022 03 30  0028   59668    1680    0    -2.7    -2.5     0.6     3.8     9.9   222.9
2022 03 30  0029   59668    1740    0    -2.6    -2.5     0.7     3.7    11.4   223.8
2022 03 30  0030   59668    1800    0    -2.5    -2.5     1.0     3.6    16.3   224.7
2022 03 30  0031   59668    1860    0    -2.3    -2.3     1.3     3.5    21.4   225.3
2022 03 30  0032   59668    1920    0    -2.2    -2.3     1.2     3.4    20.5   226.3
2022 03 30  0033   59668    1980    0    -1.9    -2.4     1.2     3.3    20.6   231.3
2022 03 30  0034   59668    2040    0    -1.7    -2.0     1.6     3.1    31.4   229.0
2022 03 30  0035   59668    2100    0    -1.1    -0.9     2.3     2.7    57.5   218.6
2022 03 30  0036   59668    2160    0    -0.9    -0.1     2.3     2.5    67.6   188.0
2022 03 30  0037   59668    2220    0    -0.9     0.0     2.0     2.2    66.9   178.1
2022 03 30  0038   59668    2280    0    -0.7     0.3     2.0     2.1    68.6   157.4
2022 03 30  0039   59668    2340    0    -0.6     0.1     2.0     2.1    74.0   167.5
2022 03 30  0040   59668    2400    0    -0.5     0.2     2.0     2.1    75.2   160.4
2022 03 30  0041   59668    2460    0    -0.2     0.1     2.1     2.1    83.4   160.5
2022 03 30  0042   59668    2520    0    -0.3     0.0     2.2     2.2    83.0   172.6
2022 03 30  0043   59668    2580    0     0.0     0.8     1.8     2.0    67.7    88.5
2022 03 30  0044   59668    2640    0     0.3     1.0     1.9     2.1    61.5    73.6
2022 03 30  0045   59668    2700    0     0.1     1.0     2.1     2.3    64.9    86.5
2022 03 30  0046   59668    2760    0     0.0     1.0     2.2     2.4    66.3    87.5
2022 03 30  0047   59668    2820    0     0.1     1.0     2.2     2.4    64.7    85.6
2022 03 30  0048   59668    2880    0    -0.2     1.0     2.2     2.4    65.3   104.4
2022 03 30  0049   59668    2940    0    -0.0     1.2     2.0     2.3    58.2    92.2
2022 03 30  0050   59668    3000    0    -0.0     1.2     2.0     2.3    60.3    90.7
2022 03 30  0051   59668    3060    0    -0.2     1.4     2.1     2.5    55.2    98.6
2022 03 30  0052   59668    3120    0    -0.1     1.3     2.1     2.5    58.7    93.2
2022 03 30  0053   59668    3180    0    -0.1     1.5     2.1     2.5    54.5    92.4
2022 03 30  0054   59668    3240    0     0.4     2.0     2.0     2.9    43.6    77.8
2022 03 30  0055   59668    3300    0     0.3     2.1     2.0     2.9    42.5    83.0
2022 03 30  0056   59668    3360    0     0.2     2.3     1.8     2.9    38.1    84.2
2022 03 30  0057   59668    3420    0     0.0     2.2     1.5     2.7    34.9    89.2
2022 03 30  0058   59668    3480    0     0.2     2.1     1.4     2.5    33.7    84.8
2022 03 30  0059   59668    3540    0     0.2     2.0     1.5     2.5    37.6    85.1
2022 03 30  0100   59668    3600    0    -0.1     1.9     1.7     2.5    42.3    94.0
2022 03 30  0101   59668    3660    0     0.2     1.7     1.8     2.5    46.4    83.1
2022 03 30  0102   59668    3720    0     0.5     1.6     1.8     2.4    46.0    72.9
2022 03 30  0103   59668    3780    0     0.8     1.5     1.8     2.5    46.2    62.7
2022 03 30  0104   59668    3840    0     0.7     1.3     1.8     2.4    50.7    63.0
2022 03 30  0105   59668    3900    0     0.9     1.1     1.9     2.4    53.0    50.2
2022 03 30  0106   59668    3960    0     0.9     1.2     2.0     2.5    52.7    52.1
2022 03 30  0107   59668    4020    0     0.9     0.8     2.1     2.4    59.3    42.4
2022 03 30  0108   59668    4080    0     1.0     0.6     2.3     2.6    62.0    32.2
2022 03 30  0109   59668    4140    0     1.1     0.5     2.3     2.6    62.5    27.1
2022 03 30  0110   59668    4200    0     1.4     0.5     1.9     2.5    52.5    19.5
2022 03 30  0111   59668    4260    0     1.4     1.0     1.7     2.5    45.3    36.0
2022 03 30  0112   59668    4320    0     1.5     1.5     1.3     2.5    31.5    45.1
2022 03 30  0113   59668    4380    0     1.5     1.6     1.4     2.6    33.3    47.2
2022 03 30  0114   59668    4440    0     1.6     1.6     1.3     2.6    30.8    44.1
2022 03 30  0115   59668    4500    0     1.8     1.4     1.2     2.6    27.3    38.0
2022 03 30  0116   59668    4560    0     1.7     1.5     1.1     2.6    26.3    41.1
2022 03 30  0117   59668    4620    0     1.6     1.6     1.3     2.6    30.7    44.4
2022 03 30  0118   59668    4680    0     1.6     1.5     1.4     2.6    31.5    44.0
2022 03 30  0119   59668    4740    0     1.7     1.5     1.3     2.6    28.8    40.5
2022 03 30  0120   59668    4800    0     1.8     1.5     1.2     2.6    27.4    40.0
2022 03 30  0121   59668    4860    0     1.8     1.6     1.0     2.6    22.7    42.1
2022 03 30  0122   59668    4920    0     1.9     1.7     0.9     2.6    19.6    41.7
2022 03 30  0123   59668    4980    0     1.6     1.7     1.4     2.8    31.4    47.0
2022 03 30  0124   59668    5040    0     1.7     1.6     1.5     2.8    32.7    43.2
2022 03 30  0125   59668    5100    0     1.9     1.7     0.8     2.7    17.8    42.6
2022 03 30  0126   59668    5160    0     2.1     1.8     0.3     2.7     6.0    41.3
2022 03 30  0127   59668    5220    0     2.1     1.8     0.4     2.8     7.9    41.1
2022 03 30  0128   59668    5280    0     2.0     1.8     0.6     2.8    13.1    40.9
2022 03 30  0129   59668    5340    0     1.9     1.6     1.1     2.8    23.9    40.7
2022 03 30  0130   59668    5400    0     1.7     1.7     1.6     2.8    33.8    44.9
2022 03 30  0131   59668    5460    0     1.1     1.8     2.2     3.1    46.1    59.9
2022 03 30  0132   59668    5520    0     1.9     1.5     0.9     2.6    20.3    39.6
2022 03 30  0133   59668    5580    0     2.3     1.5     0.3     2.8     6.5    32.9
2022 03 30  0134   59668    5640    0     2.3     1.5     0.3     2.8     6.6    32.6
2022 03 30  0135   59668    5700    0     2.4     1.4     0.0     2.8     0.5    30.3
2022 03 30  0136   59668    5760    0     2.4     1.3     0.3     2.8     6.6    29.2
2022 03 30  0137   59668    5820    0     2.4     1.3     0.5     2.8     9.5    28.0
2022 03 30  0138   59668    5880    0     2.2     1.3     1.0     2.7    21.4    29.4
2022 03 30  0139   59668    5940    0     1.8     1.5     1.5     2.8    32.5    39.1
2022 03 30  0140   59668    6000    0     1.7     1.5     1.5     2.7    32.6    41.7
2022 03 30  0141   59668    6060    0     1.7     1.4     1.6     2.7    35.1    38.9
2022 03 30  0142   59668    6120    0     1.7     1.6     1.4     2.7    29.8    43.3
2022 03 30  0143   59668    6180    0     1.9     1.6     0.8     2.6    18.0    39.8
2022 03 30  0144   59668    6240    0     1.9     1.7     0.5     2.6    11.2    41.1
2022 03 30  0145   59668    6300    0     1.9     1.7     0.4     2.6     9.0    40.7
2022 03 30  0146   59668    6360    0     2.0     1.6     0.3     2.5     6.2    39.3
2022 03 30  0147   59668    6420    0     2.0     1.7     0.5     2.7    11.6    40.0
2022 03 30  0148   59668    6480    0     1.7     1.6     1.4     2.7    31.6    42.3
2022 03 30  0149   59668    6540    0     1.8     1.6     1.3     2.8    28.2    40.9
2022 03 30  0150   59668    6600    0     1.5     1.5     1.9     2.8    41.6    46.2
2022 03 30  0151   59668    6660    0     1.5     1.5     1.8     2.8    40.8    45.0
2022 03 30  0152   59668    6720    0     1.6     1.7     1.6     2.8    33.9    46.6
2022 03 30  0153   59668    6780    0     1.6     1.5     1.7     2.8    38.4    42.3
2022 03 30  0154   59668    6840    0     1.6     1.6     1.4     2.7    31.9    44.0
2022 03 30  0155   59668    6900    0     1.7     1.7     1.4     2.8    30.5    45.2
2022 03 30  0156   59668    6960    0     1.9     1.8     1.1     2.8    23.0    43.3
2022 03 30  0157   59668    7020    0     2.0     1.7     0.8     2.8    16.6    40.4
2022 03 30  0158   59668    7080    0     2.1     1.8     0.4     2.8     7.6    39.9
2022 03 30  0159   59668    7140    0     2.1     1.6     0.5     2.7    11.3    37.8
2022 03 30  0200   59668    7200    0     2.2     1.7     0.4     2.8     8.5    38.3
2022 03 30  0201   59668    7260    0     2.0     1.6     0.7     2.7    15.3    38.5
2022 03 30  0202   59668    7320    0     1.8     1.7     1.3     2.8    28.0    43.5
2022 03 30  0203   59668    7380    0     1.0     1.1     2.5     2.9    58.8    49.2
2022 03 30  0204   59668    7440    0     0.9     1.3     2.4     2.8    56.3    53.5
2022 03 30  0205   59668    7500    0     1.8     2.0     0.5     2.7     9.6    47.3
2022 03 30  0206   59668    7560    0     1.9     1.9    -0.9     2.8   -19.2    45.9
2022 03 30  0207   59668    7620    0     1.8     1.8    -0.9     2.7   -19.9    45.4
2022 03 30  0208   59668    7680    0     1.6     1.7    -1.2     2.7   -26.0    46.9
2022 03 30  0209   59668    7740    0     1.6     1.9    -0.9     2.6   -19.4    49.5
2022 03 30  0210   59668    7800    0     1.6     1.9    -1.0     2.7   -22.9    50.4
2022 03 30  0211   59668    7860    0     2.1     1.7    -0.3     2.7    -6.6    39.8
2022 03 30  0212   59668    7920    0     2.1     1.6    -0.7     2.7   -14.3    36.6
2022 03 30  0213   59668    7980    0     1.7     1.7    -1.3     2.7   -28.2    44.3
2022 03 30  0214   59668    8040    0     1.8     1.2    -1.4     2.6   -32.9    34.5
2022 03 30  0215   59668    8100    0     1.7     1.9    -1.1     2.7   -23.4    47.8
2022 03 30  0216   59668    8160    0     1.7     2.1    -0.7     2.8   -15.1    49.8
2022 03 30  0217   59668    8220    0     1.8     1.9    -0.7     2.7   -14.5    45.9
2022 03 30  0218   59668    8280    0     2.0     1.6    -0.7     2.7   -16.0    38.7
2022 03 30  0219   59668    8340    0     1.8     2.0    -0.4     2.7    -8.4    48.4
2022 03 30  0220   59668    8400    0     1.4     2.2     0.0     2.7     0.1    57.6
2022 03 30  0221   59668    8460    0     1.4     2.3    -0.1     2.7    -2.3    59.7
2022 03 30  0222   59668    8520    0     1.2     2.5    -0.1     2.8    -1.3    64.4
2022 03 30  0223   59668    8580    0     1.0     2.6     0.4     2.8     7.9    68.2
2022 03 30  0224   59668    8640    0     1.4     2.4    -0.0     2.8    -0.2    60.3
2022 03 30  0225   59668    8700    0     1.5     2.3    -0.3     2.8    -5.5    56.4
2022 03 30  0226   59668    8760    0     1.3     2.5    -0.1     2.8    -2.3    61.6
2022 03 30  0227   59668    8820    0     1.2     2.5     0.1     2.8     1.2    63.9
2022 03 30  0228   59668    8880    0     1.2     2.6     0.1     2.9     2.5    65.9
2022 03 30  0229   59668    8940    0     1.1     2.7     0.0     2.9     0.5    68.1
2022 03 30  0230   59668    9000    0     1.4     2.5    -0.1     2.8    -2.1    60.7
2022 03 30  0231   59668    9060    0     1.7     2.4    -0.1     2.9    -1.4    54.6
2022 03 30  0232   59668    9120    0     1.0     2.6     0.4     2.8     8.6    68.5
2022 03 30  0233   59668    9180    0     0.8     2.6     0.5     2.8    11.3    72.7
2022 03 30  0234   59668    9240    0     0.8     2.6     0.7     2.8    15.1    72.3
2022 03 30  0235   59668    9300    0     0.7     2.4     1.2     2.8    24.8    74.0
2022 03 30  0236   59668    9360    0     0.4     1.9     2.1     2.9    46.9    79.5
2022 03 30  0237   59668    9420    0     0.6     1.7     2.2     2.8    50.8    70.2
2022 03 30  0238   59668    9480    0     0.6     2.2     1.7     2.8    37.5    75.0
2022 03 30  0239   59668    9540    0     0.6     2.1     1.5     2.7    34.3    74.8
2022 03 30  0240   59668    9600    0     0.7     2.2     1.2     2.6    26.9    73.7
2022 03 30  0241   59668    9660    0     0.7     2.3     0.9     2.6    19.9    72.6
2022 03 30  0242   59668    9720    0     1.7     2.1    -0.6     2.8   -13.5    51.3
2022 03 30  0243   59668    9780    0     1.7     2.1    -0.6     2.7   -12.3    49.9
2022 03 30  0244   59668    9840    0     1.7     2.2    -0.3     2.8    -6.8    51.4
2022 03 30  0245   59668    9900    0     1.1     2.3     0.2     2.5     4.7    63.0
2022 03 30  0246   59668    9960    0     0.9     2.2     0.4     2.4     9.3    66.7
2022 03 30  0247   59668   10020    0     1.4     1.8    -0.3     2.3    -7.4    51.1
2022 03 30  0248   59668   10080    0     1.9     0.5    -1.1     2.3   -29.0    14.1
2022 03 30  0249   59668   10140    0     1.7     1.0    -1.1     2.3   -30.3    29.8
2022 03 30  0250   59668   10200    0     1.3     1.0    -1.4     2.2   -41.2    37.9
2022 03 30  0251   59668   10260    0     1.4     1.5    -1.1     2.3   -28.5    48.2
2022 03 30  0252   59668   10320    0     1.7     1.6    -0.7     2.4   -16.0    43.4
2022 03 30  0253   59668   10380    0     1.6     1.7    -0.5     2.4   -11.5    46.7
2022 03 30  0254   59668   10440    0     1.3     1.8    -0.3     2.2    -6.9    55.0
2022 03 30  0255   59668   10500    0     1.3     1.8    -0.4     2.3    -9.0    53.8
2022 03 30  0256   59668   10560    0    -0.2     1.8     0.3     1.8    10.1    94.9
2022 03 30  0257   59668   10620    0    -1.7     2.0     1.0     2.8    21.4   129.8
2022 03 30  0258   59668   10680    0    -1.8     1.8     1.1     2.8    23.9   133.8
2022 03 30  0259   59668   10740    0    -2.0     1.7     1.0     2.8    20.9   138.4
2022 03 30  0300   59668   10800    0    -1.9     1.9     0.9     2.9    18.0   134.6
2022 03 30  0301   59668   10860    0    -1.6     2.1     0.8     2.8    16.1   127.0
2022 03 30  0302   59668   10920    0    -1.2     2.4     0.5     2.7    10.7   116.2
2022 03 30  0303   59668   10980    0    -1.3     2.3     0.5     2.7    10.9   120.3
2022 03 30  0304   59668   11040    0    -1.4     2.3     0.5     2.7    10.0   121.2
2022 03 30  0305   59668   11100    0    -1.5     2.3     0.5     2.8    11.0   122.9
2022 03 30  0306   59668   11160    0    -1.5     2.3     0.5     2.8    10.7   123.0
2022 03 30  0307   59668   11220    0    -1.4     2.4     0.4     2.8     7.3   121.5
2022 03 30  0308   59668   11280    0    -1.5     2.4     0.4     2.8     8.1   121.6
2022 03 30  0309   59668   11340    0    -1.7     2.3     0.4     2.9     7.8   126.5
2022 03 30  0310   59668   11400    0    -1.8     2.1     0.5     2.9     9.8   130.8
2022 03 30  0311   59668   11460    0    -2.1     1.8     0.6     2.8    11.8   140.0
2022 03 30  0312   59668   11520    0    -2.1     1.8     0.7     2.8    13.8   139.6
2022 03 30  0313   59668   11580    0    -2.1     1.9     0.4     2.8     8.1   137.9
2022 03 30  0314   59668   11640    0    -2.2     1.8     0.4     2.9     7.3   140.0
2022 03 30  0315   59668   11700    0    -2.2     1.8     0.2     2.9     4.1   141.1
2022 03 30  0316   59668   11760    0    -2.4     1.8     0.1     3.0     1.2   142.7
2022 03 30  0317   59668   11820    0    -2.0     2.0     0.0     2.8     0.0   136.1
2022 03 30  0318   59668   11880    0    -1.9     2.0     0.0     2.8     0.3   133.0
2022 03 30  0319   59668   11940    0    -2.3     1.7    -0.2     2.8    -4.0   143.9
2022 03 30  0320   59668   12000    0    -2.2     1.7    -0.2     2.8    -4.5   141.4
2022 03 30  0321   59668   12060    0    -2.1     1.8    -0.3     2.8    -6.9   139.0
2022 03 30  0322   59668   12120    0    -2.3     1.6    -0.4     2.9    -8.1   145.5
2022 03 30  0323   59668   12180    0    -2.2     1.6    -0.5     2.8   -11.3   144.4
2022 03 30  0324   59668   12240    0    -2.0     1.8    -0.4     2.7    -8.3   138.7
2022 03 30  0325   59668   12300    0    -1.8     1.9    -0.4     2.7    -9.5   133.3
2022 03 30  0326   59668   12360    0    -1.5     2.0    -0.2     2.5    -3.5   126.4
2022 03 30  0327   59668   12420    0    -1.4     2.1    -0.0     2.5    -0.7   123.4
2022 03 30  0328   59668   12480    0    -1.5     2.0    -0.4     2.5    -8.5   126.3
2022 03 30  0329   59668   12540    0    -1.6     1.8    -0.5     2.5   -12.5   131.4
2022 03 30  0330   59668   12600    0    -1.8     1.6    -0.7     2.5   -16.3   138.2
2022 03 30  0331   59668   12660    0    -1.3     1.8    -0.7     2.4   -18.0   125.9
2022 03 30  0332   59668   12720    0    -0.9     2.1    -0.4     2.3   -11.0   112.1
2022 03 30  0333   59668   12780    0     0.2     2.3     0.0     2.3     1.2    85.7
2022 03 30  0334   59668   12840    0     0.4     2.2     0.3     2.2     8.5    80.2
2022 03 30  0335   59668   12900    0     0.4     2.1     0.0     2.2     0.0    79.0
2022 03 30  0336   59668   12960    0     0.5     2.1     0.7     2.3    18.4    76.1
2022 03 30  0337   59668   13020    0     0.4     2.3     0.2     2.3     4.2    79.6
2022 03 30  0338   59668   13080    0     0.5     2.3     0.3     2.3     7.9    78.3
2022 03 30  0339   59668   13140    0     0.5     2.3     0.3     2.4     7.4    76.8
2022 03 30  0340   59668   13200    0     0.5     2.3     0.3     2.4     6.3    77.0
2022 03 30  0341   59668   13260    0     1.4     1.9     0.6     2.5    14.3    53.2
2022 03 30  0342   59668   13320    0     1.5     1.9     0.5     2.4    13.1    51.5
2022 03 30  0343   59668   13380    0     1.8     1.6     0.8     2.6    18.7    42.7
2022 03 30  0344   59668   13440    0     1.9     1.6     0.8     2.6    17.6    40.3
2022 03 30  0345   59668   13500    0     2.0     1.3     1.0     2.6    24.1    32.5
2022 03 30  0346   59668   13560    0     1.6     1.6     0.9     2.4    20.6    44.6
2022 03 30  0347   59668   13620    0     0.4     2.4    -0.0     2.4    -0.2    81.7
2022 03 30  0348   59668   13680    0     0.4     2.4     0.2     2.5     5.8    80.5
2022 03 30  0349   59668   13740    0     1.2     2.2     0.5     2.5    11.9    61.4
2022 03 30  0350   59668   13800    0     1.4     2.2     0.5     2.6    11.5    57.2
2022 03 30  0351   59668   13860    0     1.4     2.1     0.6     2.6    12.7    56.8
2022 03 30  0352   59668   13920    0     1.4     2.1     0.6     2.6    13.0    56.4
2022 03 30  0353   59668   13980    0     1.4     2.0     0.8     2.6    17.2    56.0
2022 03 30  0354   59668   14040    0     1.0     2.2     0.8     2.5    18.3    65.8
2022 03 30  0355   59668   14100    0     0.8     2.1     0.9     2.4    21.5    70.3
2022 03 30  0356   59668   14160    0     0.7     2.0     1.0     2.4    25.4    70.8
2022 03 30  0357   59668   14220    0     0.5     2.3     0.9     2.5    20.5    78.6
2022 03 30  0358   59668   14280    0     0.2     2.4     0.9     2.5    20.7    84.7
2022 03 30  0359   59668   14340    9  -999.9  -999.9  -999.9  -999.9  -999.9  -999.9
2022 03 30  0400   59668   14400    9  -999.9  -999.9  -999.9  -999.9  -999.9  -999.9
2022 03 30  0401   59668   14460    0     1.0     2.6     1.6     3.2    30.6    69.7
2022 03 30  0402   59668   14520    0     0.8     1.5     1.6     2.4    43.5    61.6
2022 03 30  0403   59668   14580    0     0.4     2.1     1.5     2.6    35.4    79.1
2022 03 30  0404   59668   14640    0     0.2     2.2     1.6     2.7    36.0    84.3
2022 03 30  0405   59668   14700    0     0.2     2.0     1.9     2.7    42.6    83.4
2022 03 30  0406   59668   14760    0     0.2     2.0     1.9     2.7    43.7    83.7
2022 03 30  0407   59668   14820    0     0.3     2.0     1.9     2.7    42.4    80.7
2022 03 30  0408   59668   14880    0     0.1     1.7     1.9     2.5    47.1    85.9
2022 03 30  0409   59668   14940    0    -0.4     1.2     2.0     2.3    58.0   109.2
2022 03 30  0410   59668   15000    0    -0.1     1.3     1.9     2.3    54.6    94.4
2022 03 30  0411   59668   15060    0    -0.2     1.3     1.9     2.3    56.6   100.7
2022 03 30  0412   59668   15120    0    -0.3     1.3     1.8     2.3    53.5   104.1
2022 03 30  0413   59668   15180    0    -0.4     0.9     2.0     2.2    64.6   116.5
2022 03 30  0414   59668   15240    0    -0.5     1.7     1.2     2.2    34.2   106.3
2022 03 30  0415   59668   15300    0    -0.3     1.5     1.6     2.2    47.4   101.9
2022 03 30  0416   59668   15360    0    -0.2     1.5     1.7     2.3    48.1    99.0
2022 03 30  0417   59668   15420    0    -0.0     1.4     1.7     2.2    49.2    90.7
2022 03 30  0418   59668   15480    0     0.1     1.4     1.6     2.2    48.6    85.9
2022 03 30  0419   59668   15540    0     0.3     1.9     1.2     2.3    31.9    82.0
2022 03 30  0420   59668   15600    0     0.3     1.9     1.1     2.3    30.3    81.9
2022 03 30  0421   59668   15660    0     0.3     1.9     1.1     2.2    28.7    81.2
2022 03 30  0422   59668   15720    0     0.5     1.8     1.1     2.2    29.7    75.2
2022 03 30  0423   59668   15780    0     0.5     1.8     1.2     2.2    32.5    75.9
2022 03 30  0424   59668   15840    0     0.7     1.9     0.8     2.2    21.2    69.1
2022 03 30  0425   59668   15900    0     0.8     1.6     1.3     2.2    35.8    64.1
2022 03 30  0426   59668   15960    0     0.5     1.5     1.7     2.3    47.9    71.8
2022 03 30  0427   59668   16020    0     0.3     1.4     1.9     2.4    52.5    78.0
2022 03 30  0428   59668   16080    0     0.2     1.3     2.0     2.4    56.5    79.3
2022 03 30  0429   59668   16140    0     0.2     1.2     2.0     2.3    58.4    78.5
2022 03 30  0430   59668   16200    0     0.2     1.3     1.8     2.3    53.3    79.5
2022 03 30  0431   59668   16260    0    -0.1     1.2     1.9     2.3    57.7    95.5
2022 03 30  0432   59668   16320    0    -0.1     1.2     1.9     2.2    58.9    96.2
2022 03 30  0433   59668   16380    0    -0.1     0.9     1.9     2.1    64.4    97.0
2022 03 30  0434   59668   16440    0     0.4     1.2     1.7     2.2    53.1    70.9
2022 03 30  0435   59668   16500    0     0.5     1.2     1.8     2.2    53.8    67.5
2022 03 30  0436   59668   16560    0    -0.9     0.7     2.1     2.4    62.3   141.4
2022 03 30  0437   59668   16620    0    -1.1     0.4     2.1     2.4    61.4   158.2
2022 03 30  0438   59668   16680    0    -1.1     0.8     2.0     2.5    55.3   143.9
2022 03 30  0439   59668   16740    0    -1.2     0.5     2.1     2.5    58.7   156.0
2022 03 30  0440   59668   16800    0    -1.3     0.4     1.8     2.2    52.7   162.9
2022 03 30  0441   59668   16860    0    -1.9    -1.1     1.5     2.7    34.4   210.9
2022 03 30  0442   59668   16920    0    -2.0    -1.1     1.6     2.7    34.8   208.4
2022 03 30  0443   59668   16980    0    -2.0    -1.4     1.5     2.9    31.1   213.9
2022 03 30  0444   59668   17040    0    -2.1    -1.4     1.5     2.9    30.0   213.2
2022 03 30  0445   59668   17100    0    -2.2    -1.5     1.2     2.9    23.3   215.3
2022 03 30  0446   59668   17160    0    -2.2    -1.7     0.9     2.9    18.3   218.0
2022 03 30  0447   59668   17220    0    -1.8    -0.5     1.8     2.6    43.3   196.7
2022 03 30  0448   59668   17280    0    -1.6    -0.1     2.0     2.6    51.9   184.1
2022 03 30  0449   59668   17340    0    -1.6    -0.4     2.0     2.6    50.4   192.8
2022 03 30  0450   59668   17400    0    -1.7    -0.5     2.1     2.7    49.4   195.8
2022 03 30  0451   59668   17460    0    -1.8    -0.7     2.0     2.7    46.0   201.3
2022 03 30  0452   59668   17520    0    -1.8    -0.8     1.9     2.7    44.7   204.5
2022 03 30  0453   59668   17580    0    -1.9    -0.7     1.9     2.8    43.7   201.4
2022 03 30  0454   59668   17640    0    -2.1    -0.8     1.9     2.9    40.7   200.7
2022 03 30  0455   59668   17700    0    -2.1    -0.9     1.8     2.9    39.5   202.6
2022 03 30  0456   59668   17760    0    -2.1    -0.8     1.8     2.9    39.0   201.6
2022 03 30  0457   59668   17820    0    -2.0    -0.9     1.8     2.9    38.8   204.9
2022 03 30  0458   59668   17880    0    -2.0    -1.0     1.7     2.8    37.5   207.6
2022 03 30  0459   59668   17940    0    -2.0    -1.1     1.7     2.8    36.0   209.0
2022 03 30  0500   59668   18000    0    -2.0    -1.1     1.7     2.8    35.7   209.1
2022 03 30  0501   59668   18060    0    -2.1    -1.2     1.6     2.9    33.7   209.0
2022 03 30  0502   59668   18120    0    -2.1    -1.1     1.7     2.9    35.3   208.2
2022 03 30  0503   59668   18180    0    -2.1    -1.3     1.6     3.0    32.6   210.4
2022 03 30  0504   59668   18240    0    -2.2    -1.2     1.5     2.9    31.9   208.3
2022 03 30  0505   59668   18300    0    -2.2    -1.1     1.6     2.9    32.5   206.5
2022 03 30  0506   59668   18360    0    -2.2    -0.8     1.8     3.0    36.9   199.6
2022 03 30  0507   59668   18420    0    -2.2    -1.2     1.4     2.9    29.9   209.3
2022 03 30  0508   59668   18480    0    -2.0    -1.2     1.3     2.7    29.4   211.7
2022 03 30  0509   59668   18540    0    -1.6    -1.6     0.6     2.4    14.8   225.0
2022 03 30  0510   59668   18600    0    -1.4    -1.8     0.3     2.3     7.0   231.8
2022 03 30  0511   59668   18660    0    -1.4    -1.9     0.4     2.4     9.7   233.6
2022 03 30  0512   59668   18720    0    -1.5    -1.8     0.5     2.4    11.6   230.9
2022 03 30  0513   59668   18780    0    -1.9    -1.5     0.8     2.6    17.6   217.3
2022 03 30  0514   59668   18840    0    -2.0    -1.4     0.8     2.6    18.2   215.0
2022 03 30  0515   59668   18900    0    -2.1    -1.4     0.7     2.6    15.9   214.0
2022 03 30  0516   59668   18960    0    -2.1    -1.4     0.8     2.6    17.8   213.4
2022 03 30  0517   59668   19020    0    -2.1    -1.2     0.8     2.6    18.0   210.3
2022 03 30  0518   59668   19080    0    -2.1    -1.1     0.9     2.6    20.7   207.2
2022 03 30  0519   59668   19140    0    -2.0    -1.2     0.7     2.4    17.5   211.0
2022 03 30  0520   59668   19200    0    -1.6    -0.9     0.5     1.9    15.4   210.1
2022 03 30  0521   59668   19260    0    -1.5    -1.7     0.3     2.3     7.5   229.4
2022 03 30  0522   59668   19320    0    -1.5    -1.4     0.5     2.1    13.0   222.6
2022 03 30  0523   59668   19380    0    -1.7    -1.1     0.3     2.0     7.1   213.0
2022 03 30  0524   59668   19440    0    -1.4    -1.3     0.6     2.0    17.6   223.4
2022 03 30  0525   59668   19500    0    -1.6    -1.0     0.6     2.0    16.9   212.7
2022 03 30  0526   59668   19560    0    -1.7    -0.8     0.7     2.0    21.0   205.8
2022 03 30  0527   59668   19620    0    -0.3     1.0    -0.2     1.1   -11.1   107.6
2022 03 30  0528   59668   19680    0     0.4     1.2    -0.4     1.3   -15.2    71.0
2022 03 30  0529   59668   19740    0     0.6     1.2    -0.6     1.5   -25.5    63.8
2022 03 30  0530   59668   19800    0     1.1     1.5    -0.7     2.0   -21.2    54.0
2022 03 30  0531   59668   19860    0     1.4     1.5    -0.6     2.2   -16.8    47.7
2022 03 30  0532   59668   19920    0     1.6     1.0    -0.7     2.0   -20.4    31.6
2022 03 30  0533   59668   19980    0     0.5    -0.4    -0.4     0.7   -29.6   317.2
2022 03 30  0534   59668   20040    0     0.7    -0.6    -0.5     1.1   -27.7   317.0
2022 03 30  0535   59668   20100    0     0.8    -0.6    -0.8     1.3   -40.2   320.7
2022 03 30  0536   59668   20160    0     0.8    -0.3    -0.8     1.1   -43.8   339.4
2022 03 30  0537   59668   20220    0     1.0     0.4    -0.7     1.3   -33.2    22.2
2022 03 30  0538   59668   20280    0     0.1    -0.2    -0.3     0.4   -53.5   311.4
2022 03 30  0539   59668   20340    0     0.1     0.1    -0.3     0.3   -69.7    40.2
2022 03 30  0540   59668   20400    0     0.2    -0.0    -0.3     0.3   -60.8   350.2
2022 03 30  0541   59668   20460    0     1.0     0.2    -0.6     1.2   -29.9     9.8
2022 03 30  0542   59668   20520    0     1.9     0.7    -0.9     2.2   -24.3    19.7
2022 03 30  0543   59668   20580    0     2.0     1.1    -0.8     2.4   -20.3    30.3
2022 03 30  0544   59668   20640    0     2.0     1.0    -0.8     2.4   -20.5    27.1
2022 03 30  0545   59668   20700    0     2.1     0.9    -0.9     2.4   -22.7    23.4
2022 03 30  0546   59668   20760    0     2.0     0.9    -0.9     2.4   -23.4    24.1
2022 03 30  0547   59668   20820    0     1.9     1.2    -0.8     2.4   -20.3    32.9
2022 03 30  0548   59668   20880    0     1.5     1.9    -0.6     2.5   -13.6    52.1
2022 03 30  0549   59668   20940    0     1.4     1.9    -0.7     2.5   -15.8    53.0
2022 03 30  0550   59668   21000    0     1.8     1.7    -0.7     2.5   -15.3    43.9
2022 03 30  0551   59668   21060    0     1.8     1.7    -0.7     2.6   -16.6    44.5
2022 03 30  0552   59668   21120    0     1.9     1.6    -0.8     2.6   -17.6    41.0
2022 03 30  0553   59668   21180    0     2.0     1.4    -0.8     2.5   -19.4    35.5
2022 03 30  0554   59668   21240    0     2.0     1.2    -0.8     2.5   -19.3    31.7
2022 03 30  0555   59668   21300    0     2.0     1.4    -0.9     2.6   -19.4    34.3
2022 03 30  0556   59668   21360    0     1.9     1.5    -0.9     2.6   -19.6    37.5
2022 03 30  0557   59668   21420    0     1.8     1.6    -0.8     2.5   -18.7    42.0
2022 03 30  0558   59668   21480    0     1.8     1.6    -0.8     2.6   -19.2    42.4
2022 03 30  0559   59668   21540    0     1.9     1.6    -0.8     2.6   -18.0    40.3
2022 03 30  0600   59668   21600    0     1.9     1.5    -0.8     2.5   -17.8    39.1
2022 03 30  0601   59668   21660    0     1.8     1.7    -0.8     2.6   -17.7    43.0
2022 03 30  0602   59668   21720    0     1.9     1.7    -0.7     2.6   -16.5    41.3
2022 03 30  0603   59668   21780    0     1.9     1.6    -0.9     2.7   -19.1    40.7
2022 03 30  0604   59668   21840    0     2.1     1.6    -0.8     2.7   -16.8    37.4
2022 03 30  0605   59668   21900    0     2.1     1.4    -0.9     2.7   -18.9    34.5
2022 03 30  0606   59668   21960    0     2.1     1.1    -1.0     2.5   -22.4    27.8
2022 03 30  0607   59668   22020    0     2.0     1.0    -0.9     2.4   -22.1    26.2
2022 03 30  0608   59668   22080    0     2.1     1.2    -0.6     2.5   -15.2    29.4
2022 03 30  0609   59668   22140    0     2.0     1.2    -0.4     2.4   -10.5    30.8
2022 03 30  0610   59668   22200    0     1.8     1.0    -0.4     2.1   -12.1    30.0
2022 03 30  0611   59668   22260    0     1.7     1.1    -0.5     2.1   -14.4    33.0
2022 03 30  0612   59668   22320    0     1.7     1.2    -0.5     2.1   -12.7    35.6
2022 03 30  0613   59668   22380    0     1.7     1.1    -0.3     2.1    -7.9    33.1
2022 03 30  0614   59668   22440    0     1.6     1.1    -0.2     1.9    -6.3    33.9
2022 03 30  0615   59668   22500    0     1.7     0.9     0.0     2.0     0.1    27.2
2022 03 30  0616   59668   22560    0     1.7     0.9    -0.0     2.0    -0.8    28.5
2022 03 30  0617   59668   22620    0     1.7     0.9    -0.5     2.0   -14.5    28.7
2022 03 30  0618   59668   22680    0     1.7     1.2    -0.7     2.1   -18.1    35.4
2022 03 30  0619   59668   22740    0     1.7     1.0    -0.7     2.1   -20.4    29.2
2022 03 30  0620   59668   22800    0     1.6     1.0    -0.9     2.1   -24.7    32.0
2022 03 30  0621   59668   22860    0     1.8     1.5    -0.5     2.4   -13.0    40.2
2022 03 30  0622   59668   22920    0     1.8     1.5    -0.6     2.4   -15.5    38.5
2022 03 30  0623   59668   22980    0     1.9     1.4    -0.6     2.4   -13.9    36.7
2022 03 30  0624   59668   23040    0     2.0     1.2    -0.5     2.4   -11.6    31.7
2022 03 30  0625   59668   23100    0     2.1     1.1    -0.3     2.4    -7.4    28.7
2022 03 30  0626   59668   23160    0     2.1     1.2    -0.4     2.4    -9.0    29.8
2022 03 30  0627   59668   23220    0     2.0     1.2    -0.3     2.3    -7.3    30.5
2022 03 30  0628   59668   23280    0     2.0     1.2    -0.2     2.3    -5.3    31.1
2022 03 30  0629   59668   23340    0     1.9     1.2    -0.2     2.3    -6.0    32.2
2022 03 30  0630   59668   23400    0     1.9     1.2    -0.3     2.3    -7.4    31.7
2022 03 30  0631   59668   23460    0     2.1     1.0    -0.3     2.3    -6.5    26.3
2022 03 30  0632   59668   23520    0     2.2     0.7    -0.3     2.3    -8.0    18.8
2022 03 30  0633   59668   23580    0     2.1     0.8    -0.2     2.3    -6.1    21.6
2022 03 30  0634   59668   23640    0     2.1     0.9    -0.3     2.3    -7.7    22.4
2022 03 30  0635   59668   23700    0     2.2     0.7    -0.3     2.3    -6.2    17.0
2022 03 30  0636   59668   23760    0     2.2     0.7    -0.4     2.3    -9.3    19.0
2022 03 30  0637   59668   23820    0     2.0     1.1    -0.4     2.3    -9.8    27.3
2022 03 30  0638   59668   23880    0     1.9     1.2    -0.5     2.3   -11.4    31.8
2022 03 30  0639   59668   23940    0     2.1     0.9    -0.4     2.4   -10.9    23.0
2022 03 30  0640   59668   24000    0     2.2     0.8    -0.7     2.5   -16.7    19.5
2022 03 30  0641   59668   24060    0     2.3     0.7    -0.7     2.5   -16.3    17.6
2022 03 30  0642   59668   24120    0     2.4     0.7    -0.7     2.5   -15.1    16.7
2022 03 30  0643   59668   24180    0     2.2     0.7    -0.7     2.4   -16.6    18.2
2022 03 30  0644   59668   24240    0     2.1     1.1    -0.5     2.4   -12.3    27.9
2022 03 30  0645   59668   24300    0     1.9     1.4    -0.3     2.4    -6.5    36.7
2022 03 30  0646   59668   24360    0     1.7     1.6     0.1     2.3     2.5    43.1
2022 03 30  0647   59668   24420    0     1.8     1.5     0.1     2.4     2.0    40.6
2022 03 30  0648   59668   24480    0     1.8     1.5    -0.1     2.4    -1.3    40.9
2022 03 30  0649   59668   24540    0     1.7     1.6    -0.0     2.4    -0.7    42.7
2022 03 30  0650   59668   24600    0     1.6     1.6     0.0     2.3     0.3    43.9
2022 03 30  0651   59668   24660    0     1.7     1.6     0.1     2.4     2.2    43.1
2022 03 30  0652   59668   24720    0     1.9     1.5     0.1     2.4     2.2    38.3
2022 03 30  0653   59668   24780    0     1.8     1.4     0.2     2.3     4.1    38.4
2022 03 30  0654   59668   24840    0     1.9     1.4     0.1     2.4     1.5    37.6
2022 03 30  0655   59668   24900    0     2.0     1.2     0.1     2.4     1.5    32.0
2022 03 30  0656   59668   24960    0     2.0     1.3     0.1     2.3     2.2    32.8
2022 03 30  0657   59668   25020    0     2.0     1.2     0.0     2.3     0.5    32.1
2022 03 30  0658   59668   25080    0     2.0     1.3    -0.0     2.4    -0.4    32.5
2022 03 30  0659   59668   25140    0     1.8     1.5     0.1     2.3     2.1    40.0
2022 03 30  0700   59668   25200    0     1.6     1.4     0.1     2.2     2.3    42.0
2022 03 30  0701   59668   25260    0     1.5     1.6     0.1     2.2     3.0    46.9
2022 03 30  0702   59668   25320    0     1.4     1.5     0.1     2.0     1.9    46.5
2022 03 30  0703   59668   25380    0     1.6     1.7     0.1     2.3     1.9    45.2
2022 03 30  0704   59668   25440    0     1.4     1.4     0.2     2.0     4.9    44.3
2022 03 30  0705   59668   25500    0     1.6     1.3    -0.0     2.1    -0.5    38.8
2022 03 30  0706   59668   25560    0     1.7     1.5     0.3     2.3     7.0    40.7
2022 03 30  0707   59668   25620    0     1.8     1.4     0.1     2.3     2.3    38.0
2022 03 30  0708   59668   25680    0     2.0     1.4     0.1     2.5     1.8    35.4
2022 03 30  0709   59668   25740    0     2.1     1.5    -0.1     2.6    -1.6    34.5
2022 03 30  0710   59668   25800    0     2.0     1.4    -0.2     2.4    -5.6    34.6
2022 03 30  0711   59668   25860    0     2.0     1.3    -0.3     2.3    -7.2    33.1
2022 03 30  0712   59668   25920    0     2.1     1.4    -0.3     2.5    -7.3    33.9
2022 03 30  0713   59668   25980    0     2.2     1.3    -0.4     2.5    -9.0    30.8
2022 03 30  0714   59668   26040    0     2.3     1.3    -0.4     2.6    -8.8    29.9
2022 03 30  0715   59668   26100    0     2.3     1.3    -0.4     2.7    -8.9    28.5
2022 03 30  0716   59668   26160    0     2.2     1.2    -0.4     2.5    -8.7    28.2
2022 03 30  0717   59668   26220    0     2.1     1.3    -0.5     2.5   -11.6    30.8
2022 03 30  0718   59668   26280    0     2.3     1.3    -0.5     2.6   -11.0    29.4
2022 03 30  0719   59668   26340    0     2.3     1.4    -0.3     2.7    -6.3    32.2
2022 03 30  0720   59668   26400    0     2.3     1.5    -0.2     2.7    -5.1    33.3
2022 03 30  0721   59668   26460    0     2.2     1.5    -0.3     2.7    -5.9    34.6
2022 03 30  0722   59668   26520    0     2.2     1.5    -0.2     2.7    -4.7    34.4
2022 03 30  0723   59668   26580    0     2.3     1.5    -0.3     2.7    -7.1    33.0
2022 03 30  0724   59668   26640    0     2.3     1.4    -0.2     2.7    -3.5    32.4
2022 03 30  0725   59668   26700    0     2.3     1.1    -0.5     2.6   -10.4    25.1
2022 03 30  0726   59668   26760    0     2.5     0.8    -0.6     2.7   -13.4    18.9
2022 03 30  0727   59668   26820    0     2.6     0.8    -0.5     2.8   -11.3    17.4
2022 03 30  0728   59668   26880    0     2.6     0.8    -0.6     2.8   -11.5    17.3
2022 03 30  0729   59668   26940    0     2.5     0.9    -0.6     2.8   -13.1    19.1
2022 03 30  0730   59668   27000    0     2.6     0.9    -0.6     2.8   -12.3    19.1
2022 03 30  0731   59668   27060    0     2.5     0.9    -0.5     2.7   -10.6    18.9
2022 03 30  0732   59668   27120    0     2.5     0.8    -0.6     2.7   -12.9    18.4
2022 03 30  0733   59668   27180    0     2.6     0.9    -0.7     2.8   -13.8    18.6
2022 03 30  0734   59668   27240    0     2.5     0.9    -0.7     2.8   -14.2    19.3
2022 03 30  0735   59668   27300    0     2.5     0.9    -0.6     2.8   -13.1    19.8
2022 03 30  0736   59668   27360    0     2.5     1.0    -0.6     2.8   -12.2    21.0
2022 03 30  0737   59668   27420    0     2.6     1.0    -0.6     2.8   -12.7    21.1
2022 03 30  0738   59668   27480    0     2.5     1.0    -0.5     2.7   -11.6    22.9
2022 03 30  0739   59668   27540    0     2.4     1.1    -0.6     2.7   -11.9    23.3
2022 03 30  0740   59668   27600    0     2.5     1.1    -0.6     2.8   -12.4    24.0
2022 03 30  0741   59668   27660    0     2.4     1.0    -0.6     2.7   -13.1    22.9
2022 03 30  0742   59668   27720    0     2.5     0.9    -0.7     2.8   -13.7    20.4
2022 03 30  0743   59668   27780    0     2.5     0.9    -0.7     2.7   -14.0    19.3
2022 03 30  0744   59668   27840    0     2.5     0.8    -0.8     2.8   -16.5    17.9
2022 03 30  0745   59668   27900    0     2.4     0.8    -0.8     2.7   -17.2    17.2
2022 03 30  0746   59668   27960    0     2.3     0.8    -0.7     2.5   -15.9    19.5
2022 03 30  0747   59668   28020    0     2.2     0.9    -0.6     2.4   -14.1    22.3
2022 03 30  0748   59668   28080    0     2.2     1.0    -0.6     2.5   -14.1    23.5
2022 03 30  0749   59668   28140    0     2.1     1.0    -0.8     2.5   -19.4    25.2
2022 03 30  0750   59668   28200    0     2.1     1.0    -0.9     2.5   -20.0    25.8
2022 03 30  0751   59668   28260    0     2.2     1.1    -0.9     2.6   -19.3    27.5
2022 03 30  0752   59668   28320    0     2.2     1.2    -0.6     2.6   -13.5    28.4
2022 03 30  0753   59668   28380    0     2.0     1.5    -0.7     2.6   -15.0    36.2
2022 03 30  0754   59668   28440    0     2.0     1.7    -0.6     2.6   -13.6    40.0
2022 03 30  0755   59668   28500    0     1.9     1.8    -0.5     2.6   -10.4    42.6
2022 03 30  0756   59668   28560    0     1.9     1.8    -0.3     2.6    -6.5    42.3
2022 03 30  0757   59668   28620    0     1.9     1.8    -0.1     2.6    -3.2    43.1
2022 03 30  0758   59668   28680    0     2.0     1.8    -0.1     2.7    -2.8    42.0
2022 03 30  0759   59668   28740    0     2.2     1.1    -0.3     2.5    -7.3    27.7
2022 03 30  0800   59668   28800    0     2.3     0.5    -0.5     2.4   -12.0    11.5
2022 03 30  0801   59668   28860    0     2.3     0.9    -0.4     2.5    -8.5    21.8
2022 03 30  0802   59668   28920    0     2.4     0.4    -0.7     2.5   -15.4     9.5
2022 03 30  0803   59668   28980    0     2.5     0.2    -0.8     2.7   -17.5     5.3
2022 03 30  0804   59668   29040    0     2.6    -0.1    -0.7     2.7   -16.1   357.0
2022 03 30  0805   59668   29100    0     2.5    -0.0    -0.7     2.6   -16.7   359.7
2022 03 30  0806   59668   29160    0     2.4     0.3    -0.7     2.5   -17.3     6.3
2022 03 30  0807   59668   29220    0     2.4     0.4    -0.7     2.6   -15.9    10.1
2022 03 30  0808   59668   29280    0     2.6     0.2    -0.8     2.7   -16.6     4.5
2022 03 30  0809   59668   29340    0     2.6     0.2    -0.8     2.7   -18.0     4.8
2022 03 30  0810   59668   29400    0     2.5     0.3    -0.9     2.7   -19.4     6.6
2022 03 30  0811   59668   29460    0     2.5     0.1    -0.8     2.7   -17.2     2.7
2022 03 30  0812   59668   29520    0     2.6     0.3    -0.9     2.8   -18.7     6.6
2022 03 30  0813   59668   29580    0     2.5     0.4    -0.9     2.7   -20.8     9.5
2022 03 30  0814   59668   29640    0     2.4     0.6    -1.0     2.7   -22.0    13.3
2022 03 30  0815   59668   29700    0     2.4     0.5    -1.0     2.6   -21.5    12.2
2022 03 30  0816   59668   29760    0     2.5     0.5    -1.1     2.8   -22.7    10.5
2022 03 30  0817   59668   29820    0     2.6     0.4    -1.0     2.9   -21.3     9.1
2022 03 30  0818   59668   29880    0     2.6     0.5    -0.9     2.8   -19.1    10.2
2022 03 30  0819   59668   29940    0     2.7     0.4    -1.0     2.9   -19.7     8.7
2022 03 30  0820   59668   30000    0     2.5     0.3    -0.9     2.7   -19.0     7.1
2022 03 30  0821   59668   30060    0     2.6     0.1    -1.0     2.8   -21.6     1.3
2022 03 30  0822   59668   30120    0     2.6     0.2    -1.0     2.8   -20.5     4.4
2022 03 30  0823   59668   30180    0     2.6     0.2    -1.0     2.7   -20.3     3.4
2022 03 30  0824   59668   30240    0     2.5     0.1    -1.1     2.7   -23.3     1.6
2022 03 30  0825   59668   30300    0     2.5     0.0    -1.1     2.7   -23.2     0.6
2022 03 30  0826   59668   30360    0     2.5     1.0    -0.3     2.7    -7.1    20.7
2022 03 30  0827   59668   30420    0     2.3     1.6     0.4     2.8     8.5    34.5
2022 03 30  0828   59668   30480    0     2.3     1.7     0.5     2.9    10.7    35.8
2022 03 30  0829   59668   30540    0     2.2     1.8     0.5     2.9    10.4    39.9
2022 03 30  0830   59668   30600    0     2.2     1.8     0.5     2.9     9.7    40.0
2022 03 30  0831   59668   30660    0     2.1     1.8     0.6     2.9    11.3    40.3
2022 03 30  0832   59668   30720    0     2.2     1.8     0.5     2.9     9.6    40.5
2022 03 30  0833   59668   30780    0     2.1     1.9     0.5     2.9    10.6    42.0
2022 03 30  0834   59668   30840    0     2.2     1.7     0.6     2.9    11.3    37.5
2022 03 30  0835   59668   30900    0     2.4     1.4     0.5     2.9    10.1    30.9
2022 03 30  0836   59668   30960    0     2.6     1.4     0.2     2.9     3.0    29.4
2022 03 30  0837   59668   31020    0     2.7     1.1    -0.1     2.9    -2.4    22.6
2022 03 30  0838   59668   31080    0     2.7     1.1    -0.1     2.9    -2.0    22.4
2022 03 30  0839   59668   31140    0     1.6     2.4     0.3     2.9     6.6    55.9
2022 03 30  0840   59668   31200    0     1.5     2.5     0.2     2.9     4.4    58.4
2022 03 30  0841   59668   31260    0     1.5     2.4     0.2     2.9     4.2    57.6
2022 03 30  0842   59668   31320    0     1.6     2.5     0.1     2.9     2.5    57.6
2022 03 30  0843   59668   31380    0     1.3     2.8     0.2     3.1     2.9    65.5
2022 03 30  0844   59668   31440    0     1.4     2.8     0.1     3.1     2.6    63.2
2022 03 30  0845   59668   31500    0     1.4     2.7     0.1     3.0     1.3    61.5
2022 03 30  0846   59668   31560    0     1.5     2.4    -0.1     2.9    -2.2    57.7
2022 03 30  0847   59668   31620    0     1.6     2.4    -0.0     2.9    -0.5    56.5
2022 03 30  0848   59668   31680    0     1.8     2.4    -0.1     3.0    -1.0    53.4
2022 03 30  0849   59668   31740    0     1.9     2.3    -0.4     3.0    -6.8    51.1
2022 03 30  0850   59668   31800    0     2.0     2.2    -0.4     3.0    -8.4    47.7
2022 03 30  0851   59668   31860    0     2.2     2.0    -0.3     3.0    -6.6    42.5
2022 03 30  0852   59668   31920    0     2.2     2.0    -0.5     3.1    -9.4    42.4
2022 03 30  0853   59668   31980    0     2.1     2.0    -0.7     3.0   -13.1    43.2
2022 03 30  0854   59668   32040    0     2.2     2.1    -0.8     3.1   -14.2    43.1
2022 03 30  0855   59668   32100    0     2.2     2.0    -0.9     3.1   -17.5    42.1
2022 03 30  0856   59668   32160    0     2.2     2.0    -1.2     3.2   -21.4    41.3
2022 03 30  0857   59668   32220    0     2.2     2.0    -1.0     3.1   -17.9    41.9
2022 03 30  0858   59668   32280    0     2.2     2.0    -1.0     3.1   -18.3    42.8
2022 03 30  0859   59668   32340    0     2.1     2.1    -1.0     3.2   -18.8    45.1
