:Data_list: 20220314_ace_epam_5m.txt
:Created: 2022 Mar 14 0901 UT
# Prepared by the U.S. Dept. of Commerce, NOAA, Space Weather Prediction Center
# Please send comments and suggestions to SWPC.Webmaster@noaa.gov 
# 
# Units: Differential Flux particles/cm2-s-ster-MeV
# Units: Anisotropy Index 0.0 - 2.0
# Status(S): 0 = nominal, 4,6,7,8 = bad data, unable to process, 9 = no data
# Missing data values: -1.00e+05, index = -1.00
# Source: ACE Satellite - Electron, Proton, and Alpha Monitor
#
#
#                      5-minute averaged Real-time Differential Electron and Proton Flux 
# 
#                Modified Seconds ---------------------------- Differential Flux ---------------------------
# UT Date   Time  Julian  of the  ----- Electron -----   ------------------- Protons keV -------------------   Anis.
# YR MO DA  HHMM    Day    Day    S    38-53   175-315   S    47-68   115-195   310-580   795-1193 1060-1900   Index
#-------------------------------------------------------------------------------------------------------------------
2022 03 14  0000   59652       0  0  1.90e+03  2.88e+01  0  7.42e+03  1.22e+03  1.71e+02  5.20e+01  9.58e+00  -1.00
2022 03 14  0005   59652     300  0  1.86e+03  2.45e+01  0  7.19e+03  1.17e+03  1.65e+02  4.89e+01  9.02e+00  -1.00
2022 03 14  0010   59652     600  0  1.85e+03  2.18e+01  0  6.87e+03  1.16e+03  1.82e+02  5.90e+01  1.14e+01  -1.00
2022 03 14  0015   59652     900  0  2.23e+03  2.73e+01  0  6.68e+03  9.89e+02  1.54e+02  5.05e+01  9.23e+00  -1.00
2022 03 14  0020   59652    1200  0  1.75e+03  2.40e+01  0  6.63e+03  9.65e+02  1.48e+02  4.91e+01  9.87e+00  -1.00
2022 03 14  0025   59652    1500  0  1.73e+03  2.18e+01  0  6.38e+03  9.42e+02  1.35e+02  4.30e+01  8.78e+00  -1.00
2022 03 14  0030   59652    1800  0  1.99e+03  2.47e+01  0  6.30e+03  8.96e+02  1.28e+02  3.77e+01  8.50e+00  -1.00
2022 03 14  0035   59652    2100  0  1.91e+03  2.41e+01  0  6.36e+03  8.86e+02  1.29e+02  3.82e+01  7.68e+00  -1.00
2022 03 14  0040   59652    2400  0  1.80e+03  2.51e+01  0  6.07e+03  7.81e+02  1.07e+02  2.94e+01  5.18e+00  -1.00
2022 03 14  0045   59652    2700  0  1.64e+03  2.40e+01  0  5.90e+03  7.78e+02  1.06e+02  2.93e+01  5.58e+00  -1.00
2022 03 14  0050   59652    3000  0  1.85e+03  2.44e+01  0  6.39e+03  8.38e+02  1.08e+02  2.89e+01  5.46e+00  -1.00
2022 03 14  0055   59652    3300  0  1.63e+03  2.37e+01  0  4.95e+03  4.34e+02  5.39e+01  1.47e+01  2.71e+00  -1.00
2022 03 14  0100   59652    3600  0  1.43e+03  2.85e+01  0  4.86e+03  4.66e+02  6.30e+01  1.81e+01  3.27e+00  -1.00
2022 03 14  0105   59652    3900  0  1.73e+03  2.29e+01  0  5.03e+03  4.56e+02  6.14e+01  1.53e+01  3.14e+00  -1.00
2022 03 14  0110   59652    4200  0  1.52e+03  2.26e+01  0  4.93e+03  4.64e+02  6.16e+01  1.62e+01  3.16e+00  -1.00
2022 03 14  0115   59652    4500  0  1.53e+03  2.70e+01  0  4.98e+03  4.40e+02  6.03e+01  1.56e+01  2.86e+00  -1.00
2022 03 14  0120   59652    4800  0  1.67e+03  2.85e+01  0  4.80e+03  4.48e+02  5.89e+01  1.61e+01  3.19e+00  -1.00
2022 03 14  0125   59652    5100  0  1.61e+03  1.87e+01  0  4.92e+03  4.15e+02  5.79e+01  1.47e+01  2.81e+00  -1.00
2022 03 14  0130   59652    5400  0  1.47e+03  2.64e+01  0  4.82e+03  4.02e+02  5.44e+01  1.31e+01  2.61e+00  -1.00
2022 03 14  0135   59652    5700  0  1.50e+03  2.33e+01  0  4.56e+03  4.02e+02  5.52e+01  1.32e+01  2.75e+00  -1.00
2022 03 14  0140   59652    6000  0  1.69e+03  2.42e+01  0  4.76e+03  3.79e+02  4.91e+01  1.42e+01  2.45e+00  -1.00
2022 03 14  0145   59652    6300  0  1.48e+03  2.74e+01  0  4.84e+03  3.89e+02  5.24e+01  1.39e+01  2.84e+00  -1.00
2022 03 14  0150   59652    6600  0  1.58e+03  2.34e+01  0  4.65e+03  3.85e+02  5.50e+01  1.39e+01  2.50e+00  -1.00
2022 03 14  0155   59652    6900 -1 -1.00e+05 -1.00e+05 -1 -1.00e+05 -1.00e+05 -1.00e+05 -1.00e+05 -1.00e+05  -1.00
2022 03 14  0200   59652    7200  0  1.49e+03  2.68e+01  0  4.74e+03  3.88e+02  5.09e+01  1.27e+01  2.70e+00  -1.00
2022 03 14  0205   59652    7500  0  1.54e+03  2.67e+01  0  4.73e+03  3.99e+02  5.47e+01  1.40e+01  2.71e+00  -1.00
2022 03 14  0210   59652    7800  0  1.64e+03  2.62e+01  0  4.56e+03  3.83e+02  5.15e+01  1.40e+01  2.62e+00  -1.00
2022 03 14  0215   59652    8100  0  1.82e+03  2.31e+01  0  4.88e+03  4.13e+02  5.37e+01  1.40e+01  2.70e+00  -1.00
2022 03 14  0220   59652    8400  0  1.71e+03  3.07e+01  0  4.91e+03  4.36e+02  5.76e+01  1.66e+01  3.28e+00  -1.00
2022 03 14  0225   59652    8700  0  1.48e+03  2.18e+01  0  4.82e+03  4.08e+02  5.41e+01  1.50e+01  3.16e+00  -1.00
2022 03 14  0230   59652    9000  0  1.80e+03  2.29e+01  0  4.65e+03  3.66e+02  4.68e+01  1.35e+01  2.41e+00  -1.00
2022 03 14  0235   59652    9300  0  1.70e+03  2.44e+01  0  4.71e+03  3.98e+02  5.22e+01  1.57e+01  2.95e+00  -1.00
2022 03 14  0240   59652    9600  0  1.56e+03  3.02e+01  0  4.91e+03  4.25e+02  5.74e+01  1.66e+01  3.47e+00  -1.00
2022 03 14  0245   59652    9900  0  1.59e+03  2.24e+01  0  4.75e+03  4.31e+02  5.78e+01  1.47e+01  3.48e+00  -1.00
2022 03 14  0250   59652   10200  0  1.80e+03  2.94e+01  0  4.85e+03  4.13e+02  5.36e+01  1.52e+01  2.77e+00  -1.00
2022 03 14  0255   59652   10500  0  1.61e+03  2.59e+01  0  4.79e+03  3.93e+02  5.23e+01  1.35e+01  2.80e+00  -1.00
2022 03 14  0300   59652   10800  0  1.47e+03  2.70e+01  0  4.49e+03  3.98e+02  5.34e+01  1.48e+01  2.66e+00  -1.00
2022 03 14  0305   59652   11100  0  1.64e+03  2.82e+01  0  4.84e+03  3.96e+02  5.01e+01  1.38e+01  2.62e+00  -1.00
2022 03 14  0310   59652   11400  0  1.62e+03  2.33e+01  0  4.77e+03  3.85e+02  5.14e+01  1.29e+01  2.44e+00  -1.00
2022 03 14  0315   59652   11700  0  1.41e+03  2.85e+01  0  4.72e+03  3.81e+02  4.84e+01  1.29e+01  2.43e+00  -1.00
2022 03 14  0320   59652   12000  0  1.68e+03  2.65e+01  0  4.84e+03  4.25e+02  5.77e+01  1.57e+01  2.72e+00  -1.00
2022 03 14  0325   59652   12300  0  1.57e+03  2.69e+01  0  4.92e+03  4.38e+02  6.06e+01  1.63e+01  3.45e+00  -1.00
2022 03 14  0330   59652   12600  0  1.60e+03  2.27e+01  0  5.23e+03  5.14e+02  6.81e+01  1.78e+01  3.41e+00  -1.00
2022 03 14  0335   59652   12900  0  1.61e+03  2.63e+01  0  5.08e+03  5.22e+02  7.10e+01  1.96e+01  3.49e+00  -1.00
2022 03 14  0340   59652   13200  0  1.79e+03  2.43e+01  0  5.33e+03  5.25e+02  6.77e+01  1.70e+01  3.22e+00  -1.00
2022 03 14  0345   59652   13500  0  1.56e+03  2.30e+01  0  5.41e+03  5.69e+02  8.09e+01  2.10e+01  4.04e+00  -1.00
2022 03 14  0350   59652   13800  0  1.62e+03  2.87e+01  0  5.47e+03  6.72e+02  9.78e+01  2.65e+01  4.74e+00  -1.00
2022 03 14  0355   59652   14100  0  1.93e+03  2.53e+01  0  5.45e+03  5.58e+02  7.39e+01  1.97e+01  3.38e+00  -1.00
2022 03 14  0400   59652   14400  0  1.55e+03  2.82e+01  0  5.42e+03  6.39e+02  9.61e+01  2.50e+01  4.70e+00  -1.00
2022 03 14  0405   59652   14700  0  1.53e+03  2.76e+01  0  5.58e+03  6.76e+02  1.01e+02  2.54e+01  4.98e+00  -1.00
2022 03 14  0410   59652   15000  0  1.60e+03  2.62e+01  0  5.41e+03  6.54e+02  9.41e+01  2.39e+01  4.67e+00  -1.00
2022 03 14  0415   59652   15300  0  1.80e+03  2.30e+01  0  5.85e+03  7.32e+02  1.02e+02  2.55e+01  4.89e+00  -1.00
2022 03 14  0420   59652   15600  0  1.56e+03  2.95e+01  0  5.95e+03  7.35e+02  1.10e+02  2.89e+01  5.20e+00  -1.00
2022 03 14  0425   59652   15900  0  1.65e+03  2.25e+01  0  5.84e+03  7.02e+02  9.23e+01  2.26e+01  4.39e+00  -1.00
2022 03 14  0430   59652   16200  0  1.88e+03  2.50e+01  0  6.16e+03  7.19e+02  8.64e+01  2.14e+01  3.60e+00  -1.00
2022 03 14  0435   59652   16500  0  1.57e+03  2.66e+01  0  6.39e+03  7.82e+02  9.37e+01  2.22e+01  4.17e+00  -1.00
2022 03 14  0440   59652   16800  0  1.64e+03  2.66e+01  0  6.35e+03  7.73e+02  9.57e+01  2.34e+01  3.91e+00  -1.00
2022 03 14  0445   59652   17100  0  1.74e+03  2.50e+01  0  6.16e+03  7.27e+02  9.12e+01  2.17e+01  4.38e+00  -1.00
2022 03 14  0450   59652   17400  0  1.69e+03  2.64e+01  0  6.20e+03  7.24e+02  8.66e+01  2.16e+01  4.08e+00  -1.00
2022 03 14  0455   59652   17700  0  1.64e+03  2.90e+01  0  6.20e+03  7.29e+02  8.87e+01  2.22e+01  4.29e+00  -1.00
2022 03 14  0500   59652   18000  0  1.58e+03  2.54e+01  0  5.76e+03  6.89e+02  8.41e+01  2.03e+01  3.69e+00  -1.00
2022 03 14  0505   59652   18300  0  1.81e+03  2.54e+01  0  6.07e+03  6.74e+02  8.19e+01  1.97e+01  3.50e+00  -1.00
2022 03 14  0510   59652   18600  0  1.51e+03  2.68e+01  0  6.16e+03  6.84e+02  8.16e+01  1.99e+01  3.91e+00  -1.00
2022 03 14  0515   59652   18900  0  1.59e+03  2.91e+01  0  6.15e+03  7.37e+02  8.80e+01  2.12e+01  3.82e+00  -1.00
2022 03 14  0520   59652   19200  0  1.84e+03  2.54e+01  0  6.28e+03  7.72e+02  9.44e+01  2.19e+01  4.23e+00  -1.00
2022 03 14  0525   59652   19500  0  1.60e+03  2.55e+01  0  6.30e+03  7.85e+02  9.75e+01  2.53e+01  4.67e+00  -1.00
2022 03 14  0530   59652   19800  0  1.46e+03  2.51e+01  0  6.05e+03  7.27e+02  9.02e+01  2.31e+01  3.95e+00  -1.00
2022 03 14  0535   59652   20100  0  1.56e+03  2.34e+01  0  5.74e+03  6.70e+02  8.52e+01  2.07e+01  3.49e+00  -1.00
2022 03 14  0540   59652   20400  0  1.88e+03  2.92e+01  0  5.99e+03  7.12e+02  8.90e+01  2.16e+01  4.29e+00  -1.00
2022 03 14  0545   59652   20700  0  1.45e+03  2.89e+01  0  5.99e+03  6.96e+02  8.65e+01  2.10e+01  3.66e+00  -1.00
2022 03 14  0550   59652   21000  0  1.57e+03  2.66e+01  0  5.73e+03  6.64e+02  8.62e+01  2.04e+01  4.03e+00  -1.00
2022 03 14  0555   59652   21300  0  1.84e+03  2.54e+01  0  5.76e+03  6.47e+02  8.00e+01  2.02e+01  3.99e+00  -1.00
2022 03 14  0600   59652   21600  0  1.41e+03  2.65e+01  0  5.93e+03  7.03e+02  9.19e+01  2.22e+01  4.04e+00  -1.00
2022 03 14  0605   59652   21900  0  1.53e+03  2.68e+01  0  6.11e+03  7.94e+02  1.05e+02  2.63e+01  5.21e+00  -1.00
2022 03 14  0610   59652   22200  0  1.59e+03  2.49e+01  0  5.98e+03  8.21e+02  1.08e+02  2.73e+01  4.87e+00  -1.00
2022 03 14  0615   59652   22500  0  1.70e+03  2.55e+01  0  6.15e+03  7.98e+02  1.03e+02  2.54e+01  4.94e+00  -1.00
2022 03 14  0620   59652   22800  0  1.52e+03  3.03e+01  0  6.35e+03  8.01e+02  1.03e+02  2.52e+01  4.93e+00  -1.00
2022 03 14  0625   59652   23100  0  1.59e+03  3.05e+01  0  6.43e+03  8.80e+02  1.14e+02  2.86e+01  5.51e+00  -1.00
2022 03 14  0630   59652   23400  0  1.83e+03  2.64e+01  0  7.60e+03  1.15e+03  1.48e+02  3.67e+01  7.32e+00  -1.00
2022 03 14  0635   59652   23700  0  1.50e+03  2.92e+01  0  7.85e+03  1.14e+03  1.44e+02  3.70e+01  7.37e+00  -1.00
2022 03 14  0640   59652   24000  0  1.50e+03  2.64e+01  0  7.22e+03  9.80e+02  1.22e+02  3.12e+01  6.41e+00  -1.00
2022 03 14  0645   59652   24300  0  1.74e+03  2.80e+01  0  7.17e+03  9.54e+02  1.24e+02  2.99e+01  5.77e+00  -1.00
2022 03 14  0650   59652   24600  0  1.50e+03  2.87e+01  0  5.83e+03  6.58e+02  8.57e+01  2.01e+01  3.77e+00  -1.00
2022 03 14  0655   59652   24900  0  1.51e+03  2.45e+01  0  5.78e+03  6.52e+02  8.56e+01  2.20e+01  4.03e+00  -1.00
2022 03 14  0700   59652   25200  0  1.50e+03  2.69e+01  0  5.03e+03  5.03e+02  6.62e+01  1.65e+01  3.08e+00  -1.00
2022 03 14  0705   59652   25500  0  1.75e+03  2.78e+01  0  5.08e+03  4.00e+02  4.95e+01  1.19e+01  2.61e+00  -1.00
2022 03 14  0710   59652   25800  0  1.42e+03  2.56e+01  0  5.22e+03  4.80e+02  6.12e+01  1.53e+01  3.02e+00  -1.00
2022 03 14  0715   59652   26100  0  1.55e+03  2.43e+01  0  5.45e+03  5.65e+02  7.21e+01  1.82e+01  3.35e+00  -1.00
2022 03 14  0720   59652   26400  0  1.72e+03  2.56e+01  0  5.49e+03  5.49e+02  7.16e+01  1.73e+01  3.44e+00  -1.00
2022 03 14  0725   59652   26700  0  1.48e+03  2.62e+01  0  4.86e+03  4.10e+02  5.54e+01  1.35e+01  2.61e+00  -1.00
2022 03 14  0730   59652   27000  0  1.41e+03  2.76e+01  0  4.90e+03  3.97e+02  5.10e+01  1.35e+01  2.85e+00  -1.00
2022 03 14  0735   59652   27300  0  1.58e+03  2.60e+01  0  4.84e+03  4.03e+02  5.39e+01  1.29e+01  2.75e+00  -1.00
2022 03 14  0740   59652   27600  0  1.73e+03  2.99e+01  0  4.90e+03  3.98e+02  5.23e+01  1.34e+01  2.83e+00  -1.00
2022 03 14  0745   59652   27900  0  1.64e+03  3.04e+01  0  4.91e+03  3.96e+02  5.26e+01  1.34e+01  2.72e+00  -1.00
2022 03 14  0750   59652   28200  0  1.57e+03  2.89e+01  0  4.77e+03  4.23e+02  5.47e+01  1.41e+01  2.90e+00  -1.00
2022 03 14  0755   59652   28500  0  1.80e+03  2.78e+01  0  5.11e+03  4.32e+02  5.60e+01  1.46e+01  2.78e+00  -1.00
2022 03 14  0800   59652   28800  0  1.54e+03  2.59e+01  0  4.78e+03  3.90e+02  5.16e+01  1.25e+01  2.48e+00  -1.00
2022 03 14  0805   59652   29100  0  1.53e+03  2.94e+01  0  5.00e+03  4.45e+02  5.63e+01  1.28e+01  2.94e+00  -1.00
2022 03 14  0810   59652   29400  0  1.73e+03  2.72e+01  0  5.08e+03  4.80e+02  6.17e+01  1.51e+01  3.02e+00  -1.00
2022 03 14  0815   59652   29700  0  1.50e+03  3.07e+01  0  5.47e+03  5.52e+02  7.21e+01  1.80e+01  3.68e+00  -1.00
2022 03 14  0820   59652   30000  0  1.59e+03  2.97e+01  0  5.64e+03  5.98e+02  7.29e+01  1.89e+01  3.85e+00  -1.00
2022 03 14  0825   59652   30300  0  1.49e+03  3.08e+01  0  5.64e+03  6.37e+02  8.11e+01  1.96e+01  4.42e+00  -1.00
2022 03 14  0830   59652   30600  0  1.74e+03  2.71e+01  0  5.95e+03  6.52e+02  8.53e+01  2.04e+01  4.15e+00  -1.00
2022 03 14  0835   59652   30900  0  1.52e+03  2.34e+01  0  6.29e+03  6.59e+02  7.38e+01  1.92e+01  4.06e+00  -1.00
2022 03 14  0840   59652   31200  0  1.46e+03  2.58e+01  0  5.99e+03  6.62e+02  8.05e+01  1.99e+01  3.75e+00  -1.00
2022 03 14  0845   59652   31500  0  1.62e+03  2.67e+01  0  6.17e+03  6.46e+02  7.93e+01  1.87e+01  3.96e+00  -1.00
2022 03 14  0850   59652   31800  0  1.49e+03  2.88e+01  0  6.14e+03  6.54e+02  7.71e+01  1.79e+01  3.66e+00  -1.00
2022 03 14  0855   59652   32100  0  1.41e+03  2.96e+01  0  6.02e+03  6.37e+02  7.88e+01  1.92e+01  3.96e+00  -1.00
