:Data_list: 20220827_ace_swepam_1m.txt
:Created: 2022 Aug 27 0901 UT
# Prepared by the U.S. Dept. of Commerce, NOAA, Space Weather Prediction Center
# Please send comments and suggestions to SWPC.Webmaster@noaa.gov 
# 
# Units: Proton density p/cc
# Units: Bulk speed km/s
# Units: Ion tempeture degrees K
# Status(S): 0 = nominal data, 1 to 8 = bad data record, 9 = no data
# Missing data values: Density and Speed = -9999.9, Temp. = -1.00e+05
# Source: ACE Satellite - Solar Wind Electron Proton Alpha Monitor
#
#   1-minute averaged Real-time Bulk Parameters of the Solar Wind Plasma
# 
#                Modified Seconds   -------------  Solar Wind  -----------
# UT Date   Time  Julian  of the          Proton      Bulk         Ion
# YR MO DA  HHMM    Day     Day     S    Density     Speed     Temperature
#-------------------------------------------------------------------------
2022 08 27  0000   59818       0    9    -9999.9    -9999.9    -1.00e+05
2022 08 27  0001   59818      60    9    -9999.9    -9999.9    -1.00e+05
2022 08 27  0002   59818     120    9    -9999.9    -9999.9    -1.00e+05
2022 08 27  0003   59818     180    9    -9999.9    -9999.9    -1.00e+05
2022 08 27  0004   59818     240    9    -9999.9    -9999.9    -1.00e+05
2022 08 27  0005   59818     300    9    -9999.9    -9999.9    -1.00e+05
2022 08 27  0006   59818     360    9    -9999.9    -9999.9    -1.00e+05
2022 08 27  0007   59818     420    9    -9999.9    -9999.9    -1.00e+05
2022 08 27  0008   59818     480    9    -9999.9    -9999.9    -1.00e+05
2022 08 27  0009   59818     540    9    -9999.9    -9999.9    -1.00e+05
2022 08 27  0010   59818     600    9    -9999.9    -9999.9    -1.00e+05
2022 08 27  0011   59818     660    9    -9999.9    -9999.9    -1.00e+05
2022 08 27  0012   59818     720    0        4.2    -9999.9    -1.00e+05
2022 08 27  0013   59818     780    0        4.2      309.8     1.73e+04
2022 08 27  0014   59818     840    0        4.2    -9999.9    -1.00e+05
2022 08 27  0015   59818     900    0        4.7      315.9     2.27e+04
2022 08 27  0016   59818     960    0        4.4      321.5     2.43e+04
2022 08 27  0017   59818    1020    0        4.0      324.0     2.71e+04
2022 08 27  0018   59818    1080    0        5.0      326.6     2.74e+04
2022 08 27  0019   59818    1140    0        4.2      323.3     2.69e+04
2022 08 27  0020   59818    1200    0        4.0      320.3     2.24e+04
2022 08 27  0021   59818    1260    0        4.3      324.4     2.25e+04
2022 08 27  0022   59818    1320    0        4.1      326.6     2.64e+04
2022 08 27  0023   59818    1380    0        4.7      324.4     2.63e+04
2022 08 27  0024   59818    1440    0        5.9      326.4     2.41e+04
2022 08 27  0025   59818    1500    0        5.9      329.3     2.34e+04
2022 08 27  0026   59818    1560    0        5.5      332.5     2.69e+04
2022 08 27  0027   59818    1620    0        4.4      336.0     2.77e+04
2022 08 27  0028   59818    1680    0        5.1      329.3     3.11e+04
2022 08 27  0029   59818    1740    0        5.1      328.7     2.68e+04
2022 08 27  0030   59818    1800    0        5.9      330.8     2.79e+04
2022 08 27  0031   59818    1860    0        7.6      332.0     2.28e+04
2022 08 27  0032   59818    1920    0        6.8      326.6     2.30e+04
2022 08 27  0033   59818    1980    0        5.4      326.9     2.56e+04
2022 08 27  0034   59818    2040    0        5.6      337.9     2.04e+04
2022 08 27  0035   59818    2100    0        5.9      340.1     2.06e+04
2022 08 27  0036   59818    2160    1        6.2      342.2     5.84e+04
2022 08 27  0037   59818    2220    1        6.4      344.9     8.61e+04
2022 08 27  0038   59818    2280    0        7.3      338.5     1.53e+04
2022 08 27  0039   59818    2340    0        7.0      337.2     1.73e+04
2022 08 27  0040   59818    2400    0        6.4      336.5     1.96e+04
2022 08 27  0041   59818    2460    0        6.1      338.8     1.83e+04
2022 08 27  0042   59818    2520    0        5.7      335.5     2.07e+04
2022 08 27  0043   59818    2580    0        6.2      339.6     1.57e+04
2022 08 27  0044   59818    2640    0        5.0      334.3     2.04e+04
2022 08 27  0045   59818    2700    0        5.1      333.7     1.92e+04
2022 08 27  0046   59818    2760    0        5.3      331.9     2.10e+04
2022 08 27  0047   59818    2820    0        5.3      331.9     2.10e+04
2022 08 27  0048   59818    2880    0        5.1      332.1     2.14e+04
2022 08 27  0049   59818    2940    0        4.8      330.5     2.04e+04
2022 08 27  0050   59818    3000    0        5.4      330.8     2.18e+04
2022 08 27  0051   59818    3060    0        5.2      334.3     2.19e+04
2022 08 27  0052   59818    3120    0        5.1      335.7     2.03e+04
2022 08 27  0053   59818    3180    0        5.3      334.0     1.92e+04
2022 08 27  0054   59818    3240    0        5.6      333.1     1.93e+04
2022 08 27  0055   59818    3300    0        6.0      333.0     1.95e+04
2022 08 27  0056   59818    3360    0        6.2      332.2     1.89e+04
2022 08 27  0057   59818    3420    0        5.6      332.7     1.75e+04
2022 08 27  0058   59818    3480    0        6.7      330.8     1.87e+04
2022 08 27  0059   59818    3540    0        6.0      332.2     1.87e+04
2022 08 27  0100   59818    3600    0        6.4      330.6     1.82e+04
2022 08 27  0101   59818    3660    0        6.7      332.8     1.84e+04
2022 08 27  0102   59818    3720    0        6.9      330.4     1.74e+04
2022 08 27  0103   59818    3780    0        6.8      328.8     2.10e+04
2022 08 27  0104   59818    3840    0        6.1      325.9     1.75e+04
2022 08 27  0105   59818    3900    0        6.7      329.1     1.98e+04
2022 08 27  0106   59818    3960    0        6.2      329.7     1.92e+04
2022 08 27  0107   59818    4020    0        6.2      331.2     1.93e+04
2022 08 27  0108   59818    4080    0        5.7      330.2     1.93e+04
2022 08 27  0109   59818    4140    0        5.9      329.5     2.08e+04
2022 08 27  0110   59818    4200    0        6.5      329.8     2.08e+04
2022 08 27  0111   59818    4260    0        6.7      330.1     1.90e+04
2022 08 27  0112   59818    4320    0        6.7      331.2     2.05e+04
2022 08 27  0113   59818    4380    0        6.3      328.4     2.20e+04
2022 08 27  0114   59818    4440    0        7.0      323.6     2.38e+04
2022 08 27  0115   59818    4500    0        5.8      325.8     1.95e+04
2022 08 27  0116   59818    4560    0        5.6      327.0     2.20e+04
2022 08 27  0117   59818    4620    0        5.5      329.4     1.95e+04
2022 08 27  0118   59818    4680    0        6.7      328.7     2.08e+04
2022 08 27  0119   59818    4740    0        6.8      327.8     1.87e+04
2022 08 27  0120   59818    4800    0        6.8      327.7     1.85e+04
2022 08 27  0121   59818    4860    0        5.7      329.3     1.82e+04
2022 08 27  0122   59818    4920    0        6.3      325.7     1.77e+04
2022 08 27  0123   59818    4980    0        5.3      325.3     2.38e+04
2022 08 27  0124   59818    5040    0        4.7      328.8     2.39e+04
2022 08 27  0125   59818    5100    0        5.5      330.3     2.09e+04
2022 08 27  0126   59818    5160    0        6.2      328.0     1.97e+04
2022 08 27  0127   59818    5220    0        6.4      326.7     2.03e+04
2022 08 27  0128   59818    5280    0        6.3      327.3     2.22e+04
2022 08 27  0129   59818    5340    0        5.8      326.4     2.01e+04
2022 08 27  0130   59818    5400    0        5.6      326.9     2.24e+04
2022 08 27  0131   59818    5460    0        6.1      326.7     1.94e+04
2022 08 27  0132   59818    5520    0        6.0      326.4     2.21e+04
2022 08 27  0133   59818    5580    0        6.3      328.7     1.87e+04
2022 08 27  0134   59818    5640    0        3.6      319.6     2.60e+04
2022 08 27  0135   59818    5700    0        4.8      321.6     2.20e+04
2022 08 27  0136   59818    5760    0        5.1      321.9     2.26e+04
2022 08 27  0137   59818    5820    0        5.0      322.0     2.06e+04
2022 08 27  0138   59818    5880    0        5.3      324.1     2.21e+04
2022 08 27  0139   59818    5940    0        4.4      324.4     2.35e+04
2022 08 27  0140   59818    6000    0        4.7      324.3     2.32e+04
2022 08 27  0141   59818    6060    0        5.6      324.2     2.02e+04
2022 08 27  0142   59818    6120    0        5.8      325.2     2.03e+04
2022 08 27  0143   59818    6180    0        5.7      326.4     2.19e+04
2022 08 27  0144   59818    6240    0        5.4      325.9     1.95e+04
2022 08 27  0145   59818    6300    0        5.2      327.6     2.15e+04
2022 08 27  0146   59818    6360    0        4.9      331.6     2.04e+04
2022 08 27  0147   59818    6420    0        6.4      335.1     1.79e+04
2022 08 27  0148   59818    6480    0        7.3      336.2     1.68e+04
2022 08 27  0149   59818    6540    0        8.8      338.5     1.41e+04
2022 08 27  0150   59818    6600    0        6.6      335.9     1.80e+04
2022 08 27  0151   59818    6660    0        6.2      333.3     2.12e+04
2022 08 27  0152   59818    6720    0        5.2      327.2     2.19e+04
2022 08 27  0153   59818    6780    0        5.0      326.1     2.20e+04
2022 08 27  0154   59818    6840    0        5.2      318.6     1.56e+04
2022 08 27  0155   59818    6900    0        5.2      317.0     1.73e+04
2022 08 27  0156   59818    6960    0        6.4      319.7     2.28e+04
2022 08 27  0157   59818    7020    0        6.2      316.5     2.63e+04
2022 08 27  0158   59818    7080    0        5.3      308.9     1.40e+04
2022 08 27  0159   59818    7140    0        6.2      309.4     1.82e+04
2022 08 27  0200   59818    7200    0        7.3      313.6     2.29e+04
2022 08 27  0201   59818    7260    0        6.6      313.3     1.63e+04
2022 08 27  0202   59818    7320    0        6.8      314.2     1.40e+04
2022 08 27  0203   59818    7380    0        7.0      313.0     1.44e+04
2022 08 27  0204   59818    7440    0        6.6      310.7     1.23e+04
2022 08 27  0205   59818    7500    0        5.9      309.8     1.56e+04
2022 08 27  0206   59818    7560    0        6.2      307.8     1.16e+04
2022 08 27  0207   59818    7620    0        5.9      305.9     1.70e+04
2022 08 27  0208   59818    7680    0        6.1      304.8     1.54e+04
2022 08 27  0209   59818    7740    0        5.8      303.5     1.62e+04
2022 08 27  0210   59818    7800    0        5.3      304.7     1.52e+04
2022 08 27  0211   59818    7860    0        5.2      302.5     1.66e+04
2022 08 27  0212   59818    7920    0        5.2      301.6     1.45e+04
2022 08 27  0213   59818    7980    0        5.2      300.2     1.13e+04
2022 08 27  0214   59818    8040    0        5.6      298.5     1.12e+04
2022 08 27  0215   59818    8100    0        5.9      298.6     1.25e+04
2022 08 27  0216   59818    8160    0        6.0      298.9     1.29e+04
2022 08 27  0217   59818    8220    0        6.8      300.2     1.21e+04
2022 08 27  0218   59818    8280    0        6.8      300.8     1.29e+04
2022 08 27  0219   59818    8340    0        6.5      303.6     1.18e+04
2022 08 27  0220   59818    8400    0        5.5      302.5     1.45e+04
2022 08 27  0221   59818    8460    0        7.1      304.5     1.45e+04
2022 08 27  0222   59818    8520    0        6.6      305.7     1.33e+04
2022 08 27  0223   59818    8580    3    -9999.9    -9999.9    -1.00e+05
2022 08 27  0224   59818    8640    3    -9999.9    -9999.9    -1.00e+05
2022 08 27  0225   59818    8700    1        9.1      333.6     3.51e+05
2022 08 27  0226   59818    8760    1        9.1      333.6     3.51e+05
2022 08 27  0227   59818    8820    0        6.2      316.1     1.46e+04
2022 08 27  0228   59818    8880    0        5.3      316.2     1.56e+04
2022 08 27  0229   59818    8940    0        5.7      315.7     1.65e+04
2022 08 27  0230   59818    9000    0        7.8      332.8     3.69e+05
2022 08 27  0231   59818    9060    1        9.2      355.8     8.29e+05
2022 08 27  0232   59818    9120    9    -9999.9    -9999.9    -1.00e+05
2022 08 27  0233   59818    9180    9    -9999.9    -9999.9    -1.00e+05
2022 08 27  0234   59818    9240    9    -9999.9    -9999.9    -1.00e+05
2022 08 27  0235   59818    9300    0    -9999.9      309.4     2.61e+04
2022 08 27  0236   59818    9360    0    -9999.9      309.4     2.61e+04
2022 08 27  0237   59818    9420    9    -9999.9    -9999.9    -1.00e+05
2022 08 27  0238   59818    9480    9    -9999.9    -9999.9    -1.00e+05
2022 08 27  0239   59818    9540    9    -9999.9    -9999.9    -1.00e+05
2022 08 27  0240   59818    9600    3    -9999.9    -9999.9    -1.00e+05
2022 08 27  0241   59818    9660    3    -9999.9    -9999.9    -1.00e+05
2022 08 27  0242   59818    9720    6    -9999.9    -9999.9    -1.00e+05
2022 08 27  0243   59818    9780    6    -9999.9    -9999.9    -1.00e+05
2022 08 27  0244   59818    9840    9    -9999.9    -9999.9    -1.00e+05
2022 08 27  0245   59818    9900    9    -9999.9    -9999.9    -1.00e+05
2022 08 27  0246   59818    9960    9    -9999.9    -9999.9    -1.00e+05
2022 08 27  0247   59818   10020    1    -9999.9      295.9     3.48e+04
2022 08 27  0248   59818   10080    9    -9999.9    -9999.9    -1.00e+05
2022 08 27  0249   59818   10140    9    -9999.9    -9999.9    -1.00e+05
2022 08 27  0250   59818   10200    9    -9999.9    -9999.9    -1.00e+05
2022 08 27  0251   59818   10260    9    -9999.9    -9999.9    -1.00e+05
2022 08 27  0252   59818   10320    9    -9999.9    -9999.9    -1.00e+05
2022 08 27  0253   59818   10380    9    -9999.9    -9999.9    -1.00e+05
2022 08 27  0254   59818   10440    9    -9999.9    -9999.9    -1.00e+05
2022 08 27  0255   59818   10500    9    -9999.9    -9999.9    -1.00e+05
2022 08 27  0256   59818   10560    9    -9999.9    -9999.9    -1.00e+05
2022 08 27  0257   59818   10620    9    -9999.9    -9999.9    -1.00e+05
2022 08 27  0258   59818   10680    9    -9999.9    -9999.9    -1.00e+05
2022 08 27  0259   59818   10740    9    -9999.9    -9999.9    -1.00e+05
2022 08 27  0300   59818   10800    9    -9999.9    -9999.9    -1.00e+05
2022 08 27  0301   59818   10860    9    -9999.9    -9999.9    -1.00e+05
2022 08 27  0302   59818   10920    9    -9999.9    -9999.9    -1.00e+05
2022 08 27  0303   59818   10980    9    -9999.9    -9999.9    -1.00e+05
2022 08 27  0304   59818   11040    9    -9999.9    -9999.9    -1.00e+05
2022 08 27  0305   59818   11100    9    -9999.9    -9999.9    -1.00e+05
2022 08 27  0306   59818   11160    9    -9999.9    -9999.9    -1.00e+05
2022 08 27  0307   59818   11220    9    -9999.9    -9999.9    -1.00e+05
2022 08 27  0308   59818   11280    9    -9999.9    -9999.9    -1.00e+05
2022 08 27  0309   59818   11340    9    -9999.9    -9999.9    -1.00e+05
2022 08 27  0310   59818   11400    9    -9999.9    -9999.9    -1.00e+05
2022 08 27  0311   59818   11460    9    -9999.9    -9999.9    -1.00e+05
2022 08 27  0312   59818   11520    9    -9999.9    -9999.9    -1.00e+05
2022 08 27  0313   59818   11580    9    -9999.9    -9999.9    -1.00e+05
2022 08 27  0314   59818   11640    9    -9999.9    -9999.9    -1.00e+05
2022 08 27  0315   59818   11700    9    -9999.9    -9999.9    -1.00e+05
2022 08 27  0316   59818   11760    9    -9999.9    -9999.9    -1.00e+05
2022 08 27  0317   59818   11820    9    -9999.9    -9999.9    -1.00e+05
2022 08 27  0318   59818   11880    9    -9999.9    -9999.9    -1.00e+05
2022 08 27  0319   59818   11940    9    -9999.9    -9999.9    -1.00e+05
2022 08 27  0320   59818   12000    9    -9999.9    -9999.9    -1.00e+05
2022 08 27  0321   59818   12060    9    -9999.9    -9999.9    -1.00e+05
2022 08 27  0322   59818   12120    9    -9999.9    -9999.9    -1.00e+05
2022 08 27  0323   59818   12180    9    -9999.9    -9999.9    -1.00e+05
2022 08 27  0324   59818   12240    9    -9999.9    -9999.9    -1.00e+05
2022 08 27  0325   59818   12300    9    -9999.9    -9999.9    -1.00e+05
2022 08 27  0326   59818   12360    9    -9999.9    -9999.9    -1.00e+05
2022 08 27  0327   59818   12420    9    -9999.9    -9999.9    -1.00e+05
2022 08 27  0328   59818   12480    9    -9999.9    -9999.9    -1.00e+05
2022 08 27  0329   59818   12540    9    -9999.9    -9999.9    -1.00e+05
2022 08 27  0330   59818   12600    9    -9999.9    -9999.9    -1.00e+05
2022 08 27  0331   59818   12660    9    -9999.9    -9999.9    -1.00e+05
2022 08 27  0332   59818   12720    9    -9999.9    -9999.9    -1.00e+05
2022 08 27  0333   59818   12780    9    -9999.9    -9999.9    -1.00e+05
2022 08 27  0334   59818   12840    9    -9999.9    -9999.9    -1.00e+05
2022 08 27  0335   59818   12900    9    -9999.9    -9999.9    -1.00e+05
2022 08 27  0336   59818   12960    9    -9999.9    -9999.9    -1.00e+05
2022 08 27  0337   59818   13020    9    -9999.9    -9999.9    -1.00e+05
2022 08 27  0338   59818   13080    9    -9999.9    -9999.9    -1.00e+05
2022 08 27  0339   59818   13140    9    -9999.9    -9999.9    -1.00e+05
2022 08 27  0340   59818   13200    9    -9999.9    -9999.9    -1.00e+05
2022 08 27  0341   59818   13260    9    -9999.9    -9999.9    -1.00e+05
2022 08 27  0342   59818   13320    9    -9999.9    -9999.9    -1.00e+05
2022 08 27  0343   59818   13380    9    -9999.9    -9999.9    -1.00e+05
2022 08 27  0344   59818   13440    9    -9999.9    -9999.9    -1.00e+05
2022 08 27  0345   59818   13500    9    -9999.9    -9999.9    -1.00e+05
2022 08 27  0346   59818   13560    9    -9999.9    -9999.9    -1.00e+05
2022 08 27  0347   59818   13620    9    -9999.9    -9999.9    -1.00e+05
2022 08 27  0348   59818   13680    9    -9999.9    -9999.9    -1.00e+05
2022 08 27  0349   59818   13740    9    -9999.9    -9999.9    -1.00e+05
2022 08 27  0350   59818   13800    9    -9999.9    -9999.9    -1.00e+05
2022 08 27  0351   59818   13860    9    -9999.9    -9999.9    -1.00e+05
2022 08 27  0352   59818   13920    9    -9999.9    -9999.9    -1.00e+05
2022 08 27  0353   59818   13980    9    -9999.9    -9999.9    -1.00e+05
2022 08 27  0354   59818   14040    9    -9999.9    -9999.9    -1.00e+05
2022 08 27  0355   59818   14100    9    -9999.9    -9999.9    -1.00e+05
2022 08 27  0356   59818   14160    9    -9999.9    -9999.9    -1.00e+05
2022 08 27  0357   59818   14220    9    -9999.9    -9999.9    -1.00e+05
2022 08 27  0358   59818   14280    9    -9999.9    -9999.9    -1.00e+05
2022 08 27  0359   59818   14340    9    -9999.9    -9999.9    -1.00e+05
2022 08 27  0400   59818   14400    9    -9999.9    -9999.9    -1.00e+05
2022 08 27  0401   59818   14460    9    -9999.9    -9999.9    -1.00e+05
2022 08 27  0402   59818   14520    9    -9999.9    -9999.9    -1.00e+05
2022 08 27  0403   59818   14580    9    -9999.9    -9999.9    -1.00e+05
2022 08 27  0404   59818   14640    9    -9999.9    -9999.9    -1.00e+05
2022 08 27  0405   59818   14700    9    -9999.9    -9999.9    -1.00e+05
2022 08 27  0406   59818   14760    9    -9999.9    -9999.9    -1.00e+05
2022 08 27  0407   59818   14820    9    -9999.9    -9999.9    -1.00e+05
2022 08 27  0408   59818   14880    9    -9999.9    -9999.9    -1.00e+05
2022 08 27  0409   59818   14940    9    -9999.9    -9999.9    -1.00e+05
2022 08 27  0410   59818   15000    9    -9999.9    -9999.9    -1.00e+05
2022 08 27  0411   59818   15060    9    -9999.9    -9999.9    -1.00e+05
2022 08 27  0412   59818   15120    9    -9999.9    -9999.9    -1.00e+05
2022 08 27  0413   59818   15180    9    -9999.9    -9999.9    -1.00e+05
2022 08 27  0414   59818   15240    9    -9999.9    -9999.9    -1.00e+05
2022 08 27  0415   59818   15300    9    -9999.9    -9999.9    -1.00e+05
2022 08 27  0416   59818   15360    9    -9999.9    -9999.9    -1.00e+05
2022 08 27  0417   59818   15420    9    -9999.9    -9999.9    -1.00e+05
2022 08 27  0418   59818   15480    9    -9999.9    -9999.9    -1.00e+05
2022 08 27  0419   59818   15540    9    -9999.9    -9999.9    -1.00e+05
2022 08 27  0420   59818   15600    9    -9999.9    -9999.9    -1.00e+05
2022 08 27  0421   59818   15660    9    -9999.9    -9999.9    -1.00e+05
2022 08 27  0422   59818   15720    9    -9999.9    -9999.9    -1.00e+05
2022 08 27  0423   59818   15780    9    -9999.9    -9999.9    -1.00e+05
2022 08 27  0424   59818   15840    9    -9999.9    -9999.9    -1.00e+05
2022 08 27  0425   59818   15900    9    -9999.9    -9999.9    -1.00e+05
2022 08 27  0426   59818   15960    9    -9999.9    -9999.9    -1.00e+05
2022 08 27  0427   59818   16020    9    -9999.9    -9999.9    -1.00e+05
2022 08 27  0428   59818   16080    9    -9999.9    -9999.9    -1.00e+05
2022 08 27  0429   59818   16140    9    -9999.9    -9999.9    -1.00e+05
2022 08 27  0430   59818   16200    9    -9999.9    -9999.9    -1.00e+05
2022 08 27  0431   59818   16260    9    -9999.9    -9999.9    -1.00e+05
2022 08 27  0432   59818   16320    9    -9999.9    -9999.9    -1.00e+05
2022 08 27  0433   59818   16380    9    -9999.9    -9999.9    -1.00e+05
2022 08 27  0434   59818   16440    9    -9999.9    -9999.9    -1.00e+05
2022 08 27  0435   59818   16500    9    -9999.9    -9999.9    -1.00e+05
2022 08 27  0436   59818   16560    9    -9999.9    -9999.9    -1.00e+05
2022 08 27  0437   59818   16620    9    -9999.9    -9999.9    -1.00e+05
2022 08 27  0438   59818   16680    9    -9999.9    -9999.9    -1.00e+05
2022 08 27  0439   59818   16740    9    -9999.9    -9999.9    -1.00e+05
2022 08 27  0440   59818   16800    9    -9999.9    -9999.9    -1.00e+05
2022 08 27  0441   59818   16860    9    -9999.9    -9999.9    -1.00e+05
2022 08 27  0442   59818   16920    9    -9999.9    -9999.9    -1.00e+05
2022 08 27  0443   59818   16980    9    -9999.9    -9999.9    -1.00e+05
2022 08 27  0444   59818   17040    9    -9999.9    -9999.9    -1.00e+05
2022 08 27  0445   59818   17100    9    -9999.9    -9999.9    -1.00e+05
2022 08 27  0446   59818   17160    9    -9999.9    -9999.9    -1.00e+05
2022 08 27  0447   59818   17220    9    -9999.9    -9999.9    -1.00e+05
2022 08 27  0448   59818   17280    9    -9999.9    -9999.9    -1.00e+05
2022 08 27  0449   59818   17340    9    -9999.9    -9999.9    -1.00e+05
2022 08 27  0450   59818   17400    9    -9999.9    -9999.9    -1.00e+05
2022 08 27  0451   59818   17460    9    -9999.9    -9999.9    -1.00e+05
2022 08 27  0452   59818   17520    9    -9999.9    -9999.9    -1.00e+05
2022 08 27  0453   59818   17580    9    -9999.9    -9999.9    -1.00e+05
2022 08 27  0454   59818   17640    9    -9999.9    -9999.9    -1.00e+05
2022 08 27  0455   59818   17700    9    -9999.9    -9999.9    -1.00e+05
2022 08 27  0456   59818   17760    9    -9999.9    -9999.9    -1.00e+05
2022 08 27  0457   59818   17820    9    -9999.9    -9999.9    -1.00e+05
2022 08 27  0458   59818   17880    9    -9999.9    -9999.9    -1.00e+05
2022 08 27  0459   59818   17940    9    -9999.9    -9999.9    -1.00e+05
2022 08 27  0500   59818   18000    9    -9999.9    -9999.9    -1.00e+05
2022 08 27  0501   59818   18060    9    -9999.9    -9999.9    -1.00e+05
2022 08 27  0502   59818   18120    9    -9999.9    -9999.9    -1.00e+05
2022 08 27  0503   59818   18180    9    -9999.9    -9999.9    -1.00e+05
2022 08 27  0504   59818   18240    9    -9999.9    -9999.9    -1.00e+05
2022 08 27  0505   59818   18300    9    -9999.9    -9999.9    -1.00e+05
2022 08 27  0506   59818   18360    9    -9999.9    -9999.9    -1.00e+05
2022 08 27  0507   59818   18420    9    -9999.9    -9999.9    -1.00e+05
2022 08 27  0508   59818   18480    9    -9999.9    -9999.9    -1.00e+05
2022 08 27  0509   59818   18540    9    -9999.9    -9999.9    -1.00e+05
2022 08 27  0510   59818   18600    9    -9999.9    -9999.9    -1.00e+05
2022 08 27  0511   59818   18660    9    -9999.9    -9999.9    -1.00e+05
2022 08 27  0512   59818   18720    9    -9999.9    -9999.9    -1.00e+05
2022 08 27  0513   59818   18780    9    -9999.9    -9999.9    -1.00e+05
2022 08 27  0514   59818   18840    9    -9999.9    -9999.9    -1.00e+05
2022 08 27  0515   59818   18900    9    -9999.9    -9999.9    -1.00e+05
2022 08 27  0516   59818   18960    9    -9999.9    -9999.9    -1.00e+05
2022 08 27  0517   59818   19020    9    -9999.9    -9999.9    -1.00e+05
2022 08 27  0518   59818   19080    9    -9999.9    -9999.9    -1.00e+05
2022 08 27  0519   59818   19140    9    -9999.9    -9999.9    -1.00e+05
2022 08 27  0520   59818   19200    9    -9999.9    -9999.9    -1.00e+05
2022 08 27  0521   59818   19260    9    -9999.9    -9999.9    -1.00e+05
2022 08 27  0522   59818   19320    9    -9999.9    -9999.9    -1.00e+05
2022 08 27  0523   59818   19380    9    -9999.9    -9999.9    -1.00e+05
2022 08 27  0524   59818   19440    9    -9999.9    -9999.9    -1.00e+05
2022 08 27  0525   59818   19500    9    -9999.9    -9999.9    -1.00e+05
2022 08 27  0526   59818   19560    9    -9999.9    -9999.9    -1.00e+05
2022 08 27  0527   59818   19620    9    -9999.9    -9999.9    -1.00e+05
2022 08 27  0528   59818   19680    9    -9999.9    -9999.9    -1.00e+05
2022 08 27  0529   59818   19740    9    -9999.9    -9999.9    -1.00e+05
2022 08 27  0530   59818   19800    9    -9999.9    -9999.9    -1.00e+05
2022 08 27  0531   59818   19860    9    -9999.9    -9999.9    -1.00e+05
2022 08 27  0532   59818   19920    9    -9999.9    -9999.9    -1.00e+05
2022 08 27  0533   59818   19980    9    -9999.9    -9999.9    -1.00e+05
2022 08 27  0534   59818   20040    9    -9999.9    -9999.9    -1.00e+05
2022 08 27  0535   59818   20100    9    -9999.9    -9999.9    -1.00e+05
2022 08 27  0536   59818   20160    9    -9999.9    -9999.9    -1.00e+05
2022 08 27  0537   59818   20220    9    -9999.9    -9999.9    -1.00e+05
2022 08 27  0538   59818   20280    9    -9999.9    -9999.9    -1.00e+05
2022 08 27  0539   59818   20340    9    -9999.9    -9999.9    -1.00e+05
2022 08 27  0540   59818   20400    0        8.6      334.3     4.73e+04
2022 08 27  0541   59818   20460    0        8.5      332.3     4.70e+04
2022 08 27  0542   59818   20520    0        9.6      329.7     4.54e+04
2022 08 27  0543   59818   20580    0       11.8      329.4     4.33e+04
2022 08 27  0544   59818   20640    0       12.7      330.2     4.27e+04
2022 08 27  0545   59818   20700    9    -9999.9    -9999.9    -1.00e+05
2022 08 27  0546   59818   20760    9    -9999.9    -9999.9    -1.00e+05
2022 08 27  0547   59818   20820    0        8.3      331.5     4.56e+04
2022 08 27  0548   59818   20880    0        8.3      331.5     4.54e+04
2022 08 27  0549   59818   20940    0       10.2      331.9     3.87e+04
2022 08 27  0550   59818   21000    0        8.0      332.4     3.85e+04
2022 08 27  0551   59818   21060    0       11.6      332.2     4.54e+04
2022 08 27  0552   59818   21120    0        9.5      332.2     4.74e+04
2022 08 27  0553   59818   21180    0        9.8      330.5     3.81e+04
2022 08 27  0554   59818   21240    0        8.9      330.8     3.51e+04
2022 08 27  0555   59818   21300    0       10.4      329.4     4.01e+04
2022 08 27  0556   59818   21360    0       10.4      328.2     4.84e+04
2022 08 27  0557   59818   21420    0       10.9      327.5     4.77e+04
2022 08 27  0558   59818   21480    0       10.2      325.7     3.64e+04
2022 08 27  0559   59818   21540    0        9.0      323.7     2.85e+04
2022 08 27  0600   59818   21600    0       11.4      322.9     2.96e+04
2022 08 27  0601   59818   21660    0       11.0      322.2     2.89e+04
2022 08 27  0602   59818   21720    0       10.2      321.3     2.81e+04
2022 08 27  0603   59818   21780    0        9.4      322.0     2.87e+04
2022 08 27  0604   59818   21840    0       10.2      319.1     2.75e+04
2022 08 27  0605   59818   21900    0       11.3      319.0     2.73e+04
2022 08 27  0606   59818   21960    0       11.1      319.7     2.63e+04
2022 08 27  0607   59818   22020    0       11.2      320.3     2.70e+04
2022 08 27  0608   59818   22080    0       11.5      318.2     2.28e+04
2022 08 27  0609   59818   22140    0       11.5      317.7     2.35e+04
2022 08 27  0610   59818   22200    0       11.2      319.3     2.38e+04
2022 08 27  0611   59818   22260    0       11.1      320.7     2.73e+04
2022 08 27  0612   59818   22320    0       11.4      321.1     2.70e+04
2022 08 27  0613   59818   22380    0       11.3      320.4     2.48e+04
2022 08 27  0614   59818   22440    0       10.5      319.5     2.54e+04
2022 08 27  0615   59818   22500    0        9.5      319.6     2.56e+04
2022 08 27  0616   59818   22560    0        8.7      320.4     2.26e+04
2022 08 27  0617   59818   22620    0        8.1      321.0     1.97e+04
2022 08 27  0618   59818   22680    0        7.8      323.6     2.28e+04
2022 08 27  0619   59818   22740    0        7.9      323.4     2.25e+04
2022 08 27  0620   59818   22800    0        8.5      321.3     1.99e+04
2022 08 27  0621   59818   22860    0        8.9      320.1     2.35e+04
2022 08 27  0622   59818   22920    0        9.7      321.1     2.52e+04
2022 08 27  0623   59818   22980    0       10.5      320.3     2.77e+04
2022 08 27  0624   59818   23040    0        9.3      320.4     2.49e+04
2022 08 27  0625   59818   23100    0        9.9      320.8     2.63e+04
2022 08 27  0626   59818   23160    0        9.9      322.1     2.75e+04
2022 08 27  0627   59818   23220    0       10.5      321.1     2.83e+04
2022 08 27  0628   59818   23280    0       10.6      320.4     2.65e+04
2022 08 27  0629   59818   23340    0        9.6      320.9     2.58e+04
2022 08 27  0630   59818   23400    0        9.2      321.6     2.62e+04
2022 08 27  0631   59818   23460    0        9.8      322.5     2.59e+04
2022 08 27  0632   59818   23520    0        9.9      322.7     2.45e+04
2022 08 27  0633   59818   23580    0        9.3      322.5     2.01e+04
2022 08 27  0634   59818   23640    0        9.8      325.2     2.28e+04
2022 08 27  0635   59818   23700    0        9.8      324.6     2.32e+04
2022 08 27  0636   59818   23760    0        9.8      327.1     2.44e+04
2022 08 27  0637   59818   23820    0       10.0      326.6     2.48e+04
2022 08 27  0638   59818   23880    0       10.0      326.1     2.83e+04
2022 08 27  0639   59818   23940    0        9.6      325.0     2.44e+04
2022 08 27  0640   59818   24000    0       10.2      326.1     2.90e+04
2022 08 27  0641   59818   24060    0       10.7      327.3     3.03e+04
2022 08 27  0642   59818   24120    0        9.4      325.8     3.40e+04
2022 08 27  0643   59818   24180    0        9.6      325.5     3.39e+04
2022 08 27  0644   59818   24240    0       10.0      324.7     3.06e+04
2022 08 27  0645   59818   24300    0       10.2      322.2     2.81e+04
2022 08 27  0646   59818   24360    0        9.1      321.1     2.85e+04
2022 08 27  0647   59818   24420    0        7.6      322.7     3.26e+04
2022 08 27  0648   59818   24480    0        8.3      322.9     3.39e+04
2022 08 27  0649   59818   24540    0        8.6      319.8     2.61e+04
2022 08 27  0650   59818   24600    0        9.8      318.7     2.46e+04
2022 08 27  0651   59818   24660    0        7.9      322.6     1.98e+04
2022 08 27  0652   59818   24720    0        7.9      322.6     2.00e+04
2022 08 27  0653   59818   24780    0        8.0      320.1     2.54e+04
2022 08 27  0654   59818   24840    0        8.8      318.8     2.51e+04
2022 08 27  0655   59818   24900    0       10.4      318.5     2.01e+04
2022 08 27  0656   59818   24960    0       10.5      317.1     2.11e+04
2022 08 27  0657   59818   25020    0        8.6      318.0     2.14e+04
2022 08 27  0658   59818   25080    0        9.3      316.8     2.16e+04
2022 08 27  0659   59818   25140    0       10.5      316.9     2.36e+04
2022 08 27  0700   59818   25200    0        9.6      317.1     2.31e+04
2022 08 27  0701   59818   25260    0        8.4      316.6     2.03e+04
2022 08 27  0702   59818   25320    0        8.8      316.6     1.98e+04
2022 08 27  0703   59818   25380    0        9.5      317.0     2.02e+04
2022 08 27  0704   59818   25440    0        9.5      316.8     1.91e+04
2022 08 27  0705   59818   25500    0        9.3      316.1     2.08e+04
2022 08 27  0706   59818   25560    0        7.8      316.1     2.06e+04
2022 08 27  0707   59818   25620    0        8.8      316.3     2.13e+04
2022 08 27  0708   59818   25680    0        9.2      316.7     2.10e+04
2022 08 27  0709   59818   25740    0        9.5      316.5     2.01e+04
2022 08 27  0710   59818   25800    0        8.0      317.5     2.06e+04
2022 08 27  0711   59818   25860    0        9.3      316.7     2.15e+04
2022 08 27  0712   59818   25920    0        9.4      315.1     1.94e+04
2022 08 27  0713   59818   25980    0        9.8      315.4     1.89e+04
2022 08 27  0714   59818   26040    0        8.7      316.1     1.97e+04
2022 08 27  0715   59818   26100    0        9.2      315.2     1.98e+04
2022 08 27  0716   59818   26160    0        9.1      312.0     1.99e+04
2022 08 27  0717   59818   26220    0        8.6      308.7     1.91e+04
2022 08 27  0718   59818   26280    0        8.1      308.0     1.89e+04
2022 08 27  0719   59818   26340    0        7.7      308.4     1.96e+04
2022 08 27  0720   59818   26400    0        8.4      307.7     1.95e+04
2022 08 27  0721   59818   26460    0        8.6      308.0     2.04e+04
2022 08 27  0722   59818   26520    0        8.4      308.1     2.03e+04
2022 08 27  0723   59818   26580    0        7.8      307.0     2.03e+04
2022 08 27  0724   59818   26640    0        9.5    -9999.9    -1.00e+05
2022 08 27  0725   59818   26700    0        9.5      311.1     1.80e+04
2022 08 27  0726   59818   26760    0        8.6      311.1     2.07e+04
2022 08 27  0727   59818   26820    0        8.5      308.1     2.08e+04
2022 08 27  0728   59818   26880    0        7.7      309.8     2.48e+04
2022 08 27  0729   59818   26940    0        7.7      311.6     2.36e+04
2022 08 27  0730   59818   27000    0        8.3      311.2     2.16e+04
2022 08 27  0731   59818   27060    0        8.5      312.2     2.43e+04
2022 08 27  0732   59818   27120    0        8.0      312.4     2.66e+04
2022 08 27  0733   59818   27180    0        7.8      311.2     2.49e+04
2022 08 27  0734   59818   27240    0        7.8      310.6     2.63e+04
2022 08 27  0735   59818   27300    0        7.6      311.2     2.81e+04
2022 08 27  0736   59818   27360    0        7.8      311.8     2.32e+04
2022 08 27  0737   59818   27420    0        8.6      312.0     2.28e+04
2022 08 27  0738   59818   27480    0        8.9      312.4     2.14e+04
2022 08 27  0739   59818   27540    0        8.7      313.4     2.41e+04
2022 08 27  0740   59818   27600    0        9.0      312.9     2.33e+04
2022 08 27  0741   59818   27660    0        9.2      312.5     2.18e+04
2022 08 27  0742   59818   27720    0        9.3      314.7     2.40e+04
2022 08 27  0743   59818   27780    0        9.5      314.4     2.24e+04
2022 08 27  0744   59818   27840    0        9.8      314.7     2.27e+04
2022 08 27  0745   59818   27900    0        9.7      314.1     2.07e+04
2022 08 27  0746   59818   27960    0        9.9      316.1     2.66e+04
2022 08 27  0747   59818   28020    0        9.1      316.3     2.93e+04
2022 08 27  0748   59818   28080    0        7.3      322.6     4.42e+04
2022 08 27  0749   59818   28140    0        6.0      326.8     5.79e+04
2022 08 27  0750   59818   28200    0        5.5      326.4     5.44e+04
2022 08 27  0751   59818   28260    0        5.0      328.0     4.71e+04
2022 08 27  0752   59818   28320    0        4.8      328.2     4.79e+04
2022 08 27  0753   59818   28380    0        4.7      324.0     4.79e+04
2022 08 27  0754   59818   28440    0        5.0      323.1     4.29e+04
2022 08 27  0755   59818   28500    0        7.5      325.8     3.80e+04
2022 08 27  0756   59818   28560    0        7.0      325.3     3.96e+04
2022 08 27  0757   59818   28620    9    -9999.9    -9999.9    -1.00e+05
2022 08 27  0758   59818   28680    0        6.6      327.3     4.03e+04
2022 08 27  0759   59818   28740    0        5.2      327.0     4.45e+04
2022 08 27  0800   59818   28800    0        4.9      324.3     4.44e+04
2022 08 27  0801   59818   28860    0        6.5      319.6     4.78e+04
2022 08 27  0802   59818   28920    0        5.8      320.5     5.29e+04
2022 08 27  0803   59818   28980    0        5.2      323.0     5.33e+04
2022 08 27  0804   59818   29040    0        4.9      325.4     5.43e+04
2022 08 27  0805   59818   29100    0        5.2      323.0     6.15e+04
2022 08 27  0806   59818   29160    0        5.6      322.1     6.44e+04
2022 08 27  0807   59818   29220    0        5.5      325.1     5.80e+04
2022 08 27  0808   59818   29280    0        5.4      325.1     5.59e+04
2022 08 27  0809   59818   29340    0        5.4      325.4     5.83e+04
2022 08 27  0810   59818   29400    0        6.9      320.2     5.16e+04
2022 08 27  0811   59818   29460    0        7.8      322.8     5.65e+04
2022 08 27  0812   59818   29520    0        7.1      320.3     5.02e+04
2022 08 27  0813   59818   29580    0        5.6      323.9     6.34e+04
2022 08 27  0814   59818   29640    0        6.7      321.3     4.88e+04
2022 08 27  0815   59818   29700    0        7.9      318.5     5.40e+04
2022 08 27  0816   59818   29760    0        7.5      317.7     4.74e+04
2022 08 27  0817   59818   29820    0        7.2      319.4     5.36e+04
2022 08 27  0818   59818   29880    0        7.8      320.1     5.54e+04
2022 08 27  0819   59818   29940    0        8.1      320.2     5.65e+04
2022 08 27  0820   59818   30000    0        7.6      317.3     4.99e+04
2022 08 27  0821   59818   30060    0        6.8      316.0     4.59e+04
2022 08 27  0822   59818   30120    0        7.0      317.4     4.56e+04
2022 08 27  0823   59818   30180    0        7.6      319.0     4.42e+04
2022 08 27  0824   59818   30240    0        7.0      319.5     4.66e+04
2022 08 27  0825   59818   30300    0        6.4      318.3     4.73e+04
2022 08 27  0826   59818   30360    0        6.1      321.4     4.66e+04
2022 08 27  0827   59818   30420    0        7.0      319.6     4.53e+04
2022 08 27  0828   59818   30480    0        7.8      320.8     4.07e+04
2022 08 27  0829   59818   30540    0        5.8      322.2     4.14e+04
2022 08 27  0830   59818   30600    0        5.8    -9999.9    -1.00e+05
2022 08 27  0831   59818   30660    0        8.8      325.4     3.88e+04
2022 08 27  0832   59818   30720    0        7.4      327.5     4.11e+04
2022 08 27  0833   59818   30780    0        7.3      329.1     4.37e+04
2022 08 27  0834   59818   30840    0        7.2      333.9     4.68e+04
2022 08 27  0835   59818   30900    0       10.2      335.5     4.11e+04
2022 08 27  0836   59818   30960    0       11.0      338.4     3.91e+04
2022 08 27  0837   59818   31020    0       12.8      341.7     3.56e+04
2022 08 27  0838   59818   31080    0       13.1      342.4     3.30e+04
2022 08 27  0839   59818   31140    0       10.6      341.4     3.49e+04
2022 08 27  0840   59818   31200    0       10.9      339.6     3.57e+04
2022 08 27  0841   59818   31260    0       10.6      340.4     4.08e+04
2022 08 27  0842   59818   31320    0       11.4      346.5     3.65e+04
2022 08 27  0843   59818   31380    0       10.6      344.2     3.45e+04
2022 08 27  0844   59818   31440    0       11.7      344.2     3.66e+04
2022 08 27  0845   59818   31500    0       12.4      346.3     3.19e+04
2022 08 27  0846   59818   31560    0       12.2      345.9     3.15e+04
2022 08 27  0847   59818   31620    0       13.2      347.6     3.30e+04
2022 08 27  0848   59818   31680    0       13.9      348.4     3.08e+04
2022 08 27  0849   59818   31740    0       14.3      348.3     3.09e+04
2022 08 27  0850   59818   31800    0       13.5      347.4     3.45e+04
2022 08 27  0851   59818   31860    0       14.0      349.0     3.18e+04
2022 08 27  0852   59818   31920    0       14.3      349.1     3.14e+04
2022 08 27  0853   59818   31980    0       14.5      348.5     3.21e+04
2022 08 27  0854   59818   32040    0       15.3      349.3     3.19e+04
2022 08 27  0855   59818   32100    0       15.3      349.2     3.33e+04
2022 08 27  0856   59818   32160    0       14.0      346.3     3.66e+04
2022 08 27  0857   59818   32220    0       13.2      343.8     3.98e+04
2022 08 27  0858   59818   32280    0       15.3      348.1     3.49e+04
2022 08 27  0859   59818   32340    9    -9999.9    -9999.9    -1.00e+05
