:Data_list: 20220802_ace_mag_1m.txt
:Created: 2022 Aug 02 0901 UT
# Prepared by the U.S. Dept. of Commerce, NOAA, Space Weather Prediction Center
# Please send comments and suggestions to SWPC.Webmaster@noaa.gov 
# 
# Magnetometer values are in GSM coordinates.
# 
# Units: Bx, By, Bz, Bt in nT
# Units: Latitude  degrees +/-  90.0
# Units: Longitude degrees 0.0 - 360.0
# Status(S): 0 = nominal data, 1 to 8 = bad data record, 9 = no data
# Missing data values: -999.9
# Source: ACE Satellite - Magnetometer
#
#              1-minute averaged Real-time Interplanetary Magnetic Field Values 
# 
#                 Modified Seconds
# UT Date   Time  Julian   of the   ----------------  GSM Coordinates ---------------
# YR MO DA  HHMM    Day      Day    S     Bx      By      Bz      Bt     Lat.   Long.
#------------------------------------------------------------------------------------
2022 08 02  0000   59793       0    0     4.0    -4.1     0.6     5.8     5.5   314.5
2022 08 02  0001   59793      60    0     0.6    -4.4     4.7     6.4    46.6   277.8
2022 08 02  0002   59793     120    0     2.4    -4.8     3.3     6.3    31.9   296.3
2022 08 02  0003   59793     180    0     3.4    -4.7     2.3     6.3    21.9   305.9
2022 08 02  0004   59793     240    0     3.1    -4.7     2.9     6.3    27.3   303.6
2022 08 02  0005   59793     300    0     4.1    -4.4     1.8     6.2    16.8   312.7
2022 08 02  0006   59793     360    0     4.9    -3.7     0.5     6.2     5.1   323.4
2022 08 02  0007   59793     420    0     4.9    -3.6    -0.1     6.1    -1.0   323.3
2022 08 02  0008   59793     480    0     3.9    -4.8     0.3     6.2     3.2   308.8
2022 08 02  0009   59793     540    0     4.9    -3.6    -0.1     6.0    -0.5   323.7
2022 08 02  0010   59793     600    0     4.4    -4.3    -0.2     6.1    -1.5   315.7
2022 08 02  0011   59793     660    0     3.2    -5.0    -1.6     6.1   -15.5   302.7
2022 08 02  0012   59793     720    0     4.3    -3.6    -2.2     6.0   -21.1   320.0
2022 08 02  0013   59793     780    0     5.0    -2.3    -2.5     6.1   -24.6   334.9
2022 08 02  0014   59793     840    0     5.0    -2.9    -1.3     6.0   -12.7   329.9
2022 08 02  0015   59793     900    0     5.5    -2.9    -0.6     6.2    -5.4   332.3
2022 08 02  0016   59793     960    0     5.3    -2.4    -2.2     6.2   -20.6   336.2
2022 08 02  0017   59793    1020    0     5.0    -2.8    -2.4     6.2   -22.5   330.6
2022 08 02  0018   59793    1080    0     2.6    -5.0     1.6     5.9    15.8   297.2
2022 08 02  0019   59793    1140    0     2.9    -5.5     0.8     6.2     7.5   297.9
2022 08 02  0020   59793    1200    0     2.5    -5.9     0.7     6.4     5.9   293.3
2022 08 02  0021   59793    1260    0     3.7    -5.1    -0.8     6.3    -7.5   305.9
2022 08 02  0022   59793    1320    0     4.0    -4.7    -1.6     6.4   -14.2   310.3
2022 08 02  0023   59793    1380    0     4.0    -3.0    -3.3     6.0   -33.7   322.5
2022 08 02  0024   59793    1440    0     3.5    -3.7    -0.6     5.2    -6.5   313.0
2022 08 02  0025   59793    1500    0     3.4    -5.1     1.7     6.4    15.2   303.4
2022 08 02  0026   59793    1560    0     2.8    -5.3     1.0     6.1     9.8   297.7
2022 08 02  0027   59793    1620    0     1.6    -3.4    -4.5     5.9   -50.3   295.4
2022 08 02  0028   59793    1680    0    -0.1    -6.8    -0.2     6.8    -1.9   269.2
2022 08 02  0029   59793    1740    0     0.8    -6.4    -1.8     6.7   -15.5   277.0
2022 08 02  0030   59793    1800    0     1.6    -5.8    -2.4     6.5   -21.7   285.4
2022 08 02  0031   59793    1860    0     3.2    -4.9    -2.1     6.2   -19.9   303.4
2022 08 02  0032   59793    1920    0     4.1    -4.1    -1.6     6.0   -14.9   314.8
2022 08 02  0033   59793    1980    0     5.1    -3.8    -1.1     6.4    -9.7   323.5
2022 08 02  0034   59793    2040    0     5.6    -3.0    -0.8     6.4    -7.0   331.7
2022 08 02  0035   59793    2100    0     5.8    -2.4    -0.8     6.3    -7.6   337.6
2022 08 02  0036   59793    2160    0     5.7    -2.8     0.4     6.4     4.0   334.3
2022 08 02  0037   59793    2220    0     5.5    -3.3     0.6     6.4     5.3   328.9
2022 08 02  0038   59793    2280    0     5.5    -3.4    -0.1     6.4    -1.2   328.5
2022 08 02  0039   59793    2340    0     5.6    -2.9    -1.1     6.4    -9.6   332.0
2022 08 02  0040   59793    2400    0     5.8    -2.2    -1.2     6.3   -10.7   338.8
2022 08 02  0041   59793    2460    0     5.9    -1.8    -1.2     6.3   -11.3   343.0
2022 08 02  0042   59793    2520    0     6.1    -1.6    -1.1     6.4    -9.5   345.6
2022 08 02  0043   59793    2580    0     6.1    -1.6    -1.0     6.3    -8.9   345.5
2022 08 02  0044   59793    2640    0     5.9    -2.2    -0.8     6.3    -7.1   339.2
2022 08 02  0045   59793    2700    0     5.8    -2.2    -1.7     6.4   -15.5   339.1
2022 08 02  0046   59793    2760    0     5.4    -1.9    -2.6     6.3   -24.1   340.6
2022 08 02  0047   59793    2820    0     5.1    -1.0    -3.5     6.3   -33.6   348.8
2022 08 02  0048   59793    2880    0     5.5    -2.2    -2.5     6.4   -22.6   337.8
2022 08 02  0049   59793    2940    0     5.8    -1.4    -0.3     6.0    -3.3   346.1
2022 08 02  0050   59793    3000    0     5.7    -1.2     2.3     6.3    21.5   348.1
2022 08 02  0051   59793    3060    0     5.8    -1.3     1.9     6.2    17.3   347.9
2022 08 02  0052   59793    3120    0     6.0    -1.3     1.4     6.3    13.2   347.8
2022 08 02  0053   59793    3180    0     6.0    -1.1     1.7     6.3    15.1   349.3
2022 08 02  0054   59793    3240    0     6.0    -1.7     1.1     6.3    10.3   343.8
2022 08 02  0055   59793    3300    0     5.5    -2.5     1.1     6.2    10.3   335.3
2022 08 02  0056   59793    3360    0     5.2    -2.7     1.2     6.0    11.7   332.4
2022 08 02  0057   59793    3420    0     4.8     0.1     3.9     6.2    38.8     0.8
2022 08 02  0058   59793    3480    0     5.7    -1.0     0.9     5.9     9.0   349.9
2022 08 02  0059   59793    3540    0     5.2    -2.2    -0.0     5.6    -0.1   337.2
2022 08 02  0100   59793    3600    0     5.1    -1.4     2.8     6.0    27.5   344.3
2022 08 02  0101   59793    3660    0     4.8    -3.6     0.2     6.0     2.3   323.1
2022 08 02  0102   59793    3720    0     4.4    -3.5    -1.9     5.9   -18.7   321.2
2022 08 02  0103   59793    3780    0     5.0    -0.6     3.0     5.8    30.5   352.7
2022 08 02  0104   59793    3840    0     4.5     1.9     3.8     6.2    38.3    22.7
2022 08 02  0105   59793    3900    0     3.3     3.4     3.4     5.8    35.4    46.2
2022 08 02  0106   59793    3960    0     3.6     2.4     4.0     5.9    42.8    33.0
2022 08 02  0107   59793    4020    0     4.0     1.3     4.0     5.8    43.9    17.6
2022 08 02  0108   59793    4080    0     5.0    -0.6     2.9     5.8    29.5   353.0
2022 08 02  0109   59793    4140    0     4.9    -1.9     2.6     5.9    26.6   339.0
2022 08 02  0110   59793    4200    0     4.2    -3.3     2.1     5.8    21.2   322.1
2022 08 02  0111   59793    4260    0     3.7    -4.5    -0.2     5.8    -2.3   309.5
2022 08 02  0112   59793    4320    0     4.8    -2.8     0.3     5.6     3.3   330.4
2022 08 02  0113   59793    4380    0     2.5    -4.9    -1.1     5.6   -11.4   297.3
2022 08 02  0114   59793    4440    0     4.4    -3.5    -0.8     5.7    -8.3   321.9
2022 08 02  0115   59793    4500    0     4.9    -3.0    -0.6     5.7    -6.3   328.7
2022 08 02  0116   59793    4560    0     3.4    -3.3    -3.0     5.6   -32.7   315.7
2022 08 02  0117   59793    4620    0     3.6    -3.7    -2.8     5.9   -28.8   314.4
2022 08 02  0118   59793    4680    0     3.8    -4.1    -1.7     5.8   -16.9   313.2
2022 08 02  0119   59793    4740    0     4.0    -3.3    -2.6     5.8   -26.4   320.2
2022 08 02  0120   59793    4800    0     5.3    -2.7    -0.7     5.9    -6.3   333.2
2022 08 02  0121   59793    4860    0     5.4    -2.9     0.1     6.1     1.0   331.8
2022 08 02  0122   59793    4920    0     5.4    -2.9     0.6     6.2     5.4   331.6
2022 08 02  0123   59793    4980    0     4.4    -4.3    -0.0     6.2    -0.4   316.0
2022 08 02  0124   59793    5040    0     4.6    -4.2     1.2     6.3    11.3   317.7
2022 08 02  0125   59793    5100    0     4.4    -4.1     2.0     6.3    17.9   316.8
2022 08 02  0126   59793    5160    0     4.6    -4.0     1.8     6.4    16.4   319.1
2022 08 02  0127   59793    5220    0     4.5    -3.4    -1.5     5.8   -14.8   322.8
2022 08 02  0128   59793    5280    0     0.9    -0.2    -6.2     6.2   -81.2   348.5
2022 08 02  0129   59793    5340    0     1.2     0.8    -5.7     5.8   -75.8    34.3
2022 08 02  0130   59793    5400    0     2.7    -1.5    -5.7     6.5   -61.2   331.6
2022 08 02  0131   59793    5460    0     4.0    -1.3    -4.6     6.2   -47.5   341.6
2022 08 02  0132   59793    5520    0     3.9    -1.5    -4.6     6.2   -47.4   339.6
2022 08 02  0133   59793    5580    0     4.0    -1.8    -4.7     6.4   -47.0   334.9
2022 08 02  0134   59793    5640    0     4.6    -2.2    -4.0     6.5   -38.2   334.5
2022 08 02  0135   59793    5700    0     4.4    -2.2    -4.4     6.6   -42.2   332.8
2022 08 02  0136   59793    5760    0     4.3    -2.8    -4.2     6.6   -39.5   327.4
2022 08 02  0137   59793    5820    0     4.2    -3.1    -4.1     6.6   -38.6   323.7
2022 08 02  0138   59793    5880    0     4.4    -2.9    -4.1     6.7   -37.7   326.4
2022 08 02  0139   59793    5940    0     4.1    -2.4    -4.6     6.6   -44.0   330.0
2022 08 02  0140   59793    6000    0     3.7    -2.3    -4.7     6.4   -47.0   328.8
2022 08 02  0141   59793    6060    0     3.5    -2.1    -4.9     6.4   -50.2   328.9
2022 08 02  0142   59793    6120    0     4.0    -1.8    -4.5     6.2   -45.7   335.2
2022 08 02  0143   59793    6180    0     3.3    -1.6    -4.9     6.1   -53.1   333.8
2022 08 02  0144   59793    6240    0     1.7    -1.5    -5.7     6.1   -68.3   317.9
2022 08 02  0145   59793    6300    0     3.7    -1.3    -4.9     6.3   -51.1   340.9
2022 08 02  0146   59793    6360    0     3.3    -0.7    -5.4     6.4   -58.1   347.2
2022 08 02  0147   59793    6420    0     3.9    -1.1    -4.8     6.3   -50.1   343.9
2022 08 02  0148   59793    6480    0     5.0    -2.5     0.5     5.6     5.0   333.7
2022 08 02  0149   59793    6540    0     5.5     0.1     1.0     5.6    10.1     0.8
2022 08 02  0150   59793    6600    0     4.0    -2.6    -0.9     4.9   -10.5   326.4
2022 08 02  0151   59793    6660    0     2.9    -5.2     2.0     6.3    18.6   299.6
2022 08 02  0152   59793    6720    0     3.2    -4.3     3.4     6.3    32.3   306.5
2022 08 02  0153   59793    6780    0     3.3    -3.9     3.9     6.4    37.7   310.3
2022 08 02  0154   59793    6840    0     3.7    -3.4     3.9     6.4    38.1   317.8
2022 08 02  0155   59793    6900    0     3.3    -3.0     4.8     6.5    46.7   317.2
2022 08 02  0156   59793    6960    0     3.2    -3.4     5.1     6.9    47.6   312.9
2022 08 02  0157   59793    7020    0     2.8    -4.9     3.9     6.9    34.7   300.0
2022 08 02  0158   59793    7080    0     2.7    -6.2     2.4     7.2    19.9   293.9
2022 08 02  0159   59793    7140    0     2.9    -5.9     2.3     7.0    19.1   295.9
2022 08 02  0200   59793    7200    0     2.8    -5.7     3.0     7.0    25.3   296.2
2022 08 02  0201   59793    7260    0     2.9    -5.3     3.5     6.9    30.2   298.9
2022 08 02  0202   59793    7320    0     3.3    -5.1     3.7     7.1    31.6   302.7
2022 08 02  0203   59793    7380    0     3.1    -4.2     4.0     6.6    37.6   306.3
2022 08 02  0204   59793    7440    0     2.7    -4.4     4.0     6.5    37.9   301.3
2022 08 02  0205   59793    7500    0     3.3    -4.8     3.9     7.0    34.0   304.9
2022 08 02  0206   59793    7560    0     3.5    -5.0     3.7     7.1    31.0   305.1
2022 08 02  0207   59793    7620    0     3.8    -5.8     1.7     7.1    13.6   303.5
2022 08 02  0208   59793    7680    0     4.2    -5.5     1.9     7.2    15.4   307.1
2022 08 02  0209   59793    7740    0     4.2    -5.4     2.0     7.2    16.3   307.8
2022 08 02  0210   59793    7800    0     4.3    -5.6     1.5     7.2    12.1   307.5
2022 08 02  0211   59793    7860    0     4.3    -5.7     0.6     7.1     4.8   307.1
2022 08 02  0212   59793    7920    0     4.0    -5.9    -0.2     7.1    -2.0   304.2
2022 08 02  0213   59793    7980    0     4.2    -5.6    -1.2     7.1    -9.8   306.5
2022 08 02  0214   59793    8040    0     3.6    -4.5     1.3     5.9    13.0   308.6
2022 08 02  0215   59793    8100    0     4.0    -4.7     2.1     6.6    18.6   310.6
2022 08 02  0216   59793    8160    0     3.6    -5.7    -1.6     6.9   -13.1   302.4
2022 08 02  0217   59793    8220    0     3.5    -6.1    -1.7     7.2   -13.5   300.0
2022 08 02  0218   59793    8280    0     3.9    -6.0    -0.9     7.2    -7.4   303.2
2022 08 02  0219   59793    8340    0     3.4    -6.3    -1.5     7.3   -12.3   298.7
2022 08 02  0220   59793    8400    0     3.3    -6.0    -2.3     7.3   -18.8   299.1
2022 08 02  0221   59793    8460    0     2.5    -6.2    -2.1     7.1   -17.2   292.1
2022 08 02  0222   59793    8520    0     3.0    -5.7    -3.2     7.1   -26.4   298.0
2022 08 02  0223   59793    8580    0     5.0    -2.2     2.2     5.9    21.6   335.8
2022 08 02  0224   59793    8640    0     5.3    -1.1     4.0     6.8    36.4   348.1
2022 08 02  0225   59793    8700    0     5.6    -0.2     3.7     6.7    33.8   358.0
2022 08 02  0226   59793    8760    0     5.8    -0.8     3.5     6.8    31.0   352.6
2022 08 02  0227   59793    8820    0     5.6     0.0     3.9     6.8    34.5     0.3
2022 08 02  0228   59793    8880    0     5.7     0.8     3.7     6.8    32.6     7.8
2022 08 02  0229   59793    8940    0     5.8     1.0     3.4     6.8    29.7     9.5
2022 08 02  0230   59793    9000    0     5.9     0.6     3.3     6.8    29.2     6.1
2022 08 02  0231   59793    9060    0     5.7     0.8     3.6     6.8    32.1     8.0
2022 08 02  0232   59793    9120    0     5.5     1.0     3.8     6.8    34.0    10.3
2022 08 02  0233   59793    9180    0     5.5     1.0     3.9     6.8    34.9    10.1
2022 08 02  0234   59793    9240    0     5.3     1.2     4.1     6.8    36.7    13.0
2022 08 02  0235   59793    9300    0     5.4     1.8     4.0     7.0    34.7    18.0
2022 08 02  0236   59793    9360    0     5.4     1.3     4.1     6.9    36.5    13.4
2022 08 02  0237   59793    9420    0     5.4     1.2     4.2     6.9    37.3    12.8
2022 08 02  0238   59793    9480    0     5.3     0.9     4.4     7.0    38.8    10.0
2022 08 02  0239   59793    9540    0     5.5     0.8     4.1     6.9    36.4     8.1
2022 08 02  0240   59793    9600    0     5.2     0.2     4.5     6.9    41.0     2.7
2022 08 02  0241   59793    9660    0     5.4     0.1     4.4     6.9    39.2     0.6
2022 08 02  0242   59793    9720    0     5.1     0.4     4.8     7.0    42.8     5.0
2022 08 02  0243   59793    9780    0     4.9     0.6     5.4     7.3    47.5     6.8
2022 08 02  0244   59793    9840    0     5.3     0.7     5.1     7.4    43.6     7.0
2022 08 02  0245   59793    9900    0     5.7    -0.1     4.7     7.4    39.9   359.4
2022 08 02  0246   59793    9960    0     5.6    -0.8     4.4     7.2    37.9   351.8
2022 08 02  0247   59793   10020    0     5.4    -1.2     4.3     7.0    38.0   347.0
2022 08 02  0248   59793   10080    0     5.5    -2.3     3.8     7.1    33.0   336.9
2022 08 02  0249   59793   10140    0     5.1    -1.3     4.9     7.2    42.8   345.4
2022 08 02  0250   59793   10200    0     5.1    -2.1     4.3     7.0    37.7   337.9
2022 08 02  0251   59793   10260    0     5.2    -2.1     4.2     7.0    37.0   337.9
2022 08 02  0252   59793   10320    0     5.2    -2.0     4.1     6.9    36.4   339.3
2022 08 02  0253   59793   10380    0     5.0    -2.3     4.3     7.0    37.6   335.5
2022 08 02  0254   59793   10440    0     5.4    -2.4     4.4     7.3    36.4   335.8
2022 08 02  0255   59793   10500    0     5.1    -0.4     4.7     7.0    42.2   355.3
2022 08 02  0256   59793   10560    0     5.3    -0.4     4.8     7.1    42.2   355.2
2022 08 02  0257   59793   10620    0     5.6     0.2     4.8     7.3    40.5     2.3
2022 08 02  0258   59793   10680    0     5.7    -0.1     4.8     7.5    40.1   359.4
2022 08 02  0259   59793   10740    0     5.5    -0.6     5.1     7.5    42.5   353.3
2022 08 02  0300   59793   10800    0     5.4    -1.2     5.0     7.5    42.4   347.4
2022 08 02  0301   59793   10860    0     5.3    -1.5     4.9     7.3    41.7   343.6
2022 08 02  0302   59793   10920    0     5.5    -1.8     4.6     7.4    38.3   342.3
2022 08 02  0303   59793   10980    0     5.7    -1.5     4.6     7.5    38.2   344.7
2022 08 02  0304   59793   11040    0     5.5    -1.7     4.7     7.4    39.3   343.0
2022 08 02  0305   59793   11100    0     5.7    -1.8     4.5     7.5    37.3   342.7
2022 08 02  0306   59793   11160    0     5.5    -2.2     4.2     7.3    35.1   338.2
2022 08 02  0307   59793   11220    0     5.4    -2.8     4.1     7.3    33.9   332.2
2022 08 02  0308   59793   11280    0     5.1    -2.3     4.7     7.3    39.6   336.3
2022 08 02  0309   59793   11340    0     5.2    -2.4     4.2     7.1    36.3   335.0
2022 08 02  0310   59793   11400    0     4.9    -3.2     4.0     7.1    34.1   327.0
2022 08 02  0311   59793   11460    0     5.1    -2.9     3.8     7.0    32.9   330.6
2022 08 02  0312   59793   11520    0     5.1    -3.6     3.3     7.1    27.6   325.1
2022 08 02  0313   59793   11580    0     5.2    -3.5     3.0     7.0    25.8   326.5
2022 08 02  0314   59793   11640    0     5.2    -3.6     2.9     6.9    24.6   325.4
2022 08 02  0315   59793   11700    0     5.2    -3.7     2.6     6.9    22.2   324.4
2022 08 02  0316   59793   11760    0     5.2    -3.8     2.4     6.9    20.6   324.2
2022 08 02  0317   59793   11820    0     5.2    -3.9     2.1     6.8    18.1   323.0
2022 08 02  0318   59793   11880    0     5.1    -4.1     2.1     6.9    17.9   321.3
2022 08 02  0319   59793   11940    0     5.3    -4.2     1.5     6.9    12.8   321.6
2022 08 02  0320   59793   12000    0     4.9    -4.7     0.9     6.8     7.2   316.2
2022 08 02  0321   59793   12060    0     5.5    -3.8     1.3     6.8    10.9   325.4
2022 08 02  0322   59793   12120    0     5.9    -3.4     1.4     7.0    12.0   330.6
2022 08 02  0323   59793   12180    0     6.2    -1.5     2.5     6.9    21.3   346.4
2022 08 02  0324   59793   12240    0     5.9    -0.4     3.5     6.9    30.5   356.1
2022 08 02  0325   59793   12300    0     5.6    -0.3     3.8     6.8    34.1   356.6
2022 08 02  0326   59793   12360    0     3.5    -3.0     1.6     4.9    19.5   319.7
2022 08 02  0327   59793   12420    0     2.6    -6.1    -1.3     6.7   -11.1   293.5
2022 08 02  0328   59793   12480    0     3.5    -5.6    -0.7     6.7    -6.3   301.6
2022 08 02  0329   59793   12540    0     2.2    -5.5    -2.9     6.6   -25.6   292.1
2022 08 02  0330   59793   12600    0     2.6    -5.8    -1.0     6.5    -9.0   294.4
2022 08 02  0331   59793   12660    0     3.4    -2.3     3.7     5.6    41.8   325.7
2022 08 02  0332   59793   12720    0     4.2    -0.5     4.8     6.4    48.5   352.9
2022 08 02  0333   59793   12780    0     4.1    -2.3     3.6     5.9    37.2   331.0
2022 08 02  0334   59793   12840    0     4.3     0.9     4.8     6.5    47.3    12.2
2022 08 02  0335   59793   12900    0     5.3     0.7     3.7     6.5    35.0     7.9
2022 08 02  0336   59793   12960    0     5.4    -0.7     3.3     6.3    31.1   352.7
2022 08 02  0337   59793   13020    0     5.6    -2.7     2.2     6.6    19.7   333.7
2022 08 02  0338   59793   13080    0     4.4    -4.6    -0.4     6.4    -3.4   314.0
2022 08 02  0339   59793   13140    0     3.5    -5.3    -0.9     6.4    -8.5   302.9
2022 08 02  0340   59793   13200    0     3.2    -5.1    -1.1     6.1   -10.6   302.7
2022 08 02  0341   59793   13260    0     2.8    -5.8    -1.5     6.6   -13.2   296.0
2022 08 02  0342   59793   13320    0     3.5    -5.3    -2.1     6.7   -18.1   303.7
2022 08 02  0343   59793   13380    0     3.2    -4.6    -3.4     6.5   -31.5   305.1
2022 08 02  0344   59793   13440    0     2.2    -5.5    -3.2     6.7   -28.7   291.9
2022 08 02  0345   59793   13500    0     1.2    -4.4    -4.8     6.6   -46.1   285.1
2022 08 02  0346   59793   13560    0     1.2    -5.1    -3.6     6.4   -34.9   283.1
2022 08 02  0347   59793   13620    0     1.3    -5.2    -3.5     6.4   -33.7   283.7
2022 08 02  0348   59793   13680    0     0.5    -4.6    -4.3     6.3   -43.0   276.5
2022 08 02  0349   59793   13740    0     0.0    -3.7    -5.0     6.2   -54.0   270.7
2022 08 02  0350   59793   13800    0     1.8    -4.5    -4.0     6.3   -39.6   291.9
2022 08 02  0351   59793   13860    0     1.0    -4.8    -4.1     6.4   -40.0   281.2
2022 08 02  0352   59793   13920    0     1.4    -4.8    -4.1     6.4   -39.2   286.5
2022 08 02  0353   59793   13980    0     1.8    -4.6    -3.9     6.3   -38.4   291.5
2022 08 02  0354   59793   14040    0     2.3    -4.1    -3.9     6.1   -39.6   299.3
2022 08 02  0355   59793   14100    0     2.1    -4.0    -4.1     6.1   -42.1   297.1
2022 08 02  0356   59793   14160    0     1.5    -3.1    -4.8     6.0   -54.3   296.1
2022 08 02  0357   59793   14220    0     2.5    -1.8    -5.0     5.9   -57.9   324.9
2022 08 02  0358   59793   14280    0     2.0    -1.0    -5.5     6.0   -67.9   333.3
2022 08 02  0359   59793   14340    9  -999.9  -999.9  -999.9  -999.9  -999.9  -999.9
2022 08 02  0400   59793   14400    9  -999.9  -999.9  -999.9  -999.9  -999.9  -999.9
2022 08 02  0401   59793   14460    0    -0.2    -2.4    -5.4     5.9   -66.3   265.3
2022 08 02  0402   59793   14520    0    -0.1    -2.9    -5.1     5.9   -60.6   267.8
2022 08 02  0403   59793   14580    0    -0.0    -3.1    -5.4     6.2   -60.1   269.7
2022 08 02  0404   59793   14640    0     3.5    -3.3    -3.8     6.1   -38.8   316.4
2022 08 02  0405   59793   14700    0     4.4    -2.7    -3.8     6.4   -36.4   327.8
2022 08 02  0406   59793   14760    0     5.3    -2.0    -2.5     6.2   -23.3   339.3
2022 08 02  0407   59793   14820    0     4.8    -2.6    -2.9     6.2   -28.1   331.4
2022 08 02  0408   59793   14880    0     6.1    -1.2     0.6     6.2     5.4   349.1
2022 08 02  0409   59793   14940    0     6.3    -0.8     0.3     6.3     2.4   352.7
2022 08 02  0410   59793   15000    0     6.2    -0.9     0.6     6.3     5.3   351.7
2022 08 02  0411   59793   15060    0     6.0     0.0     2.1     6.4    18.8     0.3
2022 08 02  0412   59793   15120    0     6.3    -1.3     0.6     6.4     5.4   348.1
2022 08 02  0413   59793   15180    0     6.3    -0.6     0.3     6.4     2.7   354.1
2022 08 02  0414   59793   15240    0     6.3    -1.0     0.2     6.4     1.8   351.2
2022 08 02  0415   59793   15300    0     6.5    -0.8     0.6     6.6     5.1   352.9
2022 08 02  0416   59793   15360    0     6.3    -0.5     1.2     6.5    10.7   355.7
2022 08 02  0417   59793   15420    0     6.0     0.5     2.6     6.5    23.7     4.9
2022 08 02  0418   59793   15480    0     5.9     0.2     3.0     6.6    26.8     1.7
2022 08 02  0419   59793   15540    0     5.6    -0.1     2.8     6.2    26.6   359.0
2022 08 02  0420   59793   15600    0     5.6    -1.2     2.6     6.3    24.6   348.2
2022 08 02  0421   59793   15660    0     5.8    -0.9     2.5     6.4    23.2   351.5
2022 08 02  0422   59793   15720    0     4.7    -1.5     3.7     6.2    36.7   342.4
2022 08 02  0423   59793   15780    0     4.9    -1.0     3.4     6.1    34.0   349.0
2022 08 02  0424   59793   15840    0     5.2    -3.2     0.1     6.2     0.6   328.2
2022 08 02  0425   59793   15900    0     3.5    -4.8     0.6     6.0     5.5   306.3
2022 08 02  0426   59793   15960    0     2.1    -5.8    -1.5     6.3   -14.0   289.7
2022 08 02  0427   59793   16020    0     1.0    -6.2     1.0     6.4     8.9   278.7
2022 08 02  0428   59793   16080    0     1.2    -6.5    -1.2     6.7   -10.5   280.9
2022 08 02  0429   59793   16140    0     0.7    -6.5    -1.4     6.7   -12.1   276.2
2022 08 02  0430   59793   16200    0     1.2    -6.4    -0.9     6.6    -7.6   280.6
2022 08 02  0431   59793   16260    0     1.7    -4.2    -4.2     6.2   -42.4   292.4
2022 08 02  0432   59793   16320    0     1.2    -4.2    -4.4     6.2   -45.1   286.7
2022 08 02  0433   59793   16380    0     5.5    -1.2    -0.8     5.7    -8.0   347.7
2022 08 02  0434   59793   16440    0     4.8     1.4    -2.4     5.5   -25.5    16.5
2022 08 02  0435   59793   16500    0     5.4    -0.3     2.8     6.0    27.3   357.2
2022 08 02  0436   59793   16560    0     4.7    -2.1     3.9     6.5    37.0   335.4
2022 08 02  0437   59793   16620    0     4.3    -1.8     4.2     6.2    42.4   337.6
2022 08 02  0438   59793   16680    0     4.2    -3.4     3.6     6.5    34.0   320.8
2022 08 02  0439   59793   16740    0     4.6    -2.3     3.6     6.2    35.3   333.2
2022 08 02  0440   59793   16800    0     4.9    -2.9     2.6     6.3    25.0   329.6
2022 08 02  0441   59793   16860    0     4.1    -3.4     3.2     6.2    31.1   320.3
2022 08 02  0442   59793   16920    0     2.6    -4.2     0.5     5.0     6.0   301.5
2022 08 02  0443   59793   16980    0    -1.9    -5.5    -3.4     6.7   -30.5   251.1
2022 08 02  0444   59793   17040    0    -2.0    -5.4    -3.8     6.9   -33.4   249.2
2022 08 02  0445   59793   17100    0    -2.4    -4.3    -4.6     6.7   -42.9   240.4
2022 08 02  0446   59793   17160    0     0.2    -4.4    -3.0     5.3   -34.5   273.1
2022 08 02  0447   59793   17220    0     3.6    -5.2    -0.2     6.3    -1.4   304.8
2022 08 02  0448   59793   17280    0     3.0    -5.6    -1.6     6.5   -14.1   298.6
2022 08 02  0449   59793   17340    0     3.4    -5.0    -2.0     6.4   -18.1   304.3
2022 08 02  0450   59793   17400    0     1.2    -5.4    -3.5     6.6   -32.5   282.5
2022 08 02  0451   59793   17460    0    -0.3    -4.9    -4.4     6.6   -41.8   266.3
2022 08 02  0452   59793   17520    0     2.2    -4.7    -2.8     5.9   -28.8   295.6
2022 08 02  0453   59793   17580    0     4.4    -4.1    -2.2     6.4   -20.4   317.3
2022 08 02  0454   59793   17640    0     3.4    -5.2    -2.1     6.6   -18.7   303.4
2022 08 02  0455   59793   17700    0     3.0    -5.9    -1.0     6.7    -8.8   296.6
2022 08 02  0456   59793   17760    0     2.5    -6.1    -1.6     6.7   -13.8   292.0
2022 08 02  0457   59793   17820    0     3.9    -3.9    -3.2     6.4   -30.3   315.2
2022 08 02  0458   59793   17880    0     4.5    -3.4    -2.8     6.3   -26.6   322.6
2022 08 02  0459   59793   17940    0     3.9    -5.1    -1.2     6.6   -10.5   307.5
2022 08 02  0500   59793   18000    0     3.3    -5.5    -1.5     6.6   -12.9   301.0
2022 08 02  0501   59793   18060    0     3.2    -5.8    -2.0     6.9   -16.6   299.0
2022 08 02  0502   59793   18120    0     2.4    -5.5    -3.6     7.0   -30.7   293.9
2022 08 02  0503   59793   18180    0     2.0    -3.9    -5.4     6.9   -50.7   296.5
2022 08 02  0504   59793   18240    0    -1.1    -4.7    -5.1     7.0   -47.0   256.8
2022 08 02  0505   59793   18300    0    -0.3    -4.5    -4.8     6.6   -46.8   266.1
2022 08 02  0506   59793   18360    0     2.4    -5.8    -1.9     6.5   -16.6   292.2
2022 08 02  0507   59793   18420    0     0.6    -6.4    -2.4     6.9   -20.8   274.9
2022 08 02  0508   59793   18480    0    -0.0    -6.4    -2.4     6.8   -20.3   269.7
2022 08 02  0509   59793   18540    0    -0.7    -5.9    -2.1     6.3   -19.4   262.8
2022 08 02  0510   59793   18600    0    -2.0    -6.4    -1.7     6.9   -14.3   252.3
2022 08 02  0511   59793   18660    0    -0.9    -6.5    -1.5     6.7   -13.2   261.8
2022 08 02  0512   59793   18720    0    -3.5    -5.1    -2.2     6.6   -19.3   235.4
2022 08 02  0513   59793   18780    0    -3.7    -4.7    -2.0     6.3   -18.5   231.6
2022 08 02  0514   59793   18840    0    -5.0    -3.7    -2.4     6.7   -21.4   216.3
2022 08 02  0515   59793   18900    0    -5.6    -2.6    -2.4     6.7   -21.4   204.9
2022 08 02  0516   59793   18960    0    -3.5    -2.5    -2.7     5.1   -31.7   216.0
2022 08 02  0517   59793   19020    0     4.9    -2.3     2.1     5.8    21.6   334.3
2022 08 02  0518   59793   19080    0     5.5    -2.0    -0.0     5.9    -0.1   340.3
2022 08 02  0519   59793   19140    0     4.8    -2.7     2.0     5.9    19.7   330.8
2022 08 02  0520   59793   19200    0     5.4    -2.8     0.8     6.1     7.0   332.7
2022 08 02  0521   59793   19260    0     6.0    -1.7     1.3     6.4    11.5   343.8
2022 08 02  0522   59793   19320    0     6.1    -0.9    -0.0     6.2    -0.3   351.4
2022 08 02  0523   59793   19380    0     5.2    -2.5    -1.5     5.9   -15.1   334.2
2022 08 02  0524   59793   19440    0     5.3    -2.5    -2.0     6.2   -18.7   334.8
2022 08 02  0525   59793   19500    0     5.0    -3.6     1.2     6.3    11.3   324.7
2022 08 02  0526   59793   19560    0     3.9    -2.4     4.2     6.2    42.9   329.0
2022 08 02  0527   59793   19620    0     3.3    -4.7     2.8     6.4    25.6   305.1
2022 08 02  0528   59793   19680    0     3.7    -4.7     2.3     6.4    20.8   308.5
2022 08 02  0529   59793   19740    0     5.3    -2.4     3.2     6.7    28.6   336.1
2022 08 02  0530   59793   19800    0     5.0    -1.2     4.3     6.7    40.0   346.9
2022 08 02  0531   59793   19860    0     5.6    -1.6     3.1     6.6    28.3   343.8
2022 08 02  0532   59793   19920    0     5.8    -1.5     2.8     6.6    25.4   345.5
2022 08 02  0533   59793   19980    0     6.2    -1.4     2.1     6.7    18.7   347.3
2022 08 02  0534   59793   20040    0     5.5    -3.0     0.8     6.4     7.4   331.2
2022 08 02  0535   59793   20100    0     4.7     0.3     2.3     5.2    26.4     3.4
2022 08 02  0536   59793   20160    0     5.5    -0.6     3.0     6.3    28.2   353.9
2022 08 02  0537   59793   20220    0     6.3     0.6     1.2     6.4    10.5     5.3
2022 08 02  0538   59793   20280    0     6.5    -0.7    -0.3     6.5    -2.8   354.3
2022 08 02  0539   59793   20340    0     6.5     0.2    -0.7     6.5    -5.8     1.9
2022 08 02  0540   59793   20400    0     6.5     0.1    -0.1     6.5    -1.2     0.7
2022 08 02  0541   59793   20460    0     6.5     0.3    -0.0     6.5    -0.4     2.9
2022 08 02  0542   59793   20520    0     6.3     1.3    -0.9     6.5    -8.5    11.6
2022 08 02  0543   59793   20580    0     2.7    -4.0    -0.2     4.8    -2.0   303.6
2022 08 02  0544   59793   20640    0     2.6    -6.3     0.0     6.8     0.1   292.8
2022 08 02  0545   59793   20700    0     3.0    -5.9     0.3     6.7     2.8   297.0
2022 08 02  0546   59793   20760    0     2.6    -5.9    -0.2     6.5    -2.1   294.1
2022 08 02  0547   59793   20820    0     4.3    -4.9    -1.1     6.6    -9.4   311.1
2022 08 02  0548   59793   20880    0     3.5    -5.9    -1.1     6.9    -9.3   300.8
2022 08 02  0549   59793   20940    0     4.4    -5.1     0.2     6.8     1.4   310.7
2022 08 02  0550   59793   21000    0     4.3    -4.8     1.4     6.6    12.0   311.9
2022 08 02  0551   59793   21060    0     4.6    -5.0     0.9     6.8     7.5   312.5
2022 08 02  0552   59793   21120    0     4.0    -5.2     1.8     6.8    15.4   307.2
2022 08 02  0553   59793   21180    0     4.1    -5.1     1.9     6.8    15.8   308.8
2022 08 02  0554   59793   21240    0     4.2    -5.1     1.6     6.8    13.9   309.5
2022 08 02  0555   59793   21300    0     3.7    -4.7     3.4     6.9    29.2   308.1
2022 08 02  0556   59793   21360    0     1.3    -5.3     4.4     7.0    39.0   284.0
2022 08 02  0557   59793   21420    0     1.7    -5.4     4.3     7.1    37.3   287.3
2022 08 02  0558   59793   21480    0     4.6    -2.0     4.4     6.7    40.9   336.5
2022 08 02  0559   59793   21540    0     3.8    -1.9     5.3     6.8    51.6   333.3
2022 08 02  0600   59793   21600    0     3.3    -3.5     5.0     6.9    46.1   312.9
2022 08 02  0601   59793   21660    0     3.2    -5.1     2.7     6.6    24.4   302.5
2022 08 02  0602   59793   21720    0     4.8    -5.0     1.7     7.1    14.1   313.3
2022 08 02  0603   59793   21780    0     4.7    -5.0     2.2     7.2    17.5   313.1
2022 08 02  0604   59793   21840    0     4.6    -4.7     2.5     7.1    20.5   314.2
2022 08 02  0605   59793   21900    0     4.5    -5.2     1.0     7.0     8.2   310.9
2022 08 02  0606   59793   21960    0     4.2    -4.7     3.8     7.4    30.7   311.9
2022 08 02  0607   59793   22020    0     4.0    -5.6     1.9     7.1    15.8   305.5
2022 08 02  0608   59793   22080    0     2.8    -6.6    -1.3     7.3    -9.9   292.9
2022 08 02  0609   59793   22140    0     2.9    -6.5    -1.6     7.3   -12.7   294.1
2022 08 02  0610   59793   22200    0     3.1    -6.0    -2.5     7.2   -20.3   297.1
2022 08 02  0611   59793   22260    0     2.2    -5.6    -3.9     7.2   -32.8   291.5
2022 08 02  0612   59793   22320    0     1.5    -5.0    -5.1     7.3   -44.0   287.0
2022 08 02  0613   59793   22380    0     1.8    -4.8    -2.9     5.9   -29.4   290.3
2022 08 02  0614   59793   22440    0     4.8    -5.0     0.8     7.0     6.6   313.6
2022 08 02  0615   59793   22500    0     4.8    -5.4    -0.5     7.3    -4.0   311.7
2022 08 02  0616   59793   22560    0     3.8    -5.4    -2.7     7.2   -22.4   305.4
2022 08 02  0617   59793   22620    0     4.4    -5.1    -2.6     7.2   -21.3   311.0
2022 08 02  0618   59793   22680    0     3.0    -5.6    -3.2     7.1   -27.1   298.3
2022 08 02  0619   59793   22740    0     1.7    -6.9    -1.4     7.2   -11.3   284.3
2022 08 02  0620   59793   22800    0     2.1    -6.8    -1.3     7.2   -10.7   287.4
2022 08 02  0621   59793   22860    0     1.8    -6.9    -1.0     7.2    -7.8   284.3
2022 08 02  0622   59793   22920    0     1.8    -7.1    -1.2     7.4    -9.0   284.0
2022 08 02  0623   59793   22980    0     2.4    -6.7    -1.3     7.3   -10.7   289.6
2022 08 02  0624   59793   23040    0     3.0    -6.7    -0.3     7.4    -2.4   293.7
2022 08 02  0625   59793   23100    0     2.8    -6.6     1.5     7.4    12.1   293.2
2022 08 02  0626   59793   23160    0     0.9    -6.7    -0.6     6.8    -5.2   277.9
2022 08 02  0627   59793   23220    0    -1.5    -7.1    -2.3     7.6   -17.6   257.9
2022 08 02  0628   59793   23280    0    -3.0    -6.6    -2.8     7.7   -21.0   245.6
2022 08 02  0629   59793   23340    0    -2.8    -6.3    -3.4     7.7   -26.6   246.3
2022 08 02  0630   59793   23400    0    -1.5    -6.3    -2.1     6.8   -18.3   256.4
2022 08 02  0631   59793   23460    0     0.7    -7.0     1.9     7.2    15.1   275.6
2022 08 02  0632   59793   23520    0     0.8    -5.8     4.3     7.3    36.3   277.5
2022 08 02  0633   59793   23580    0     1.1    -5.7     4.5     7.4    38.1   280.4
2022 08 02  0634   59793   23640    0     1.4    -5.7     4.4     7.3    36.8   284.2
2022 08 02  0635   59793   23700    0     0.8    -5.7     4.5     7.3    38.3   278.3
2022 08 02  0636   59793   23760    0     1.0    -5.2     5.2     7.4    44.2   280.3
2022 08 02  0637   59793   23820    0     1.3    -5.4     5.1     7.5    42.5   284.1
2022 08 02  0638   59793   23880    0     0.4    -4.3     6.0     7.4    54.3   275.9
2022 08 02  0639   59793   23940    0     1.5    -4.8     4.8     6.9    43.7   287.6
2022 08 02  0640   59793   24000    0     2.6    -5.0     4.3     7.1    37.1   297.4
2022 08 02  0641   59793   24060    0     2.9    -6.3    -0.4     7.0    -3.3   295.0
2022 08 02  0642   59793   24120    0     2.8    -6.6    -1.6     7.3   -12.5   293.3
2022 08 02  0643   59793   24180    0     2.8    -6.5    -1.6     7.3   -12.5   293.1
2022 08 02  0644   59793   24240    0     3.3    -6.2    -1.2     7.2    -9.4   298.3
2022 08 02  0645   59793   24300    0     3.7    -6.0    -1.0     7.1    -7.7   301.7
2022 08 02  0646   59793   24360    0     0.8    -6.4    -3.5     7.4   -28.6   277.1
2022 08 02  0647   59793   24420    0     0.7    -6.1    -3.6     7.1   -30.5   276.5
2022 08 02  0648   59793   24480    0    -0.4    -6.2    -3.8     7.3   -31.3   266.0
2022 08 02  0649   59793   24540    0    -0.5    -5.8    -4.3     7.2   -36.8   264.7
2022 08 02  0650   59793   24600    0    -1.3    -5.1    -4.7     7.1   -41.5   255.5
2022 08 02  0651   59793   24660    0    -2.2    -4.7    -5.1     7.2   -44.6   245.0
2022 08 02  0652   59793   24720    0    -1.8    -4.4    -5.6     7.4   -49.7   248.0
2022 08 02  0653   59793   24780    0    -1.4    -3.7    -6.2     7.3   -57.1   250.1
2022 08 02  0654   59793   24840    0    -0.9    -3.4    -6.4     7.3   -61.3   255.6
2022 08 02  0655   59793   24900    0     1.7    -6.0    -3.6     7.2   -29.8   286.1
2022 08 02  0656   59793   24960    0     1.4    -5.6    -4.4     7.3   -37.8   284.1
2022 08 02  0657   59793   25020    0    -0.6    -5.1    -5.2     7.3   -45.4   263.4
2022 08 02  0658   59793   25080    0    -1.0    -5.1    -5.3     7.5   -45.7   258.8
2022 08 02  0659   59793   25140    0    -1.3    -4.8    -5.6     7.5   -48.4   254.8
2022 08 02  0700   59793   25200    0    -1.5    -4.4    -5.8     7.4   -51.4   250.8
2022 08 02  0701   59793   25260    0    -2.2    -4.4    -5.6     7.4   -49.1   243.4
2022 08 02  0702   59793   25320    0    -0.2    -4.9    -5.0     7.0   -45.5   267.8
2022 08 02  0703   59793   25380    0     2.8    -6.7    -0.8     7.3    -6.6   292.5
2022 08 02  0704   59793   25440    0     2.4    -6.8    -0.6     7.2    -4.6   289.1
2022 08 02  0705   59793   25500    0     1.9    -6.9    -0.7     7.2    -5.3   285.2
2022 08 02  0706   59793   25560    0     2.0    -7.0     0.3     7.3     2.6   286.1
2022 08 02  0707   59793   25620    0     1.9    -7.1     1.4     7.5    10.5   285.4
2022 08 02  0708   59793   25680    0     1.6    -6.8     2.2     7.3    17.5   283.5
2022 08 02  0709   59793   25740    0     1.1    -5.6     4.4     7.2    37.5   281.0
2022 08 02  0710   59793   25800    0     0.5    -5.1     5.2     7.3    45.6   275.1
2022 08 02  0711   59793   25860    0     1.2    -5.2     5.0     7.3    43.3   283.2
2022 08 02  0712   59793   25920    0     2.1    -5.0     4.6     7.1    40.4   292.9
2022 08 02  0713   59793   25980    0     2.7    -4.8     4.5     7.1    39.0   299.2
2022 08 02  0714   59793   26040    0     4.2    -5.1     2.4     7.0    20.1   309.2
2022 08 02  0715   59793   26100    0     4.9    -4.5     1.8     6.9    15.5   317.6
2022 08 02  0716   59793   26160    0     4.8    -4.5     1.6     6.8    13.8   317.1
2022 08 02  0717   59793   26220    0     3.9    -4.1     1.9     6.0    18.6   314.0
2022 08 02  0718   59793   26280    0     2.3    -4.5     0.9     5.1    10.0   297.3
2022 08 02  0719   59793   26340    0     2.2    -5.1    -2.1     5.9   -20.8   293.4
2022 08 02  0720   59793   26400    0     2.6    -4.9    -4.0     6.9   -35.7   298.1
2022 08 02  0721   59793   26460    0     2.8    -5.5    -3.5     7.1   -29.2   296.6
2022 08 02  0722   59793   26520    0     3.2    -5.8    -2.6     7.1   -21.4   298.7
2022 08 02  0723   59793   26580    0     3.7    -5.8    -0.9     6.9    -7.6   302.3
2022 08 02  0724   59793   26640    0     2.6    -4.6     0.2     5.3     1.9   299.6
2022 08 02  0725   59793   26700    0    -0.2    -6.2     3.8     7.3    31.1   268.0
2022 08 02  0726   59793   26760    0     1.0    -5.9     3.1     6.8    27.6   279.7
2022 08 02  0727   59793   26820    0     3.9    -2.1     4.5     6.4    45.3   331.4
2022 08 02  0728   59793   26880    0     3.0    -3.5     3.9     6.0    40.0   310.2
2022 08 02  0729   59793   26940    0     4.1    -3.8     2.1     6.0    20.1   317.4
2022 08 02  0730   59793   27000    0     5.3    -3.3    -1.9     6.5   -16.6   328.0
2022 08 02  0731   59793   27060    0     4.2    -4.3    -2.9     6.7   -25.8   314.2
2022 08 02  0732   59793   27120    0     4.6    -4.9    -1.3     6.8   -10.7   312.7
2022 08 02  0733   59793   27180    0     4.2    -5.0    -0.7     6.6    -6.1   310.3
2022 08 02  0734   59793   27240    0     3.9    -5.5    -1.3     6.9   -11.2   305.3
2022 08 02  0735   59793   27300    0     5.1    -4.3     1.7     6.8    14.1   319.9
2022 08 02  0736   59793   27360    0     5.0    -3.8     2.9     6.9    24.5   322.4
2022 08 02  0737   59793   27420    0     4.7    -3.4     3.5     6.8    31.0   324.1
2022 08 02  0738   59793   27480    0     3.8    -3.5     3.2     6.1    31.7   317.0
2022 08 02  0739   59793   27540    0     3.1    -3.6     4.9     6.8    45.5   310.8
2022 08 02  0740   59793   27600    0     2.9    -3.4     5.9     7.4    52.6   310.0
2022 08 02  0741   59793   27660    0     4.0    -4.5     5.1     7.9    40.5   311.9
2022 08 02  0742   59793   27720    0     3.7    -5.0     5.0     7.9    38.6   306.2
2022 08 02  0743   59793   27780    0     3.5    -5.4     4.6     7.9    35.6   303.3
2022 08 02  0744   59793   27840    0     3.5    -5.9     3.9     7.9    29.3   300.9
2022 08 02  0745   59793   27900    0     4.5    -6.5     0.3     7.9     2.2   304.9
2022 08 02  0746   59793   27960    0     4.5    -6.4     1.7     8.0    12.2   305.2
2022 08 02  0747   59793   28020    0     4.6    -5.9     2.9     8.0    21.5   307.9
2022 08 02  0748   59793   28080    0     4.8    -5.6     3.1     8.0    22.5   310.3
2022 08 02  0749   59793   28140    0     4.9    -5.4     3.3     8.0    24.3   311.8
2022 08 02  0750   59793   28200    0     4.5    -5.7     3.4     8.0    25.6   308.2
2022 08 02  0751   59793   28260    0     5.0    -5.7     2.6     8.0    19.0   311.1
2022 08 02  0752   59793   28320    0     5.1    -5.8     2.0     8.0    14.8   310.9
2022 08 02  0753   59793   28380    0     4.9    -5.8     2.2     7.9    16.2   310.5
2022 08 02  0754   59793   28440    0     4.5    -3.5     5.5     7.9    43.5   322.2
2022 08 02  0755   59793   28500    0     4.7    -3.2     5.5     7.9    43.9   326.3
2022 08 02  0756   59793   28560    0     5.3    -3.4     4.8     7.9    37.7   327.3
2022 08 02  0757   59793   28620    0     5.6    -2.8     4.7     7.9    36.6   333.4
2022 08 02  0758   59793   28680    0     5.6    -3.0     4.7     7.9    36.9   331.6
2022 08 02  0759   59793   28740    0     5.1    -2.9     5.3     7.9    41.9   330.9
2022 08 02  0800   59793   28800    0     4.8    -2.8     5.5     7.9    44.6   329.8
2022 08 02  0801   59793   28860    0     4.0    -2.0     6.5     7.9    55.6   333.4
2022 08 02  0802   59793   28920    0     4.9    -2.1     5.8     7.8    47.7   337.0
2022 08 02  0803   59793   28980    0     4.8    -2.8     5.4     7.8    44.3   329.8
2022 08 02  0804   59793   29040    0     5.3    -3.3     4.8     7.9    38.0   328.3
2022 08 02  0805   59793   29100    0     4.9    -3.7     5.1     7.9    39.9   322.9
2022 08 02  0806   59793   29160    0     4.6    -3.2     5.5     7.8    44.3   324.9
2022 08 02  0807   59793   29220    0     5.3    -1.6     5.5     7.8    44.5   343.1
2022 08 02  0808   59793   29280    0     5.9    -0.8     5.4     8.0    42.2   352.7
2022 08 02  0809   59793   29340    0     6.0    -1.0     5.1     7.9    40.2   350.9
2022 08 02  0810   59793   29400    0     5.7    -1.0     5.4     7.9    42.8   349.9
2022 08 02  0811   59793   29460    0     5.9    -1.1     5.2     7.9    41.3   349.5
2022 08 02  0812   59793   29520    0     5.9    -0.4     5.3     7.9    41.7   356.5
2022 08 02  0813   59793   29580    0     5.8    -0.1     5.3     7.9    42.0   359.4
2022 08 02  0814   59793   29640    0     6.0     0.5     5.2     7.9    40.8     4.5
2022 08 02  0815   59793   29700    0     5.8    -0.1     5.2     7.8    42.2   359.2
2022 08 02  0816   59793   29760    0     6.0    -0.2     4.8     7.7    38.3   357.9
2022 08 02  0817   59793   29820    0     6.2    -0.8     4.6     7.7    36.5   353.0
2022 08 02  0818   59793   29880    0     6.1    -0.1     4.8     7.8    38.2   359.3
2022 08 02  0819   59793   29940    0     5.5    -0.9     5.5     7.9    44.8   350.3
2022 08 02  0820   59793   30000    0     5.4    -0.7     5.8     7.9    47.0   352.3
2022 08 02  0821   59793   30060    0     5.4    -0.5     5.8     7.9    46.7   354.5
2022 08 02  0822   59793   30120    0     5.4    -0.4     5.8     7.9    46.8   355.7
2022 08 02  0823   59793   30180    0     5.7    -0.9     5.6     8.0    44.3   351.4
2022 08 02  0824   59793   30240    0     5.4    -0.6     5.8     7.9    47.1   353.8
2022 08 02  0825   59793   30300    0     5.8    -0.8     5.3     7.9    41.9   351.9
2022 08 02  0826   59793   30360    0     6.0    -1.0     5.0     7.9    39.4   350.9
2022 08 02  0827   59793   30420    0     5.0    -1.1     5.9     7.9    49.1   347.7
2022 08 02  0828   59793   30480    0     5.1    -1.1     6.0     7.9    48.9   348.3
2022 08 02  0829   59793   30540    0     6.1    -1.3     5.0     8.0    38.6   347.8
2022 08 02  0830   59793   30600    0     5.6    -1.3     5.5     8.0    43.9   346.6
2022 08 02  0831   59793   30660    0     5.4    -1.3     5.8     8.0    46.3   346.0
2022 08 02  0832   59793   30720    0     5.0    -1.6     6.0     8.0    48.8   342.4
2022 08 02  0833   59793   30780    0     4.6    -0.9     6.4     7.9    53.5   349.5
2022 08 02  0834   59793   30840    0     4.6    -0.6     6.4     7.9    54.0   353.0
2022 08 02  0835   59793   30900    0     4.5    -0.4     6.5     7.9    55.5   354.2
2022 08 02  0836   59793   30960    0     5.0    -0.6     6.0     7.8    50.1   353.1
2022 08 02  0837   59793   31020    0     5.9    -1.4     4.6     7.7    37.3   346.3
2022 08 02  0838   59793   31080    0     4.8    -1.7     5.6     7.6    47.4   340.9
2022 08 02  0839   59793   31140    0     4.9    -1.9     5.4     7.5    45.7   339.0
2022 08 02  0840   59793   31200    0     5.7    -2.0     4.2     7.3    34.7   340.3
2022 08 02  0841   59793   31260    0     6.2    -2.4     3.0     7.3    24.3   338.6
2022 08 02  0842   59793   31320    0     5.5    -2.6     2.1     6.5    19.0   334.9
2022 08 02  0843   59793   31380    0     5.4    -2.4     1.9     6.2    18.1   335.6
2022 08 02  0844   59793   31440    0     5.6    -2.3     1.5     6.2    14.2   337.3
2022 08 02  0845   59793   31500    0     3.2    -2.2    -4.9     6.3   -51.5   325.1
2022 08 02  0846   59793   31560    0     3.2    -2.6    -4.9     6.4   -50.1   321.7
2022 08 02  0847   59793   31620    0     3.6    -2.9    -4.4     6.4   -43.7   321.6
2022 08 02  0848   59793   31680    0     3.9    -3.2    -4.1     6.5   -39.0   320.3
2022 08 02  0849   59793   31740    0     4.2    -4.1    -1.8     6.1   -16.7   316.3
2022 08 02  0850   59793   31800    0     4.1    -4.1    -2.1     6.2   -20.2   315.1
2022 08 02  0851   59793   31860    0     3.6    -3.9    -3.8     6.6   -35.4   313.1
2022 08 02  0852   59793   31920    0     2.9    -3.1    -5.0     6.5   -49.4   313.5
2022 08 02  0853   59793   31980    0     0.9    -3.1    -6.0     6.8   -61.7   286.4
2022 08 02  0854   59793   32040    0     0.8    -1.3    -6.6     6.8   -76.7   300.5
2022 08 02  0855   59793   32100    0     0.8    -2.1    -6.3     6.7   -70.6   291.8
2022 08 02  0856   59793   32160    0     0.2    -3.0    -6.2     6.9   -64.0   274.5
2022 08 02  0857   59793   32220    0     0.3    -2.2    -6.8     7.1   -71.8   276.9
2022 08 02  0858   59793   32280    0     0.2    -1.9    -7.0     7.3   -74.9   275.2
2022 08 02  0859   59793   32340    0    -0.5    -1.7    -7.0     7.3   -75.8   255.3
