:Data_list: 20220607_ace_mag_1m.txt
:Created: 2022 Jun 07 0901 UT
# Prepared by the U.S. Dept. of Commerce, NOAA, Space Weather Prediction Center
# Please send comments and suggestions to SWPC.Webmaster@noaa.gov 
# 
# Magnetometer values are in GSM coordinates.
# 
# Units: Bx, By, Bz, Bt in nT
# Units: Latitude  degrees +/-  90.0
# Units: Longitude degrees 0.0 - 360.0
# Status(S): 0 = nominal data, 1 to 8 = bad data record, 9 = no data
# Missing data values: -999.9
# Source: ACE Satellite - Magnetometer
#
#              1-minute averaged Real-time Interplanetary Magnetic Field Values 
# 
#                 Modified Seconds
# UT Date   Time  Julian   of the   ----------------  GSM Coordinates ---------------
# YR MO DA  HHMM    Day      Day    S     Bx      By      Bz      Bt     Lat.   Long.
#------------------------------------------------------------------------------------
2022 06 07  0000   59737       0    0    -5.5    -4.5    -5.0     8.7   -34.9   219.0
2022 06 07  0001   59737      60    0    -5.6    -4.4    -4.9     8.7   -34.6   218.1
2022 06 07  0002   59737     120    0    -5.7    -4.3    -5.0     8.7   -35.0   216.6
2022 06 07  0003   59737     180    0    -5.5    -4.5    -5.0     8.6   -35.0   219.0
2022 06 07  0004   59737     240    0    -5.9    -4.3    -5.2     9.0   -35.6   216.2
2022 06 07  0005   59737     300    0    -5.8    -4.3    -5.2     8.9   -35.5   216.5
2022 06 07  0006   59737     360    0    -5.7    -4.3    -5.3     8.9   -36.8   216.9
2022 06 07  0007   59737     420    0    -5.4    -4.7    -5.1     8.8   -35.5   221.0
2022 06 07  0008   59737     480    0    -5.0    -6.3    -4.3     9.1   -28.3   231.3
2022 06 07  0009   59737     540    0    -4.8    -6.9    -4.0     9.3   -25.7   235.5
2022 06 07  0010   59737     600    0    -4.7    -7.0    -4.0     9.3   -25.1   236.3
2022 06 07  0011   59737     660    0    -4.5    -7.3    -3.7     9.4   -23.6   238.8
2022 06 07  0012   59737     720    0    -4.5    -7.4    -3.8     9.5   -23.4   238.7
2022 06 07  0013   59737     780    0    -5.0    -6.9    -4.4     9.6   -27.1   233.9
2022 06 07  0014   59737     840    0    -5.6    -6.3    -4.8     9.7   -29.6   228.7
2022 06 07  0015   59737     900    0    -5.4    -6.5    -4.6     9.7   -28.4   230.2
2022 06 07  0016   59737     960    0    -5.5    -6.5    -4.5     9.6   -27.7   229.6
2022 06 07  0017   59737    1020    0    -5.6    -6.3    -4.5     9.6   -28.3   228.0
2022 06 07  0018   59737    1080    0    -5.6    -6.3    -4.5     9.5   -28.4   228.4
2022 06 07  0019   59737    1140    0    -5.5    -6.4    -4.4     9.6   -27.5   229.4
2022 06 07  0020   59737    1200    0    -5.6    -6.5    -4.3     9.6   -26.6   229.3
2022 06 07  0021   59737    1260    0    -5.8    -6.2    -4.6     9.7   -28.4   227.3
2022 06 07  0022   59737    1320    0    -5.8    -6.2    -4.6     9.7   -28.5   227.1
2022 06 07  0023   59737    1380    0    -5.8    -6.3    -4.6     9.7   -27.9   227.2
2022 06 07  0024   59737    1440    0    -5.7    -6.5    -4.4     9.7   -27.2   228.6
2022 06 07  0025   59737    1500    0    -6.0    -6.2    -4.4     9.7   -27.1   225.7
2022 06 07  0026   59737    1560    0    -5.9    -6.3    -4.5     9.7   -27.5   226.5
2022 06 07  0027   59737    1620    0    -5.6    -6.5    -4.4     9.7   -27.2   229.4
2022 06 07  0028   59737    1680    0    -6.0    -6.1    -4.4     9.6   -27.0   225.2
2022 06 07  0029   59737    1740    0    -5.9    -6.2    -4.2     9.6   -26.2   226.1
2022 06 07  0030   59737    1800    0    -5.9    -6.4    -4.1     9.6   -25.4   227.4
2022 06 07  0031   59737    1860    0    -5.5    -6.5    -4.6     9.7   -28.4   229.6
2022 06 07  0032   59737    1920    0    -5.5    -6.5    -4.5     9.6   -27.7   229.8
2022 06 07  0033   59737    1980    0    -5.6    -6.5    -4.4     9.6   -27.1   228.9
2022 06 07  0034   59737    2040    0    -5.7    -6.5    -4.3     9.6   -26.7   228.7
2022 06 07  0035   59737    2100    0    -5.6    -6.5    -4.5     9.6   -27.7   229.3
2022 06 07  0036   59737    2160    0    -5.3    -6.6    -4.7     9.7   -29.2   231.1
2022 06 07  0037   59737    2220    0    -5.3    -6.7    -4.6     9.7   -28.3   231.9
2022 06 07  0038   59737    2280    0    -5.3    -6.7    -4.5     9.7   -27.8   231.7
2022 06 07  0039   59737    2340    0    -5.4    -6.6    -4.5     9.7   -27.9   230.7
2022 06 07  0040   59737    2400    0    -5.5    -6.6    -4.5     9.7   -27.5   230.5
2022 06 07  0041   59737    2460    0    -5.4    -6.6    -4.5     9.7   -28.0   230.6
2022 06 07  0042   59737    2520    0    -5.3    -6.6    -4.5     9.6   -28.1   231.2
2022 06 07  0043   59737    2580    0    -5.2    -6.7    -4.5     9.6   -27.7   231.8
2022 06 07  0044   59737    2640    0    -5.3    -6.9    -4.4     9.7   -26.7   232.4
2022 06 07  0045   59737    2700    0    -5.1    -7.0    -4.5     9.8   -27.4   233.8
2022 06 07  0046   59737    2760    0    -5.0    -6.9    -4.7     9.8   -28.7   234.1
2022 06 07  0047   59737    2820    0    -5.0    -6.8    -4.8     9.7   -29.7   233.9
2022 06 07  0048   59737    2880    0    -5.3    -6.8    -4.6     9.7   -28.1   231.9
2022 06 07  0049   59737    2940    0    -5.2    -6.7    -4.8     9.8   -29.5   232.2
2022 06 07  0050   59737    3000    0    -5.1    -6.9    -4.7     9.8   -28.5   233.5
2022 06 07  0051   59737    3060    0    -5.1    -7.0    -4.5     9.8   -27.8   233.6
2022 06 07  0052   59737    3120    0    -4.8    -7.2    -4.4     9.7   -26.8   236.2
2022 06 07  0053   59737    3180    0    -4.9    -7.2    -4.4     9.7   -27.0   235.6
2022 06 07  0054   59737    3240    0    -4.9    -7.0    -4.7     9.7   -28.6   234.6
2022 06 07  0055   59737    3300    0    -4.9    -6.9    -4.7     9.7   -29.0   234.5
2022 06 07  0056   59737    3360    0    -5.0    -6.9    -4.7     9.7   -29.2   234.0
2022 06 07  0057   59737    3420    0    -5.2    -6.8    -4.6     9.7   -28.2   232.9
2022 06 07  0058   59737    3480    0    -5.2    -6.7    -4.7     9.7   -28.7   232.3
2022 06 07  0059   59737    3540    0    -5.3    -6.6    -4.8     9.7   -29.7   231.4
2022 06 07  0100   59737    3600    0    -5.3    -6.5    -4.8     9.7   -29.8   230.7
2022 06 07  0101   59737    3660    0    -5.5    -6.3    -4.8     9.7   -29.5   228.9
2022 06 07  0102   59737    3720    0    -5.5    -6.3    -4.8     9.7   -29.6   229.0
2022 06 07  0103   59737    3780    0    -5.0    -6.9    -4.6     9.7   -28.2   234.2
2022 06 07  0104   59737    3840    0    -4.8    -7.2    -4.4     9.7   -26.7   236.6
2022 06 07  0105   59737    3900    0    -5.0    -6.9    -4.4     9.6   -27.4   233.9
2022 06 07  0106   59737    3960    0    -5.1    -6.8    -4.5     9.6   -28.1   233.1
2022 06 07  0107   59737    4020    0    -5.1    -6.8    -4.5     9.6   -27.9   233.4
2022 06 07  0108   59737    4080    0    -5.0    -6.9    -4.4     9.6   -27.5   233.7
2022 06 07  0109   59737    4140    0    -5.0    -6.9    -4.3     9.6   -27.0   234.0
2022 06 07  0110   59737    4200    0    -4.9    -7.0    -4.3     9.6   -26.7   235.2
2022 06 07  0111   59737    4260    0    -4.8    -7.1    -4.1     9.5   -25.7   235.8
2022 06 07  0112   59737    4320    0    -4.8    -7.1    -4.0     9.5   -25.3   236.2
2022 06 07  0113   59737    4380    0    -4.8    -7.2    -4.0     9.5   -25.1   236.4
2022 06 07  0114   59737    4440    0    -4.7    -7.2    -4.1     9.5   -25.3   237.0
2022 06 07  0115   59737    4500    0    -4.7    -7.3    -3.8     9.5   -23.5   237.3
2022 06 07  0116   59737    4560    0    -4.7    -7.1    -4.1     9.4   -25.8   236.5
2022 06 07  0117   59737    4620    0    -4.6    -7.2    -4.0     9.5   -25.2   237.2
2022 06 07  0118   59737    4680    0    -4.6    -7.2    -4.0     9.5   -24.9   237.4
2022 06 07  0119   59737    4740    0    -4.6    -7.2    -3.9     9.4   -24.3   237.3
2022 06 07  0120   59737    4800    0    -4.8    -7.3    -3.6     9.5   -22.1   236.7
2022 06 07  0121   59737    4860    0    -4.9    -7.4    -3.3     9.5   -20.5   236.7
2022 06 07  0122   59737    4920    0    -4.9    -7.5    -3.4     9.5   -21.0   236.8
2022 06 07  0123   59737    4980    0    -4.6    -7.3    -4.0     9.5   -24.7   237.4
2022 06 07  0124   59737    5040    0    -4.6    -7.1    -4.2     9.5   -26.1   237.1
2022 06 07  0125   59737    5100    0    -4.6    -7.2    -4.1     9.5   -25.7   237.1
2022 06 07  0126   59737    5160    0    -4.7    -7.5    -3.8     9.6   -23.3   237.9
2022 06 07  0127   59737    5220    0    -4.6    -7.5    -3.8     9.6   -23.1   238.6
2022 06 07  0128   59737    5280    0    -4.4    -7.3    -4.3     9.6   -26.7   238.7
2022 06 07  0129   59737    5340    0    -4.7    -6.5    -5.1     9.6   -32.5   234.2
2022 06 07  0130   59737    5400    0    -5.3    -7.3    -3.3     9.6   -20.0   234.0
2022 06 07  0131   59737    5460    0    -4.9    -7.1    -4.2     9.6   -26.0   235.0
2022 06 07  0132   59737    5520    0    -4.8    -7.2    -4.0     9.6   -25.0   236.0
2022 06 07  0133   59737    5580    0    -4.9    -7.1    -4.0     9.5   -24.5   235.5
2022 06 07  0134   59737    5640    0    -5.0    -6.9    -4.3     9.5   -26.6   234.0
2022 06 07  0135   59737    5700    0    -5.0    -7.1    -3.9     9.5   -24.2   235.1
2022 06 07  0136   59737    5760    0    -4.8    -7.2    -4.0     9.5   -24.6   236.0
2022 06 07  0137   59737    5820    0    -4.6    -7.3    -4.0     9.5   -25.1   238.0
2022 06 07  0138   59737    5880    0    -4.4    -7.4    -3.9     9.5   -24.5   239.3
2022 06 07  0139   59737    5940    0    -4.3    -7.5    -4.0     9.5   -24.9   240.3
2022 06 07  0140   59737    6000    0    -4.5    -7.4    -4.1     9.5   -25.3   238.9
2022 06 07  0141   59737    6060    0    -4.4    -7.3    -4.0     9.5   -25.0   238.8
2022 06 07  0142   59737    6120    0    -4.4    -7.4    -4.1     9.5   -25.2   239.1
2022 06 07  0143   59737    6180    0    -4.4    -7.1    -4.5     9.5   -28.6   238.0
2022 06 07  0144   59737    6240    0    -4.7    -7.0    -4.4     9.5   -27.8   236.3
2022 06 07  0145   59737    6300    0    -4.7    -7.1    -4.3     9.5   -26.6   236.8
2022 06 07  0146   59737    6360    0    -4.8    -7.0    -4.2     9.5   -26.3   235.7
2022 06 07  0147   59737    6420    0    -4.2    -6.9    -5.0     9.5   -31.9   238.3
2022 06 07  0148   59737    6480    0    -4.6    -6.6    -5.1     9.5   -32.1   235.1
2022 06 07  0149   59737    6540    0    -4.6    -6.7    -5.0     9.5   -31.7   235.5
2022 06 07  0150   59737    6600    0    -4.7    -6.8    -4.8     9.5   -30.0   235.7
2022 06 07  0151   59737    6660    0    -4.4    -7.0    -4.8     9.5   -30.2   237.6
2022 06 07  0152   59737    6720    0    -4.6    -6.9    -4.8     9.5   -29.9   236.2
2022 06 07  0153   59737    6780    0    -4.9    -6.8    -4.6     9.5   -28.8   234.0
2022 06 07  0154   59737    6840    0    -5.1    -6.9    -4.1     9.6   -25.7   233.4
2022 06 07  0155   59737    6900    0    -5.1    -7.0    -4.1     9.6   -25.5   233.7
2022 06 07  0156   59737    6960    0    -5.1    -7.0    -4.2     9.6   -25.6   233.6
2022 06 07  0157   59737    7020    0    -4.9    -7.0    -4.2     9.6   -26.2   234.9
2022 06 07  0158   59737    7080    0    -4.7    -6.9    -4.7     9.6   -29.5   235.7
2022 06 07  0159   59737    7140    0    -4.6    -6.8    -4.9     9.6   -30.9   235.6
2022 06 07  0200   59737    7200    0    -4.7    -6.8    -4.8     9.6   -30.1   235.2
2022 06 07  0201   59737    7260    0    -4.8    -6.6    -5.0     9.6   -31.3   234.1
2022 06 07  0202   59737    7320    0    -4.8    -6.4    -5.3     9.6   -33.5   233.3
2022 06 07  0203   59737    7380    0    -4.7    -6.4    -5.4     9.6   -34.1   233.4
2022 06 07  0204   59737    7440    0    -4.7    -6.2    -5.6     9.6   -35.5   233.0
2022 06 07  0205   59737    7500    0    -4.6    -6.1    -5.6     9.5   -36.0   232.9
2022 06 07  0206   59737    7560    0    -4.6    -6.0    -5.8     9.5   -37.4   232.8
2022 06 07  0207   59737    7620    0    -4.6    -6.0    -5.8     9.6   -37.5   232.8
2022 06 07  0208   59737    7680    0    -4.9    -6.1    -5.6     9.6   -35.6   231.2
2022 06 07  0209   59737    7740    0    -5.0    -5.9    -5.6     9.6   -36.0   229.5
2022 06 07  0210   59737    7800    0    -5.0    -5.9    -5.6     9.5   -35.9   229.4
2022 06 07  0211   59737    7860    0    -4.8    -6.0    -5.4     9.3   -35.2   231.3
2022 06 07  0212   59737    7920    0    -4.7    -5.0    -6.3     9.3   -42.8   226.8
2022 06 07  0213   59737    7980    0    -4.8    -4.6    -6.5     9.2   -44.4   224.0
2022 06 07  0214   59737    8040    0    -4.6    -4.8    -6.2     9.2   -42.9   226.3
2022 06 07  0215   59737    8100    0    -4.6    -5.0    -6.3     9.2   -42.8   227.2
2022 06 07  0216   59737    8160    0    -4.6    -5.1    -6.2     9.3   -42.2   227.5
2022 06 07  0217   59737    8220    0    -4.6    -5.0    -6.2     9.3   -42.3   227.4
2022 06 07  0218   59737    8280    0    -4.6    -4.9    -6.0     9.0   -41.9   226.8
2022 06 07  0219   59737    8340    0    -4.6    -4.9    -5.9     9.0   -41.5   227.2
2022 06 07  0220   59737    8400    0    -4.7    -4.8    -6.1     9.1   -42.1   225.5
2022 06 07  0221   59737    8460    0    -4.6    -4.7    -6.1     8.9   -42.6   225.5
2022 06 07  0222   59737    8520    0    -4.5    -4.9    -6.0     9.0   -41.8   227.6
2022 06 07  0223   59737    8580    0    -4.5    -4.9    -6.0     8.9   -42.5   227.5
2022 06 07  0224   59737    8640    0    -4.4    -4.7    -6.1     8.8   -43.6   226.6
2022 06 07  0225   59737    8700    0    -4.5    -4.5    -6.2     8.9   -44.4   225.4
2022 06 07  0226   59737    8760    0    -4.5    -4.6    -6.2     8.9   -43.8   225.7
2022 06 07  0227   59737    8820    0    -4.4    -4.4    -6.6     9.0   -46.5   224.7
2022 06 07  0228   59737    8880    0    -4.5    -4.4    -6.5     9.0   -45.6   224.5
2022 06 07  0229   59737    8940    0    -4.4    -4.3    -6.5     9.0   -46.4   224.1
2022 06 07  0230   59737    9000    0    -4.2    -4.1    -6.5     8.7   -47.9   224.1
2022 06 07  0231   59737    9060    0    -4.1    -4.0    -6.2     8.4   -47.2   224.1
2022 06 07  0232   59737    9120    0    -4.1    -4.0    -5.8     8.2   -45.4   224.4
2022 06 07  0233   59737    9180    0    -3.2    -3.0    -2.6     5.1   -31.1   223.0
2022 06 07  0234   59737    9240    0    -3.0    -2.4    -3.2     5.0   -40.1   218.6
2022 06 07  0235   59737    9300    9  -999.9  -999.9  -999.9  -999.9  -999.9  -999.9
2022 06 07  0236   59737    9360    9  -999.9  -999.9  -999.9  -999.9  -999.9  -999.9
2022 06 07  0237   59737    9420    0    -3.1    -3.3    -3.3     5.6   -36.5   227.0
2022 06 07  0238   59737    9480    0    -4.1    -1.1    -4.7     6.4   -48.0   194.7
2022 06 07  0239   59737    9540    0    -3.0    -2.0    -3.6     5.1   -44.6   213.6
2022 06 07  0240   59737    9600    0    -4.3    -3.0    -4.0     6.6   -37.3   214.6
2022 06 07  0241   59737    9660    9  -999.9  -999.9  -999.9  -999.9  -999.9  -999.9
2022 06 07  0242   59737    9720    9  -999.9  -999.9  -999.9  -999.9  -999.9  -999.9
2022 06 07  0243   59737    9780    9  -999.9  -999.9  -999.9  -999.9  -999.9  -999.9
2022 06 07  0244   59737    9840    9  -999.9  -999.9  -999.9  -999.9  -999.9  -999.9
2022 06 07  0245   59737    9900    9  -999.9  -999.9  -999.9  -999.9  -999.9  -999.9
2022 06 07  0246   59737    9960    9  -999.9  -999.9  -999.9  -999.9  -999.9  -999.9
2022 06 07  0247   59737   10020    9  -999.9  -999.9  -999.9  -999.9  -999.9  -999.9
2022 06 07  0248   59737   10080    9  -999.9  -999.9  -999.9  -999.9  -999.9  -999.9
2022 06 07  0249   59737   10140    9  -999.9  -999.9  -999.9  -999.9  -999.9  -999.9
2022 06 07  0250   59737   10200    9  -999.9  -999.9  -999.9  -999.9  -999.9  -999.9
2022 06 07  0251   59737   10260    9  -999.9  -999.9  -999.9  -999.9  -999.9  -999.9
2022 06 07  0252   59737   10320    9  -999.9  -999.9  -999.9  -999.9  -999.9  -999.9
2022 06 07  0253   59737   10380    9  -999.9  -999.9  -999.9  -999.9  -999.9  -999.9
2022 06 07  0254   59737   10440    9  -999.9  -999.9  -999.9  -999.9  -999.9  -999.9
2022 06 07  0255   59737   10500    9  -999.9  -999.9  -999.9  -999.9  -999.9  -999.9
2022 06 07  0256   59737   10560    9  -999.9  -999.9  -999.9  -999.9  -999.9  -999.9
2022 06 07  0257   59737   10620    0    -3.7    -3.6    -6.7     8.5   -52.0   224.3
2022 06 07  0258   59737   10680    0    -3.8    -3.5    -6.8     8.6   -53.0   222.2
2022 06 07  0259   59737   10740    0    -3.9    -3.1    -7.1     8.7   -54.7   218.6
2022 06 07  0300   59737   10800    0    -3.8    -3.1    -7.1     8.7   -55.4   218.6
2022 06 07  0301   59737   10860    0    -3.9    -2.9    -7.2     8.7   -55.9   216.7
2022 06 07  0302   59737   10920    0    -3.7    -2.9    -7.0     8.4   -56.1   218.6
2022 06 07  0303   59737   10980    0    -4.0    -3.3    -6.6     8.4   -51.9   219.5
2022 06 07  0304   59737   11040    0    -3.9    -3.3    -6.9     8.6   -53.2   219.9
2022 06 07  0305   59737   11100    0    -3.7    -3.0    -7.2     8.6   -56.6   219.4
2022 06 07  0306   59737   11160    0    -3.5    -2.9    -7.0     8.4   -56.9   219.3
2022 06 07  0307   59737   11220    0    -2.9    -2.8    -7.2     8.2   -61.1   224.0
2022 06 07  0308   59737   11280    0    -3.3    -2.9    -7.0     8.3   -57.8   220.8
2022 06 07  0309   59737   11340    0    -3.6    -2.7    -6.6     7.9   -55.6   217.5
2022 06 07  0310   59737   11400    0    -3.8    -2.8    -6.4     7.9   -53.9   216.2
2022 06 07  0311   59737   11460    0    -3.7    -2.8    -6.4     7.9   -54.2   216.6
2022 06 07  0312   59737   11520    0    -3.7    -2.7    -6.5     8.0   -54.6   216.1
2022 06 07  0313   59737   11580    0    -3.6    -2.0    -7.2     8.3   -60.5   209.6
2022 06 07  0314   59737   11640    0    -3.3    -2.0    -7.3     8.3   -62.2   210.6
2022 06 07  0315   59737   11700    0    -3.4    -1.9    -7.3     8.2   -62.0   209.8
2022 06 07  0316   59737   11760    0    -3.4    -1.7    -7.3     8.3   -62.5   207.2
2022 06 07  0317   59737   11820    0    -3.3    -1.7    -7.4     8.3   -63.2   207.5
2022 06 07  0318   59737   11880    0    -3.3    -1.9    -7.4     8.3   -63.0   210.3
2022 06 07  0319   59737   11940    0    -3.1    -1.7    -7.5     8.3   -64.8   208.9
2022 06 07  0320   59737   12000    0    -3.0    -1.8    -7.4     8.2   -64.7   210.9
2022 06 07  0321   59737   12060    0    -3.1    -1.9    -7.4     8.2   -64.2   211.6
2022 06 07  0322   59737   12120    0    -3.0    -2.0    -7.3     8.2   -63.7   213.6
2022 06 07  0323   59737   12180    0    -2.9    -1.8    -7.4     8.2   -65.2   212.2
2022 06 07  0324   59737   12240    0    -3.1    -2.0    -7.3     8.2   -63.5   212.9
2022 06 07  0325   59737   12300    0    -3.4    -2.6    -7.0     8.2   -58.6   217.4
2022 06 07  0326   59737   12360    0    -3.3    -2.2    -7.1     8.1   -61.2   213.6
2022 06 07  0327   59737   12420    0    -2.9    -1.9    -7.4     8.1   -64.9   212.6
2022 06 07  0328   59737   12480    0    -6.4     1.1     1.8     6.7    15.9   170.5
2022 06 07  0329   59737   12540    9  -999.9  -999.9  -999.9  -999.9  -999.9  -999.9
2022 06 07  0330   59737   12600    9  -999.9  -999.9  -999.9  -999.9  -999.9  -999.9
2022 06 07  0331   59737   12660    9  -999.9  -999.9  -999.9  -999.9  -999.9  -999.9
2022 06 07  0332   59737   12720    9  -999.9  -999.9  -999.9  -999.9  -999.9  -999.9
2022 06 07  0333   59737   12780    9  -999.9  -999.9  -999.9  -999.9  -999.9  -999.9
2022 06 07  0334   59737   12840    9  -999.9  -999.9  -999.9  -999.9  -999.9  -999.9
2022 06 07  0335   59737   12900    9  -999.9  -999.9  -999.9  -999.9  -999.9  -999.9
2022 06 07  0336   59737   12960    9  -999.9  -999.9  -999.9  -999.9  -999.9  -999.9
2022 06 07  0337   59737   13020    9  -999.9  -999.9  -999.9  -999.9  -999.9  -999.9
2022 06 07  0338   59737   13080    9  -999.9  -999.9  -999.9  -999.9  -999.9  -999.9
2022 06 07  0339   59737   13140    9  -999.9  -999.9  -999.9  -999.9  -999.9  -999.9
2022 06 07  0340   59737   13200    9  -999.9  -999.9  -999.9  -999.9  -999.9  -999.9
2022 06 07  0341   59737   13260    9  -999.9  -999.9  -999.9  -999.9  -999.9  -999.9
2022 06 07  0342   59737   13320    9  -999.9  -999.9  -999.9  -999.9  -999.9  -999.9
2022 06 07  0343   59737   13380    9  -999.9  -999.9  -999.9  -999.9  -999.9  -999.9
2022 06 07  0344   59737   13440    9  -999.9  -999.9  -999.9  -999.9  -999.9  -999.9
2022 06 07  0345   59737   13500    9  -999.9  -999.9  -999.9  -999.9  -999.9  -999.9
2022 06 07  0346   59737   13560    9  -999.9  -999.9  -999.9  -999.9  -999.9  -999.9
2022 06 07  0347   59737   13620    9  -999.9  -999.9  -999.9  -999.9  -999.9  -999.9
2022 06 07  0348   59737   13680    0    -2.7    -1.4    -6.8     7.4   -66.1   206.8
2022 06 07  0349   59737   13740    0    -3.0    -1.8    -5.8     6.8   -58.9   210.9
2022 06 07  0350   59737   13800    0    -2.5    -1.9    -6.6     7.3   -64.7   217.6
2022 06 07  0351   59737   13860    0    -2.5    -2.0    -6.7     7.4   -64.0   218.6
2022 06 07  0352   59737   13920    0    -2.7    -2.2    -6.6     7.4   -62.0   218.6
2022 06 07  0353   59737   13980    0    -2.8    -2.5    -6.6     7.6   -60.3   221.6
2022 06 07  0354   59737   14040    0    -2.6    -2.6    -6.5     7.5   -60.5   224.7
2022 06 07  0355   59737   14100    0    -2.9    -2.6    -6.3     7.4   -58.0   222.6
2022 06 07  0356   59737   14160    0    -2.7    -2.6    -5.8     6.9   -57.5   224.1
2022 06 07  0357   59737   14220    9  -999.9  -999.9  -999.9  -999.9  -999.9  -999.9
2022 06 07  0358   59737   14280    0    -2.9    -3.2    -5.8     7.2   -52.8   227.7
2022 06 07  0359   59737   14340    9  -999.9  -999.9  -999.9  -999.9  -999.9  -999.9
2022 06 07  0400   59737   14400    9  -999.9  -999.9  -999.9  -999.9  -999.9  -999.9
2022 06 07  0401   59737   14460    0    -3.2    -2.5    -5.6     6.9   -53.8   217.6
2022 06 07  0402   59737   14520    0    -3.3    -2.5    -5.9     7.2   -54.7   217.7
2022 06 07  0403   59737   14580    0    -3.1    -2.7    -5.7     7.0   -54.2   220.7
2022 06 07  0404   59737   14640    0    -3.0    -2.9    -5.5     6.9   -52.9   224.7
2022 06 07  0405   59737   14700    0    -2.9    -3.5    -5.5     7.1   -50.7   230.7
2022 06 07  0406   59737   14760    0    -2.9    -3.6    -5.6     7.3   -50.6   231.2
2022 06 07  0407   59737   14820    0    -2.7    -3.5    -5.5     7.1   -51.3   232.5
2022 06 07  0408   59737   14880    0    -2.7    -3.5    -5.4     7.0   -50.6   232.9
2022 06 07  0409   59737   14940    0    -3.0    -3.7    -5.7     7.5   -50.0   230.7
2022 06 07  0410   59737   15000    0    -3.0    -3.8    -5.5     7.3   -48.5   231.7
2022 06 07  0411   59737   15060    0    -3.1    -3.5    -5.8     7.5   -51.1   227.9
2022 06 07  0412   59737   15120    0    -3.2    -3.0    -6.1     7.6   -54.5   224.0
2022 06 07  0413   59737   15180    0    -3.1    -3.0    -6.1     7.5   -54.9   224.3
2022 06 07  0414   59737   15240    0    -3.2    -3.2    -6.1     7.5   -53.4   224.5
2022 06 07  0415   59737   15300    0    -3.3    -3.2    -6.1     7.6   -52.8   224.7
2022 06 07  0416   59737   15360    0    -3.4    -3.9    -5.6     7.7   -47.3   229.3
2022 06 07  0417   59737   15420    0    -2.8    -4.6    -5.6     7.8   -46.0   238.5
2022 06 07  0418   59737   15480    0    -3.2    -4.6    -5.4     7.8   -44.2   235.5
2022 06 07  0419   59737   15540    0    -3.1    -5.8    -4.6     8.1   -35.1   242.0
2022 06 07  0420   59737   15600    0    -3.1    -5.9    -4.7     8.2   -35.0   241.9
2022 06 07  0421   59737   15660    0    -3.1    -5.9    -4.9     8.2   -36.3   242.2
2022 06 07  0422   59737   15720    0    -3.2    -5.9    -5.0     8.4   -36.3   241.7
2022 06 07  0423   59737   15780    0    -3.2    -5.9    -4.9     8.3   -36.4   241.7
2022 06 07  0424   59737   15840    0    -3.2    -6.0    -4.8     8.3   -35.1   241.7
2022 06 07  0425   59737   15900    0    -3.4    -6.0    -4.9     8.4   -35.2   240.7
2022 06 07  0426   59737   15960    0    -3.5    -6.1    -4.8     8.5   -34.5   240.3
2022 06 07  0427   59737   16020    0    -3.4    -6.1    -4.7     8.5   -33.7   240.7
2022 06 07  0428   59737   16080    0    -3.5    -6.3    -4.6     8.5   -32.5   240.4
2022 06 07  0429   59737   16140    0    -3.6    -6.3    -4.4     8.5   -31.1   240.6
2022 06 07  0430   59737   16200    0    -3.6    -6.3    -4.5     8.5   -31.7   240.3
2022 06 07  0431   59737   16260    0    -3.0    -6.0    -5.1     8.4   -37.3   243.1
2022 06 07  0432   59737   16320    0    -3.4    -6.3    -4.7     8.5   -33.3   241.2
2022 06 07  0433   59737   16380    0    -3.3    -6.1    -5.0     8.6   -35.7   241.2
2022 06 07  0434   59737   16440    0    -3.2    -5.9    -5.0     8.4   -36.9   241.2
2022 06 07  0435   59737   16500    0    -3.1    -5.9    -4.9     8.2   -36.4   242.2
2022 06 07  0436   59737   16560    0    -3.0    -6.1    -4.8     8.3   -35.3   243.7
2022 06 07  0437   59737   16620    0    -2.9    -6.1    -4.9     8.3   -35.7   244.9
2022 06 07  0438   59737   16680    0    -2.9    -6.1    -4.9     8.3   -35.9   244.2
2022 06 07  0439   59737   16740    0    -3.0    -6.0    -5.0     8.4   -36.9   243.3
2022 06 07  0440   59737   16800    0    -3.0    -5.8    -5.2     8.4   -38.6   243.1
2022 06 07  0441   59737   16860    0    -3.0    -5.9    -5.1     8.3   -37.5   242.8
2022 06 07  0442   59737   16920    0    -3.2    -5.8    -5.0     8.3   -37.0   241.5
2022 06 07  0443   59737   16980    0    -3.3    -6.1    -4.7     8.3   -34.2   241.6
2022 06 07  0444   59737   17040    0    -3.4    -6.1    -4.5     8.3   -32.4   240.8
2022 06 07  0445   59737   17100    0    -3.2    -6.1    -5.0     8.5   -36.1   242.3
2022 06 07  0446   59737   17160    0    -3.3    -6.1    -5.0     8.6   -35.6   241.6
2022 06 07  0447   59737   17220    0    -3.3    -5.9    -5.2     8.5   -37.5   241.0
2022 06 07  0448   59737   17280    0    -3.4    -6.0    -5.2     8.6   -37.4   240.3
2022 06 07  0449   59737   17340    0    -3.5    -6.1    -5.1     8.7   -36.1   239.7
2022 06 07  0450   59737   17400    0    -3.6    -6.1    -4.9     8.7   -34.3   239.3
2022 06 07  0451   59737   17460    0    -3.5    -6.0    -5.0     8.6   -35.8   239.4
2022 06 07  0452   59737   17520    0    -3.5    -6.0    -5.0     8.6   -35.5   239.5
2022 06 07  0453   59737   17580    0    -3.5    -6.0    -5.0     8.6   -35.8   239.3
2022 06 07  0454   59737   17640    0    -3.4    -5.9    -5.2     8.5   -37.1   239.7
2022 06 07  0455   59737   17700    0    -3.5    -5.6    -5.5     8.6   -39.6   238.4
2022 06 07  0456   59737   17760    0    -3.3    -5.6    -5.5     8.5   -40.1   239.5
2022 06 07  0457   59737   17820    0    -3.3    -5.6    -5.6     8.6   -40.8   239.2
2022 06 07  0458   59737   17880    0    -3.2    -5.4    -5.7     8.4   -42.2   239.3
2022 06 07  0459   59737   17940    0    -3.1    -5.4    -5.7     8.4   -42.4   239.7
2022 06 07  0500   59737   18000    0    -3.0    -5.3    -5.7     8.3   -43.1   240.1
2022 06 07  0501   59737   18060    0    -2.9    -4.9    -6.1     8.3   -46.9   239.5
2022 06 07  0502   59737   18120    0    -2.9    -4.7    -6.2     8.3   -48.2   238.0
2022 06 07  0503   59737   18180    0    -2.7    -4.0    -6.5     8.1   -53.4   236.2
2022 06 07  0504   59737   18240    0    -2.7    -4.1    -6.4     8.1   -52.9   236.2
2022 06 07  0505   59737   18300    0    -2.7    -4.3    -6.3     8.1   -51.1   237.6
2022 06 07  0506   59737   18360    0    -2.8    -4.1    -6.4     8.1   -52.1   236.0
2022 06 07  0507   59737   18420    0    -2.7    -4.0    -6.5     8.1   -53.5   236.3
2022 06 07  0508   59737   18480    0    -2.6    -4.2    -6.4     8.1   -52.4   238.0
2022 06 07  0509   59737   18540    0    -2.5    -3.8    -6.6     8.1   -55.2   236.4
2022 06 07  0510   59737   18600    0    -2.6    -3.5    -6.8     8.1   -57.5   232.8
2022 06 07  0511   59737   18660    0    -2.6    -3.2    -6.9     8.0   -59.3   231.3
2022 06 07  0512   59737   18720    0    -2.6    -3.1    -6.9     8.0   -59.7   229.9
2022 06 07  0513   59737   18780    0    -2.7    -2.9    -7.0     8.1   -60.6   227.1
2022 06 07  0514   59737   18840    0    -2.7    -3.3    -6.9     8.1   -58.5   230.9
2022 06 07  0515   59737   18900    0    -2.7    -3.4    -6.7     7.9   -57.0   231.7
2022 06 07  0516   59737   18960    0    -2.7    -3.3    -6.8     8.0   -57.6   230.9
2022 06 07  0517   59737   19020    0    -2.7    -3.2    -6.7     8.0   -57.8   229.6
2022 06 07  0518   59737   19080    0    -2.8    -3.3    -6.6     7.9   -56.8   230.0
2022 06 07  0519   59737   19140    0    -2.4    -3.9    -6.5     7.9   -54.8   238.1
2022 06 07  0520   59737   19200    0    -2.2    -4.0    -6.5     7.9   -54.8   241.8
2022 06 07  0521   59737   19260    0    -2.2    -4.2    -6.3     7.9   -53.3   242.1
2022 06 07  0522   59737   19320    0    -2.1    -4.4    -6.2     7.9   -51.8   244.0
2022 06 07  0523   59737   19380    0    -2.1    -4.4    -6.2     7.9   -52.0   244.5
2022 06 07  0524   59737   19440    0    -2.0    -4.3    -6.2     7.8   -52.7   244.9
2022 06 07  0525   59737   19500    0    -2.0    -4.1    -6.3     7.8   -53.8   244.5
2022 06 07  0526   59737   19560    0    -1.9    -4.3    -6.2     7.8   -52.7   246.1
2022 06 07  0527   59737   19620    0    -1.7    -4.0    -6.5     7.8   -56.2   247.5
2022 06 07  0528   59737   19680    0    -1.8    -4.2    -6.3     7.8   -54.3   246.8
2022 06 07  0529   59737   19740    0    -1.8    -4.2    -6.3     7.8   -54.1   246.6
2022 06 07  0530   59737   19800    0    -1.5    -4.1    -6.4     7.7   -55.8   249.7
2022 06 07  0531   59737   19860    0    -1.4    -4.4    -6.2     7.7   -53.3   251.8
2022 06 07  0532   59737   19920    0    -2.1    -3.9    -6.4     7.8   -55.3   241.6
2022 06 07  0533   59737   19980    0    -2.3    -4.8    -5.9     7.9   -48.0   244.5
2022 06 07  0534   59737   20040    0    -2.2    -4.8    -5.7     7.8   -47.1   245.5
2022 06 07  0535   59737   20100    0    -2.2    -4.6    -5.8     7.7   -48.7   244.8
2022 06 07  0536   59737   20160    0    -2.2    -4.7    -5.6     7.6   -47.2   245.1
2022 06 07  0537   59737   20220    0    -2.3    -4.7    -5.5     7.6   -46.2   244.1
2022 06 07  0538   59737   20280    0    -2.6    -4.5    -5.7     7.7   -47.8   240.3
2022 06 07  0539   59737   20340    0    -2.8    -4.1    -5.9     7.7   -50.2   236.0
2022 06 07  0540   59737   20400    0    -2.6    -4.1    -6.0     7.7   -51.0   237.0
2022 06 07  0541   59737   20460    0    -2.8    -4.2    -5.8     7.7   -48.9   235.7
2022 06 07  0542   59737   20520    0    -2.5    -4.6    -5.6     7.6   -47.0   241.5
2022 06 07  0543   59737   20580    0    -2.3    -5.2    -5.3     7.7   -43.0   246.2
2022 06 07  0544   59737   20640    0    -2.3    -4.7    -5.6     7.7   -47.4   244.1
2022 06 07  0545   59737   20700    0    -2.4    -4.4    -5.8     7.7   -49.3   241.6
2022 06 07  0546   59737   20760    0    -2.4    -4.9    -5.5     7.7   -45.3   244.2
2022 06 07  0547   59737   20820    0    -2.2    -5.2    -5.2     7.7   -42.8   247.1
2022 06 07  0548   59737   20880    0    -2.4    -5.2    -5.2     7.8   -42.3   245.5
2022 06 07  0549   59737   20940    0    -2.3    -5.0    -5.5     7.8   -44.8   245.0
2022 06 07  0550   59737   21000    0    -2.6    -4.8    -5.6     7.8   -45.6   241.7
2022 06 07  0551   59737   21060    0    -2.4    -4.8    -5.6     7.8   -46.0   243.3
2022 06 07  0552   59737   21120    0    -2.2    -5.0    -5.5     7.8   -45.1   246.4
2022 06 07  0553   59737   21180    0    -1.8    -5.1    -5.5     7.8   -45.4   250.7
2022 06 07  0554   59737   21240    0    -2.1    -5.1    -5.5     7.8   -44.7   247.9
2022 06 07  0555   59737   21300    0    -2.2    -5.0    -5.6     7.8   -45.5   245.9
2022 06 07  0556   59737   21360    0    -2.4    -5.0    -5.5     7.8   -44.8   244.2
2022 06 07  0557   59737   21420    0    -2.4    -5.2    -5.3     7.7   -42.7   245.2
2022 06 07  0558   59737   21480    0    -2.7    -4.9    -5.3     7.7   -43.2   240.7
2022 06 07  0559   59737   21540    0    -2.5    -5.2    -5.1     7.7   -41.4   244.7
2022 06 07  0600   59737   21600    0    -2.4    -5.2    -5.0     7.6   -41.6   245.1
2022 06 07  0601   59737   21660    0    -2.0    -5.4    -4.9     7.6   -40.6   250.1
2022 06 07  0602   59737   21720    0    -1.8    -5.3    -5.2     7.6   -42.6   251.2
2022 06 07  0603   59737   21780    0    -2.1    -5.0    -5.4     7.7   -44.4   247.0
2022 06 07  0604   59737   21840    0    -2.2    -4.6    -5.8     7.7   -48.5   244.7
2022 06 07  0605   59737   21900    0    -2.4    -4.5    -5.8     7.7   -48.8   241.9
2022 06 07  0606   59737   21960    0    -2.4    -4.4    -5.9     7.7   -49.7   241.1
2022 06 07  0607   59737   22020    0    -2.1    -4.4    -6.0     7.7   -51.0   245.0
2022 06 07  0608   59737   22080    0    -2.2    -4.4    -6.0     7.7   -50.5   243.8
2022 06 07  0609   59737   22140    0    -2.3    -4.5    -5.8     7.7   -49.1   243.6
2022 06 07  0610   59737   22200    0    -2.4    -4.7    -5.7     7.7   -47.2   243.1
2022 06 07  0611   59737   22260    0    -2.2    -4.6    -5.8     7.7   -48.6   244.6
2022 06 07  0612   59737   22320    0    -2.0    -4.6    -5.8     7.7   -48.8   246.2
2022 06 07  0613   59737   22380    0    -2.0    -4.9    -5.6     7.7   -46.9   248.1
2022 06 07  0614   59737   22440    0    -2.2    -4.6    -5.7     7.7   -47.8   244.2
2022 06 07  0615   59737   22500    0    -2.2    -4.8    -5.5     7.6   -46.6   244.9
2022 06 07  0616   59737   22560    0    -2.0    -5.1    -5.3     7.6   -44.3   248.2
2022 06 07  0617   59737   22620    0    -2.1    -5.1    -5.4     7.7   -44.7   247.1
2022 06 07  0618   59737   22680    0    -2.0    -5.0    -5.3     7.5   -44.8   248.5
2022 06 07  0619   59737   22740    0    -1.8    -4.9    -5.3     7.4   -45.1   250.1
2022 06 07  0620   59737   22800    0    -1.7    -5.1    -5.1     7.4   -43.8   251.6
2022 06 07  0621   59737   22860    0    -1.9    -5.1    -5.1     7.5   -43.1   249.8
2022 06 07  0622   59737   22920    0    -2.1    -5.0    -5.1     7.5   -43.7   246.8
2022 06 07  0623   59737   22980    0    -2.0    -4.9    -5.1     7.3   -43.5   247.8
2022 06 07  0624   59737   23040    0    -1.8    -5.1    -4.9     7.3   -42.1   251.2
2022 06 07  0625   59737   23100    0    -1.5    -5.3    -4.7     7.3   -40.2   253.8
2022 06 07  0626   59737   23160    0    -1.6    -5.3    -4.8     7.3   -40.8   253.2
2022 06 07  0627   59737   23220    0    -1.8    -5.3    -4.8     7.3   -40.4   251.6
2022 06 07  0628   59737   23280    0    -1.9    -5.2    -5.0     7.5   -42.1   250.0
2022 06 07  0629   59737   23340    0    -2.1    -5.2    -5.2     7.7   -42.8   248.0
2022 06 07  0630   59737   23400    0    -1.9    -5.4    -5.1     7.7   -41.6   250.2
2022 06 07  0631   59737   23460    0    -2.0    -5.2    -5.0     7.5   -41.8   249.1
2022 06 07  0632   59737   23520    0    -1.5    -4.3    -5.6     7.3   -50.8   251.0
2022 06 07  0633   59737   23580    0    -1.8    -5.0    -5.1     7.3   -43.5   250.4
2022 06 07  0634   59737   23640    0    -1.9    -5.2    -4.8     7.4   -40.7   250.0
2022 06 07  0635   59737   23700    0    -1.8    -5.3    -4.8     7.3   -40.7   251.4
2022 06 07  0636   59737   23760    0    -1.6    -5.2    -4.7     7.2   -40.8   252.5
2022 06 07  0637   59737   23820    0    -1.7    -5.2    -4.7     7.2   -40.7   252.0
2022 06 07  0638   59737   23880    0    -1.8    -5.2    -5.0     7.4   -42.6   251.0
2022 06 07  0639   59737   23940    0    -2.1    -4.8    -5.5     7.5   -46.6   246.5
2022 06 07  0640   59737   24000    0    -2.2    -4.9    -5.2     7.5   -44.3   245.8
2022 06 07  0641   59737   24060    0    -1.8    -5.1    -5.1     7.5   -43.3   250.9
2022 06 07  0642   59737   24120    0    -1.7    -5.8    -4.4     7.4   -36.1   253.9
2022 06 07  0643   59737   24180    0    -1.9    -5.9    -4.1     7.4   -33.6   251.8
2022 06 07  0644   59737   24240    0    -1.5    -5.9    -4.4     7.5   -35.8   255.6
2022 06 07  0645   59737   24300    0    -1.2    -5.6    -4.8     7.5   -39.8   257.9
2022 06 07  0646   59737   24360    0    -1.4    -5.3    -4.8     7.3   -41.2   254.8
2022 06 07  0647   59737   24420    0    -1.5    -5.6    -4.5     7.3   -37.8   255.3
2022 06 07  0648   59737   24480    0    -1.2    -5.4    -4.9     7.3   -41.6   257.8
2022 06 07  0649   59737   24540    0    -1.2    -5.1    -5.1     7.3   -44.6   256.8
2022 06 07  0650   59737   24600    0    -0.8    -4.7    -5.5     7.3   -49.0   259.9
2022 06 07  0651   59737   24660    0    -1.0    -5.3    -4.9     7.3   -42.3   259.5
2022 06 07  0652   59737   24720    0    -0.9    -5.3    -5.0     7.4   -43.2   260.8
2022 06 07  0653   59737   24780    0    -1.1    -5.9    -4.3     7.4   -35.6   259.8
2022 06 07  0654   59737   24840    0    -0.9    -5.2    -5.2     7.4   -44.9   259.6
2022 06 07  0655   59737   24900    0    -0.4    -5.3    -5.2     7.4   -43.9   265.2
2022 06 07  0656   59737   24960    0    -0.2    -5.2    -5.3     7.4   -45.8   268.2
2022 06 07  0657   59737   25020    0     0.1    -5.0    -5.3     7.3   -46.7   270.7
2022 06 07  0658   59737   25080    0    -0.1    -5.2    -5.1     7.3   -44.3   268.9
2022 06 07  0659   59737   25140    0     0.6    -5.0    -5.4     7.3   -47.1   276.5
2022 06 07  0700   59737   25200    0    -0.7    -5.0    -5.4     7.4   -46.6   262.2
2022 06 07  0701   59737   25260    0     0.1    -4.9    -5.3     7.2   -47.6   270.9
2022 06 07  0702   59737   25320    0     1.2    -4.3    -5.6     7.2   -51.2   285.3
2022 06 07  0703   59737   25380    0     0.6    -4.1    -5.8     7.2   -54.2   277.7
2022 06 07  0704   59737   25440    0     0.2    -4.7    -5.6     7.3   -50.0   272.5
2022 06 07  0705   59737   25500    0     0.5    -4.9    -5.5     7.4   -48.6   276.1
2022 06 07  0706   59737   25560    0    -0.4    -5.3    -5.4     7.5   -45.3   266.0
2022 06 07  0707   59737   25620    0     0.5    -5.1    -5.4     7.4   -46.2   276.0
2022 06 07  0708   59737   25680    0     2.1    -5.3    -4.6     7.3   -39.0   291.3
2022 06 07  0709   59737   25740    0    -0.3    -5.3    -5.2     7.4   -44.7   266.4
2022 06 07  0710   59737   25800    0    -0.5    -5.7    -4.7     7.4   -39.5   264.6
2022 06 07  0711   59737   25860    0     0.1    -5.1    -5.3     7.3   -45.9   271.0
2022 06 07  0712   59737   25920    0    -1.1    -5.9    -4.3     7.4   -35.3   259.3
2022 06 07  0713   59737   25980    0    -0.6    -5.9    -4.0     7.1   -34.3   264.6
2022 06 07  0714   59737   26040    0     0.7    -5.8    -3.8     7.0   -32.9   277.1
2022 06 07  0715   59737   26100    0    -0.8    -6.2    -3.5     7.2   -29.3   262.5
2022 06 07  0716   59737   26160    0    -1.3    -5.8    -3.6     7.0   -30.9   257.4
2022 06 07  0717   59737   26220    0    -2.1    -5.5    -4.1     7.2   -35.0   249.4
2022 06 07  0718   59737   26280    0    -1.9    -5.9    -3.9     7.3   -32.0   252.2
2022 06 07  0719   59737   26340    0    -1.8    -5.8    -4.0     7.3   -33.5   252.4
2022 06 07  0720   59737   26400    0    -1.9    -6.1    -3.3     7.2   -27.6   253.1
2022 06 07  0721   59737   26460    0    -2.0    -6.3    -2.5     7.1   -20.6   252.1
2022 06 07  0722   59737   26520    0    -2.2    -6.2    -2.3     7.0   -19.6   250.5
2022 06 07  0723   59737   26580    0    -1.7    -5.5    -4.1     7.0   -35.8   253.2
2022 06 07  0724   59737   26640    9  -999.9  -999.9  -999.9  -999.9  -999.9  -999.9
2022 06 07  0725   59737   26700    0    -2.1    -5.6    -4.0     7.2   -33.9   249.7
2022 06 07  0726   59737   26760    0    -1.9    -5.1    -4.3     6.9   -38.4   249.1
2022 06 07  0727   59737   26820    0    -3.0    -6.0    -1.0     6.8    -8.8   243.5
2022 06 07  0728   59737   26880    0    -2.6    -6.5    -0.5     7.0    -4.3   248.4
2022 06 07  0729   59737   26940    0    -2.1    -5.8    -2.8     6.7   -24.9   250.0
2022 06 07  0730   59737   27000    0    -2.0    -5.2    -3.7     6.7   -33.9   248.8
2022 06 07  0731   59737   27060    0    -2.3    -6.0    -3.0     7.1   -25.2   249.3
2022 06 07  0732   59737   27120    0    -2.0    -5.6    -4.0     7.2   -33.7   250.2
2022 06 07  0733   59737   27180    0    -2.3    -5.5    -4.0     7.2   -33.8   247.1
2022 06 07  0734   59737   27240    0    -2.0    -6.2    -3.0     7.2   -25.0   252.0
2022 06 07  0735   59737   27300    0    -1.4    -7.2    -1.5     7.4   -11.6   258.7
2022 06 07  0736   59737   27360    0    -1.6    -7.3    -1.6     7.6   -12.3   257.5
2022 06 07  0737   59737   27420    0    -1.4    -7.2    -2.0     7.6   -15.0   259.2
2022 06 07  0738   59737   27480    0    -1.6    -6.8    -3.3     7.7   -25.6   256.3
2022 06 07  0739   59737   27540    0    -2.6    -5.5    -4.9     7.8   -38.9   244.7
2022 06 07  0740   59737   27600    0    -3.1    -4.2    -5.7     7.8   -47.1   233.5
2022 06 07  0741   59737   27660    0    -1.9    -5.0    -5.7     7.8   -46.8   249.0
2022 06 07  0742   59737   27720    0    -1.7    -3.6    -6.6     7.7   -59.0   244.4
2022 06 07  0743   59737   27780    0    -2.0    -3.9    -6.4     7.8   -55.6   242.3
2022 06 07  0744   59737   27840    0    -2.1    -4.3    -6.1     7.8   -52.1   243.3
2022 06 07  0745   59737   27900    0    -2.3    -4.6    -5.8     7.8   -48.7   243.1
2022 06 07  0746   59737   27960    0    -2.8    -4.9    -5.5     7.8   -44.1   240.7
2022 06 07  0747   59737   28020    0    -3.0    -5.0    -5.4     7.9   -42.9   239.0
2022 06 07  0748   59737   28080    0    -3.0    -4.9    -5.6     8.0   -44.3   238.3
2022 06 07  0749   59737   28140    0    -2.8    -4.9    -5.7     8.1   -45.2   240.2
2022 06 07  0750   59737   28200    0    -3.1    -5.1    -5.6     8.2   -43.0   238.7
2022 06 07  0751   59737   28260    0    -3.0    -5.2    -5.6     8.2   -43.1   240.3
2022 06 07  0752   59737   28320    0    -2.7    -5.2    -5.5     8.1   -43.2   242.8
2022 06 07  0753   59737   28380    0    -1.8    -5.8    -4.8     7.7   -38.3   252.5
2022 06 07  0754   59737   28440    0    -2.0    -5.3    -5.4     7.9   -43.4   249.1
2022 06 07  0755   59737   28500    0    -2.0    -5.6    -5.1     7.8   -40.6   250.0
2022 06 07  0756   59737   28560    0    -2.2    -5.5    -5.0     7.7   -40.3   248.4
2022 06 07  0757   59737   28620    0    -2.6    -6.6    -2.6     7.6   -20.1   248.3
2022 06 07  0758   59737   28680    0    -1.3    -6.7    -3.3     7.6   -25.7   258.8
2022 06 07  0759   59737   28740    0    -1.6    -6.9    -3.3     7.8   -25.3   257.1
2022 06 07  0800   59737   28800    0    -1.4    -6.4    -4.0     7.6   -31.4   257.8
2022 06 07  0801   59737   28860    0    -1.7    -6.1    -4.2     7.6   -33.9   254.5
2022 06 07  0802   59737   28920    0    -1.7    -6.0    -4.3     7.6   -34.5   254.0
2022 06 07  0803   59737   28980    0    -1.9    -5.9    -4.4     7.7   -35.3   252.1
2022 06 07  0804   59737   29040    0    -2.2    -5.8    -4.6     7.7   -36.2   249.8
2022 06 07  0805   59737   29100    0    -2.2    -6.1    -4.3     7.8   -33.4   250.6
2022 06 07  0806   59737   29160    0    -2.3    -6.1    -4.2     7.7   -32.6   249.6
2022 06 07  0807   59737   29220    0    -2.6    -6.0    -4.1     7.7   -31.8   246.2
2022 06 07  0808   59737   29280    0    -2.9    -5.9    -4.2     7.8   -32.8   243.4
2022 06 07  0809   59737   29340    0    -3.2    -5.8    -4.0     7.8   -31.3   241.4
2022 06 07  0810   59737   29400    0    -3.1    -5.9    -4.0     7.8   -31.3   242.2
2022 06 07  0811   59737   29460    0    -2.8    -6.1    -3.8     7.7   -29.7   245.3
2022 06 07  0812   59737   29520    0    -2.6    -6.3    -3.6     7.7   -27.9   247.5
2022 06 07  0813   59737   29580    0    -2.3    -6.4    -3.5     7.7   -26.8   249.9
2022 06 07  0814   59737   29640    0    -2.9    -6.4    -2.8     7.6   -21.5   245.4
2022 06 07  0815   59737   29700    0    -3.3    -6.2    -3.1     7.7   -23.4   242.0
2022 06 07  0816   59737   29760    0    -2.4    -6.0    -4.1     7.6   -32.5   248.4
2022 06 07  0817   59737   29820    0    -0.4    -5.3    -5.4     7.6   -45.0   265.7
2022 06 07  0818   59737   29880    0    -0.5    -5.5    -5.2     7.5   -43.3   264.5
2022 06 07  0819   59737   29940    0    -1.6    -5.9    -4.6     7.6   -37.1   255.0
2022 06 07  0820   59737   30000    0     0.4    -4.6    -5.7     7.3   -50.7   275.5
2022 06 07  0821   59737   30060    0     1.0    -4.2    -6.1     7.5   -54.7   283.9
2022 06 07  0822   59737   30120    0    -0.1    -4.5    -6.0     7.5   -53.3   269.2
2022 06 07  0823   59737   30180    0    -0.5    -5.2    -4.6     7.0   -41.3   264.1
2022 06 07  0824   59737   30240    0     0.2    -5.1    -5.7     7.6   -48.0   272.1
2022 06 07  0825   59737   30300    0    -0.0    -5.2    -5.6     7.6   -47.1   269.5
2022 06 07  0826   59737   30360    0    -0.2    -5.4    -5.5     7.7   -45.5   268.0
2022 06 07  0827   59737   30420    0     0.3    -5.0    -5.9     7.7   -49.3   273.3
2022 06 07  0828   59737   30480    0     0.4    -4.9    -5.9     7.6   -50.5   274.5
2022 06 07  0829   59737   30540    0    -0.3    -5.0    -6.0     7.8   -50.2   267.1
2022 06 07  0830   59737   30600    0    -0.1    -5.1    -5.9     7.8   -49.1   268.6
2022 06 07  0831   59737   30660    0    -0.0    -5.1    -5.8     7.8   -48.6   269.6
2022 06 07  0832   59737   30720    0    -0.4    -5.2    -5.8     7.8   -47.7   265.6
2022 06 07  0833   59737   30780    0    -0.7    -5.3    -5.6     7.8   -46.3   262.4
2022 06 07  0834   59737   30840    0    -1.0    -5.2    -5.6     7.7   -46.4   259.2
2022 06 07  0835   59737   30900    0     1.7    -3.8    -6.4     7.7   -57.1   294.3
2022 06 07  0836   59737   30960    0     3.3    -2.4    -6.4     7.6   -57.5   323.4
2022 06 07  0837   59737   31020    0     1.9    -2.8    -6.8     7.6   -63.9   304.2
2022 06 07  0838   59737   31080    0     1.3    -3.9    -6.5     7.7   -57.6   288.0
2022 06 07  0839   59737   31140    0     1.3    -4.1    -6.3     7.6   -55.6   287.4
2022 06 07  0840   59737   31200    0    -0.1    -4.1    -6.5     7.7   -57.9   268.7
2022 06 07  0841   59737   31260    0    -0.5    -4.2    -6.4     7.7   -56.8   263.4
2022 06 07  0842   59737   31320    0     1.2    -4.6    -6.0     7.6   -51.8   284.9
2022 06 07  0843   59737   31380    0     1.4    -4.6    -5.9     7.6   -51.3   286.7
2022 06 07  0844   59737   31440    0     0.9    -4.7    -6.0     7.7   -51.6   280.8
2022 06 07  0845   59737   31500    0     1.2    -4.6    -6.1     7.7   -51.9   284.5
2022 06 07  0846   59737   31560    0     1.1    -4.6    -6.0     7.7   -51.6   283.7
2022 06 07  0847   59737   31620    0     1.3    -4.5    -6.0     7.6   -52.0   286.4
2022 06 07  0848   59737   31680    0     1.4    -4.6    -5.9     7.6   -51.1   287.4
2022 06 07  0849   59737   31740    0     1.4    -4.6    -5.9     7.7   -50.6   287.0
2022 06 07  0850   59737   31800    0     1.4    -4.7    -5.9     7.7   -50.1   286.0
2022 06 07  0851   59737   31860    0     1.3    -4.8    -5.8     7.7   -49.6   285.0
2022 06 07  0852   59737   31920    0     1.3    -4.8    -5.8     7.7   -49.0   285.3
2022 06 07  0853   59737   31980    0     1.2    -5.0    -5.6     7.6   -47.5   284.0
2022 06 07  0854   59737   32040    0     1.3    -4.8    -5.8     7.7   -49.1   285.6
2022 06 07  0855   59737   32100    0     1.3    -4.8    -5.8     7.6   -49.1   285.5
2022 06 07  0856   59737   32160    0     1.0    -5.2    -5.6     7.7   -46.5   281.0
2022 06 07  0857   59737   32220    0     1.5    -4.9    -5.7     7.7   -48.4   286.9
2022 06 07  0858   59737   32280    0     1.7    -4.6    -5.9     7.7   -50.2   290.4
2022 06 07  0859   59737   32340    0     1.7    -4.7    -6.1     7.8   -50.6   290.3
