:Data_list: 20220605_ace_swepam_1m.txt
:Created: 2022 Jun 05 0901 UT
# Prepared by the U.S. Dept. of Commerce, NOAA, Space Weather Prediction Center
# Please send comments and suggestions to SWPC.Webmaster@noaa.gov 
# 
# Units: Proton density p/cc
# Units: Bulk speed km/s
# Units: Ion tempeture degrees K
# Status(S): 0 = nominal data, 1 to 8 = bad data record, 9 = no data
# Missing data values: Density and Speed = -9999.9, Temp. = -1.00e+05
# Source: ACE Satellite - Solar Wind Electron Proton Alpha Monitor
#
#   1-minute averaged Real-time Bulk Parameters of the Solar Wind Plasma
# 
#                Modified Seconds   -------------  Solar Wind  -----------
# UT Date   Time  Julian  of the          Proton      Bulk         Ion
# YR MO DA  HHMM    Day     Day     S    Density     Speed     Temperature
#-------------------------------------------------------------------------
2022 06 05  0000   59735       0    9    -9999.9    -9999.9    -1.00e+05
2022 06 05  0001   59735      60    9    -9999.9    -9999.9    -1.00e+05
2022 06 05  0002   59735     120    9    -9999.9    -9999.9    -1.00e+05
2022 06 05  0003   59735     180    9    -9999.9    -9999.9    -1.00e+05
2022 06 05  0004   59735     240    9    -9999.9    -9999.9    -1.00e+05
2022 06 05  0005   59735     300    9    -9999.9    -9999.9    -1.00e+05
2022 06 05  0006   59735     360    9    -9999.9    -9999.9    -1.00e+05
2022 06 05  0007   59735     420    9    -9999.9    -9999.9    -1.00e+05
2022 06 05  0008   59735     480    9    -9999.9    -9999.9    -1.00e+05
2022 06 05  0009   59735     540    9    -9999.9    -9999.9    -1.00e+05
2022 06 05  0010   59735     600    9    -9999.9    -9999.9    -1.00e+05
2022 06 05  0011   59735     660    9    -9999.9    -9999.9    -1.00e+05
2022 06 05  0012   59735     720    9    -9999.9    -9999.9    -1.00e+05
2022 06 05  0013   59735     780    9    -9999.9    -9999.9    -1.00e+05
2022 06 05  0014   59735     840    9    -9999.9    -9999.9    -1.00e+05
2022 06 05  0015   59735     900    9    -9999.9    -9999.9    -1.00e+05
2022 06 05  0016   59735     960    9    -9999.9    -9999.9    -1.00e+05
2022 06 05  0017   59735    1020    9    -9999.9    -9999.9    -1.00e+05
2022 06 05  0018   59735    1080    9    -9999.9    -9999.9    -1.00e+05
2022 06 05  0019   59735    1140    9    -9999.9    -9999.9    -1.00e+05
2022 06 05  0020   59735    1200    9    -9999.9    -9999.9    -1.00e+05
2022 06 05  0021   59735    1260    9    -9999.9    -9999.9    -1.00e+05
2022 06 05  0022   59735    1320    9    -9999.9    -9999.9    -1.00e+05
2022 06 05  0023   59735    1380    9    -9999.9    -9999.9    -1.00e+05
2022 06 05  0024   59735    1440    9    -9999.9    -9999.9    -1.00e+05
2022 06 05  0025   59735    1500    9    -9999.9    -9999.9    -1.00e+05
2022 06 05  0026   59735    1560    9    -9999.9    -9999.9    -1.00e+05
2022 06 05  0027   59735    1620    9    -9999.9    -9999.9    -1.00e+05
2022 06 05  0028   59735    1680    9    -9999.9    -9999.9    -1.00e+05
2022 06 05  0029   59735    1740    9    -9999.9    -9999.9    -1.00e+05
2022 06 05  0030   59735    1800    9    -9999.9    -9999.9    -1.00e+05
2022 06 05  0031   59735    1860    9    -9999.9    -9999.9    -1.00e+05
2022 06 05  0032   59735    1920    9    -9999.9    -9999.9    -1.00e+05
2022 06 05  0033   59735    1980    9    -9999.9    -9999.9    -1.00e+05
2022 06 05  0034   59735    2040    9    -9999.9    -9999.9    -1.00e+05
2022 06 05  0035   59735    2100    9    -9999.9    -9999.9    -1.00e+05
2022 06 05  0036   59735    2160    9    -9999.9    -9999.9    -1.00e+05
2022 06 05  0037   59735    2220    9    -9999.9    -9999.9    -1.00e+05
2022 06 05  0038   59735    2280    9    -9999.9    -9999.9    -1.00e+05
2022 06 05  0039   59735    2340    9    -9999.9    -9999.9    -1.00e+05
2022 06 05  0040   59735    2400    9    -9999.9    -9999.9    -1.00e+05
2022 06 05  0041   59735    2460    9    -9999.9    -9999.9    -1.00e+05
2022 06 05  0042   59735    2520    9    -9999.9    -9999.9    -1.00e+05
2022 06 05  0043   59735    2580    9    -9999.9    -9999.9    -1.00e+05
2022 06 05  0044   59735    2640    9    -9999.9    -9999.9    -1.00e+05
2022 06 05  0045   59735    2700    9    -9999.9    -9999.9    -1.00e+05
2022 06 05  0046   59735    2760    9    -9999.9    -9999.9    -1.00e+05
2022 06 05  0047   59735    2820    9    -9999.9    -9999.9    -1.00e+05
2022 06 05  0048   59735    2880    9    -9999.9    -9999.9    -1.00e+05
2022 06 05  0049   59735    2940    9    -9999.9    -9999.9    -1.00e+05
2022 06 05  0050   59735    3000    9    -9999.9    -9999.9    -1.00e+05
2022 06 05  0051   59735    3060    9    -9999.9    -9999.9    -1.00e+05
2022 06 05  0052   59735    3120    9    -9999.9    -9999.9    -1.00e+05
2022 06 05  0053   59735    3180    9    -9999.9    -9999.9    -1.00e+05
2022 06 05  0054   59735    3240    9    -9999.9    -9999.9    -1.00e+05
2022 06 05  0055   59735    3300    9    -9999.9    -9999.9    -1.00e+05
2022 06 05  0056   59735    3360    9    -9999.9    -9999.9    -1.00e+05
2022 06 05  0057   59735    3420    9    -9999.9    -9999.9    -1.00e+05
2022 06 05  0058   59735    3480    9    -9999.9    -9999.9    -1.00e+05
2022 06 05  0059   59735    3540    9    -9999.9    -9999.9    -1.00e+05
2022 06 05  0100   59735    3600    9    -9999.9    -9999.9    -1.00e+05
2022 06 05  0101   59735    3660    9    -9999.9    -9999.9    -1.00e+05
2022 06 05  0102   59735    3720    9    -9999.9    -9999.9    -1.00e+05
2022 06 05  0103   59735    3780    9    -9999.9    -9999.9    -1.00e+05
2022 06 05  0104   59735    3840    9    -9999.9    -9999.9    -1.00e+05
2022 06 05  0105   59735    3900    9    -9999.9    -9999.9    -1.00e+05
2022 06 05  0106   59735    3960    9    -9999.9    -9999.9    -1.00e+05
2022 06 05  0107   59735    4020    9    -9999.9    -9999.9    -1.00e+05
2022 06 05  0108   59735    4080    9    -9999.9    -9999.9    -1.00e+05
2022 06 05  0109   59735    4140    9    -9999.9    -9999.9    -1.00e+05
2022 06 05  0110   59735    4200    9    -9999.9    -9999.9    -1.00e+05
2022 06 05  0111   59735    4260    9    -9999.9    -9999.9    -1.00e+05
2022 06 05  0112   59735    4320    9    -9999.9    -9999.9    -1.00e+05
2022 06 05  0113   59735    4380    9    -9999.9    -9999.9    -1.00e+05
2022 06 05  0114   59735    4440    9    -9999.9    -9999.9    -1.00e+05
2022 06 05  0115   59735    4500    9    -9999.9    -9999.9    -1.00e+05
2022 06 05  0116   59735    4560    9    -9999.9    -9999.9    -1.00e+05
2022 06 05  0117   59735    4620    9    -9999.9    -9999.9    -1.00e+05
2022 06 05  0118   59735    4680    9    -9999.9    -9999.9    -1.00e+05
2022 06 05  0119   59735    4740    9    -9999.9    -9999.9    -1.00e+05
2022 06 05  0120   59735    4800    9    -9999.9    -9999.9    -1.00e+05
2022 06 05  0121   59735    4860    9    -9999.9    -9999.9    -1.00e+05
2022 06 05  0122   59735    4920    9    -9999.9    -9999.9    -1.00e+05
2022 06 05  0123   59735    4980    9    -9999.9    -9999.9    -1.00e+05
2022 06 05  0124   59735    5040    9    -9999.9    -9999.9    -1.00e+05
2022 06 05  0125   59735    5100    9    -9999.9    -9999.9    -1.00e+05
2022 06 05  0126   59735    5160    9    -9999.9    -9999.9    -1.00e+05
2022 06 05  0127   59735    5220    9    -9999.9    -9999.9    -1.00e+05
2022 06 05  0128   59735    5280    9    -9999.9    -9999.9    -1.00e+05
2022 06 05  0129   59735    5340    9    -9999.9    -9999.9    -1.00e+05
2022 06 05  0130   59735    5400    9    -9999.9    -9999.9    -1.00e+05
2022 06 05  0131   59735    5460    9    -9999.9    -9999.9    -1.00e+05
2022 06 05  0132   59735    5520    9    -9999.9    -9999.9    -1.00e+05
2022 06 05  0133   59735    5580    9    -9999.9    -9999.9    -1.00e+05
2022 06 05  0134   59735    5640    9    -9999.9    -9999.9    -1.00e+05
2022 06 05  0135   59735    5700    9    -9999.9    -9999.9    -1.00e+05
2022 06 05  0136   59735    5760    9    -9999.9    -9999.9    -1.00e+05
2022 06 05  0137   59735    5820    9    -9999.9    -9999.9    -1.00e+05
2022 06 05  0138   59735    5880    9    -9999.9    -9999.9    -1.00e+05
2022 06 05  0139   59735    5940    9    -9999.9    -9999.9    -1.00e+05
2022 06 05  0140   59735    6000    9    -9999.9    -9999.9    -1.00e+05
2022 06 05  0141   59735    6060    9    -9999.9    -9999.9    -1.00e+05
2022 06 05  0142   59735    6120    9    -9999.9    -9999.9    -1.00e+05
2022 06 05  0143   59735    6180    9    -9999.9    -9999.9    -1.00e+05
2022 06 05  0144   59735    6240    9    -9999.9    -9999.9    -1.00e+05
2022 06 05  0145   59735    6300    9    -9999.9    -9999.9    -1.00e+05
2022 06 05  0146   59735    6360    9    -9999.9    -9999.9    -1.00e+05
2022 06 05  0147   59735    6420    9    -9999.9    -9999.9    -1.00e+05
2022 06 05  0148   59735    6480    9    -9999.9    -9999.9    -1.00e+05
2022 06 05  0149   59735    6540    9    -9999.9    -9999.9    -1.00e+05
2022 06 05  0150   59735    6600    9    -9999.9    -9999.9    -1.00e+05
2022 06 05  0151   59735    6660    9    -9999.9    -9999.9    -1.00e+05
2022 06 05  0152   59735    6720    9    -9999.9    -9999.9    -1.00e+05
2022 06 05  0153   59735    6780    9    -9999.9    -9999.9    -1.00e+05
2022 06 05  0154   59735    6840    9    -9999.9    -9999.9    -1.00e+05
2022 06 05  0155   59735    6900    9    -9999.9    -9999.9    -1.00e+05
2022 06 05  0156   59735    6960    9    -9999.9    -9999.9    -1.00e+05
2022 06 05  0157   59735    7020    9    -9999.9    -9999.9    -1.00e+05
2022 06 05  0158   59735    7080    9    -9999.9    -9999.9    -1.00e+05
2022 06 05  0159   59735    7140    9    -9999.9    -9999.9    -1.00e+05
2022 06 05  0200   59735    7200    9    -9999.9    -9999.9    -1.00e+05
2022 06 05  0201   59735    7260    9    -9999.9    -9999.9    -1.00e+05
2022 06 05  0202   59735    7320    9    -9999.9    -9999.9    -1.00e+05
2022 06 05  0203   59735    7380    9    -9999.9    -9999.9    -1.00e+05
2022 06 05  0204   59735    7440    9    -9999.9    -9999.9    -1.00e+05
2022 06 05  0205   59735    7500    9    -9999.9    -9999.9    -1.00e+05
2022 06 05  0206   59735    7560    9    -9999.9    -9999.9    -1.00e+05
2022 06 05  0207   59735    7620    9    -9999.9    -9999.9    -1.00e+05
2022 06 05  0208   59735    7680    9    -9999.9    -9999.9    -1.00e+05
2022 06 05  0209   59735    7740    9    -9999.9    -9999.9    -1.00e+05
2022 06 05  0210   59735    7800    9    -9999.9    -9999.9    -1.00e+05
2022 06 05  0211   59735    7860    9    -9999.9    -9999.9    -1.00e+05
2022 06 05  0212   59735    7920    9    -9999.9    -9999.9    -1.00e+05
2022 06 05  0213   59735    7980    9    -9999.9    -9999.9    -1.00e+05
2022 06 05  0214   59735    8040    9    -9999.9    -9999.9    -1.00e+05
2022 06 05  0215   59735    8100    9    -9999.9    -9999.9    -1.00e+05
2022 06 05  0216   59735    8160    9    -9999.9    -9999.9    -1.00e+05
2022 06 05  0217   59735    8220    9    -9999.9    -9999.9    -1.00e+05
2022 06 05  0218   59735    8280    9    -9999.9    -9999.9    -1.00e+05
2022 06 05  0219   59735    8340    9    -9999.9    -9999.9    -1.00e+05
2022 06 05  0220   59735    8400    9    -9999.9    -9999.9    -1.00e+05
2022 06 05  0221   59735    8460    9    -9999.9    -9999.9    -1.00e+05
2022 06 05  0222   59735    8520    9    -9999.9    -9999.9    -1.00e+05
2022 06 05  0223   59735    8580    9    -9999.9    -9999.9    -1.00e+05
2022 06 05  0224   59735    8640    9    -9999.9    -9999.9    -1.00e+05
2022 06 05  0225   59735    8700    9    -9999.9    -9999.9    -1.00e+05
2022 06 05  0226   59735    8760    9    -9999.9    -9999.9    -1.00e+05
2022 06 05  0227   59735    8820    9    -9999.9    -9999.9    -1.00e+05
2022 06 05  0228   59735    8880    9    -9999.9    -9999.9    -1.00e+05
2022 06 05  0229   59735    8940    9    -9999.9    -9999.9    -1.00e+05
2022 06 05  0230   59735    9000    9    -9999.9    -9999.9    -1.00e+05
2022 06 05  0231   59735    9060    9    -9999.9    -9999.9    -1.00e+05
2022 06 05  0232   59735    9120    9    -9999.9    -9999.9    -1.00e+05
2022 06 05  0233   59735    9180    9    -9999.9    -9999.9    -1.00e+05
2022 06 05  0234   59735    9240    9    -9999.9    -9999.9    -1.00e+05
2022 06 05  0235   59735    9300    9    -9999.9    -9999.9    -1.00e+05
2022 06 05  0236   59735    9360    9    -9999.9    -9999.9    -1.00e+05
2022 06 05  0237   59735    9420    9    -9999.9    -9999.9    -1.00e+05
2022 06 05  0238   59735    9480    9    -9999.9    -9999.9    -1.00e+05
2022 06 05  0239   59735    9540    9    -9999.9    -9999.9    -1.00e+05
2022 06 05  0240   59735    9600    9    -9999.9    -9999.9    -1.00e+05
2022 06 05  0241   59735    9660    9    -9999.9    -9999.9    -1.00e+05
2022 06 05  0242   59735    9720    9    -9999.9    -9999.9    -1.00e+05
2022 06 05  0243   59735    9780    9    -9999.9    -9999.9    -1.00e+05
2022 06 05  0244   59735    9840    9    -9999.9    -9999.9    -1.00e+05
2022 06 05  0245   59735    9900    9    -9999.9    -9999.9    -1.00e+05
2022 06 05  0246   59735    9960    9    -9999.9    -9999.9    -1.00e+05
2022 06 05  0247   59735   10020    9    -9999.9    -9999.9    -1.00e+05
2022 06 05  0248   59735   10080    9    -9999.9    -9999.9    -1.00e+05
2022 06 05  0249   59735   10140    9    -9999.9    -9999.9    -1.00e+05
2022 06 05  0250   59735   10200    9    -9999.9    -9999.9    -1.00e+05
2022 06 05  0251   59735   10260    9    -9999.9    -9999.9    -1.00e+05
2022 06 05  0252   59735   10320    9    -9999.9    -9999.9    -1.00e+05
2022 06 05  0253   59735   10380    9    -9999.9    -9999.9    -1.00e+05
2022 06 05  0254   59735   10440    9    -9999.9    -9999.9    -1.00e+05
2022 06 05  0255   59735   10500    9    -9999.9    -9999.9    -1.00e+05
2022 06 05  0256   59735   10560    9    -9999.9    -9999.9    -1.00e+05
2022 06 05  0257   59735   10620    9    -9999.9    -9999.9    -1.00e+05
2022 06 05  0258   59735   10680    9    -9999.9    -9999.9    -1.00e+05
2022 06 05  0259   59735   10740    9    -9999.9    -9999.9    -1.00e+05
2022 06 05  0300   59735   10800    9    -9999.9    -9999.9    -1.00e+05
2022 06 05  0301   59735   10860    9    -9999.9    -9999.9    -1.00e+05
2022 06 05  0302   59735   10920    9    -9999.9    -9999.9    -1.00e+05
2022 06 05  0303   59735   10980    9    -9999.9    -9999.9    -1.00e+05
2022 06 05  0304   59735   11040    9    -9999.9    -9999.9    -1.00e+05
2022 06 05  0305   59735   11100    9    -9999.9    -9999.9    -1.00e+05
2022 06 05  0306   59735   11160    9    -9999.9    -9999.9    -1.00e+05
2022 06 05  0307   59735   11220    9    -9999.9    -9999.9    -1.00e+05
2022 06 05  0308   59735   11280    9    -9999.9    -9999.9    -1.00e+05
2022 06 05  0309   59735   11340    9    -9999.9    -9999.9    -1.00e+05
2022 06 05  0310   59735   11400    9    -9999.9    -9999.9    -1.00e+05
2022 06 05  0311   59735   11460    9    -9999.9    -9999.9    -1.00e+05
2022 06 05  0312   59735   11520    9    -9999.9    -9999.9    -1.00e+05
2022 06 05  0313   59735   11580    9    -9999.9    -9999.9    -1.00e+05
2022 06 05  0314   59735   11640    9    -9999.9    -9999.9    -1.00e+05
2022 06 05  0315   59735   11700    9    -9999.9    -9999.9    -1.00e+05
2022 06 05  0316   59735   11760    9    -9999.9    -9999.9    -1.00e+05
2022 06 05  0317   59735   11820    9    -9999.9    -9999.9    -1.00e+05
2022 06 05  0318   59735   11880    9    -9999.9    -9999.9    -1.00e+05
2022 06 05  0319   59735   11940    9    -9999.9    -9999.9    -1.00e+05
2022 06 05  0320   59735   12000    9    -9999.9    -9999.9    -1.00e+05
2022 06 05  0321   59735   12060    9    -9999.9    -9999.9    -1.00e+05
2022 06 05  0322   59735   12120    9    -9999.9    -9999.9    -1.00e+05
2022 06 05  0323   59735   12180    9    -9999.9    -9999.9    -1.00e+05
2022 06 05  0324   59735   12240    9    -9999.9    -9999.9    -1.00e+05
2022 06 05  0325   59735   12300    9    -9999.9    -9999.9    -1.00e+05
2022 06 05  0326   59735   12360    9    -9999.9    -9999.9    -1.00e+05
2022 06 05  0327   59735   12420    9    -9999.9    -9999.9    -1.00e+05
2022 06 05  0328   59735   12480    9    -9999.9    -9999.9    -1.00e+05
2022 06 05  0329   59735   12540    9    -9999.9    -9999.9    -1.00e+05
2022 06 05  0330   59735   12600    9    -9999.9    -9999.9    -1.00e+05
2022 06 05  0331   59735   12660    9    -9999.9    -9999.9    -1.00e+05
2022 06 05  0332   59735   12720    9    -9999.9    -9999.9    -1.00e+05
2022 06 05  0333   59735   12780    9    -9999.9    -9999.9    -1.00e+05
2022 06 05  0334   59735   12840    9    -9999.9    -9999.9    -1.00e+05
2022 06 05  0335   59735   12900    9    -9999.9    -9999.9    -1.00e+05
2022 06 05  0336   59735   12960    9    -9999.9    -9999.9    -1.00e+05
2022 06 05  0337   59735   13020    9    -9999.9    -9999.9    -1.00e+05
2022 06 05  0338   59735   13080    9    -9999.9    -9999.9    -1.00e+05
2022 06 05  0339   59735   13140    9    -9999.9    -9999.9    -1.00e+05
2022 06 05  0340   59735   13200    9    -9999.9    -9999.9    -1.00e+05
2022 06 05  0341   59735   13260    9    -9999.9    -9999.9    -1.00e+05
2022 06 05  0342   59735   13320    9    -9999.9    -9999.9    -1.00e+05
2022 06 05  0343   59735   13380    9    -9999.9    -9999.9    -1.00e+05
2022 06 05  0344   59735   13440    9    -9999.9    -9999.9    -1.00e+05
2022 06 05  0345   59735   13500    9    -9999.9    -9999.9    -1.00e+05
2022 06 05  0346   59735   13560    9    -9999.9    -9999.9    -1.00e+05
2022 06 05  0347   59735   13620    9    -9999.9    -9999.9    -1.00e+05
2022 06 05  0348   59735   13680    9    -9999.9    -9999.9    -1.00e+05
2022 06 05  0349   59735   13740    9    -9999.9    -9999.9    -1.00e+05
2022 06 05  0350   59735   13800    9    -9999.9    -9999.9    -1.00e+05
2022 06 05  0351   59735   13860    9    -9999.9    -9999.9    -1.00e+05
2022 06 05  0352   59735   13920    9    -9999.9    -9999.9    -1.00e+05
2022 06 05  0353   59735   13980    9    -9999.9    -9999.9    -1.00e+05
2022 06 05  0354   59735   14040    9    -9999.9    -9999.9    -1.00e+05
2022 06 05  0355   59735   14100    9    -9999.9    -9999.9    -1.00e+05
2022 06 05  0356   59735   14160    9    -9999.9    -9999.9    -1.00e+05
2022 06 05  0357   59735   14220    9    -9999.9    -9999.9    -1.00e+05
2022 06 05  0358   59735   14280    9    -9999.9    -9999.9    -1.00e+05
2022 06 05  0359   59735   14340    9    -9999.9    -9999.9    -1.00e+05
2022 06 05  0400   59735   14400    9    -9999.9    -9999.9    -1.00e+05
2022 06 05  0401   59735   14460    9    -9999.9    -9999.9    -1.00e+05
2022 06 05  0402   59735   14520    9    -9999.9    -9999.9    -1.00e+05
2022 06 05  0403   59735   14580    9    -9999.9    -9999.9    -1.00e+05
2022 06 05  0404   59735   14640    9    -9999.9    -9999.9    -1.00e+05
2022 06 05  0405   59735   14700    9    -9999.9    -9999.9    -1.00e+05
2022 06 05  0406   59735   14760    9    -9999.9    -9999.9    -1.00e+05
2022 06 05  0407   59735   14820    9    -9999.9    -9999.9    -1.00e+05
2022 06 05  0408   59735   14880    9    -9999.9    -9999.9    -1.00e+05
2022 06 05  0409   59735   14940    9    -9999.9    -9999.9    -1.00e+05
2022 06 05  0410   59735   15000    9    -9999.9    -9999.9    -1.00e+05
2022 06 05  0411   59735   15060    9    -9999.9    -9999.9    -1.00e+05
2022 06 05  0412   59735   15120    9    -9999.9    -9999.9    -1.00e+05
2022 06 05  0413   59735   15180    9    -9999.9    -9999.9    -1.00e+05
2022 06 05  0414   59735   15240    9    -9999.9    -9999.9    -1.00e+05
2022 06 05  0415   59735   15300    9    -9999.9    -9999.9    -1.00e+05
2022 06 05  0416   59735   15360    9    -9999.9    -9999.9    -1.00e+05
2022 06 05  0417   59735   15420    9    -9999.9    -9999.9    -1.00e+05
2022 06 05  0418   59735   15480    9    -9999.9    -9999.9    -1.00e+05
2022 06 05  0419   59735   15540    9    -9999.9    -9999.9    -1.00e+05
2022 06 05  0420   59735   15600    9    -9999.9    -9999.9    -1.00e+05
2022 06 05  0421   59735   15660    9    -9999.9    -9999.9    -1.00e+05
2022 06 05  0422   59735   15720    9    -9999.9    -9999.9    -1.00e+05
2022 06 05  0423   59735   15780    9    -9999.9    -9999.9    -1.00e+05
2022 06 05  0424   59735   15840    9    -9999.9    -9999.9    -1.00e+05
2022 06 05  0425   59735   15900    9    -9999.9    -9999.9    -1.00e+05
2022 06 05  0426   59735   15960    9    -9999.9    -9999.9    -1.00e+05
2022 06 05  0427   59735   16020    9    -9999.9    -9999.9    -1.00e+05
2022 06 05  0428   59735   16080    9    -9999.9    -9999.9    -1.00e+05
2022 06 05  0429   59735   16140    9    -9999.9    -9999.9    -1.00e+05
2022 06 05  0430   59735   16200    9    -9999.9    -9999.9    -1.00e+05
2022 06 05  0431   59735   16260    9    -9999.9    -9999.9    -1.00e+05
2022 06 05  0432   59735   16320    9    -9999.9    -9999.9    -1.00e+05
2022 06 05  0433   59735   16380    9    -9999.9    -9999.9    -1.00e+05
2022 06 05  0434   59735   16440    9    -9999.9    -9999.9    -1.00e+05
2022 06 05  0435   59735   16500    9    -9999.9    -9999.9    -1.00e+05
2022 06 05  0436   59735   16560    9    -9999.9    -9999.9    -1.00e+05
2022 06 05  0437   59735   16620    9    -9999.9    -9999.9    -1.00e+05
2022 06 05  0438   59735   16680    9    -9999.9    -9999.9    -1.00e+05
2022 06 05  0439   59735   16740    9    -9999.9    -9999.9    -1.00e+05
2022 06 05  0440   59735   16800    9    -9999.9    -9999.9    -1.00e+05
2022 06 05  0441   59735   16860    9    -9999.9    -9999.9    -1.00e+05
2022 06 05  0442   59735   16920    9    -9999.9    -9999.9    -1.00e+05
2022 06 05  0443   59735   16980    9    -9999.9    -9999.9    -1.00e+05
2022 06 05  0444   59735   17040    9    -9999.9    -9999.9    -1.00e+05
2022 06 05  0445   59735   17100    9    -9999.9    -9999.9    -1.00e+05
2022 06 05  0446   59735   17160    9    -9999.9    -9999.9    -1.00e+05
2022 06 05  0447   59735   17220    9    -9999.9    -9999.9    -1.00e+05
2022 06 05  0448   59735   17280    9    -9999.9    -9999.9    -1.00e+05
2022 06 05  0449   59735   17340    9    -9999.9    -9999.9    -1.00e+05
2022 06 05  0450   59735   17400    9    -9999.9    -9999.9    -1.00e+05
2022 06 05  0451   59735   17460    9    -9999.9    -9999.9    -1.00e+05
2022 06 05  0452   59735   17520    9    -9999.9    -9999.9    -1.00e+05
2022 06 05  0453   59735   17580    9    -9999.9    -9999.9    -1.00e+05
2022 06 05  0454   59735   17640    9    -9999.9    -9999.9    -1.00e+05
2022 06 05  0455   59735   17700    9    -9999.9    -9999.9    -1.00e+05
2022 06 05  0456   59735   17760    9    -9999.9    -9999.9    -1.00e+05
2022 06 05  0457   59735   17820    9    -9999.9    -9999.9    -1.00e+05
2022 06 05  0458   59735   17880    9    -9999.9    -9999.9    -1.00e+05
2022 06 05  0459   59735   17940    9    -9999.9    -9999.9    -1.00e+05
2022 06 05  0500   59735   18000    9    -9999.9    -9999.9    -1.00e+05
2022 06 05  0501   59735   18060    9    -9999.9    -9999.9    -1.00e+05
2022 06 05  0502   59735   18120    9    -9999.9    -9999.9    -1.00e+05
2022 06 05  0503   59735   18180    9    -9999.9    -9999.9    -1.00e+05
2022 06 05  0504   59735   18240    9    -9999.9    -9999.9    -1.00e+05
2022 06 05  0505   59735   18300    9    -9999.9    -9999.9    -1.00e+05
2022 06 05  0506   59735   18360    9    -9999.9    -9999.9    -1.00e+05
2022 06 05  0507   59735   18420    9    -9999.9    -9999.9    -1.00e+05
2022 06 05  0508   59735   18480    9    -9999.9    -9999.9    -1.00e+05
2022 06 05  0509   59735   18540    9    -9999.9    -9999.9    -1.00e+05
2022 06 05  0510   59735   18600    9    -9999.9    -9999.9    -1.00e+05
2022 06 05  0511   59735   18660    9    -9999.9    -9999.9    -1.00e+05
2022 06 05  0512   59735   18720    9    -9999.9    -9999.9    -1.00e+05
2022 06 05  0513   59735   18780    9    -9999.9    -9999.9    -1.00e+05
2022 06 05  0514   59735   18840    9    -9999.9    -9999.9    -1.00e+05
2022 06 05  0515   59735   18900    9    -9999.9    -9999.9    -1.00e+05
2022 06 05  0516   59735   18960    9    -9999.9    -9999.9    -1.00e+05
2022 06 05  0517   59735   19020    9    -9999.9    -9999.9    -1.00e+05
2022 06 05  0518   59735   19080    9    -9999.9    -9999.9    -1.00e+05
2022 06 05  0519   59735   19140    9    -9999.9    -9999.9    -1.00e+05
2022 06 05  0520   59735   19200    9    -9999.9    -9999.9    -1.00e+05
2022 06 05  0521   59735   19260    9    -9999.9    -9999.9    -1.00e+05
2022 06 05  0522   59735   19320    9    -9999.9    -9999.9    -1.00e+05
2022 06 05  0523   59735   19380    9    -9999.9    -9999.9    -1.00e+05
2022 06 05  0524   59735   19440    9    -9999.9    -9999.9    -1.00e+05
2022 06 05  0525   59735   19500    9    -9999.9    -9999.9    -1.00e+05
2022 06 05  0526   59735   19560    9    -9999.9    -9999.9    -1.00e+05
2022 06 05  0527   59735   19620    9    -9999.9    -9999.9    -1.00e+05
2022 06 05  0528   59735   19680    9    -9999.9    -9999.9    -1.00e+05
2022 06 05  0529   59735   19740    9    -9999.9    -9999.9    -1.00e+05
2022 06 05  0530   59735   19800    9    -9999.9    -9999.9    -1.00e+05
2022 06 05  0531   59735   19860    9    -9999.9    -9999.9    -1.00e+05
2022 06 05  0532   59735   19920    9    -9999.9    -9999.9    -1.00e+05
2022 06 05  0533   59735   19980    9    -9999.9    -9999.9    -1.00e+05
2022 06 05  0534   59735   20040    9    -9999.9    -9999.9    -1.00e+05
2022 06 05  0535   59735   20100    9    -9999.9    -9999.9    -1.00e+05
2022 06 05  0536   59735   20160    9    -9999.9    -9999.9    -1.00e+05
2022 06 05  0537   59735   20220    9    -9999.9    -9999.9    -1.00e+05
2022 06 05  0538   59735   20280    9    -9999.9    -9999.9    -1.00e+05
2022 06 05  0539   59735   20340    9    -9999.9    -9999.9    -1.00e+05
2022 06 05  0540   59735   20400    9    -9999.9    -9999.9    -1.00e+05
2022 06 05  0541   59735   20460    9    -9999.9    -9999.9    -1.00e+05
2022 06 05  0542   59735   20520    9    -9999.9    -9999.9    -1.00e+05
2022 06 05  0543   59735   20580    9    -9999.9    -9999.9    -1.00e+05
2022 06 05  0544   59735   20640    9    -9999.9    -9999.9    -1.00e+05
2022 06 05  0545   59735   20700    9    -9999.9    -9999.9    -1.00e+05
2022 06 05  0546   59735   20760    9    -9999.9    -9999.9    -1.00e+05
2022 06 05  0547   59735   20820    9    -9999.9    -9999.9    -1.00e+05
2022 06 05  0548   59735   20880    9    -9999.9    -9999.9    -1.00e+05
2022 06 05  0549   59735   20940    9    -9999.9    -9999.9    -1.00e+05
2022 06 05  0550   59735   21000    9    -9999.9    -9999.9    -1.00e+05
2022 06 05  0551   59735   21060    9    -9999.9    -9999.9    -1.00e+05
2022 06 05  0552   59735   21120    9    -9999.9    -9999.9    -1.00e+05
2022 06 05  0553   59735   21180    9    -9999.9    -9999.9    -1.00e+05
2022 06 05  0554   59735   21240    9    -9999.9    -9999.9    -1.00e+05
2022 06 05  0555   59735   21300    9    -9999.9    -9999.9    -1.00e+05
2022 06 05  0556   59735   21360    9    -9999.9    -9999.9    -1.00e+05
2022 06 05  0557   59735   21420    9    -9999.9    -9999.9    -1.00e+05
2022 06 05  0558   59735   21480    9    -9999.9    -9999.9    -1.00e+05
2022 06 05  0559   59735   21540    9    -9999.9    -9999.9    -1.00e+05
2022 06 05  0600   59735   21600    9    -9999.9    -9999.9    -1.00e+05
2022 06 05  0601   59735   21660    9    -9999.9    -9999.9    -1.00e+05
2022 06 05  0602   59735   21720    9    -9999.9    -9999.9    -1.00e+05
2022 06 05  0603   59735   21780    9    -9999.9    -9999.9    -1.00e+05
2022 06 05  0604   59735   21840    9    -9999.9    -9999.9    -1.00e+05
2022 06 05  0605   59735   21900    9    -9999.9    -9999.9    -1.00e+05
2022 06 05  0606   59735   21960    9    -9999.9    -9999.9    -1.00e+05
2022 06 05  0607   59735   22020    9    -9999.9    -9999.9    -1.00e+05
2022 06 05  0608   59735   22080    9    -9999.9    -9999.9    -1.00e+05
2022 06 05  0609   59735   22140    9    -9999.9    -9999.9    -1.00e+05
2022 06 05  0610   59735   22200    9    -9999.9    -9999.9    -1.00e+05
2022 06 05  0611   59735   22260    9    -9999.9    -9999.9    -1.00e+05
2022 06 05  0612   59735   22320    9    -9999.9    -9999.9    -1.00e+05
2022 06 05  0613   59735   22380    9    -9999.9    -9999.9    -1.00e+05
2022 06 05  0614   59735   22440    9    -9999.9    -9999.9    -1.00e+05
2022 06 05  0615   59735   22500    9    -9999.9    -9999.9    -1.00e+05
2022 06 05  0616   59735   22560    9    -9999.9    -9999.9    -1.00e+05
2022 06 05  0617   59735   22620    9    -9999.9    -9999.9    -1.00e+05
2022 06 05  0618   59735   22680    9    -9999.9    -9999.9    -1.00e+05
2022 06 05  0619   59735   22740    9    -9999.9    -9999.9    -1.00e+05
2022 06 05  0620   59735   22800    9    -9999.9    -9999.9    -1.00e+05
2022 06 05  0621   59735   22860    9    -9999.9    -9999.9    -1.00e+05
2022 06 05  0622   59735   22920    9    -9999.9    -9999.9    -1.00e+05
2022 06 05  0623   59735   22980    9    -9999.9    -9999.9    -1.00e+05
2022 06 05  0624   59735   23040    9    -9999.9    -9999.9    -1.00e+05
2022 06 05  0625   59735   23100    9    -9999.9    -9999.9    -1.00e+05
2022 06 05  0626   59735   23160    9    -9999.9    -9999.9    -1.00e+05
2022 06 05  0627   59735   23220    9    -9999.9    -9999.9    -1.00e+05
2022 06 05  0628   59735   23280    9    -9999.9    -9999.9    -1.00e+05
2022 06 05  0629   59735   23340    9    -9999.9    -9999.9    -1.00e+05
2022 06 05  0630   59735   23400    9    -9999.9    -9999.9    -1.00e+05
2022 06 05  0631   59735   23460    9    -9999.9    -9999.9    -1.00e+05
2022 06 05  0632   59735   23520    9    -9999.9    -9999.9    -1.00e+05
2022 06 05  0633   59735   23580    9    -9999.9    -9999.9    -1.00e+05
2022 06 05  0634   59735   23640    9    -9999.9    -9999.9    -1.00e+05
2022 06 05  0635   59735   23700    9    -9999.9    -9999.9    -1.00e+05
2022 06 05  0636   59735   23760    9    -9999.9    -9999.9    -1.00e+05
2022 06 05  0637   59735   23820    9    -9999.9    -9999.9    -1.00e+05
2022 06 05  0638   59735   23880    9    -9999.9    -9999.9    -1.00e+05
2022 06 05  0639   59735   23940    9    -9999.9    -9999.9    -1.00e+05
2022 06 05  0640   59735   24000    9    -9999.9    -9999.9    -1.00e+05
2022 06 05  0641   59735   24060    9    -9999.9    -9999.9    -1.00e+05
2022 06 05  0642   59735   24120    9    -9999.9    -9999.9    -1.00e+05
2022 06 05  0643   59735   24180    9    -9999.9    -9999.9    -1.00e+05
2022 06 05  0644   59735   24240    9    -9999.9    -9999.9    -1.00e+05
2022 06 05  0645   59735   24300    9    -9999.9    -9999.9    -1.00e+05
2022 06 05  0646   59735   24360    9    -9999.9    -9999.9    -1.00e+05
2022 06 05  0647   59735   24420    9    -9999.9    -9999.9    -1.00e+05
2022 06 05  0648   59735   24480    9    -9999.9    -9999.9    -1.00e+05
2022 06 05  0649   59735   24540    9    -9999.9    -9999.9    -1.00e+05
2022 06 05  0650   59735   24600    9    -9999.9    -9999.9    -1.00e+05
2022 06 05  0651   59735   24660    9    -9999.9    -9999.9    -1.00e+05
2022 06 05  0652   59735   24720    9    -9999.9    -9999.9    -1.00e+05
2022 06 05  0653   59735   24780    9    -9999.9    -9999.9    -1.00e+05
2022 06 05  0654   59735   24840    9    -9999.9    -9999.9    -1.00e+05
2022 06 05  0655   59735   24900    9    -9999.9    -9999.9    -1.00e+05
2022 06 05  0656   59735   24960    9    -9999.9    -9999.9    -1.00e+05
2022 06 05  0657   59735   25020    9    -9999.9    -9999.9    -1.00e+05
2022 06 05  0658   59735   25080    9    -9999.9    -9999.9    -1.00e+05
2022 06 05  0659   59735   25140    9    -9999.9    -9999.9    -1.00e+05
2022 06 05  0700   59735   25200    9    -9999.9    -9999.9    -1.00e+05
2022 06 05  0701   59735   25260    9    -9999.9    -9999.9    -1.00e+05
2022 06 05  0702   59735   25320    9    -9999.9    -9999.9    -1.00e+05
2022 06 05  0703   59735   25380    9    -9999.9    -9999.9    -1.00e+05
2022 06 05  0704   59735   25440    9    -9999.9    -9999.9    -1.00e+05
2022 06 05  0705   59735   25500    9    -9999.9    -9999.9    -1.00e+05
2022 06 05  0706   59735   25560    9    -9999.9    -9999.9    -1.00e+05
2022 06 05  0707   59735   25620    9    -9999.9    -9999.9    -1.00e+05
2022 06 05  0708   59735   25680    9    -9999.9    -9999.9    -1.00e+05
2022 06 05  0709   59735   25740    9    -9999.9    -9999.9    -1.00e+05
2022 06 05  0710   59735   25800    9    -9999.9    -9999.9    -1.00e+05
2022 06 05  0711   59735   25860    9    -9999.9    -9999.9    -1.00e+05
2022 06 05  0712   59735   25920    9    -9999.9    -9999.9    -1.00e+05
2022 06 05  0713   59735   25980    9    -9999.9    -9999.9    -1.00e+05
2022 06 05  0714   59735   26040    9    -9999.9    -9999.9    -1.00e+05
2022 06 05  0715   59735   26100    9    -9999.9    -9999.9    -1.00e+05
2022 06 05  0716   59735   26160    9    -9999.9    -9999.9    -1.00e+05
2022 06 05  0717   59735   26220    9    -9999.9    -9999.9    -1.00e+05
2022 06 05  0718   59735   26280    9    -9999.9    -9999.9    -1.00e+05
2022 06 05  0719   59735   26340    9    -9999.9    -9999.9    -1.00e+05
2022 06 05  0720   59735   26400    9    -9999.9    -9999.9    -1.00e+05
2022 06 05  0721   59735   26460    9    -9999.9    -9999.9    -1.00e+05
2022 06 05  0722   59735   26520    9    -9999.9    -9999.9    -1.00e+05
2022 06 05  0723   59735   26580    9    -9999.9    -9999.9    -1.00e+05
2022 06 05  0724   59735   26640    9    -9999.9    -9999.9    -1.00e+05
2022 06 05  0725   59735   26700    9    -9999.9    -9999.9    -1.00e+05
2022 06 05  0726   59735   26760    9    -9999.9    -9999.9    -1.00e+05
2022 06 05  0727   59735   26820    9    -9999.9    -9999.9    -1.00e+05
2022 06 05  0728   59735   26880    9    -9999.9    -9999.9    -1.00e+05
2022 06 05  0729   59735   26940    9    -9999.9    -9999.9    -1.00e+05
2022 06 05  0730   59735   27000    9    -9999.9    -9999.9    -1.00e+05
2022 06 05  0731   59735   27060    9    -9999.9    -9999.9    -1.00e+05
2022 06 05  0732   59735   27120    9    -9999.9    -9999.9    -1.00e+05
2022 06 05  0733   59735   27180    9    -9999.9    -9999.9    -1.00e+05
2022 06 05  0734   59735   27240    9    -9999.9    -9999.9    -1.00e+05
2022 06 05  0735   59735   27300    9    -9999.9    -9999.9    -1.00e+05
2022 06 05  0736   59735   27360    9    -9999.9    -9999.9    -1.00e+05
2022 06 05  0737   59735   27420    9    -9999.9    -9999.9    -1.00e+05
2022 06 05  0738   59735   27480    9    -9999.9    -9999.9    -1.00e+05
2022 06 05  0739   59735   27540    9    -9999.9    -9999.9    -1.00e+05
2022 06 05  0740   59735   27600    9    -9999.9    -9999.9    -1.00e+05
2022 06 05  0741   59735   27660    9    -9999.9    -9999.9    -1.00e+05
2022 06 05  0742   59735   27720    9    -9999.9    -9999.9    -1.00e+05
2022 06 05  0743   59735   27780    9    -9999.9    -9999.9    -1.00e+05
2022 06 05  0744   59735   27840    9    -9999.9    -9999.9    -1.00e+05
2022 06 05  0745   59735   27900    9    -9999.9    -9999.9    -1.00e+05
2022 06 05  0746   59735   27960    9    -9999.9    -9999.9    -1.00e+05
2022 06 05  0747   59735   28020    9    -9999.9    -9999.9    -1.00e+05
2022 06 05  0748   59735   28080    9    -9999.9    -9999.9    -1.00e+05
2022 06 05  0749   59735   28140    9    -9999.9    -9999.9    -1.00e+05
2022 06 05  0750   59735   28200    9    -9999.9    -9999.9    -1.00e+05
2022 06 05  0751   59735   28260    9    -9999.9    -9999.9    -1.00e+05
2022 06 05  0752   59735   28320    9    -9999.9    -9999.9    -1.00e+05
2022 06 05  0753   59735   28380    9    -9999.9    -9999.9    -1.00e+05
2022 06 05  0754   59735   28440    9    -9999.9    -9999.9    -1.00e+05
2022 06 05  0755   59735   28500    9    -9999.9    -9999.9    -1.00e+05
2022 06 05  0756   59735   28560    9    -9999.9    -9999.9    -1.00e+05
2022 06 05  0757   59735   28620    9    -9999.9    -9999.9    -1.00e+05
2022 06 05  0758   59735   28680    9    -9999.9    -9999.9    -1.00e+05
2022 06 05  0759   59735   28740    9    -9999.9    -9999.9    -1.00e+05
2022 06 05  0800   59735   28800    9    -9999.9    -9999.9    -1.00e+05
2022 06 05  0801   59735   28860    9    -9999.9    -9999.9    -1.00e+05
2022 06 05  0802   59735   28920    9    -9999.9    -9999.9    -1.00e+05
2022 06 05  0803   59735   28980    9    -9999.9    -9999.9    -1.00e+05
2022 06 05  0804   59735   29040    9    -9999.9    -9999.9    -1.00e+05
2022 06 05  0805   59735   29100    9    -9999.9    -9999.9    -1.00e+05
2022 06 05  0806   59735   29160    9    -9999.9    -9999.9    -1.00e+05
2022 06 05  0807   59735   29220    9    -9999.9    -9999.9    -1.00e+05
2022 06 05  0808   59735   29280    9    -9999.9    -9999.9    -1.00e+05
2022 06 05  0809   59735   29340    9    -9999.9    -9999.9    -1.00e+05
2022 06 05  0810   59735   29400    9    -9999.9    -9999.9    -1.00e+05
2022 06 05  0811   59735   29460    9    -9999.9    -9999.9    -1.00e+05
2022 06 05  0812   59735   29520    9    -9999.9    -9999.9    -1.00e+05
2022 06 05  0813   59735   29580    9    -9999.9    -9999.9    -1.00e+05
2022 06 05  0814   59735   29640    9    -9999.9    -9999.9    -1.00e+05
2022 06 05  0815   59735   29700    9    -9999.9    -9999.9    -1.00e+05
2022 06 05  0816   59735   29760    9    -9999.9    -9999.9    -1.00e+05
2022 06 05  0817   59735   29820    9    -9999.9    -9999.9    -1.00e+05
2022 06 05  0818   59735   29880    9    -9999.9    -9999.9    -1.00e+05
2022 06 05  0819   59735   29940    9    -9999.9    -9999.9    -1.00e+05
2022 06 05  0820   59735   30000    9    -9999.9    -9999.9    -1.00e+05
2022 06 05  0821   59735   30060    9    -9999.9    -9999.9    -1.00e+05
2022 06 05  0822   59735   30120    9    -9999.9    -9999.9    -1.00e+05
2022 06 05  0823   59735   30180    9    -9999.9    -9999.9    -1.00e+05
2022 06 05  0824   59735   30240    9    -9999.9    -9999.9    -1.00e+05
2022 06 05  0825   59735   30300    9    -9999.9    -9999.9    -1.00e+05
2022 06 05  0826   59735   30360    9    -9999.9    -9999.9    -1.00e+05
2022 06 05  0827   59735   30420    9    -9999.9    -9999.9    -1.00e+05
2022 06 05  0828   59735   30480    9    -9999.9    -9999.9    -1.00e+05
2022 06 05  0829   59735   30540    9    -9999.9    -9999.9    -1.00e+05
2022 06 05  0830   59735   30600    9    -9999.9    -9999.9    -1.00e+05
2022 06 05  0831   59735   30660    9    -9999.9    -9999.9    -1.00e+05
2022 06 05  0832   59735   30720    9    -9999.9    -9999.9    -1.00e+05
2022 06 05  0833   59735   30780    9    -9999.9    -9999.9    -1.00e+05
2022 06 05  0834   59735   30840    9    -9999.9    -9999.9    -1.00e+05
2022 06 05  0835   59735   30900    9    -9999.9    -9999.9    -1.00e+05
2022 06 05  0836   59735   30960    9    -9999.9    -9999.9    -1.00e+05
2022 06 05  0837   59735   31020    9    -9999.9    -9999.9    -1.00e+05
2022 06 05  0838   59735   31080    9    -9999.9    -9999.9    -1.00e+05
2022 06 05  0839   59735   31140    9    -9999.9    -9999.9    -1.00e+05
2022 06 05  0840   59735   31200    9    -9999.9    -9999.9    -1.00e+05
2022 06 05  0841   59735   31260    9    -9999.9    -9999.9    -1.00e+05
2022 06 05  0842   59735   31320    9    -9999.9    -9999.9    -1.00e+05
2022 06 05  0843   59735   31380    9    -9999.9    -9999.9    -1.00e+05
2022 06 05  0844   59735   31440    9    -9999.9    -9999.9    -1.00e+05
2022 06 05  0845   59735   31500    9    -9999.9    -9999.9    -1.00e+05
2022 06 05  0846   59735   31560    9    -9999.9    -9999.9    -1.00e+05
2022 06 05  0847   59735   31620    9    -9999.9    -9999.9    -1.00e+05
2022 06 05  0848   59735   31680    9    -9999.9    -9999.9    -1.00e+05
2022 06 05  0849   59735   31740    9    -9999.9    -9999.9    -1.00e+05
2022 06 05  0850   59735   31800    9    -9999.9    -9999.9    -1.00e+05
2022 06 05  0851   59735   31860    9    -9999.9    -9999.9    -1.00e+05
2022 06 05  0852   59735   31920    9    -9999.9    -9999.9    -1.00e+05
2022 06 05  0853   59735   31980    9    -9999.9    -9999.9    -1.00e+05
2022 06 05  0854   59735   32040    9    -9999.9    -9999.9    -1.00e+05
2022 06 05  0855   59735   32100    9    -9999.9    -9999.9    -1.00e+05
2022 06 05  0856   59735   32160    9    -9999.9    -9999.9    -1.00e+05
2022 06 05  0857   59735   32220    9    -9999.9    -9999.9    -1.00e+05
2022 06 05  0858   59735   32280    9    -9999.9    -9999.9    -1.00e+05
2022 06 05  0859   59735   32340    9    -9999.9    -9999.9    -1.00e+05
