:Data_list: 20220516_ace_epam_5m.txt
:Created: 2022 May 16 0901 UT
# Prepared by the U.S. Dept. of Commerce, NOAA, Space Weather Prediction Center
# Please send comments and suggestions to SWPC.Webmaster@noaa.gov 
# 
# Units: Differential Flux particles/cm2-s-ster-MeV
# Units: Anisotropy Index 0.0 - 2.0
# Status(S): 0 = nominal, 4,6,7,8 = bad data, unable to process, 9 = no data
# Missing data values: -1.00e+05, index = -1.00
# Source: ACE Satellite - Electron, Proton, and Alpha Monitor
#
#
#                      5-minute averaged Real-time Differential Electron and Proton Flux 
# 
#                Modified Seconds ---------------------------- Differential Flux ---------------------------
# UT Date   Time  Julian  of the  ----- Electron -----   ------------------- Protons keV -------------------   Anis.
# YR MO DA  HHMM    Day    Day    S    38-53   175-315   S    47-68   115-195   310-580   795-1193 1060-1900   Index
#-------------------------------------------------------------------------------------------------------------------
2022 05 16  0000   59715       0  0  1.30e+03  2.98e+01  0  2.17e+03  5.08e+01  5.79e+00  1.07e+00  3.39e-01  -1.00
2022 05 16  0005   59715     300  0  1.48e+03  2.78e+01  0  2.37e+03  4.60e+01  5.49e+00  8.47e-01  3.60e-01  -1.00
2022 05 16  0010   59715     600  0  1.20e+03  2.72e+01  0  2.30e+03  4.73e+01  5.23e+00  1.04e+00  2.78e-01  -1.00
2022 05 16  0015   59715     900  0  1.15e+03  2.37e+01  0  2.13e+03  4.71e+01  4.65e+00  1.43e+00  2.97e-01  -1.00
2022 05 16  0020   59715    1200  0  1.32e+03  2.64e+01  0  2.28e+03  4.56e+01  6.17e+00  9.57e-01  2.17e-01  -1.00
2022 05 16  0025   59715    1500  0  1.16e+03  3.21e+01  0  2.22e+03  4.45e+01  5.31e+00  9.26e-01  3.12e-01  -1.00
2022 05 16  0030   59715    1800  0  1.23e+03  2.85e+01  0  2.33e+03  4.71e+01  5.01e+00  8.82e-01  2.72e-01  -1.00
2022 05 16  0035   59715    2100  0  1.31e+03  3.21e+01  0  2.27e+03  4.58e+01  5.38e+00  1.02e+00  2.52e-01  -1.00
2022 05 16  0040   59715    2400  0  1.36e+03  3.00e+01  0  2.32e+03  4.88e+01  5.20e+00  1.16e+00  2.97e-01  -1.00
2022 05 16  0045   59715    2700  0  1.21e+03  3.24e+01  0  2.31e+03  4.92e+01  6.36e+00  9.15e-01  2.42e-01  -1.00
2022 05 16  0050   59715    3000  0  1.10e+03  2.72e+01  0  2.17e+03  4.51e+01  5.17e+00  1.24e+00  2.80e-01  -1.00
2022 05 16  0055   59715    3300  0  1.40e+03  2.95e+01  0  2.33e+03  4.50e+01  5.68e+00  1.25e+00  2.41e-01  -1.00
2022 05 16  0100   59715    3600  0  1.11e+03  2.94e+01  0  2.28e+03  4.74e+01  5.94e+00  1.17e+00  3.11e-01  -1.00
2022 05 16  0105   59715    3900  0  1.09e+03  3.03e+01  0  2.24e+03  4.93e+01  6.44e+00  8.07e-01  3.88e-01  -1.00
2022 05 16  0110   59715    4200  0  1.31e+03  2.89e+01  0  2.34e+03  4.82e+01  5.99e+00  1.10e+00  2.66e-01  -1.00
2022 05 16  0115   59715    4500  0  1.21e+03  2.96e+01  0  2.22e+03  4.79e+01  5.41e+00  8.72e-01  3.43e-01  -1.00
2022 05 16  0120   59715    4800  0  1.18e+03  2.86e+01  0  2.28e+03  4.73e+01  6.19e+00  1.06e+00  3.30e-01  -1.00
2022 05 16  0125   59715    5100  0  1.26e+03  2.82e+01  0  2.17e+03  4.60e+01  4.93e+00  1.20e+00  2.66e-01  -1.00
2022 05 16  0130   59715    5400  0  1.29e+03  2.95e+01  0  2.30e+03  4.44e+01  6.07e+00  9.37e-01  2.53e-01  -1.00
2022 05 16  0135   59715    5700  0  1.18e+03  2.81e+01  0  2.29e+03  4.41e+01  5.93e+00  1.01e+00  2.67e-01  -1.00
2022 05 16  0140   59715    6000  0  1.18e+03  2.57e+01  0  2.11e+03  4.86e+01  5.98e+00  1.13e+00  3.00e-01  -1.00
2022 05 16  0145   59715    6300  0  1.39e+03  3.04e+01  0  2.26e+03  4.75e+01  5.82e+00  1.25e+00  2.55e-01  -1.00
2022 05 16  0150   59715    6600  0  1.17e+03  3.27e+01  0  2.20e+03  5.44e+01  5.32e+00  7.87e-01  3.81e-01  -1.00
2022 05 16  0155   59715    6900  0  1.17e+03  2.97e+01  0  2.27e+03  4.74e+01  5.66e+00  9.66e-01  3.19e-01  -1.00
2022 05 16  0200   59715    7200  0  1.21e+03  2.60e+01  0  2.23e+03  4.78e+01  5.72e+00  1.00e+00  2.64e-01  -1.00
2022 05 16  0205   59715    7500  0  1.24e+03  3.32e+01  0  2.27e+03  4.67e+01  5.22e+00  8.44e-01  3.39e-01  -1.00
2022 05 16  0210   59715    7800  0  1.14e+03  2.75e+01  0  2.25e+03  4.30e+01  4.82e+00  9.65e-01  3.59e-01  -1.00
2022 05 16  0215   59715    8100  0  1.16e+03  3.20e+01  0  2.10e+03  4.65e+01  5.67e+00  1.27e+00  2.75e-01  -1.00
2022 05 16  0220   59715    8400  0  1.29e+03  2.74e+01  0  2.33e+03  4.03e+01  4.53e+00  1.07e+00  3.03e-01  -1.00
2022 05 16  0225   59715    8700  0  1.06e+03  3.02e+01  0  2.27e+03  4.39e+01  5.15e+00  1.24e+00  2.48e-01  -1.00
2022 05 16  0230   59715    9000  0  1.10e+03  3.13e+01  0  2.20e+03  4.16e+01  5.30e+00  1.17e+00  2.13e-01  -1.00
2022 05 16  0235   59715    9300  0  1.25e+03  2.85e+01  0  2.20e+03  3.90e+01  4.83e+00  9.36e-01  3.01e-01  -1.00
2022 05 16  0240   59715    9600  0  1.08e+03  3.20e+01  0  2.20e+03  4.15e+01  4.39e+00  7.91e-01  3.27e-01  -1.00
2022 05 16  0245   59715    9900  0  1.17e+03  2.83e+01  0  2.19e+03  3.44e+01  4.02e+00  1.32e+00  2.33e-01  -1.00
2022 05 16  0250   59715   10200  0  1.00e+03  2.89e+01  0  2.08e+03  2.99e+01  4.69e+00  1.06e+00  2.40e-01  -1.00
2022 05 16  0255   59715   10500  0  1.27e+03  3.42e+01  0  2.26e+03  3.20e+01  4.18e+00  1.16e+00  2.22e-01  -1.00
2022 05 16  0300   59715   10800  0  1.07e+03  2.83e+01  0  2.21e+03  3.22e+01  3.85e+00  7.41e-01  2.17e-01  -1.00
2022 05 16  0305   59715   11100  0  1.04e+03  3.16e+01  0  2.18e+03  3.13e+01  3.33e+00  8.35e-01  3.56e-01  -1.00
2022 05 16  0310   59715   11400  0  1.28e+03  2.97e+01  0  2.27e+03  3.72e+01  3.90e+00  8.55e-01  2.23e-01  -1.00
2022 05 16  0315   59715   11700  0  1.07e+03  2.33e+01  0  2.24e+03  3.60e+01  4.39e+00  1.03e+00  3.11e-01  -1.00
2022 05 16  0320   59715   12000  0  1.08e+03  2.87e+01  0  2.20e+03  3.49e+01  4.57e+00  1.04e+00  2.65e-01  -1.00
2022 05 16  0325   59715   12300  0  1.14e+03  2.96e+01  0  2.17e+03  3.62e+01  4.40e+00  1.01e+00  2.33e-01  -1.00
2022 05 16  0330   59715   12600  0  1.21e+03  3.03e+01  0  2.29e+03  3.99e+01  3.30e+00  8.67e-01  2.33e-01  -1.00
2022 05 16  0335   59715   12900  0  1.10e+03  3.44e+01  0  2.28e+03  3.47e+01  4.13e+00  7.09e-01  3.02e-01  -1.00
2022 05 16  0340   59715   13200  0  1.13e+03  3.19e+01  0  2.07e+03  3.63e+01  4.42e+00  7.92e-01  1.73e-01  -1.00
2022 05 16  0345   59715   13500  0  1.33e+03  3.03e+01  0  2.31e+03  3.62e+01  4.24e+00  8.72e-01  2.42e-01  -1.00
2022 05 16  0350   59715   13800  0  1.18e+03  2.92e+01  0  2.28e+03  3.67e+01  4.15e+00  1.12e+00  1.55e-01  -1.00
2022 05 16  0355   59715   14100 -1 -1.00e+05 -1.00e+05 -1 -1.00e+05 -1.00e+05 -1.00e+05 -1.00e+05 -1.00e+05  -1.00
2022 05 16  0400   59715   14400  0  1.39e+03  2.76e+01  0  2.26e+03  3.19e+01  4.44e+00  9.15e-01  2.15e-01  -1.00
2022 05 16  0405   59715   14700  0  1.29e+03  2.81e+01  0  2.26e+03  3.27e+01  4.16e+00  8.66e-01  1.44e-01  -1.00
2022 05 16  0410   59715   15000  0  1.27e+03  3.88e+01  0  2.27e+03  3.18e+01  4.47e+00  9.83e-01  2.40e-01  -1.00
2022 05 16  0415   59715   15300  0  1.23e+03  3.44e+01  0  2.11e+03  3.25e+01  3.59e+00  8.15e-01  2.41e-01  -1.00
2022 05 16  0420   59715   15600  0  1.48e+03  3.28e+01  0  2.25e+03  3.28e+01  3.76e+00  8.35e-01  2.64e-01  -1.00
2022 05 16  0425   59715   15900  0  1.34e+03  3.02e+01  0  2.22e+03  3.07e+01  4.04e+00  9.32e-01  2.19e-01  -1.00
2022 05 16  0430   59715   16200  0  1.40e+03  3.50e+01  0  2.13e+03  3.22e+01  3.85e+00  1.12e+00  3.12e-01  -1.00
2022 05 16  0435   59715   16500  0  1.49e+03  3.03e+01  0  2.19e+03  3.08e+01  3.69e+00  9.45e-01  1.98e-01  -1.00
2022 05 16  0440   59715   16800  0  1.24e+03  2.97e+01  0  2.25e+03  3.14e+01  4.66e+00  8.47e-01  1.63e-01  -1.00
2022 05 16  0445   59715   17100  0  1.18e+03  3.38e+01  0  2.17e+03  3.26e+01  4.27e+00  1.08e+00  2.65e-01  -1.00
2022 05 16  0450   59715   17400  0  1.28e+03  3.24e+01  0  2.13e+03  3.18e+01  3.18e+00  7.81e-01  2.57e-01  -1.00
2022 05 16  0455   59715   17700  0  1.38e+03  3.01e+01  0  2.30e+03  3.23e+01  3.78e+00  7.61e-01  2.32e-01  -1.00
2022 05 16  0500   59715   18000  0  1.31e+03  3.47e+01  0  2.27e+03  3.40e+01  4.60e+00  9.56e-01  2.81e-01  -1.00
2022 05 16  0505   59715   18300  0  1.22e+03  3.13e+01  0  2.11e+03  3.02e+01  4.02e+00  8.94e-01  1.48e-01  -1.00
2022 05 16  0510   59715   18600  0  1.40e+03  3.14e+01  0  7.17e+05  5.19e+05  1.55e+05  1.07e+00  2.66e-01  -1.00
2022 05 16  0515   59715   18900  0  1.25e+03  2.69e+01  0  2.13e+03  3.32e+01  4.08e+00  7.84e-01  2.66e-01  -1.00
2022 05 16  0520   59715   19200  0  1.43e+03  2.98e+01  0  2.23e+03  2.97e+01  4.12e+00  9.66e-01  2.29e-01  -1.00
2022 05 16  0525   59715   19500  0  1.39e+03  2.81e+01  0  2.16e+03  3.13e+01  3.70e+00  8.19e-01  3.92e-01  -1.00
2022 05 16  0530   59715   19800  0  1.29e+03  3.41e+01  0  2.23e+03  3.28e+01  4.10e+00  9.10e-01  1.91e-01  -1.00
2022 05 16  0535   59715   20100  0  1.21e+03  3.35e+01  0  2.19e+03  3.03e+01  3.90e+00  9.49e-01  2.16e-01  -1.00
2022 05 16  0540   59715   20400  0  1.15e+03  2.94e+01  0  1.99e+03  2.82e+01  3.61e+00  6.78e-01  3.09e-01  -1.00
2022 05 16  0545   59715   20700  0  1.34e+03  3.14e+01  0  2.20e+03  2.92e+01  3.46e+00  7.65e-01  2.01e-01  -1.00
2022 05 16  0550   59715   21000  0  1.21e+03  2.83e+01  0  2.19e+03  2.90e+01  3.73e+00  9.39e-01  2.14e-01  -1.00
2022 05 16  0555   59715   21300  0  1.19e+03  2.85e+01  0  2.16e+03  2.62e+01  3.48e+00  7.04e-01  1.59e-01  -1.00
2022 05 16  0600   59715   21600  0  1.35e+03  2.74e+01  0  2.19e+03  2.70e+01  2.93e+00  7.62e-01  2.84e-01  -1.00
2022 05 16  0605   59715   21900  0  1.20e+03  2.78e+01  0  2.14e+03  2.82e+01  3.56e+00  7.80e-01  2.67e-01  -1.00
2022 05 16  0610   59715   22200  0  1.22e+03  2.80e+01  0  2.16e+03  2.71e+01  3.36e+00  1.03e+00  2.31e-01  -1.00
2022 05 16  0615   59715   22500  0  1.17e+03  2.84e+01  0  2.06e+03  3.01e+01  3.36e+00  7.31e-01  2.04e-01  -1.00
2022 05 16  0620   59715   22800  0  1.57e+03  3.02e+01  0  2.29e+03  2.75e+01  4.00e+00  7.24e-01  3.13e-01  -1.00
2022 05 16  0625   59715   23100  0  1.13e+03  3.48e+01  0  2.26e+03  2.74e+01  2.87e+00  8.47e-01  2.55e-01  -1.00
2022 05 16  0630   59715   23400  0  1.19e+03  3.19e+01  0  2.12e+03  2.76e+01  3.02e+00  8.18e-01  1.79e-01  -1.00
2022 05 16  0635   59715   23700  0  1.42e+03  3.49e+01  0  2.18e+03  3.08e+01  3.65e+00  7.73e-01  1.93e-01  -1.00
2022 05 16  0640   59715   24000  0  1.24e+03  3.19e+01  0  2.38e+03  3.93e+01  3.84e+00  9.25e-01  1.48e-01  -1.00
2022 05 16  0645   59715   24300  0  1.15e+03  3.38e+01  0  2.61e+03  4.08e+01  3.96e+00  6.75e-01  1.80e-01  -1.00
2022 05 16  0650   59715   24600  0  1.28e+03  3.41e+01  0  2.87e+03  3.75e+01  3.37e+00  4.99e-01  2.05e-01  -1.00
2022 05 16  0655   59715   24900  0  1.41e+03  2.90e+01  0  2.63e+03  2.96e+01  4.13e+00  1.08e+00  1.18e-01  -1.00
2022 05 16  0700   59715   25200  0  1.16e+03  2.95e+01  0  2.46e+03  3.35e+01  3.72e+00  7.77e-01  2.09e-01  -1.00
2022 05 16  0705   59715   25500  0  1.22e+03  3.32e+01  0  2.44e+03  3.27e+01  4.30e+00  7.86e-01  1.72e-01  -1.00
2022 05 16  0710   59715   25800  0  1.40e+03  3.54e+01  0  2.51e+03  3.20e+01  3.07e+00  6.90e-01  2.51e-01  -1.00
2022 05 16  0715   59715   26100  0  1.15e+03  3.57e+01  0  2.23e+03  2.48e+01  3.50e+00  8.31e-01  1.73e-01  -1.00
2022 05 16  0720   59715   26400  0  1.13e+03  2.82e+01  0  2.18e+03  2.62e+01  3.30e+00  7.66e-01  1.60e-01  -1.00
2022 05 16  0725   59715   26700  0  1.29e+03  3.56e+01  0  2.16e+03  2.84e+01  3.26e+00  7.68e-01  2.29e-01  -1.00
2022 05 16  0730   59715   27000  0  1.21e+03  2.94e+01  0  2.19e+03  2.65e+01  2.86e+00  7.84e-01  1.66e-01  -1.00
2022 05 16  0735   59715   27300  0  1.28e+03  2.91e+01  0  2.12e+03  2.43e+01  3.72e+00  1.08e+00  2.54e-01  -1.00
2022 05 16  0740   59715   27600  0  1.17e+03  3.11e+01  0  2.07e+03  2.20e+01  4.08e+00  7.48e-01  1.89e-01  -1.00
2022 05 16  0745   59715   27900  0  1.44e+03  2.75e+01  0  2.26e+03  2.74e+01  3.30e+00  7.56e-01  2.27e-01  -1.00
2022 05 16  0750   59715   28200  0  1.10e+03  2.79e+01  0  2.15e+03  2.65e+01  3.45e+00  9.65e-01  2.60e-01  -1.00
2022 05 16  0755   59715   28500  0  1.23e+03  3.01e+01  0  2.06e+03  2.72e+01  3.16e+00  6.91e-01  1.81e-01  -1.00
2022 05 16  0800   59715   28800  0  1.40e+03  2.45e+01  0  2.22e+03  2.50e+01  3.15e+00  9.83e-01  2.23e-01  -1.00
2022 05 16  0805   59715   29100  0  1.06e+03  2.75e+01  0  2.14e+03  2.40e+01  3.41e+00  8.62e-01  2.46e-01  -1.00
2022 05 16  0810   59715   29400  0  1.18e+03  2.84e+01  0  2.17e+03  2.21e+01  2.81e+00  6.67e-01  2.54e-01  -1.00
2022 05 16  0815   59715   29700  0  1.22e+03  3.24e+01  0  2.06e+03  2.39e+01  3.15e+00  7.15e-01  1.43e-01  -1.00
2022 05 16  0820   59715   30000  0  1.37e+03  2.87e+01  0  2.24e+03  2.65e+01  3.04e+00  9.02e-01  1.21e-01  -1.00
2022 05 16  0825   59715   30300  0  1.08e+03  3.13e+01  0  2.21e+03  2.48e+01  3.19e+00  6.16e-01  1.75e-01  -1.00
2022 05 16  0830   59715   30600  0  1.24e+03  3.20e+01  0  2.00e+03  2.37e+01  2.97e+00  7.61e-01  2.72e-01  -1.00
2022 05 16  0835   59715   30900  0  1.35e+03  3.27e+01  0  2.21e+03  2.83e+01  3.52e+00  8.52e-01  2.38e-01  -1.00
2022 05 16  0840   59715   31200  0  1.10e+03  3.06e+01  0  2.22e+03  2.25e+01  3.33e+00  5.34e-01  2.63e-01  -1.00
2022 05 16  0845   59715   31500  0  1.14e+03  3.14e+01  0  1.05e+04  1.24e+02  3.70e+00  7.69e-01  2.93e-01  -1.00
2022 05 16  0850   59715   31800  0  1.32e+03  2.97e+01  0  2.08e+04  9.08e+01  3.72e+00  6.83e-01  1.50e-01  -1.00
2022 05 16  0855   59715   32100  0  1.34e+03  3.08e+01  0  8.33e+03  2.53e+02  6.61e+00  6.65e-01  2.96e-01  -1.00
