:Data_list: 20220601_ace_swepam_1m.txt
:Created: 2022 Jun 01 0901 UT
# Prepared by the U.S. Dept. of Commerce, NOAA, Space Weather Prediction Center
# Please send comments and suggestions to SWPC.Webmaster@noaa.gov 
# 
# Units: Proton density p/cc
# Units: Bulk speed km/s
# Units: Ion tempeture degrees K
# Status(S): 0 = nominal data, 1 to 8 = bad data record, 9 = no data
# Missing data values: Density and Speed = -9999.9, Temp. = -1.00e+05
# Source: ACE Satellite - Solar Wind Electron Proton Alpha Monitor
#
#   1-minute averaged Real-time Bulk Parameters of the Solar Wind Plasma
# 
#                Modified Seconds   -------------  Solar Wind  -----------
# UT Date   Time  Julian  of the          Proton      Bulk         Ion
# YR MO DA  HHMM    Day     Day     S    Density     Speed     Temperature
#-------------------------------------------------------------------------
2022 06 01  0000   59731       0    0        1.4      487.7     1.15e+05
2022 06 01  0001   59731      60    0        1.4      486.8     1.15e+05
2022 06 01  0002   59731     120    0        1.3      488.1     1.16e+05
2022 06 01  0003   59731     180    0        1.1      490.4     1.16e+05
2022 06 01  0004   59731     240    0        1.0      490.3     1.35e+05
2022 06 01  0005   59731     300    0        0.7      490.9     1.89e+05
2022 06 01  0006   59731     360    0        0.7      489.6     2.04e+05
2022 06 01  0007   59731     420    0        0.6      488.1     2.00e+05
2022 06 01  0008   59731     480    1        0.3      464.9     1.37e+05
2022 06 01  0009   59731     540    0        0.3      501.6     2.51e+05
2022 06 01  0010   59731     600    0        0.3    -9999.9    -1.00e+05
2022 06 01  0011   59731     660    0        0.6      482.2     1.76e+05
2022 06 01  0012   59731     720    0        0.5      482.4     1.94e+05
2022 06 01  0013   59731     780    0        0.2      481.4     2.41e+05
2022 06 01  0014   59731     840    0        0.5      479.1     1.71e+05
2022 06 01  0015   59731     900    0        0.7      481.6     1.50e+05
2022 06 01  0016   59731     960    0        0.7      481.5     1.55e+05
2022 06 01  0017   59731    1020    0        0.7      482.4     1.74e+05
2022 06 01  0018   59731    1080    0        0.8      486.3     1.88e+05
2022 06 01  0019   59731    1140    0        1.0      487.6     1.79e+05
2022 06 01  0020   59731    1200    0        1.1      489.4     1.75e+05
2022 06 01  0021   59731    1260    0        1.3      494.5     1.70e+05
2022 06 01  0022   59731    1320    0        1.2      487.3     1.43e+05
2022 06 01  0023   59731    1380    0        1.1      483.8     1.48e+05
2022 06 01  0024   59731    1440    1        1.5      475.5     1.67e+05
2022 06 01  0025   59731    1500    0        1.6      483.8     1.84e+05
2022 06 01  0026   59731    1560    0        1.3      487.9     1.54e+05
2022 06 01  0027   59731    1620    0        1.6      485.4     1.50e+05
2022 06 01  0028   59731    1680    0        1.5      485.3     1.62e+05
2022 06 01  0029   59731    1740    0        1.4      488.0     1.43e+05
2022 06 01  0030   59731    1800    0        1.3      482.9     1.41e+05
2022 06 01  0031   59731    1860    0        1.3      485.6     1.58e+05
2022 06 01  0032   59731    1920    0        1.4      485.2     1.72e+05
2022 06 01  0033   59731    1980    0        1.3      482.5     1.77e+05
2022 06 01  0034   59731    2040    0        1.1      481.0     1.77e+05
2022 06 01  0035   59731    2100    0        1.1      479.1     1.72e+05
2022 06 01  0036   59731    2160    0        1.2      479.1     1.68e+05
2022 06 01  0037   59731    2220    0        1.1      481.8     1.70e+05
2022 06 01  0038   59731    2280    0        0.9      482.2     1.61e+05
2022 06 01  0039   59731    2340    0        0.7      480.0     1.61e+05
2022 06 01  0040   59731    2400    0        0.9      479.5     1.61e+05
2022 06 01  0041   59731    2460    0        0.9      477.4     1.51e+05
2022 06 01  0042   59731    2520    0        0.8      482.3     1.59e+05
2022 06 01  0043   59731    2580    0        0.8      482.4     1.59e+05
2022 06 01  0044   59731    2640    0        0.8      487.2     1.65e+05
2022 06 01  0045   59731    2700    0        0.8      475.0     1.54e+05
2022 06 01  0046   59731    2760    0        0.8      476.4     1.72e+05
2022 06 01  0047   59731    2820    0        0.9      483.3     1.78e+05
2022 06 01  0048   59731    2880    0        1.0      484.2     1.74e+05
2022 06 01  0049   59731    2940    0        0.9      482.6     1.73e+05
2022 06 01  0050   59731    3000    0        0.9      482.2     1.67e+05
2022 06 01  0051   59731    3060    0        0.9      481.7     1.63e+05
2022 06 01  0052   59731    3120    0        1.0      482.2     1.72e+05
2022 06 01  0053   59731    3180    0        1.0      486.4     1.71e+05
2022 06 01  0054   59731    3240    0        1.1      494.2     1.89e+05
2022 06 01  0055   59731    3300    0        1.0      493.3     1.90e+05
2022 06 01  0056   59731    3360    0        0.6      468.0     1.05e+05
2022 06 01  0057   59731    3420    0        0.8      464.4     1.15e+05
2022 06 01  0058   59731    3480    0        0.7      462.5     9.69e+04
2022 06 01  0059   59731    3540    0        0.8      469.9     1.28e+05
2022 06 01  0100   59731    3600    0        0.6      470.8     1.33e+05
2022 06 01  0101   59731    3660    0        0.4      469.1     1.48e+05
2022 06 01  0102   59731    3720    0        0.5      475.3     1.60e+05
2022 06 01  0103   59731    3780    0        0.6      473.9     1.64e+05
2022 06 01  0104   59731    3840    0        0.7      471.5     1.54e+05
2022 06 01  0105   59731    3900    0        0.5      469.9     1.74e+05
2022 06 01  0106   59731    3960    0        0.4      468.6     1.56e+05
2022 06 01  0107   59731    4020    0        0.6      471.2     1.13e+05
2022 06 01  0108   59731    4080    0        0.7      473.7     1.25e+05
2022 06 01  0109   59731    4140    0        0.6      472.4     1.26e+05
2022 06 01  0110   59731    4200    0        0.5      475.4     1.27e+05
2022 06 01  0111   59731    4260    0        0.3      472.8     1.43e+05
2022 06 01  0112   59731    4320    0        0.3      460.2     1.59e+05
2022 06 01  0113   59731    4380    0        0.4      475.5     9.45e+04
2022 06 01  0114   59731    4440    0        0.4      475.2     1.07e+05
2022 06 01  0115   59731    4500    0        0.2      480.9     1.18e+05
2022 06 01  0116   59731    4560    0        0.2      481.5     1.19e+05
2022 06 01  0117   59731    4620    0        0.6      477.5     1.07e+05
2022 06 01  0118   59731    4680    0        0.8      478.3     1.05e+05
2022 06 01  0119   59731    4740    0        0.7      486.2     9.95e+04
2022 06 01  0120   59731    4800    0        1.6      488.5     1.10e+05
2022 06 01  0121   59731    4860    0        1.9      490.9     1.15e+05
2022 06 01  0122   59731    4920    0        1.2      497.8     1.26e+05
2022 06 01  0123   59731    4980    0        1.0      496.2     1.35e+05
2022 06 01  0124   59731    5040    0        2.0      483.3     1.18e+05
2022 06 01  0125   59731    5100    0        2.2      477.1     1.15e+05
2022 06 01  0126   59731    5160    0        1.8      477.3     8.41e+04
2022 06 01  0127   59731    5220    0        1.6      465.1     8.07e+04
2022 06 01  0128   59731    5280    0        0.9      464.4     1.08e+05
2022 06 01  0129   59731    5340    0        0.2      476.5     2.04e+05
2022 06 01  0130   59731    5400    0        1.0      460.9     1.16e+05
2022 06 01  0131   59731    5460    1        0.8      458.4     1.27e+05
2022 06 01  0132   59731    5520    0        0.5      472.9     1.49e+05
2022 06 01  0133   59731    5580    0        0.3      479.1     1.22e+05
2022 06 01  0134   59731    5640    1        0.1      482.7     1.80e+05
2022 06 01  0135   59731    5700    0        0.3      483.9     1.32e+05
2022 06 01  0136   59731    5760    0        0.3      474.6     1.16e+05
2022 06 01  0137   59731    5820    0        0.2      478.3     1.59e+05
2022 06 01  0138   59731    5880    0        0.2      477.0     1.63e+05
2022 06 01  0139   59731    5940    0        0.2      466.8     1.50e+05
2022 06 01  0140   59731    6000    1        0.2      474.2     1.58e+05
2022 06 01  0141   59731    6060    1        0.1      468.5     1.09e+05
2022 06 01  0142   59731    6120    1        0.1      445.7     5.63e+04
2022 06 01  0143   59731    6180    0        0.4      485.9     1.79e+05
2022 06 01  0144   59731    6240    0        0.5      488.0     1.30e+05
2022 06 01  0145   59731    6300    0        0.3      482.1     1.44e+05
2022 06 01  0146   59731    6360    0        0.3      489.8     1.49e+05
2022 06 01  0147   59731    6420    0        0.3      486.0     1.40e+05
2022 06 01  0148   59731    6480    0        0.2      481.1     1.56e+05
2022 06 01  0149   59731    6540    0        0.2      480.3     1.59e+05
2022 06 01  0150   59731    6600    0        0.3      497.9     1.54e+05
2022 06 01  0151   59731    6660    0        0.5      495.8     1.40e+05
2022 06 01  0152   59731    6720    0        0.8      488.6     1.18e+05
2022 06 01  0153   59731    6780    0        1.1      484.3     1.09e+05
2022 06 01  0154   59731    6840    0        1.0      489.9     1.26e+05
2022 06 01  0155   59731    6900    0        0.5      490.7     1.38e+05
2022 06 01  0156   59731    6960    0        0.3      481.9     1.38e+05
2022 06 01  0157   59731    7020    0        0.2      487.2     1.61e+05
2022 06 01  0158   59731    7080    0        0.2      494.5     1.58e+05
2022 06 01  0159   59731    7140    1        0.2      483.6     1.83e+05
2022 06 01  0200   59731    7200    0        0.2      495.2     1.97e+05
2022 06 01  0201   59731    7260    1        0.2      472.0     1.09e+05
2022 06 01  0202   59731    7320    0        0.2      491.3     1.85e+05
2022 06 01  0203   59731    7380    0        0.1      481.5     1.61e+05
2022 06 01  0204   59731    7440    0        0.1      488.7     2.11e+05
2022 06 01  0205   59731    7500    0        0.1      481.1     1.82e+05
2022 06 01  0206   59731    7560    0        0.1      482.1     1.38e+05
2022 06 01  0207   59731    7620    1        0.2      478.5     1.35e+05
2022 06 01  0208   59731    7680    1        0.2      479.9     1.75e+05
2022 06 01  0209   59731    7740    1        0.2      474.5     2.01e+05
2022 06 01  0210   59731    7800    0        0.1      478.2     2.23e+05
2022 06 01  0211   59731    7860    0        0.1      488.5     2.50e+05
2022 06 01  0212   59731    7920    1        0.2      486.4     2.36e+05
2022 06 01  0213   59731    7980    0        0.2      489.7     2.01e+05
2022 06 01  0214   59731    8040    0        0.2      479.2     2.04e+05
2022 06 01  0215   59731    8100    0        0.2      490.5     2.59e+05
2022 06 01  0216   59731    8160    1        0.2      462.2     9.66e+04
2022 06 01  0217   59731    8220    1        0.2      459.4     1.00e+05
2022 06 01  0218   59731    8280    0        0.4      495.6     2.30e+05
2022 06 01  0219   59731    8340    1        0.2      458.8     9.60e+04
2022 06 01  0220   59731    8400    0        0.2      487.7     2.44e+05
2022 06 01  0221   59731    8460    1        0.7      484.5     2.17e+05
2022 06 01  0222   59731    8520    1        0.8      482.1     2.02e+05
2022 06 01  0223   59731    8580    1        0.8      478.7     1.72e+05
2022 06 01  0224   59731    8640    1        0.8      482.4     1.88e+05
2022 06 01  0225   59731    8700    1        0.8      485.0     1.92e+05
2022 06 01  0226   59731    8760    1        0.7      491.0     2.01e+05
2022 06 01  0227   59731    8820    1        0.6      495.1     2.02e+05
2022 06 01  0228   59731    8880    1        0.6      487.4     1.52e+05
2022 06 01  0229   59731    8940    1        0.6      486.1     1.26e+05
2022 06 01  0230   59731    9000    1        0.7      497.4     1.90e+05
2022 06 01  0231   59731    9060    0        0.5      493.6     1.69e+05
2022 06 01  0232   59731    9120    0        0.5      489.6     1.66e+05
2022 06 01  0233   59731    9180    1        0.4      494.1     1.99e+05
2022 06 01  0234   59731    9240    0        0.5      496.0     2.09e+05
2022 06 01  0235   59731    9300    1        0.6      487.7     1.60e+05
2022 06 01  0236   59731    9360    1        0.5      491.4     2.05e+05
2022 06 01  0237   59731    9420    0        0.6      490.9     1.97e+05
2022 06 01  0238   59731    9480    1        0.7      495.0     1.82e+05
2022 06 01  0239   59731    9540    1        0.6      490.4     1.67e+05
2022 06 01  0240   59731    9600    0        0.7      489.0     1.41e+05
2022 06 01  0241   59731    9660    0        0.7      488.9     1.28e+05
2022 06 01  0242   59731    9720    1        0.7      490.5     1.60e+05
2022 06 01  0243   59731    9780    1        0.7      493.7     1.88e+05
2022 06 01  0244   59731    9840    0        0.8      492.1     1.73e+05
2022 06 01  0245   59731    9900    1        0.7      490.7     1.71e+05
2022 06 01  0246   59731    9960    0        0.6      491.4     1.69e+05
2022 06 01  0247   59731   10020    0        0.7      486.2     1.67e+05
2022 06 01  0248   59731   10080    1        0.7      494.2     1.92e+05
2022 06 01  0249   59731   10140    1        0.7      496.3     1.88e+05
2022 06 01  0250   59731   10200    1        0.8      496.7     1.98e+05
2022 06 01  0251   59731   10260    0        0.8      495.4     2.11e+05
2022 06 01  0252   59731   10320    1        0.7      489.3     2.01e+05
2022 06 01  0253   59731   10380    0        0.8      484.1     1.74e+05
2022 06 01  0254   59731   10440    0        0.8      485.0     1.68e+05
2022 06 01  0255   59731   10500    0        0.8      485.8     1.69e+05
2022 06 01  0256   59731   10560    1        0.7      483.4     2.26e+05
2022 06 01  0257   59731   10620    1        0.7      484.9     2.19e+05
2022 06 01  0258   59731   10680    1        0.8      481.9     1.81e+05
2022 06 01  0259   59731   10740    1        0.8      480.4     1.69e+05
2022 06 01  0300   59731   10800    1        0.8      489.5     2.13e+05
2022 06 01  0301   59731   10860    0        0.7      496.7     2.17e+05
2022 06 01  0302   59731   10920    1        0.6      500.1     2.16e+05
2022 06 01  0303   59731   10980    0        0.7      495.5     1.86e+05
2022 06 01  0304   59731   11040    0        0.7      490.0     1.76e+05
2022 06 01  0305   59731   11100    0        0.9      481.4     1.52e+05
2022 06 01  0306   59731   11160    1        1.0      483.5     1.55e+05
2022 06 01  0307   59731   11220    1        0.8      489.3     1.66e+05
2022 06 01  0308   59731   11280    1        0.7      487.8     1.72e+05
2022 06 01  0309   59731   11340    0        0.8      488.6     1.51e+05
2022 06 01  0310   59731   11400    1        0.9      482.6     1.14e+05
2022 06 01  0311   59731   11460    0        0.9      480.8     9.57e+04
2022 06 01  0312   59731   11520    1        1.0      480.3     1.01e+05
2022 06 01  0313   59731   11580    1        1.0      479.3     9.43e+04
2022 06 01  0314   59731   11640    0        3.4      443.6     1.10e+05
2022 06 01  0315   59731   11700    1        4.3      432.3     1.26e+05
2022 06 01  0316   59731   11760    0        1.0      484.0     9.56e+04
2022 06 01  0317   59731   11820    0        4.7      491.8     1.01e+05
2022 06 01  0318   59731   11880    0       15.4      513.7     1.25e+05
2022 06 01  0319   59731   11940    0        0.8      472.9     6.94e+04
2022 06 01  0320   59731   12000    0        0.8      472.9     7.02e+04
2022 06 01  0321   59731   12060    0        0.8      474.1     8.42e+04
2022 06 01  0322   59731   12120    0        0.6      475.7     8.83e+04
2022 06 01  0323   59731   12180    1        0.6      479.8     9.93e+04
2022 06 01  0324   59731   12240    1       74.0      385.8     3.24e+04
2022 06 01  0325   59731   12300    1       86.9      369.1     2.04e+04
2022 06 01  0326   59731   12360    1        0.5      482.5     1.66e+05
2022 06 01  0327   59731   12420    0        0.6      483.3     1.57e+05
2022 06 01  0328   59731   12480    0        0.6      483.8     1.53e+05
2022 06 01  0329   59731   12540    9    -9999.9    -9999.9    -1.00e+05
2022 06 01  0330   59731   12600    9    -9999.9    -9999.9    -1.00e+05
2022 06 01  0331   59731   12660    1        0.7      469.1     2.50e+05
2022 06 01  0332   59731   12720    1        0.7      469.1     2.50e+05
2022 06 01  0333   59731   12780    1        0.5      494.7     1.59e+05
2022 06 01  0334   59731   12840    1        0.5      493.3     1.51e+05
2022 06 01  0335   59731   12900    0        0.6      419.3     1.62e+05
2022 06 01  0336   59731   12960    1    -9999.9      263.3     2.71e+05
2022 06 01  0337   59731   13020    9    -9999.9    -9999.9    -1.00e+05
2022 06 01  0338   59731   13080    0        0.6      490.8     1.11e+05
2022 06 01  0339   59731   13140    0        0.7      491.8     1.29e+05
2022 06 01  0340   59731   13200    0        0.7      491.9     1.31e+05
2022 06 01  0341   59731   13260    0        0.6      493.0     1.21e+05
2022 06 01  0342   59731   13320    1        0.7      494.8     1.37e+05
2022 06 01  0343   59731   13380    0        0.7      496.1     1.35e+05
2022 06 01  0344   59731   13440    1        0.8      497.5     1.46e+05
2022 06 01  0345   59731   13500    1        0.7      497.3     1.47e+05
2022 06 01  0346   59731   13560    0        0.7      497.4     1.38e+05
2022 06 01  0347   59731   13620    1        0.7      499.7     1.35e+05
2022 06 01  0348   59731   13680    0        0.7      500.6     1.30e+05
2022 06 01  0349   59731   13740    0        0.8      498.2     1.34e+05
2022 06 01  0350   59731   13800    0        0.7      495.9     1.36e+05
2022 06 01  0351   59731   13860    0        0.5      487.5     1.09e+05
2022 06 01  0352   59731   13920    1        0.3      476.7     1.35e+05
2022 06 01  0353   59731   13980    0        0.6      487.8     1.25e+05
2022 06 01  0354   59731   14040    1        0.5      488.3     1.39e+05
2022 06 01  0355   59731   14100    0        0.5      484.1     1.15e+05
2022 06 01  0356   59731   14160    0        0.2      486.9     1.30e+05
2022 06 01  0357   59731   14220    1        0.5      480.2     1.19e+05
2022 06 01  0358   59731   14280    0        0.6      479.2     1.03e+05
2022 06 01  0359   59731   14340    9    -9999.9    -9999.9    -1.00e+05
2022 06 01  0400   59731   14400    9    -9999.9    -9999.9    -1.00e+05
2022 06 01  0401   59731   14460    9    -9999.9    -9999.9    -1.00e+05
2022 06 01  0402   59731   14520    0        0.2      489.6     1.26e+05
2022 06 01  0403   59731   14580    0        0.2      492.2     1.19e+05
2022 06 01  0404   59731   14640    0        0.3      493.7     1.29e+05
2022 06 01  0405   59731   14700    0        0.2      489.5     1.63e+05
2022 06 01  0406   59731   14760    0        0.2      493.5     1.38e+05
2022 06 01  0407   59731   14820    0        0.2      489.3     1.42e+05
2022 06 01  0408   59731   14880    0        0.1      495.7     1.51e+05
2022 06 01  0409   59731   14940    0        0.2      487.1     1.44e+05
2022 06 01  0410   59731   15000    0        0.2      501.7     1.44e+05
2022 06 01  0411   59731   15060    0        0.1      497.3     1.30e+05
2022 06 01  0412   59731   15120    1        0.1      500.9     1.38e+05
2022 06 01  0413   59731   15180    0        0.1      493.5     1.34e+05
2022 06 01  0414   59731   15240    0        0.1      494.3     1.23e+05
2022 06 01  0415   59731   15300    0        0.1      494.4     1.28e+05
2022 06 01  0416   59731   15360    0        0.1      492.6     1.30e+05
2022 06 01  0417   59731   15420    0        0.1      482.8     1.32e+05
2022 06 01  0418   59731   15480    0        0.1      480.1     1.37e+05
2022 06 01  0419   59731   15540    0        0.2      487.9     1.41e+05
2022 06 01  0420   59731   15600    0        0.2      488.1     1.36e+05
2022 06 01  0421   59731   15660    1        0.2      488.9     1.21e+05
2022 06 01  0422   59731   15720    0        0.2      498.5     1.35e+05
2022 06 01  0423   59731   15780    0        0.2      498.0     1.71e+05
2022 06 01  0424   59731   15840    0        0.2      502.8     1.59e+05
2022 06 01  0425   59731   15900    0        0.2      498.5     1.03e+05
2022 06 01  0426   59731   15960    0        0.1      488.9     1.77e+05
2022 06 01  0427   59731   16020    0        0.1      493.8     1.61e+05
2022 06 01  0428   59731   16080    0        0.1      500.4     1.37e+05
2022 06 01  0429   59731   16140    0        0.1      494.7     1.39e+05
2022 06 01  0430   59731   16200    0        0.1      494.1     1.17e+05
2022 06 01  0431   59731   16260    0        0.2      498.4     1.36e+05
2022 06 01  0432   59731   16320    0        0.2      496.6     1.84e+05
2022 06 01  0433   59731   16380    0        0.2      502.7     2.10e+05
2022 06 01  0434   59731   16440    0        0.2      511.0     2.13e+05
2022 06 01  0435   59731   16500    1        0.2      486.8     2.13e+05
2022 06 01  0436   59731   16560    1        0.2      484.0     1.79e+05
2022 06 01  0437   59731   16620    1        0.1      483.2     1.32e+05
2022 06 01  0438   59731   16680    0        0.1      498.3     2.08e+05
2022 06 01  0439   59731   16740    0        0.1      493.4     2.12e+05
2022 06 01  0440   59731   16800    0        0.1      498.0     1.72e+05
2022 06 01  0441   59731   16860    0        0.1      498.9     1.94e+05
2022 06 01  0442   59731   16920    1        0.1      444.8     2.19e+04
2022 06 01  0443   59731   16980    1        0.1      438.3     1.89e+04
2022 06 01  0444   59731   17040    0        0.2      490.2     1.68e+05
2022 06 01  0445   59731   17100    0        0.4      487.9     1.32e+05
2022 06 01  0446   59731   17160    0        0.5      484.0     1.08e+05
2022 06 01  0447   59731   17220    0        0.7      490.7     9.92e+04
2022 06 01  0448   59731   17280    0        0.8      492.9     1.03e+05
2022 06 01  0449   59731   17340    0        0.8      489.4     9.93e+04
2022 06 01  0450   59731   17400    0        0.7      486.8     9.16e+04
2022 06 01  0451   59731   17460    0        0.7      486.5     9.13e+04
2022 06 01  0452   59731   17520    0        0.7      487.0     8.81e+04
2022 06 01  0453   59731   17580    0        0.8      488.4     8.74e+04
2022 06 01  0454   59731   17640    0        0.9      488.9     8.90e+04
2022 06 01  0455   59731   17700    0        0.8      488.3     8.83e+04
2022 06 01  0456   59731   17760    0        0.7      486.4     9.06e+04
2022 06 01  0457   59731   17820    0        0.7      488.8     8.34e+04
2022 06 01  0458   59731   17880    0        0.6      487.5     8.13e+04
2022 06 01  0459   59731   17940    0        0.8      483.9     8.50e+04
2022 06 01  0500   59731   18000    0        0.8      484.7     8.45e+04
2022 06 01  0501   59731   18060    0        0.6      484.4     7.94e+04
2022 06 01  0502   59731   18120    1        0.8      486.9     8.75e+04
2022 06 01  0503   59731   18180    1        0.8      485.3     1.03e+05
2022 06 01  0504   59731   18240    0        0.8      485.9     9.44e+04
2022 06 01  0505   59731   18300    0        0.7      488.1     8.47e+04
2022 06 01  0506   59731   18360    0        0.7      488.4     8.68e+04
2022 06 01  0507   59731   18420    0        0.8      488.0     8.78e+04
2022 06 01  0508   59731   18480    0        0.9      489.5     9.40e+04
2022 06 01  0509   59731   18540    0        0.9      489.0     9.61e+04
2022 06 01  0510   59731   18600    0        0.9      488.5     1.02e+05
2022 06 01  0511   59731   18660    0        1.0      492.1     9.82e+04
2022 06 01  0512   59731   18720    0        0.9      487.7     9.38e+04
2022 06 01  0513   59731   18780    0        0.8      492.6     7.48e+04
2022 06 01  0514   59731   18840    0        0.5      488.8     8.54e+04
2022 06 01  0515   59731   18900    0        0.7      486.8     7.74e+04
2022 06 01  0516   59731   18960    0        0.6      484.5     8.65e+04
2022 06 01  0517   59731   19020    0        0.5      484.3     8.39e+04
2022 06 01  0518   59731   19080    0        0.6      484.9     8.42e+04
2022 06 01  0519   59731   19140    0        0.8      487.2     8.11e+04
2022 06 01  0520   59731   19200    0        0.9      486.6     7.94e+04
2022 06 01  0521   59731   19260    0        0.9      486.8     7.84e+04
2022 06 01  0522   59731   19320    0        0.6      495.1     9.49e+04
2022 06 01  0523   59731   19380    0        0.2      500.8     1.31e+05
2022 06 01  0524   59731   19440    0        0.1      497.8     1.52e+05
2022 06 01  0525   59731   19500    0        0.1      500.3     1.40e+05
2022 06 01  0526   59731   19560    0        0.1      497.6     1.30e+05
2022 06 01  0527   59731   19620    0        0.1      502.3     1.50e+05
2022 06 01  0528   59731   19680    0        0.0      495.2     1.46e+05
2022 06 01  0529   59731   19740    0        0.1      486.7     9.73e+04
2022 06 01  0530   59731   19800    0        0.1      495.8     1.07e+05
2022 06 01  0531   59731   19860    0        0.0      489.3     1.09e+05
2022 06 01  0532   59731   19920    0        0.1      505.9     1.59e+05
2022 06 01  0533   59731   19980    0        0.1      492.0     8.96e+04
2022 06 01  0534   59731   20040    0        0.1      494.2     4.63e+04
2022 06 01  0535   59731   20100    0        0.1      495.8     9.41e+04
2022 06 01  0536   59731   20160    0        0.0      489.5     9.86e+04
2022 06 01  0537   59731   20220    0        0.0      485.8     8.46e+04
2022 06 01  0538   59731   20280    0        0.1      491.4     1.19e+05
2022 06 01  0539   59731   20340    0        0.1      496.3     1.38e+05
2022 06 01  0540   59731   20400    0        0.1      493.7     1.08e+05
2022 06 01  0541   59731   20460    0        0.1      495.8     9.39e+04
2022 06 01  0542   59731   20520    0        0.1      496.3     1.01e+05
2022 06 01  0543   59731   20580    0        0.1      498.6     1.29e+05
2022 06 01  0544   59731   20640    0        0.1      497.3     1.13e+05
2022 06 01  0545   59731   20700    0        0.1      497.1     1.08e+05
2022 06 01  0546   59731   20760    0        0.0      479.7     9.62e+04
2022 06 01  0547   59731   20820    0        0.1      480.3     1.30e+05
2022 06 01  0548   59731   20880    0        0.1      490.9     1.08e+05
2022 06 01  0549   59731   20940    0        0.0      490.6     8.71e+04
2022 06 01  0550   59731   21000    0        0.1      490.9     1.34e+05
2022 06 01  0551   59731   21060    1        0.1      464.0     6.58e+04
2022 06 01  0552   59731   21120    0        0.1      476.6     6.46e+04
2022 06 01  0553   59731   21180    0        0.1      500.8     9.66e+04
2022 06 01  0554   59731   21240    0        0.1      497.6     1.31e+05
2022 06 01  0555   59731   21300    0        0.0      490.5     1.52e+05
2022 06 01  0556   59731   21360    0        0.0      490.6     1.09e+05
2022 06 01  0557   59731   21420    0        0.0      486.5     9.83e+04
2022 06 01  0558   59731   21480    0        0.0      494.0     1.19e+05
2022 06 01  0559   59731   21540    0        0.1      484.3     1.22e+05
2022 06 01  0600   59731   21600    0        0.2      494.9     1.61e+05
2022 06 01  0601   59731   21660    0        0.0      490.5     7.94e+04
2022 06 01  0602   59731   21720    0        0.2      460.0     5.65e+04
2022 06 01  0603   59731   21780    0        0.1      456.8     6.41e+04
2022 06 01  0604   59731   21840    0        0.1      469.4     1.60e+05
2022 06 01  0605   59731   21900    0        0.1      465.8     1.40e+05
2022 06 01  0606   59731   21960    1        0.1      468.5     1.35e+05
2022 06 01  0607   59731   22020    0        0.1      481.0     1.12e+05
2022 06 01  0608   59731   22080    0        0.1      484.2     1.02e+05
2022 06 01  0609   59731   22140    0        0.1      480.5     1.14e+05
2022 06 01  0610   59731   22200    0        0.2      486.7     9.86e+04
2022 06 01  0611   59731   22260    0        0.2      496.3     7.68e+04
2022 06 01  0612   59731   22320    0        0.1      493.5     9.05e+04
2022 06 01  0613   59731   22380    0        0.1      488.2     9.19e+04
2022 06 01  0614   59731   22440    0        0.1      496.1     1.07e+05
2022 06 01  0615   59731   22500    0        0.1      494.6     1.09e+05
2022 06 01  0616   59731   22560    0        0.2      483.1     1.21e+05
2022 06 01  0617   59731   22620    0        0.2      482.1     9.35e+04
2022 06 01  0618   59731   22680    0        0.1      495.8     1.37e+05
2022 06 01  0619   59731   22740    0        0.1      495.3     1.22e+05
2022 06 01  0620   59731   22800    0        0.2      475.5     1.14e+05
2022 06 01  0621   59731   22860    0        0.2      497.9     1.14e+05
2022 06 01  0622   59731   22920    0        0.2      506.3     1.17e+05
2022 06 01  0623   59731   22980    0        0.1      492.0     1.21e+05
2022 06 01  0624   59731   23040    0        0.1      489.7     1.08e+05
2022 06 01  0625   59731   23100    0        0.1      496.1     1.08e+05
2022 06 01  0626   59731   23160    0        0.1      494.2     1.19e+05
2022 06 01  0627   59731   23220    0        0.1      488.1     1.05e+05
2022 06 01  0628   59731   23280    0        0.1      486.6     9.96e+04
2022 06 01  0629   59731   23340    0        0.1      489.2     1.40e+05
2022 06 01  0630   59731   23400    0        0.1      495.8     1.43e+05
2022 06 01  0631   59731   23460    0        0.1      500.0     1.37e+05
2022 06 01  0632   59731   23520    0        0.2      505.3     1.02e+05
2022 06 01  0633   59731   23580    0        0.2      499.2     1.05e+05
2022 06 01  0634   59731   23640    0        0.2      493.8     1.07e+05
2022 06 01  0635   59731   23700    0        0.1      484.1     1.61e+05
2022 06 01  0636   59731   23760    0        0.1      487.7     9.91e+04
2022 06 01  0637   59731   23820    0        0.1      493.2     1.07e+05
2022 06 01  0638   59731   23880    0        0.2      492.0     9.85e+04
2022 06 01  0639   59731   23940    0        0.2      493.0     1.17e+05
2022 06 01  0640   59731   24000    0        0.1      495.0     1.11e+05
2022 06 01  0641   59731   24060    0        0.1      486.0     1.12e+05
2022 06 01  0642   59731   24120    1        0.1      478.2     1.36e+05
2022 06 01  0643   59731   24180    0        0.1      477.8     1.40e+05
2022 06 01  0644   59731   24240    0        0.1      473.8     1.14e+05
2022 06 01  0645   59731   24300    0        0.1      480.0     1.11e+05
2022 06 01  0646   59731   24360    0        0.1      506.1     1.59e+05
2022 06 01  0647   59731   24420    0        0.1      495.8     1.26e+05
2022 06 01  0648   59731   24480    0        0.1      496.4     1.31e+05
2022 06 01  0649   59731   24540    0        0.1      508.0     2.12e+05
2022 06 01  0650   59731   24600    1        0.1      448.2     2.06e+04
2022 06 01  0651   59731   24660    1        0.2      490.0     2.11e+05
2022 06 01  0652   59731   24720    1        0.1      448.5     4.45e+04
2022 06 01  0653   59731   24780    0        0.1      486.5     1.47e+05
2022 06 01  0654   59731   24840    0        0.1      503.9     1.57e+05
2022 06 01  0655   59731   24900    1        0.1      499.6     1.70e+05
2022 06 01  0656   59731   24960    0        0.2      491.1     1.56e+05
2022 06 01  0657   59731   25020    0        0.3      484.0     1.19e+05
2022 06 01  0658   59731   25080    1        0.3      475.8     1.11e+05
2022 06 01  0659   59731   25140    0        0.3      474.7     1.22e+05
2022 06 01  0700   59731   25200    0        0.4      481.0     1.15e+05
2022 06 01  0701   59731   25260    0        0.3      477.6     8.87e+04
2022 06 01  0702   59731   25320    0        0.4      479.0     7.78e+04
2022 06 01  0703   59731   25380    0        0.4      482.4     1.09e+05
2022 06 01  0704   59731   25440    0        0.4      477.8     1.00e+05
2022 06 01  0705   59731   25500    0        0.3      478.9     9.40e+04
2022 06 01  0706   59731   25560    0        0.5      478.2     8.11e+04
2022 06 01  0707   59731   25620    0        0.5      476.5     8.49e+04
2022 06 01  0708   59731   25680    0        0.5      476.1     8.25e+04
2022 06 01  0709   59731   25740    0        0.5      475.8     7.88e+04
2022 06 01  0710   59731   25800    0        0.5      475.5     6.97e+04
2022 06 01  0711   59731   25860    0        0.6      474.5     6.60e+04
2022 06 01  0712   59731   25920    0        0.6      475.1     8.08e+04
2022 06 01  0713   59731   25980    0        0.5      473.8     7.89e+04
2022 06 01  0714   59731   26040    0        0.5      472.8     6.38e+04
2022 06 01  0715   59731   26100    0        0.6      473.1     6.44e+04
2022 06 01  0716   59731   26160    0        0.6      472.2     6.94e+04
2022 06 01  0717   59731   26220    0        0.6      473.6     6.51e+04
2022 06 01  0718   59731   26280    0        0.5      474.7     7.16e+04
2022 06 01  0719   59731   26340    1        0.3      476.4     8.48e+04
2022 06 01  0720   59731   26400    0        0.4    -9999.9    -1.00e+05
2022 06 01  0721   59731   26460    0        0.4      479.7     7.40e+04
2022 06 01  0722   59731   26520    0        0.5      473.5     6.73e+04
2022 06 01  0723   59731   26580    0        0.5      474.4     8.54e+04
2022 06 01  0724   59731   26640    0        0.4      474.8     9.10e+04
2022 06 01  0725   59731   26700    0        0.4      474.5     7.77e+04
2022 06 01  0726   59731   26760    0        0.5      473.8     7.59e+04
2022 06 01  0727   59731   26820    0        0.5      472.7     7.39e+04
2022 06 01  0728   59731   26880    0        0.5      471.8     6.96e+04
2022 06 01  0729   59731   26940    0        0.5      471.6     6.80e+04
2022 06 01  0730   59731   27000    0        0.5      471.4     6.90e+04
2022 06 01  0731   59731   27060    0        0.5      471.4     7.31e+04
2022 06 01  0732   59731   27120    0        0.5      472.2     7.51e+04
2022 06 01  0733   59731   27180    0        0.5      472.4     6.82e+04
2022 06 01  0734   59731   27240    0        0.5      471.4     6.75e+04
2022 06 01  0735   59731   27300    0        0.6      470.4     6.83e+04
2022 06 01  0736   59731   27360    0        0.5      469.9     7.73e+04
2022 06 01  0737   59731   27420    0        0.7      471.6     5.50e+04
2022 06 01  0738   59731   27480    0        0.7      470.8     6.65e+04
2022 06 01  0739   59731   27540    1        0.5      469.9     7.79e+04
2022 06 01  0740   59731   27600    0        0.5      479.1     1.09e+05
2022 06 01  0741   59731   27660    1        0.5      472.8     7.81e+04
2022 06 01  0742   59731   27720    0        0.5      471.1     7.07e+04
2022 06 01  0743   59731   27780    0        0.5      471.7     7.30e+04
2022 06 01  0744   59731   27840    0        0.5      471.6     7.92e+04
2022 06 01  0745   59731   27900    0        0.5      471.3     7.73e+04
2022 06 01  0746   59731   27960    1        0.5      471.9     8.50e+04
2022 06 01  0747   59731   28020    1        0.6      472.8     9.36e+04
2022 06 01  0748   59731   28080    0        0.6      473.3     8.44e+04
2022 06 01  0749   59731   28140    0        0.6      473.1     8.40e+04
2022 06 01  0750   59731   28200    0        0.9      472.0     6.41e+04
2022 06 01  0751   59731   28260    0        1.1      474.1     6.73e+04
2022 06 01  0752   59731   28320    0        0.8      473.1     7.43e+04
2022 06 01  0753   59731   28380    9    -9999.9    -9999.9    -1.00e+05
2022 06 01  0754   59731   28440    0        0.6      471.2     8.39e+04
2022 06 01  0755   59731   28500    0        0.7      473.4     8.05e+04
2022 06 01  0756   59731   28560    0        0.8      470.5     6.05e+04
2022 06 01  0757   59731   28620    0        0.8      470.2     5.42e+04
2022 06 01  0758   59731   28680    0        0.6      469.0     5.26e+04
2022 06 01  0759   59731   28740    0        0.7      468.9     5.06e+04
2022 06 01  0800   59731   28800    0        0.7      469.3     5.45e+04
2022 06 01  0801   59731   28860    0        0.7      469.8     5.62e+04
2022 06 01  0802   59731   28920    0        0.6      469.6     5.98e+04
2022 06 01  0803   59731   28980    0        0.6      468.7     6.38e+04
2022 06 01  0804   59731   29040    0        0.7      468.5     6.08e+04
2022 06 01  0805   59731   29100    0        0.6      468.6     6.19e+04
2022 06 01  0806   59731   29160    0        0.7      467.4     6.23e+04
2022 06 01  0807   59731   29220    0        0.7      465.5     6.99e+04
2022 06 01  0808   59731   29280    1        0.7      470.0     9.30e+04
2022 06 01  0809   59731   29340    0        0.8      467.0     6.75e+04
2022 06 01  0810   59731   29400    0        0.7      469.1     1.03e+05
2022 06 01  0811   59731   29460    1        0.8      466.7     7.96e+04
2022 06 01  0812   59731   29520    0        0.7      472.3     9.17e+04
2022 06 01  0813   59731   29580    0        0.7      471.2     9.48e+04
2022 06 01  0814   59731   29640    0        0.7      471.0     9.54e+04
2022 06 01  0815   59731   29700    0        0.6      475.1     1.27e+05
2022 06 01  0816   59731   29760    0        0.6      482.6     1.23e+05
2022 06 01  0817   59731   29820    0        0.3      491.9     1.27e+05
2022 06 01  0818   59731   29880    0        0.2      497.4     1.44e+05
2022 06 01  0819   59731   29940    1        0.2      496.8     1.66e+05
2022 06 01  0820   59731   30000    0        0.3      493.4     1.76e+05
2022 06 01  0821   59731   30060    0        0.5      489.1     1.18e+05
2022 06 01  0822   59731   30120    0        0.6      485.1     1.08e+05
2022 06 01  0823   59731   30180    0        0.6      482.9     1.15e+05
2022 06 01  0824   59731   30240    0        0.5      489.9     1.33e+05
2022 06 01  0825   59731   30300    0        0.6      490.4     1.23e+05
2022 06 01  0826   59731   30360    0        0.6    -9999.9    -1.00e+05
2022 06 01  0827   59731   30420    0        0.4      481.1     1.11e+05
2022 06 01  0828   59731   30480    0        0.2      486.9     1.11e+05
2022 06 01  0829   59731   30540    0        0.1      484.5     1.02e+05
2022 06 01  0830   59731   30600    0        0.2      485.2     1.09e+05
2022 06 01  0831   59731   30660    0        0.3      474.5     9.65e+04
2022 06 01  0832   59731   30720    0        0.5      466.5     8.52e+04
2022 06 01  0833   59731   30780    0        0.6      463.5     7.80e+04
2022 06 01  0834   59731   30840    0        0.6      462.1     7.73e+04
2022 06 01  0835   59731   30900    0        0.6      464.2     8.36e+04
2022 06 01  0836   59731   30960    0        0.6      465.9     8.37e+04
2022 06 01  0837   59731   31020    0        0.7      463.5     8.35e+04
2022 06 01  0838   59731   31080    0        0.7      464.4     8.86e+04
2022 06 01  0839   59731   31140    0        0.7      458.7     7.81e+04
2022 06 01  0840   59731   31200    0        0.7      459.4     8.34e+04
2022 06 01  0841   59731   31260    0        0.6      457.0     8.08e+04
2022 06 01  0842   59731   31320    0        0.7      474.5     9.04e+04
2022 06 01  0843   59731   31380    0        0.7      477.8     9.11e+04
2022 06 01  0844   59731   31440    0        0.9      477.7     9.02e+04
2022 06 01  0845   59731   31500    0        0.7      481.7     8.48e+04
2022 06 01  0846   59731   31560    0        0.7      483.9     8.08e+04
2022 06 01  0847   59731   31620    0        0.5      483.1     8.28e+04
2022 06 01  0848   59731   31680    0        0.6      482.7     7.71e+04
2022 06 01  0849   59731   31740    0        0.7      480.9     7.06e+04
2022 06 01  0850   59731   31800    0        0.7      479.6     6.89e+04
2022 06 01  0851   59731   31860    0        0.7      476.7     7.62e+04
2022 06 01  0852   59731   31920    0        0.8      472.5     9.30e+04
2022 06 01  0853   59731   31980    0        0.9      478.1     9.35e+04
2022 06 01  0854   59731   32040    0        0.9      482.8     6.94e+04
2022 06 01  0855   59731   32100    0        0.8      479.8     7.35e+04
2022 06 01  0856   59731   32160    0        0.5      470.3     7.89e+04
2022 06 01  0857   59731   32220    0        0.5      470.7     8.13e+04
2022 06 01  0858   59731   32280    0        0.5      470.6     7.38e+04
2022 06 01  0859   59731   32340    9    -9999.9    -9999.9    -1.00e+05
