:Data_list: 20220113_ace_sis_5m.txt
:Created: 2022 Jan 14 0011 UT
# Prepared by the U.S. Dept. of Commerce, NOAA, Space Weather Prediction Center
# Please send comments and suggestions to SWPC.Webmaster@noaa.gov 
# 
# Units: proton flux p/cs2-sec-ster
# Status(S): 0 = nominal data, 1 to 8 = bad data record, 9 = no data
# Missing data values: -1.00e+05
# Source: ACE Satellite - Solar Isotope Spectrometer
#
# 5-minute averaged Real-time Integral Flux of High-energy Solar Protons
# 
#                 Modified Seconds
# UT Date   Time   Julian  of the      ---- Integral Proton Flux ----
# YR MO DA  HHMM     Day     Day       S    > 10 MeV    S    > 30 MeV
#--------------------------------------------------------------------
2022 01 13  0000    59592       0      9   -1.00e+05    9   -1.00e+05
2022 01 13  0005    59592     300      9   -1.00e+05    9   -1.00e+05
2022 01 13  0010    59592     600      9   -1.00e+05    9   -1.00e+05
2022 01 13  0015    59592     900      0    2.72e+00    0    1.91e+00
2022 01 13  0020    59592    1200      0    2.64e+00    0    1.83e+00
2022 01 13  0025    59592    1500      0    2.61e+00    0    1.82e+00
2022 01 13  0030    59592    1800      0    2.52e+00    0    1.79e+00
2022 01 13  0035    59592    2100      0    2.44e+00    0    1.73e+00
2022 01 13  0040    59592    2400      9   -1.00e+05    9   -1.00e+05
2022 01 13  0045    59592    2700      0    2.56e+00    0    1.81e+00
2022 01 13  0050    59592    3000      0    2.59e+00    0    1.82e+00
2022 01 13  0055    59592    3300      0    2.53e+00    0    1.79e+00
2022 01 13  0100    59592    3600      0    2.53e+00    0    1.77e+00
2022 01 13  0105    59592    3900      0    2.54e+00    0    1.77e+00
2022 01 13  0110    59592    4200      0    2.54e+00    0    1.78e+00
2022 01 13  0115    59592    4500      0    2.56e+00    0    1.77e+00
2022 01 13  0120    59592    4800      0    2.55e+00    0    1.79e+00
2022 01 13  0125    59592    5100      0    2.66e+00    0    1.86e+00
2022 01 13  0130    59592    5400      0    2.57e+00    0    1.78e+00
2022 01 13  0135    59592    5700      0    2.66e+00    0    1.89e+00
2022 01 13  0140    59592    6000      0    2.60e+00    0    1.82e+00
2022 01 13  0145    59592    6300      0    2.63e+00    0    1.87e+00
2022 01 13  0150    59592    6600      0    2.60e+00    0    1.82e+00
2022 01 13  0155    59592    6900      0    2.57e+00    0    1.81e+00
2022 01 13  0200    59592    7200      0    2.57e+00    0    1.81e+00
2022 01 13  0205    59592    7500      0    2.58e+00    0    1.81e+00
2022 01 13  0210    59592    7800      0    2.63e+00    0    1.87e+00
2022 01 13  0215    59592    8100      0    2.58e+00    0    1.81e+00
2022 01 13  0220    59592    8400      0    2.51e+00    0    1.78e+00
2022 01 13  0225    59592    8700      0    2.67e+00    0    1.86e+00
2022 01 13  0230    59592    9000      0    2.78e+00    0    1.95e+00
2022 01 13  0235    59592    9300      0    2.61e+00    0    1.79e+00
2022 01 13  0240    59592    9600      0    2.65e+00    0    1.87e+00
2022 01 13  0245    59592    9900      0    2.60e+00    0    1.82e+00
2022 01 13  0250    59592   10200      0    2.50e+00    0    1.75e+00
2022 01 13  0255    59592   10500      0    2.58e+00    0    1.83e+00
2022 01 13  0300    59592   10800      0    2.52e+00    0    1.76e+00
2022 01 13  0305    59592   11100      0    2.58e+00    0    1.81e+00
2022 01 13  0310    59592   11400      0    2.43e+00    0    1.69e+00
2022 01 13  0315    59592   11700      0    2.49e+00    0    1.74e+00
2022 01 13  0320    59592   12000      0    2.60e+00    0    1.83e+00
2022 01 13  0325    59592   12300      0    2.54e+00    0    1.79e+00
2022 01 13  0330    59592   12600      0    2.60e+00    0    1.84e+00
2022 01 13  0335    59592   12900      0    2.65e+00    0    1.83e+00
2022 01 13  0340    59592   13200      0    2.63e+00    0    1.83e+00
2022 01 13  0345    59592   13500      9   -1.00e+05    9   -1.00e+05
2022 01 13  0350    59592   13800      9   -1.00e+05    9   -1.00e+05
2022 01 13  0355    59592   14100      9   -1.00e+05    9   -1.00e+05
2022 01 13  0400    59592   14400      9   -1.00e+05    9   -1.00e+05
2022 01 13  0405    59592   14700      9   -1.00e+05    9   -1.00e+05
2022 01 13  0410    59592   15000      9   -1.00e+05    9   -1.00e+05
2022 01 13  0415    59592   15300      9   -1.00e+05    9   -1.00e+05
2022 01 13  0420    59592   15600      9   -1.00e+05    9   -1.00e+05
2022 01 13  0425    59592   15900      9   -1.00e+05    9   -1.00e+05
2022 01 13  0430    59592   16200      9   -1.00e+05    9   -1.00e+05
2022 01 13  0435    59592   16500      9   -1.00e+05    9   -1.00e+05
2022 01 13  0440    59592   16800      9   -1.00e+05    9   -1.00e+05
2022 01 13  0445    59592   17100      9   -1.00e+05    9   -1.00e+05
2022 01 13  0450    59592   17400      9   -1.00e+05    9   -1.00e+05
2022 01 13  0455    59592   17700      9   -1.00e+05    9   -1.00e+05
2022 01 13  0500    59592   18000      9   -1.00e+05    9   -1.00e+05
2022 01 13  0505    59592   18300      9   -1.00e+05    9   -1.00e+05
2022 01 13  0510    59592   18600      9   -1.00e+05    9   -1.00e+05
2022 01 13  0515    59592   18900      9   -1.00e+05    9   -1.00e+05
2022 01 13  0520    59592   19200      9   -1.00e+05    9   -1.00e+05
2022 01 13  0525    59592   19500      9   -1.00e+05    9   -1.00e+05
2022 01 13  0530    59592   19800      9   -1.00e+05    9   -1.00e+05
2022 01 13  0535    59592   20100      9   -1.00e+05    9   -1.00e+05
2022 01 13  0540    59592   20400      9   -1.00e+05    9   -1.00e+05
2022 01 13  0545    59592   20700      9   -1.00e+05    9   -1.00e+05
2022 01 13  0550    59592   21000      9   -1.00e+05    9   -1.00e+05
2022 01 13  0555    59592   21300      9   -1.00e+05    9   -1.00e+05
2022 01 13  0600    59592   21600      9   -1.00e+05    9   -1.00e+05
2022 01 13  0605    59592   21900      9   -1.00e+05    9   -1.00e+05
2022 01 13  0610    59592   22200      9   -1.00e+05    9   -1.00e+05
2022 01 13  0615    59592   22500      9   -1.00e+05    9   -1.00e+05
2022 01 13  0620    59592   22800      9   -1.00e+05    9   -1.00e+05
2022 01 13  0625    59592   23100      9   -1.00e+05    9   -1.00e+05
2022 01 13  0630    59592   23400      9   -1.00e+05    9   -1.00e+05
2022 01 13  0635    59592   23700      9   -1.00e+05    9   -1.00e+05
2022 01 13  0640    59592   24000      9   -1.00e+05    9   -1.00e+05
2022 01 13  0645    59592   24300      9   -1.00e+05    9   -1.00e+05
2022 01 13  0650    59592   24600      9   -1.00e+05    9   -1.00e+05
2022 01 13  0655    59592   24900      9   -1.00e+05    9   -1.00e+05
2022 01 13  0700    59592   25200      9   -1.00e+05    9   -1.00e+05
2022 01 13  0705    59592   25500      9   -1.00e+05    9   -1.00e+05
2022 01 13  0710    59592   25800      9   -1.00e+05    9   -1.00e+05
2022 01 13  0715    59592   26100      9   -1.00e+05    9   -1.00e+05
2022 01 13  0720    59592   26400      9   -1.00e+05    9   -1.00e+05
2022 01 13  0725    59592   26700      9   -1.00e+05    9   -1.00e+05
2022 01 13  0730    59592   27000      9   -1.00e+05    9   -1.00e+05
2022 01 13  0735    59592   27300      9   -1.00e+05    9   -1.00e+05
2022 01 13  0740    59592   27600      9   -1.00e+05    9   -1.00e+05
2022 01 13  0745    59592   27900      9   -1.00e+05    9   -1.00e+05
2022 01 13  0750    59592   28200      9   -1.00e+05    9   -1.00e+05
2022 01 13  0755    59592   28500      9   -1.00e+05    9   -1.00e+05
2022 01 13  0800    59592   28800      9   -1.00e+05    9   -1.00e+05
2022 01 13  0805    59592   29100      9   -1.00e+05    9   -1.00e+05
2022 01 13  0810    59592   29400      9   -1.00e+05    9   -1.00e+05
2022 01 13  0815    59592   29700      9   -1.00e+05    9   -1.00e+05
2022 01 13  0820    59592   30000      0    2.60e+00    0    1.82e+00
2022 01 13  0825    59592   30300      0    2.62e+00    0    1.86e+00
2022 01 13  0830    59592   30600      0    2.58e+00    0    1.80e+00
2022 01 13  0835    59592   30900      0    2.54e+00    0    1.79e+00
2022 01 13  0840    59592   31200      0    2.56e+00    0    1.82e+00
2022 01 13  0845    59592   31500      0    2.55e+00    0    1.80e+00
2022 01 13  0850    59592   31800      0    2.54e+00    0    1.78e+00
2022 01 13  0855    59592   32100      0    2.53e+00    0    1.78e+00
2022 01 13  0900    59592   32400      0    2.53e+00    0    1.78e+00
2022 01 13  0905    59592   32700      0    2.53e+00    0    1.77e+00
2022 01 13  0910    59592   33000      0    2.52e+00    0    1.77e+00
2022 01 13  0915    59592   33300      0    2.63e+00    0    1.87e+00
2022 01 13  0920    59592   33600      0    2.66e+00    0    1.85e+00
2022 01 13  0925    59592   33900      0    2.61e+00    0    1.84e+00
2022 01 13  0930    59592   34200      0    2.57e+00    0    1.82e+00
2022 01 13  0935    59592   34500      0    2.50e+00    0    1.75e+00
2022 01 13  0940    59592   34800      0    2.61e+00    0    1.84e+00
2022 01 13  0945    59592   35100      0    2.56e+00    0    1.80e+00
2022 01 13  0950    59592   35400      0    2.55e+00    0    1.79e+00
2022 01 13  0955    59592   35700      0    2.57e+00    0    1.80e+00
2022 01 13  1000    59592   36000      0    2.48e+00    0    1.74e+00
2022 01 13  1005    59592   36300      0    2.53e+00    0    1.78e+00
2022 01 13  1010    59592   36600      0    2.51e+00    0    1.77e+00
2022 01 13  1015    59592   36900      0    2.53e+00    0    1.77e+00
2022 01 13  1020    59592   37200      0    2.62e+00    0    1.85e+00
2022 01 13  1025    59592   37500      0    2.59e+00    0    1.82e+00
2022 01 13  1030    59592   37800      0    2.55e+00    0    1.79e+00
2022 01 13  1035    59592   38100      0    2.51e+00    0    1.76e+00
2022 01 13  1040    59592   38400      0    2.55e+00    0    1.79e+00
2022 01 13  1045    59592   38700      0    2.54e+00    0    1.80e+00
2022 01 13  1050    59592   39000      0    2.55e+00    0    1.78e+00
2022 01 13  1055    59592   39300      0    2.58e+00    0    1.83e+00
2022 01 13  1100    59592   39600      0    2.55e+00    0    1.79e+00
2022 01 13  1105    59592   39900      0    2.59e+00    0    1.81e+00
2022 01 13  1110    59592   40200      0    2.58e+00    0    1.82e+00
2022 01 13  1115    59592   40500      0    2.51e+00    0    1.76e+00
2022 01 13  1120    59592   40800      0    2.54e+00    0    1.78e+00
2022 01 13  1125    59592   41100      0    2.56e+00    0    1.79e+00
2022 01 13  1130    59592   41400      0    2.55e+00    0    1.81e+00
2022 01 13  1135    59592   41700      0    2.63e+00    0    1.86e+00
2022 01 13  1140    59592   42000      0    2.63e+00    0    1.83e+00
2022 01 13  1145    59592   42300      0    2.55e+00    0    1.78e+00
2022 01 13  1150    59592   42600      0    2.61e+00    0    1.87e+00
2022 01 13  1155    59592   42900      0    2.43e+00    0    1.71e+00
2022 01 13  1200    59592   43200      0    2.45e+00    0    1.72e+00
2022 01 13  1205    59592   43500      0    2.66e+00    0    1.91e+00
2022 01 13  1210    59592   43800      0    2.57e+00    0    1.86e+00
2022 01 13  1215    59592   44100      0    2.53e+00    0    1.77e+00
2022 01 13  1220    59592   44400      0    2.54e+00    0    1.79e+00
2022 01 13  1225    59592   44700      0    2.49e+00    0    1.79e+00
2022 01 13  1230    59592   45000      0    2.54e+00    0    1.78e+00
2022 01 13  1235    59592   45300      0    2.61e+00    0    1.87e+00
2022 01 13  1240    59592   45600      0    2.52e+00    0    1.78e+00
2022 01 13  1245    59592   45900      0    2.57e+00    0    1.82e+00
2022 01 13  1250    59592   46200      0    2.48e+00    0    1.76e+00
2022 01 13  1255    59592   46500      0    2.40e+00    0    1.69e+00
2022 01 13  1300    59592   46800      0    2.64e+00    0    1.86e+00
2022 01 13  1305    59592   47100      0    2.50e+00    0    1.75e+00
2022 01 13  1310    59592   47400      0    2.62e+00    0    1.84e+00
2022 01 13  1315    59592   47700      9   -1.00e+05    9   -1.00e+05
2022 01 13  1320    59592   48000      0    2.64e+00    0    1.83e+00
2022 01 13  1325    59592   48300      0    2.50e+00    0    1.75e+00
2022 01 13  1330    59592   48600      0    2.51e+00    0    1.78e+00
2022 01 13  1335    59592   48900      0    2.49e+00    0    1.74e+00
2022 01 13  1340    59592   49200      0    2.58e+00    0    1.79e+00
2022 01 13  1345    59592   49500      0    2.57e+00    0    1.82e+00
2022 01 13  1350    59592   49800      0    2.68e+00    0    1.84e+00
2022 01 13  1355    59592   50100      0    2.86e+00    0    2.07e+00
2022 01 13  1400    59592   50400      0    2.60e+00    0    1.82e+00
2022 01 13  1405    59592   50700      0    2.57e+00    0    1.79e+00
2022 01 13  1410    59592   51000      0    2.55e+00    0    1.82e+00
2022 01 13  1415    59592   51300      0    2.50e+00    0    1.76e+00
2022 01 13  1420    59592   51600      0    2.66e+00    0    1.88e+00
2022 01 13  1425    59592   51900      0    2.61e+00    0    1.83e+00
2022 01 13  1430    59592   52200      0    2.64e+00    0    1.86e+00
2022 01 13  1435    59592   52500      0    2.57e+00    0    1.81e+00
2022 01 13  1440    59592   52800      9   -1.00e+05    9   -1.00e+05
2022 01 13  1445    59592   53100      0    2.78e+00    0    1.97e+00
2022 01 13  1450    59592   53400      9   -1.00e+05    9   -1.00e+05
2022 01 13  1455    59592   53700      9   -1.00e+05    9   -1.00e+05
2022 01 13  1500    59592   54000      9   -1.00e+05    9   -1.00e+05
2022 01 13  1505    59592   54300      9   -1.00e+05    9   -1.00e+05
2022 01 13  1510    59592   54600      9   -1.00e+05    9   -1.00e+05
2022 01 13  1515    59592   54900      9   -1.00e+05    9   -1.00e+05
2022 01 13  1520    59592   55200      9   -1.00e+05    9   -1.00e+05
2022 01 13  1525    59592   55500      9   -1.00e+05    9   -1.00e+05
2022 01 13  1530    59592   55800      9   -1.00e+05    9   -1.00e+05
2022 01 13  1535    59592   56100      9   -1.00e+05    9   -1.00e+05
2022 01 13  1540    59592   56400      9   -1.00e+05    9   -1.00e+05
2022 01 13  1545    59592   56700      9   -1.00e+05    9   -1.00e+05
2022 01 13  1550    59592   57000      9   -1.00e+05    9   -1.00e+05
2022 01 13  1555    59592   57300      9   -1.00e+05    9   -1.00e+05
2022 01 13  1600    59592   57600      9   -1.00e+05    9   -1.00e+05
2022 01 13  1605    59592   57900      9   -1.00e+05    9   -1.00e+05
2022 01 13  1610    59592   58200      9   -1.00e+05    9   -1.00e+05
2022 01 13  1615    59592   58500      9   -1.00e+05    9   -1.00e+05
2022 01 13  1620    59592   58800      9   -1.00e+05    9   -1.00e+05
2022 01 13  1625    59592   59100      9   -1.00e+05    9   -1.00e+05
2022 01 13  1630    59592   59400      9   -1.00e+05    9   -1.00e+05
2022 01 13  1635    59592   59700      9   -1.00e+05    9   -1.00e+05
2022 01 13  1640    59592   60000      9   -1.00e+05    9   -1.00e+05
2022 01 13  1645    59592   60300      9   -1.00e+05    9   -1.00e+05
2022 01 13  1650    59592   60600      9   -1.00e+05    9   -1.00e+05
2022 01 13  1655    59592   60900      9   -1.00e+05    9   -1.00e+05
2022 01 13  1700    59592   61200      9   -1.00e+05    9   -1.00e+05
2022 01 13  1705    59592   61500      9   -1.00e+05    9   -1.00e+05
2022 01 13  1710    59592   61800      9   -1.00e+05    9   -1.00e+05
2022 01 13  1715    59592   62100      0    2.63e+00    0    1.87e+00
2022 01 13  1720    59592   62400      0    2.69e+00    0    1.87e+00
2022 01 13  1725    59592   62700      0    2.60e+00    0    1.82e+00
2022 01 13  1730    59592   63000      0    2.64e+00    0    1.84e+00
2022 01 13  1735    59592   63300      0    2.61e+00    0    1.83e+00
2022 01 13  1740    59592   63600      0    2.71e+00    0    1.90e+00
2022 01 13  1745    59592   63900      0    2.67e+00    0    1.88e+00
2022 01 13  1750    59592   64200      0    2.83e+00    0    2.01e+00
2022 01 13  1755    59592   64500      0    2.73e+00    0    1.92e+00
2022 01 13  1800    59592   64800      0    2.63e+00    0    1.85e+00
2022 01 13  1805    59592   65100      0    2.63e+00    0    1.85e+00
2022 01 13  1810    59592   65400      0    2.64e+00    0    1.85e+00
2022 01 13  1815    59592   65700      0    2.60e+00    0    1.82e+00
2022 01 13  1820    59592   66000      0    2.72e+00    0    1.91e+00
2022 01 13  1825    59592   66300      0    2.85e+00    0    2.01e+00
2022 01 13  1830    59592   66600      0    2.69e+00    0    1.90e+00
2022 01 13  1835    59592   66900      0    2.71e+00    0    1.91e+00
2022 01 13  1840    59592   67200      0    2.67e+00    0    1.88e+00
2022 01 13  1845    59592   67500      0    2.70e+00    0    1.90e+00
2022 01 13  1850    59592   67800      0    2.65e+00    0    1.86e+00
2022 01 13  1855    59592   68100      0    2.68e+00    0    1.87e+00
2022 01 13  1900    59592   68400      0    2.63e+00    0    1.86e+00
2022 01 13  1905    59592   68700      0    2.98e+00    0    2.08e+00
2022 01 13  1910    59592   69000      0    3.01e+00    0    2.10e+00
2022 01 13  1915    59592   69300      0    2.79e+00    0    1.97e+00
2022 01 13  1920    59592   69600      0    2.81e+00    0    1.97e+00
2022 01 13  1925    59592   69900      0    2.86e+00    0    2.01e+00
2022 01 13  1930    59592   70200      0    2.72e+00    0    1.89e+00
2022 01 13  1935    59592   70500      0    2.67e+00    0    1.87e+00
2022 01 13  1940    59592   70800      0    2.61e+00    0    1.83e+00
2022 01 13  1945    59592   71100      0    2.70e+00    0    1.90e+00
2022 01 13  1950    59592   71400      0    2.70e+00    0    1.91e+00
2022 01 13  1955    59592   71700      0    2.81e+00    0    1.98e+00
2022 01 13  2000    59592   72000      0    2.93e+00    0    2.06e+00
2022 01 13  2005    59592   72300      0    3.40e+00    0    2.40e+00
2022 01 13  2010    59592   72600      0    3.49e+00    0    2.46e+00
2022 01 13  2015    59592   72900      0    3.04e+00    0    2.17e+00
2022 01 13  2020    59592   73200      0    2.91e+00    0    2.04e+00
2022 01 13  2025    59592   73500      0    2.84e+00    0    1.99e+00
2022 01 13  2030    59592   73800      0    2.69e+00    0    1.88e+00
2022 01 13  2035    59592   74100      0    2.65e+00    0    1.85e+00
2022 01 13  2040    59592   74400      0    2.70e+00    0    1.89e+00
2022 01 13  2045    59592   74700      0    2.84e+00    0    2.01e+00
2022 01 13  2050    59592   75000      0    2.88e+00    0    2.05e+00
2022 01 13  2055    59592   75300      0    3.05e+00    0    2.15e+00
2022 01 13  2100    59592   75600      0    3.22e+00    0    2.27e+00
2022 01 13  2105    59592   75900      0    2.72e+00    0    1.93e+00
2022 01 13  2110    59592   76200      0    2.66e+00    0    1.87e+00
2022 01 13  2115    59592   76500      0    2.65e+00    0    1.86e+00
2022 01 13  2120    59592   76800      0    3.09e+00    0    2.19e+00
2022 01 13  2125    59592   77100      0    3.56e+00    0    2.51e+00
2022 01 13  2130    59592   77400      0    3.25e+00    0    2.31e+00
2022 01 13  2135    59592   77700      0    3.11e+00    0    2.20e+00
2022 01 13  2140    59592   78000      0    3.26e+00    0    2.29e+00
2022 01 13  2145    59592   78300      0    3.12e+00    0    2.19e+00
2022 01 13  2150    59592   78600      0    2.81e+00    0    1.97e+00
2022 01 13  2155    59592   78900      0    2.71e+00    0    1.91e+00
2022 01 13  2200    59592   79200      0    2.70e+00    0    1.90e+00
2022 01 13  2205    59592   79500      0    2.66e+00    0    1.87e+00
2022 01 13  2210    59592   79800      0    2.80e+00    0    1.98e+00
2022 01 13  2215    59592   80100      0    3.29e+00    0    2.34e+00
2022 01 13  2220    59592   80400      9   -1.00e+05    9   -1.00e+05
2022 01 13  2225    59592   80700      9   -1.00e+05    9   -1.00e+05
2022 01 13  2230    59592   81000      9   -1.00e+05    9   -1.00e+05
2022 01 13  2235    59592   81300      9   -1.00e+05    9   -1.00e+05
2022 01 13  2240    59592   81600      9   -1.00e+05    9   -1.00e+05
2022 01 13  2245    59592   81900      9   -1.00e+05    9   -1.00e+05
2022 01 13  2250    59592   82200      9   -1.00e+05    9   -1.00e+05
2022 01 13  2255    59592   82500      9   -1.00e+05    9   -1.00e+05
2022 01 13  2300    59592   82800      9   -1.00e+05    9   -1.00e+05
2022 01 13  2305    59592   83100      9   -1.00e+05    9   -1.00e+05
2022 01 13  2310    59592   83400      9   -1.00e+05    9   -1.00e+05
2022 01 13  2315    59592   83700      9   -1.00e+05    9   -1.00e+05
2022 01 13  2320    59592   84000      9   -1.00e+05    9   -1.00e+05
2022 01 13  2325    59592   84300      9   -1.00e+05    9   -1.00e+05
2022 01 13  2330    59592   84600      9   -1.00e+05    9   -1.00e+05
2022 01 13  2335    59592   84900      9   -1.00e+05    9   -1.00e+05
2022 01 13  2340    59592   85200      9   -1.00e+05    9   -1.00e+05
2022 01 13  2345    59592   85500      9   -1.00e+05    9   -1.00e+05
2022 01 13  2350    59592   85800      9   -1.00e+05    9   -1.00e+05
2022 01 13  2355    59592   86100      9   -1.00e+05    9   -1.00e+05
