:Data_list: 20220218_ace_swepam_1m.txt
:Created: 2022 Feb 18 1001 UT
# Prepared by the U.S. Dept. of Commerce, NOAA, Space Weather Prediction Center
# Please send comments and suggestions to SWPC.Webmaster@noaa.gov 
# 
# Units: Proton density p/cc
# Units: Bulk speed km/s
# Units: Ion tempeture degrees K
# Status(S): 0 = nominal data, 1 to 8 = bad data record, 9 = no data
# Missing data values: Density and Speed = -9999.9, Temp. = -1.00e+05
# Source: ACE Satellite - Solar Wind Electron Proton Alpha Monitor
#
#   1-minute averaged Real-time Bulk Parameters of the Solar Wind Plasma
# 
#                Modified Seconds   -------------  Solar Wind  -----------
# UT Date   Time  Julian  of the          Proton      Bulk         Ion
# YR MO DA  HHMM    Day     Day     S    Density     Speed     Temperature
#-------------------------------------------------------------------------
2022 02 18  0000   59628       0    0    -9999.9      317.0     1.06e+04
2022 02 18  0001   59628      60    9    -9999.9    -9999.9    -1.00e+05
2022 02 18  0002   59628     120    9    -9999.9    -9999.9    -1.00e+05
2022 02 18  0003   59628     180    9    -9999.9    -9999.9    -1.00e+05
2022 02 18  0004   59628     240    9    -9999.9    -9999.9    -1.00e+05
2022 02 18  0005   59628     300    3    -9999.9    -9999.9    -1.00e+05
2022 02 18  0006   59628     360    0        5.8      345.8     1.64e+04
2022 02 18  0007   59628     420    0        6.1      344.9     1.20e+04
2022 02 18  0008   59628     480    1        7.6      345.9     1.38e+04
2022 02 18  0009   59628     540    1        8.0      346.1     1.44e+04
2022 02 18  0010   59628     600    6    -9999.9    -9999.9    -1.00e+05
2022 02 18  0011   59628     660    0    -9999.9      316.4     7.03e+04
2022 02 18  0012   59628     720    0    -9999.9      316.4     7.03e+04
2022 02 18  0013   59628     780    9    -9999.9    -9999.9    -1.00e+05
2022 02 18  0014   59628     840    3    -9999.9    -9999.9    -1.00e+05
2022 02 18  0015   59628     900    3    -9999.9    -9999.9    -1.00e+05
2022 02 18  0016   59628     960    0        5.2      342.7     1.64e+04
2022 02 18  0017   59628    1020    0        5.4      342.9     1.57e+04
2022 02 18  0018   59628    1080    0        5.9      343.9     1.33e+04
2022 02 18  0019   59628    1140    0        5.1      344.6     1.53e+04
2022 02 18  0020   59628    1200    0        5.6      344.7     1.15e+04
2022 02 18  0021   59628    1260    0        4.0      343.5     1.83e+04
2022 02 18  0022   59628    1320    0        3.3      337.2     1.06e+04
2022 02 18  0023   59628    1380    0        5.6      343.9     1.56e+04
2022 02 18  0024   59628    1440    0        6.0      345.0     1.64e+04
2022 02 18  0025   59628    1500    9    -9999.9    -9999.9    -1.00e+05
2022 02 18  0026   59628    1560    9    -9999.9    -9999.9    -1.00e+05
2022 02 18  0027   59628    1620    0        5.3      346.1     1.39e+04
2022 02 18  0028   59628    1680    0        5.6      345.9     1.23e+04
2022 02 18  0029   59628    1740    0        6.2      346.9     1.20e+04
2022 02 18  0030   59628    1800    0        6.7      347.3     1.24e+04
2022 02 18  0031   59628    1860    0        6.5      346.4     1.22e+04
2022 02 18  0032   59628    1920    0        6.3      346.9     1.34e+04
2022 02 18  0033   59628    1980    0        6.6      346.0     1.14e+04
2022 02 18  0034   59628    2040    0        5.8      347.3     1.31e+04
2022 02 18  0035   59628    2100    0        6.4      348.3     1.16e+04
2022 02 18  0036   59628    2160    0        6.4      348.3     1.16e+04
2022 02 18  0037   59628    2220    0        5.6      345.0    -1.00e+05
2022 02 18  0038   59628    2280    0        6.1      344.7     1.57e+04
2022 02 18  0039   59628    2340    0        5.7      343.5     1.24e+04
2022 02 18  0040   59628    2400    0        6.9      345.5     1.44e+04
2022 02 18  0041   59628    2460    0        6.2      340.6     1.59e+04
2022 02 18  0042   59628    2520    0        5.4      338.1     1.72e+04
2022 02 18  0043   59628    2580    0        5.1      337.6     1.88e+04
2022 02 18  0044   59628    2640    0        4.4      336.3     1.99e+04
2022 02 18  0045   59628    2700    0        4.5      335.7     2.02e+04
2022 02 18  0046   59628    2760    0        4.7      334.7     2.04e+04
2022 02 18  0047   59628    2820    0        4.3      332.6     2.15e+04
2022 02 18  0048   59628    2880    0        4.7      332.4     2.34e+04
2022 02 18  0049   59628    2940    0        4.1      332.0     2.25e+04
2022 02 18  0050   59628    3000    0        3.8      331.5     2.48e+04
2022 02 18  0051   59628    3060    0        3.8      330.7     2.31e+04
2022 02 18  0052   59628    3120    0        4.3      332.7     2.34e+04
2022 02 18  0053   59628    3180    0        3.9      331.1     2.46e+04
2022 02 18  0054   59628    3240    0        4.1      330.8     2.58e+04
2022 02 18  0055   59628    3300    0        3.9      329.2     2.81e+04
2022 02 18  0056   59628    3360    0        3.8      329.5     2.81e+04
2022 02 18  0057   59628    3420    0        3.5      331.1     2.73e+04
2022 02 18  0058   59628    3480    0        3.4      331.7     2.71e+04
2022 02 18  0059   59628    3540    0        3.8      330.8     2.32e+04
2022 02 18  0100   59628    3600    0        3.8      331.8     2.42e+04
2022 02 18  0101   59628    3660    0        4.0      333.6     2.42e+04
2022 02 18  0102   59628    3720    0        4.2      334.2     2.38e+04
2022 02 18  0103   59628    3780    0        4.1      334.1     2.49e+04
2022 02 18  0104   59628    3840    0        4.0      334.7     2.53e+04
2022 02 18  0105   59628    3900    0        3.7      334.4     2.52e+04
2022 02 18  0106   59628    3960    0        4.0      333.7     2.47e+04
2022 02 18  0107   59628    4020    0        4.0      335.0     2.45e+04
2022 02 18  0108   59628    4080    0        3.9      337.2     2.17e+04
2022 02 18  0109   59628    4140    0        7.4      345.3     2.86e+04
2022 02 18  0110   59628    4200    0        7.0      350.4     2.02e+04
2022 02 18  0111   59628    4260    0        7.5      352.8     1.67e+04
2022 02 18  0112   59628    4320    0        9.2      351.4     1.48e+04
2022 02 18  0113   59628    4380    0        6.7      348.2     1.38e+04
2022 02 18  0114   59628    4440    0        6.4      346.1     1.32e+04
2022 02 18  0115   59628    4500    0        7.0      347.2     1.26e+04
2022 02 18  0116   59628    4560    0        6.9      347.0     1.18e+04
2022 02 18  0117   59628    4620    0        6.9      346.5     1.21e+04
2022 02 18  0118   59628    4680    0        7.4      346.8     1.30e+04
2022 02 18  0119   59628    4740    0        7.2      346.5     1.15e+04
2022 02 18  0120   59628    4800    0        6.4      346.9     1.16e+04
2022 02 18  0121   59628    4860    0        6.9      346.6     1.20e+04
2022 02 18  0122   59628    4920    0        6.5      347.7     1.27e+04
2022 02 18  0123   59628    4980    0        7.7      345.9     1.19e+04
2022 02 18  0124   59628    5040    0        9.1      346.7     1.40e+04
2022 02 18  0125   59628    5100    0        7.2      343.3     1.25e+04
2022 02 18  0126   59628    5160    0        5.8      349.5     1.25e+04
2022 02 18  0127   59628    5220    0        7.2      348.6     1.42e+04
2022 02 18  0128   59628    5280    0        7.0      348.4     1.66e+04
2022 02 18  0129   59628    5340    0        8.6      348.6     1.42e+04
2022 02 18  0130   59628    5400    0        7.9      349.5     1.53e+04
2022 02 18  0131   59628    5460    0        7.2      349.9     1.64e+04
2022 02 18  0132   59628    5520    0        5.5      339.9     1.70e+04
2022 02 18  0133   59628    5580    0        4.9      336.3     2.01e+04
2022 02 18  0134   59628    5640    0        4.2      330.0     2.54e+04
2022 02 18  0135   59628    5700    0        3.8      327.2     2.83e+04
2022 02 18  0136   59628    5760    0        3.5      328.2     2.92e+04
2022 02 18  0137   59628    5820    0        3.2      327.6     2.96e+04
2022 02 18  0138   59628    5880    0        4.7      324.4     2.60e+04
2022 02 18  0139   59628    5940    0        3.9      329.1     2.77e+04
2022 02 18  0140   59628    6000    0        3.6      324.6     2.65e+04
2022 02 18  0141   59628    6060    0        4.6      327.6     2.78e+04
2022 02 18  0142   59628    6120    0        4.3      331.3     2.53e+04
2022 02 18  0143   59628    6180    0        5.4      334.4     2.37e+04
2022 02 18  0144   59628    6240    0        3.7      327.9     2.76e+04
2022 02 18  0145   59628    6300    0        4.4      332.0     2.35e+04
2022 02 18  0146   59628    6360    0        4.6      334.5     2.23e+04
2022 02 18  0147   59628    6420    0        5.0      333.9     2.20e+04
2022 02 18  0148   59628    6480    0        5.3      335.6     2.02e+04
2022 02 18  0149   59628    6540    0        5.1      336.1     2.04e+04
2022 02 18  0150   59628    6600    0        4.5      334.6     2.21e+04
2022 02 18  0151   59628    6660    0        4.5      335.7     2.09e+04
2022 02 18  0152   59628    6720    0        5.0      335.0     2.04e+04
2022 02 18  0153   59628    6780    0        4.0      329.1     2.50e+04
2022 02 18  0154   59628    6840    0        4.6      331.6     2.53e+04
2022 02 18  0155   59628    6900    0        5.0      337.9     2.03e+04
2022 02 18  0156   59628    6960    0        5.6      336.6     2.17e+04
2022 02 18  0157   59628    7020    0        4.8      335.1     2.14e+04
2022 02 18  0158   59628    7080    0        5.2      333.5     2.48e+04
2022 02 18  0159   59628    7140    0        4.1      328.5     2.81e+04
2022 02 18  0200   59628    7200    0        4.4      330.5     2.84e+04
2022 02 18  0201   59628    7260    0        4.4      332.8     2.56e+04
2022 02 18  0202   59628    7320    0        4.7      332.7     2.67e+04
2022 02 18  0203   59628    7380    0        4.5      332.2     2.75e+04
2022 02 18  0204   59628    7440    0        4.2      332.1     2.73e+04
2022 02 18  0205   59628    7500    9    -9999.9    -9999.9    -1.00e+05
2022 02 18  0206   59628    7560    0        5.5      338.8     2.16e+04
2022 02 18  0207   59628    7620    0        5.5      337.3     2.22e+04
2022 02 18  0208   59628    7680    0        5.1      334.4     2.30e+04
2022 02 18  0209   59628    7740    0        4.7      335.8     2.14e+04
2022 02 18  0210   59628    7800    0        5.5      336.9     1.98e+04
2022 02 18  0211   59628    7860    0        4.7      332.4     2.61e+04
2022 02 18  0212   59628    7920    0        4.8      334.2     2.35e+04
2022 02 18  0213   59628    7980    0        4.7      334.0     2.52e+04
2022 02 18  0214   59628    8040    0        6.3      336.4     2.35e+04
2022 02 18  0215   59628    8100    0        5.7      343.0     1.95e+04
2022 02 18  0216   59628    8160    0        6.5      344.0     1.55e+04
2022 02 18  0217   59628    8220    0        7.2      344.1     1.75e+04
2022 02 18  0218   59628    8280    0        6.7      341.5     1.85e+04
2022 02 18  0219   59628    8340    0        6.3      341.9     1.93e+04
2022 02 18  0220   59628    8400    0        6.9      343.1     1.89e+04
2022 02 18  0221   59628    8460    0        7.1      343.4     1.94e+04
2022 02 18  0222   59628    8520    0        6.4      342.9     2.02e+04
2022 02 18  0223   59628    8580    0        5.7      342.2     1.96e+04
2022 02 18  0224   59628    8640    0        5.8      342.7     2.17e+04
2022 02 18  0225   59628    8700    0        6.5      340.7     2.53e+04
2022 02 18  0226   59628    8760    0        6.2      342.8     2.74e+04
2022 02 18  0227   59628    8820    0        5.4      339.6     2.46e+04
2022 02 18  0228   59628    8880    0        5.6      340.6     2.59e+04
2022 02 18  0229   59628    8940    0        6.1      340.5     1.91e+04
2022 02 18  0230   59628    9000    0        7.3      341.1     2.08e+04
2022 02 18  0231   59628    9060    0        5.7      340.9     2.15e+04
2022 02 18  0232   59628    9120    0        5.8      341.2     2.50e+04
2022 02 18  0233   59628    9180    0        5.9      341.0     2.26e+04
2022 02 18  0234   59628    9240    0        7.0      340.3     2.25e+04
2022 02 18  0235   59628    9300    0        7.0      341.2     2.33e+04
2022 02 18  0236   59628    9360    0        7.5      341.9     2.23e+04
2022 02 18  0237   59628    9420    0        8.4      341.9     2.12e+04
2022 02 18  0238   59628    9480    0        6.3      338.6     2.16e+04
2022 02 18  0239   59628    9540    0        6.0      338.7     2.26e+04
2022 02 18  0240   59628    9600    0        5.7      339.1     2.33e+04
2022 02 18  0241   59628    9660    0        6.2      339.4     2.11e+04
2022 02 18  0242   59628    9720    0        5.3      338.9     2.45e+04
2022 02 18  0243   59628    9780    0        7.1      337.6     2.26e+04
2022 02 18  0244   59628    9840    0        6.4      343.3     2.45e+04
2022 02 18  0245   59628    9900    0        6.0      339.7     2.47e+04
2022 02 18  0246   59628    9960    0        7.8      341.3     2.34e+04
2022 02 18  0247   59628   10020    0        8.6      342.0     1.98e+04
2022 02 18  0248   59628   10080    0        8.7      341.9     2.34e+04
2022 02 18  0249   59628   10140    0        8.6      342.3     2.10e+04
2022 02 18  0250   59628   10200    0        8.2      341.5     2.34e+04
2022 02 18  0251   59628   10260    0        8.5      341.8     2.18e+04
2022 02 18  0252   59628   10320    0        8.2      343.3     2.04e+04
2022 02 18  0253   59628   10380    0        7.5      343.5     2.30e+04
2022 02 18  0254   59628   10440    0        7.5      342.0     2.48e+04
2022 02 18  0255   59628   10500    0        7.9      340.4     2.31e+04
2022 02 18  0256   59628   10560    0        8.0      340.0     2.23e+04
2022 02 18  0257   59628   10620    0        8.0      339.8     2.43e+04
2022 02 18  0258   59628   10680    0        7.7      339.3     2.14e+04
2022 02 18  0259   59628   10740    0        7.8      339.2     2.39e+04
2022 02 18  0300   59628   10800    0        7.8      340.0     2.29e+04
2022 02 18  0301   59628   10860    0        8.7      340.0     2.54e+04
2022 02 18  0302   59628   10920    0        7.5      340.8     2.49e+04
2022 02 18  0303   59628   10980    0        6.3      342.4     2.50e+04
2022 02 18  0304   59628   11040    0        6.7      342.1     2.32e+04
2022 02 18  0305   59628   11100    0        7.0      342.0     2.73e+04
2022 02 18  0306   59628   11160    0        7.0      342.1     2.30e+04
2022 02 18  0307   59628   11220    0        7.9      342.3     2.07e+04
2022 02 18  0308   59628   11280    0        8.6      342.3     2.04e+04
2022 02 18  0309   59628   11340    0        8.5      342.8     2.02e+04
2022 02 18  0310   59628   11400    0        8.3      343.5     2.06e+04
2022 02 18  0311   59628   11460    0        7.2      338.2     2.58e+04
2022 02 18  0312   59628   11520    0        7.0      339.1     2.63e+04
2022 02 18  0313   59628   11580    0        6.4      341.7     2.65e+04
2022 02 18  0314   59628   11640    0        6.4      342.1     2.21e+04
2022 02 18  0315   59628   11700    0        6.0      343.0     2.26e+04
2022 02 18  0316   59628   11760    0        8.8      342.2     1.70e+04
2022 02 18  0317   59628   11820    0        7.8      342.5     2.14e+04
2022 02 18  0318   59628   11880    0        8.4      342.2     1.86e+04
2022 02 18  0319   59628   11940    0        8.3      342.7     2.17e+04
2022 02 18  0320   59628   12000    0        9.2      342.3     1.95e+04
2022 02 18  0321   59628   12060    0        7.0      343.6     2.16e+04
2022 02 18  0322   59628   12120    0        6.3      343.8     1.98e+04
2022 02 18  0323   59628   12180    0        7.8      344.5     1.81e+04
2022 02 18  0324   59628   12240    0        7.5      343.7     2.07e+04
2022 02 18  0325   59628   12300    0        6.5      345.2     2.15e+04
2022 02 18  0326   59628   12360    0        6.6      345.9     1.99e+04
2022 02 18  0327   59628   12420    0        6.4      343.1     2.05e+04
2022 02 18  0328   59628   12480    0        6.1      344.5     2.04e+04
2022 02 18  0329   59628   12540    0        5.9      342.9     2.05e+04
2022 02 18  0330   59628   12600    0        6.7      343.2     2.15e+04
2022 02 18  0331   59628   12660    0        7.0      344.1     1.80e+04
2022 02 18  0332   59628   12720    0        6.7      345.2     2.07e+04
2022 02 18  0333   59628   12780    0        6.6      342.4     1.94e+04
2022 02 18  0334   59628   12840    0        6.6      342.8     2.16e+04
2022 02 18  0335   59628   12900    0        6.9      341.5     2.01e+04
2022 02 18  0336   59628   12960    0        5.9      342.1     2.22e+04
2022 02 18  0337   59628   13020    0        6.3      340.7     2.13e+04
2022 02 18  0338   59628   13080    0        5.5      340.6     2.27e+04
2022 02 18  0339   59628   13140    0        5.1      340.7     2.13e+04
2022 02 18  0340   59628   13200    0        5.5      340.1     2.16e+04
2022 02 18  0341   59628   13260    0        6.2      340.5     2.14e+04
2022 02 18  0342   59628   13320    0        6.2      340.4     2.21e+04
2022 02 18  0343   59628   13380    0        5.4      338.7     2.63e+04
2022 02 18  0344   59628   13440    0        6.3      340.7     2.18e+04
2022 02 18  0345   59628   13500    0        6.2      340.6     2.26e+04
2022 02 18  0346   59628   13560    0        5.8      340.5     2.46e+04
2022 02 18  0347   59628   13620    0        6.6      343.6     1.73e+04
2022 02 18  0348   59628   13680    0        7.6      347.1     2.05e+04
2022 02 18  0349   59628   13740    0        5.7      337.3     2.40e+04
2022 02 18  0350   59628   13800    0        5.5      336.8     2.69e+04
2022 02 18  0351   59628   13860    0        5.8      335.7     3.07e+04
2022 02 18  0352   59628   13920    0        5.2      334.4     3.02e+04
2022 02 18  0353   59628   13980    0        5.8      337.4     2.36e+04
2022 02 18  0354   59628   14040    0        5.4      338.0     2.46e+04
2022 02 18  0355   59628   14100    0        5.5      337.2     2.54e+04
2022 02 18  0356   59628   14160    0        5.8      338.2     2.43e+04
2022 02 18  0357   59628   14220    0        5.7      339.3     2.31e+04
2022 02 18  0358   59628   14280    0        5.5      338.6     2.31e+04
2022 02 18  0359   59628   14340    0        5.7      337.6     2.39e+04
2022 02 18  0400   59628   14400    0        6.4      337.4     2.31e+04
2022 02 18  0401   59628   14460    0        6.8      337.9     2.36e+04
2022 02 18  0402   59628   14520    0        6.4      338.3     2.14e+04
2022 02 18  0403   59628   14580    0        6.7      338.8     2.53e+04
2022 02 18  0404   59628   14640    0        7.3      338.1     2.32e+04
2022 02 18  0405   59628   14700    0        6.6      338.6     2.42e+04
2022 02 18  0406   59628   14760    0        5.7      336.9     2.41e+04
2022 02 18  0407   59628   14820    0        5.1      338.3     2.59e+04
2022 02 18  0408   59628   14880    0        5.7      336.2     2.64e+04
2022 02 18  0409   59628   14940    0        5.3      336.4     2.51e+04
2022 02 18  0410   59628   15000    0        6.2      338.1     2.26e+04
2022 02 18  0411   59628   15060    0        6.4      340.5     2.21e+04
2022 02 18  0412   59628   15120    0        6.6      341.6     2.06e+04
2022 02 18  0413   59628   15180    0        6.6      341.4     2.18e+04
2022 02 18  0414   59628   15240    0        6.0      339.8     2.37e+04
2022 02 18  0415   59628   15300    0        5.6      337.6     2.30e+04
2022 02 18  0416   59628   15360    0        5.5      337.1     2.54e+04
2022 02 18  0417   59628   15420    0        6.2      337.6     2.40e+04
2022 02 18  0418   59628   15480    0        6.1      337.6     2.44e+04
2022 02 18  0419   59628   15540    0        5.5      337.6     2.71e+04
2022 02 18  0420   59628   15600    0        6.0      339.0     2.35e+04
2022 02 18  0421   59628   15660    0        5.4      339.4     2.65e+04
2022 02 18  0422   59628   15720    0        4.8      337.3     2.77e+04
2022 02 18  0423   59628   15780    0        6.5      338.2     2.62e+04
2022 02 18  0424   59628   15840    0        7.2      337.6     2.31e+04
2022 02 18  0425   59628   15900    0        5.3      336.5     2.77e+04
2022 02 18  0426   59628   15960    0        5.3      337.6     2.69e+04
2022 02 18  0427   59628   16020    0        5.8      336.7     2.80e+04
2022 02 18  0428   59628   16080    0        5.9      337.5     2.99e+04
2022 02 18  0429   59628   16140    0        5.5      337.8     2.99e+04
2022 02 18  0430   59628   16200    0        5.3      336.2     2.86e+04
2022 02 18  0431   59628   16260    0        5.4      335.3     2.70e+04
2022 02 18  0432   59628   16320    0        5.2      334.3     2.77e+04
2022 02 18  0433   59628   16380    0        6.1      336.0     2.86e+04
2022 02 18  0434   59628   16440    0        7.2      336.6     2.74e+04
2022 02 18  0435   59628   16500    0        5.5      334.3     2.84e+04
2022 02 18  0436   59628   16560    0        4.1      332.1     3.41e+04
2022 02 18  0437   59628   16620    0        4.8      336.1     3.02e+04
2022 02 18  0438   59628   16680    0        5.7      340.1     3.19e+04
2022 02 18  0439   59628   16740    0        6.3      338.0     2.57e+04
2022 02 18  0440   59628   16800    0        6.4      338.4     2.68e+04
2022 02 18  0441   59628   16860    0        5.7      338.8     2.27e+04
2022 02 18  0442   59628   16920    0        5.1      337.4     2.57e+04
2022 02 18  0443   59628   16980    0        5.5      338.9     2.41e+04
2022 02 18  0444   59628   17040    0        5.7      340.3     2.40e+04
2022 02 18  0445   59628   17100    0        6.0      339.8     2.40e+04
2022 02 18  0446   59628   17160    0        6.4      339.6     2.43e+04
2022 02 18  0447   59628   17220    0        6.1      340.2     2.59e+04
2022 02 18  0448   59628   17280    0        6.1      339.3     2.37e+04
2022 02 18  0449   59628   17340    0        5.7      335.1     3.10e+04
2022 02 18  0450   59628   17400    0        6.2      336.8     2.31e+04
2022 02 18  0451   59628   17460    0        6.2      336.8     2.33e+04
2022 02 18  0452   59628   17520    0        5.4      336.8     2.62e+04
2022 02 18  0453   59628   17580    0        5.3      334.3     2.44e+04
2022 02 18  0454   59628   17640    0        5.0      334.9     2.47e+04
2022 02 18  0455   59628   17700    0        5.0      336.9     2.22e+04
2022 02 18  0456   59628   17760    0        5.1      338.3     2.21e+04
2022 02 18  0457   59628   17820    0        5.5      338.1     2.06e+04
2022 02 18  0458   59628   17880    0        4.8      337.6     2.41e+04
2022 02 18  0459   59628   17940    0        4.4      337.9     2.57e+04
2022 02 18  0500   59628   18000    0        4.7      337.8     2.43e+04
2022 02 18  0501   59628   18060    0        5.2      335.7     2.44e+04
2022 02 18  0502   59628   18120    0        5.3      335.0     2.53e+04
2022 02 18  0503   59628   18180    0        5.0      338.6     2.28e+04
2022 02 18  0504   59628   18240    0        5.4      341.5     2.04e+04
2022 02 18  0505   59628   18300    0        7.0      340.5     2.35e+04
2022 02 18  0506   59628   18360    0        7.0      339.5     2.22e+04
2022 02 18  0507   59628   18420    0        6.0      339.3     2.43e+04
2022 02 18  0508   59628   18480    0        7.6      339.7     2.32e+04
2022 02 18  0509   59628   18540    0        6.1      337.8     2.60e+04
2022 02 18  0510   59628   18600    0        6.4      338.5     2.35e+04
2022 02 18  0511   59628   18660    0        5.7      337.8     2.68e+04
2022 02 18  0512   59628   18720    0        6.7      338.0     2.38e+04
2022 02 18  0513   59628   18780    0        6.4      338.7     2.42e+04
2022 02 18  0514   59628   18840    0        6.9      337.8     2.42e+04
2022 02 18  0515   59628   18900    0        6.8      337.6     2.49e+04
2022 02 18  0516   59628   18960    0        6.6      338.7     2.38e+04
2022 02 18  0517   59628   19020    0        6.4      339.1     2.45e+04
2022 02 18  0518   59628   19080    0        6.2      338.6     2.63e+04
2022 02 18  0519   59628   19140    0        6.4      338.2     2.61e+04
2022 02 18  0520   59628   19200    0        6.4      338.0     2.68e+04
2022 02 18  0521   59628   19260    0        6.7      338.4     2.46e+04
2022 02 18  0522   59628   19320    0        6.3      337.8     2.74e+04
2022 02 18  0523   59628   19380    0        7.2      337.7     2.42e+04
2022 02 18  0524   59628   19440    0        7.2      337.7     2.42e+04
2022 02 18  0525   59628   19500    0        6.9      339.3     2.51e+04
2022 02 18  0526   59628   19560    0        6.6      337.9     2.86e+04
2022 02 18  0527   59628   19620    0        6.1      338.7     2.75e+04
2022 02 18  0528   59628   19680    0        7.6      340.6     2.58e+04
2022 02 18  0529   59628   19740    0        7.6      340.7     2.62e+04
2022 02 18  0530   59628   19800    0        8.0      340.7     2.44e+04
2022 02 18  0531   59628   19860    0        7.3      341.0     2.52e+04
2022 02 18  0532   59628   19920    0        7.3      341.2     2.49e+04
2022 02 18  0533   59628   19980    0        7.7      340.5     2.58e+04
2022 02 18  0534   59628   20040    0        7.3      340.1     2.70e+04
2022 02 18  0535   59628   20100    0        7.2      340.8     2.54e+04
2022 02 18  0536   59628   20160    0        7.2      340.5     2.63e+04
2022 02 18  0537   59628   20220    0        7.2      339.6     2.62e+04
2022 02 18  0538   59628   20280    0        7.1      339.7     2.72e+04
2022 02 18  0539   59628   20340    0        7.0      339.9     2.78e+04
2022 02 18  0540   59628   20400    0        7.7      340.9     2.59e+04
2022 02 18  0541   59628   20460    0        7.2      339.2     2.41e+04
2022 02 18  0542   59628   20520    0        6.3      339.7     2.63e+04
2022 02 18  0543   59628   20580    0        7.3      337.8     2.70e+04
2022 02 18  0544   59628   20640    0        7.1      338.1     2.69e+04
2022 02 18  0545   59628   20700    0        7.3      338.7     2.70e+04
2022 02 18  0546   59628   20760    0        7.6      339.2     2.65e+04
2022 02 18  0547   59628   20820    0        8.0      340.2     2.40e+04
2022 02 18  0548   59628   20880    0        7.7      340.2     2.34e+04
2022 02 18  0549   59628   20940    0        7.7      340.1     2.27e+04
2022 02 18  0550   59628   21000    0        8.1      340.7     2.17e+04
2022 02 18  0551   59628   21060    0        7.9      340.5     2.30e+04
2022 02 18  0552   59628   21120    0        8.0      340.6     2.31e+04
2022 02 18  0553   59628   21180    0        7.0      341.3     2.30e+04
2022 02 18  0554   59628   21240    0        7.5      339.8     2.42e+04
2022 02 18  0555   59628   21300    0        7.6      340.1     2.55e+04
2022 02 18  0556   59628   21360    9    -9999.9    -9999.9    -1.00e+05
2022 02 18  0557   59628   21420    0        7.9      338.0     2.35e+04
2022 02 18  0558   59628   21480    0        7.0      339.9     2.50e+04
2022 02 18  0559   59628   21540    0        7.0      339.6     2.31e+04
2022 02 18  0600   59628   21600    0        6.5      339.6     2.37e+04
2022 02 18  0601   59628   21660    0        8.4      338.4     2.33e+04
2022 02 18  0602   59628   21720    0        8.3      338.6     2.57e+04
2022 02 18  0603   59628   21780    0        7.7      339.6     2.33e+04
2022 02 18  0604   59628   21840    0        7.4      339.8     2.25e+04
2022 02 18  0605   59628   21900    0        7.7      339.6     2.31e+04
2022 02 18  0606   59628   21960    0        8.4      340.6     2.19e+04
2022 02 18  0607   59628   22020    0        8.5      341.1     2.16e+04
2022 02 18  0608   59628   22080    0        8.4      339.6     2.19e+04
2022 02 18  0609   59628   22140    0        7.7      340.1     2.32e+04
2022 02 18  0610   59628   22200    0        8.1      339.6     2.17e+04
2022 02 18  0611   59628   22260    0        7.4      339.9     2.37e+04
2022 02 18  0612   59628   22320    0        8.2      340.0     1.98e+04
2022 02 18  0613   59628   22380    0        8.7      340.4     2.44e+04
2022 02 18  0614   59628   22440    0       10.2      340.4     1.98e+04
2022 02 18  0615   59628   22500    0        8.6      340.6     2.24e+04
2022 02 18  0616   59628   22560    0        8.3      339.3     2.36e+04
2022 02 18  0617   59628   22620    0        8.2      340.3     2.34e+04
2022 02 18  0618   59628   22680    0        8.8      340.6     2.05e+04
2022 02 18  0619   59628   22740    0        9.2      340.6     2.15e+04
2022 02 18  0620   59628   22800    0        9.1      340.4     2.19e+04
2022 02 18  0621   59628   22860    0        8.3      340.1     2.21e+04
2022 02 18  0622   59628   22920    0        7.9      340.2     2.46e+04
2022 02 18  0623   59628   22980    0        8.5      341.0     2.53e+04
2022 02 18  0624   59628   23040    0        9.6      343.7     2.34e+04
2022 02 18  0625   59628   23100    0       10.9      347.2     2.43e+04
2022 02 18  0626   59628   23160    0       11.4      350.0     2.06e+04
2022 02 18  0627   59628   23220    0       10.7      346.9     2.34e+04
2022 02 18  0628   59628   23280    0        9.7      345.0     3.10e+04
2022 02 18  0629   59628   23340    9    -9999.9    -9999.9    -1.00e+05
2022 02 18  0630   59628   23400    0       10.0      345.4     2.64e+04
2022 02 18  0631   59628   23460    0        9.9      345.6     2.70e+04
2022 02 18  0632   59628   23520    0       14.3      345.7     2.40e+04
2022 02 18  0633   59628   23580    0       12.6      347.2     2.41e+04
2022 02 18  0634   59628   23640    0       11.1      347.4     2.31e+04
2022 02 18  0635   59628   23700    0       11.0      347.1     2.24e+04
2022 02 18  0636   59628   23760    0       11.4      346.4     2.38e+04
2022 02 18  0637   59628   23820    0       12.2      346.4     2.47e+04
2022 02 18  0638   59628   23880    0       12.4      347.3     2.50e+04
2022 02 18  0639   59628   23940    0       11.6      347.8     2.62e+04
2022 02 18  0640   59628   24000    0       11.1      348.1     2.55e+04
2022 02 18  0641   59628   24060    0       11.8      348.3     2.30e+04
2022 02 18  0642   59628   24120    0       14.0      349.4     2.53e+04
2022 02 18  0643   59628   24180    0       13.8      348.5     2.59e+04
2022 02 18  0644   59628   24240    0       13.6      348.3     2.57e+04
2022 02 18  0645   59628   24300    0       12.9      345.1     2.26e+04
2022 02 18  0646   59628   24360    0       13.9      348.3     2.34e+04
2022 02 18  0647   59628   24420    0       10.3      347.9     2.49e+04
2022 02 18  0648   59628   24480    0        9.5      348.6     2.45e+04
2022 02 18  0649   59628   24540    0       12.7      347.3     2.30e+04
2022 02 18  0650   59628   24600    0       13.7      347.9     2.26e+04
2022 02 18  0651   59628   24660    0       13.2      348.7     2.23e+04
2022 02 18  0652   59628   24720    0       10.6      348.4     2.43e+04
2022 02 18  0653   59628   24780    0        9.0      347.0     2.69e+04
2022 02 18  0654   59628   24840    0       12.6      347.6     2.88e+04
2022 02 18  0655   59628   24900    0       16.0      349.2     2.88e+04
2022 02 18  0656   59628   24960    0       12.4      346.4     2.64e+04
2022 02 18  0657   59628   25020    0        9.9      346.3     2.77e+04
2022 02 18  0658   59628   25080    0       12.0      346.8     2.60e+04
2022 02 18  0659   59628   25140    0       13.0      347.9     2.55e+04
2022 02 18  0700   59628   25200    0       12.3      347.3     3.06e+04
2022 02 18  0701   59628   25260    0       10.8      346.2     2.76e+04
2022 02 18  0702   59628   25320    0       10.8      346.2     2.76e+04
2022 02 18  0703   59628   25380    0       10.5      345.8     2.10e+04
2022 02 18  0704   59628   25440    0       11.1      346.7     2.45e+04
2022 02 18  0705   59628   25500    0       11.0      346.6     2.26e+04
2022 02 18  0706   59628   25560    0       11.3      346.9     2.28e+04
2022 02 18  0707   59628   25620    0       11.3      346.7     2.17e+04
2022 02 18  0708   59628   25680    0       10.7      346.7     2.13e+04
2022 02 18  0709   59628   25740    0       10.6      346.5     2.15e+04
2022 02 18  0710   59628   25800    0       10.8      347.7     3.31e+04
2022 02 18  0711   59628   25860    1       10.5      341.8     4.03e+04
2022 02 18  0712   59628   25920    1       10.8      330.6     2.01e+04
2022 02 18  0713   59628   25980    0       10.7      347.3     2.30e+04
2022 02 18  0714   59628   26040    0       10.8      346.6     2.22e+04
2022 02 18  0715   59628   26100    0       11.6      347.3     2.44e+04
2022 02 18  0716   59628   26160    0       11.1      351.1     1.88e+04
2022 02 18  0717   59628   26220    0       11.9      347.8     2.06e+04
2022 02 18  0718   59628   26280    0       11.2      346.1     2.38e+04
2022 02 18  0719   59628   26340    0       10.2      347.0     2.42e+04
2022 02 18  0720   59628   26400    0       10.0      346.7     2.40e+04
2022 02 18  0721   59628   26460    0       10.5      347.0     2.37e+04
2022 02 18  0722   59628   26520    0       11.2      345.7     2.32e+04
2022 02 18  0723   59628   26580    1       11.2      347.5     4.18e+04
2022 02 18  0724   59628   26640    0       11.2      348.7     3.61e+04
2022 02 18  0725   59628   26700    0       11.2      348.4     2.12e+04
2022 02 18  0726   59628   26760    0       10.6      347.3     2.31e+04
2022 02 18  0727   59628   26820    0       10.4      345.9     2.43e+04
2022 02 18  0728   59628   26880    0       10.7      346.6     2.40e+04
2022 02 18  0729   59628   26940    0       10.1      346.5     2.28e+04
2022 02 18  0730   59628   27000    0        9.8      348.4     2.26e+04
2022 02 18  0731   59628   27060    0       10.3      346.9     2.16e+04
2022 02 18  0732   59628   27120    0       11.5      346.9     2.42e+04
2022 02 18  0733   59628   27180    0       11.8      345.4     2.44e+04
2022 02 18  0734   59628   27240    0       12.1      345.3     2.82e+04
2022 02 18  0735   59628   27300    0       12.1      345.3     2.85e+04
2022 02 18  0736   59628   27360    0       11.2      344.2     2.19e+04
2022 02 18  0737   59628   27420    0       11.9      345.7     2.17e+04
2022 02 18  0738   59628   27480    0       12.8      345.5     2.23e+04
2022 02 18  0739   59628   27540    0       12.6      345.8     2.30e+04
2022 02 18  0740   59628   27600    0       12.0      345.1     2.28e+04
2022 02 18  0741   59628   27660    0       12.1      344.1     2.33e+04
2022 02 18  0742   59628   27720    0       12.3      343.9     2.34e+04
2022 02 18  0743   59628   27780    0       11.9      343.9     2.32e+04
2022 02 18  0744   59628   27840    0       10.9      344.5     2.50e+04
2022 02 18  0745   59628   27900    0       10.7      344.6     2.36e+04
2022 02 18  0746   59628   27960    0       11.4      344.5     2.38e+04
2022 02 18  0747   59628   28020    0       12.5      343.7     2.26e+04
2022 02 18  0748   59628   28080    0       10.9      344.4     2.39e+04
2022 02 18  0749   59628   28140    0        9.5      344.2     2.29e+04
2022 02 18  0750   59628   28200    0        7.2      338.6     3.60e+04
2022 02 18  0751   59628   28260    0        7.3      339.5     3.19e+04
2022 02 18  0752   59628   28320    0        8.0      340.6     3.05e+04
2022 02 18  0753   59628   28380    0        8.2      339.3     3.24e+04
2022 02 18  0754   59628   28440    0        7.5      339.8     3.43e+04
2022 02 18  0755   59628   28500    0        8.1      341.2     3.30e+04
2022 02 18  0756   59628   28560    0        8.8      343.0     3.14e+04
2022 02 18  0757   59628   28620    0        9.3      344.7     2.97e+04
2022 02 18  0758   59628   28680    0        9.1      343.2     2.95e+04
2022 02 18  0759   59628   28740    0        8.3      339.9     2.98e+04
2022 02 18  0800   59628   28800    0        9.1      340.7     2.59e+04
2022 02 18  0801   59628   28860    0        8.5      341.8     2.63e+04
2022 02 18  0802   59628   28920    0        8.9      341.6     2.67e+04
2022 02 18  0803   59628   28980    0        8.5      344.5     2.51e+04
2022 02 18  0804   59628   29040    0        8.7      341.6     2.54e+04
2022 02 18  0805   59628   29100    0        8.3      340.0     3.01e+04
2022 02 18  0806   59628   29160    0       10.1      342.1     2.58e+04
2022 02 18  0807   59628   29220    0        9.1      342.9     2.74e+04
2022 02 18  0808   59628   29280    0        8.9      343.0     2.77e+04
2022 02 18  0809   59628   29340    0       10.1      343.3     2.66e+04
2022 02 18  0810   59628   29400    0        9.7      344.4     2.64e+04
2022 02 18  0811   59628   29460    0        9.4      342.4     2.67e+04
2022 02 18  0812   59628   29520    0        8.9      340.7     2.85e+04
2022 02 18  0813   59628   29580    0        8.3      340.9     2.90e+04
2022 02 18  0814   59628   29640    0        9.2      342.3     2.81e+04
2022 02 18  0815   59628   29700    0       10.6      343.9     2.81e+04
2022 02 18  0816   59628   29760    0       10.3      343.9     2.79e+04
2022 02 18  0817   59628   29820    0        9.4      342.6     2.86e+04
2022 02 18  0818   59628   29880    0        9.2      341.5     2.96e+04
2022 02 18  0819   59628   29940    0        7.7      337.4     3.69e+04
2022 02 18  0820   59628   30000    0       12.0      342.9     3.30e+04
2022 02 18  0821   59628   30060    0       12.4      351.7     2.50e+04
2022 02 18  0822   59628   30120    0       11.5      345.3     2.92e+04
2022 02 18  0823   59628   30180    0       11.5      345.4     3.19e+04
2022 02 18  0824   59628   30240    0       11.7      348.5     2.93e+04
2022 02 18  0825   59628   30300    0       11.5      346.6     3.07e+04
2022 02 18  0826   59628   30360    0       11.9      346.2     2.99e+04
2022 02 18  0827   59628   30420    0       12.7      347.8     2.80e+04
2022 02 18  0828   59628   30480    0       12.2      347.0     3.01e+04
2022 02 18  0829   59628   30540    0       11.1      345.2     3.04e+04
2022 02 18  0830   59628   30600    0       10.8      345.0     2.81e+04
2022 02 18  0831   59628   30660    0       10.4      345.4     2.99e+04
2022 02 18  0832   59628   30720    0        9.5      345.3     3.13e+04
2022 02 18  0833   59628   30780    0       10.3      344.9     2.77e+04
2022 02 18  0834   59628   30840    0       12.3      348.8     2.88e+04
2022 02 18  0835   59628   30900    0       13.7      348.9     3.16e+04
2022 02 18  0836   59628   30960    0       12.8      349.6     2.88e+04
2022 02 18  0837   59628   31020    0       12.3      351.4     2.74e+04
2022 02 18  0838   59628   31080    0        9.6      346.8     3.65e+04
2022 02 18  0839   59628   31140    0        9.3      344.2     4.08e+04
2022 02 18  0840   59628   31200    0        9.2      343.5     4.08e+04
2022 02 18  0841   59628   31260    0        9.1      343.4     4.07e+04
2022 02 18  0842   59628   31320    0        8.7      343.5     3.25e+04
2022 02 18  0843   59628   31380    0        8.6      343.1     3.71e+04
2022 02 18  0844   59628   31440    0        8.2      342.0     3.54e+04
2022 02 18  0845   59628   31500    0        7.9      341.9     3.12e+04
2022 02 18  0846   59628   31560    0        8.1      343.0     3.41e+04
2022 02 18  0847   59628   31620    0        7.8      343.1     3.70e+04
2022 02 18  0848   59628   31680    0        7.5      341.6     3.46e+04
2022 02 18  0849   59628   31740    0        8.2      341.0     3.48e+04
2022 02 18  0850   59628   31800    0        7.6      342.0     3.31e+04
2022 02 18  0851   59628   31860    0        9.0      339.5     3.42e+04
2022 02 18  0852   59628   31920    0        7.7      343.5     3.35e+04
2022 02 18  0853   59628   31980    0       10.2      344.5     4.16e+04
2022 02 18  0854   59628   32040    0        8.8      345.3     3.89e+04
2022 02 18  0855   59628   32100    0        9.4      344.7     3.69e+04
2022 02 18  0856   59628   32160    0        9.7      347.5     3.66e+04
2022 02 18  0857   59628   32220    0        9.2      346.2     4.07e+04
2022 02 18  0858   59628   32280    0        8.0      345.4     4.99e+04
2022 02 18  0859   59628   32340    0       11.3      347.9     3.70e+04
2022 02 18  0900   59628   32400    0       13.2      351.0     2.50e+04
2022 02 18  0901   59628   32460    0       13.8      351.8     2.47e+04
2022 02 18  0902   59628   32520    0       15.5      351.4     2.46e+04
2022 02 18  0903   59628   32580    0       15.9      351.7     2.42e+04
2022 02 18  0904   59628   32640    0       15.2      351.4     2.51e+04
2022 02 18  0905   59628   32700    0       15.5      351.3     2.41e+04
2022 02 18  0906   59628   32760    0       15.2      351.3     2.32e+04
2022 02 18  0907   59628   32820    0       15.4      352.5     2.12e+04
2022 02 18  0908   59628   32880    0       14.9      349.9     2.51e+04
2022 02 18  0909   59628   32940    0       14.8      348.8     2.42e+04
2022 02 18  0910   59628   33000    0       14.8      349.2     2.51e+04
2022 02 18  0911   59628   33060    0       14.5      351.4     2.43e+04
2022 02 18  0912   59628   33120    0       14.8      352.6     2.46e+04
2022 02 18  0913   59628   33180    0       15.4      352.8     2.25e+04
2022 02 18  0914   59628   33240    0       15.6      352.7     2.17e+04
2022 02 18  0915   59628   33300    0       15.9      350.5     2.24e+04
2022 02 18  0916   59628   33360    0       16.0      350.4     2.29e+04
2022 02 18  0917   59628   33420    0       15.8      350.1     2.32e+04
2022 02 18  0918   59628   33480    0       14.7      350.1     2.29e+04
2022 02 18  0919   59628   33540    0       14.9      349.9     2.13e+04
2022 02 18  0920   59628   33600    0       16.6      348.5     1.93e+04
2022 02 18  0921   59628   33660    0       15.1      348.6     2.09e+04
2022 02 18  0922   59628   33720    0       13.4      348.1     2.24e+04
2022 02 18  0923   59628   33780    0       12.5      345.6     2.58e+04
2022 02 18  0924   59628   33840    0       11.9      345.4     2.42e+04
2022 02 18  0925   59628   33900    0       11.2      348.8     2.26e+04
2022 02 18  0926   59628   33960    0       11.5      346.8     2.23e+04
2022 02 18  0927   59628   34020    0        7.7      337.8     2.80e+04
2022 02 18  0928   59628   34080    0        6.4      333.5     3.18e+04
2022 02 18  0929   59628   34140    0        6.9      336.6     2.79e+04
2022 02 18  0930   59628   34200    0       12.2      343.4     3.16e+04
2022 02 18  0931   59628   34260    0       10.5      340.2     3.38e+04
2022 02 18  0932   59628   34320    0        7.9      337.0     3.07e+04
2022 02 18  0933   59628   34380    0        7.6      337.3     3.02e+04
2022 02 18  0934   59628   34440    0        7.1      336.6     3.23e+04
2022 02 18  0935   59628   34500    0        7.2      336.1     3.28e+04
2022 02 18  0936   59628   34560    9    -9999.9    -9999.9    -1.00e+05
2022 02 18  0937   59628   34620    9    -9999.9    -9999.9    -1.00e+05
2022 02 18  0938   59628   34680    9    -9999.9    -9999.9    -1.00e+05
2022 02 18  0939   59628   34740    9    -9999.9    -9999.9    -1.00e+05
2022 02 18  0940   59628   34800    9    -9999.9    -9999.9    -1.00e+05
2022 02 18  0941   59628   34860    9    -9999.9    -9999.9    -1.00e+05
2022 02 18  0942   59628   34920    9    -9999.9    -9999.9    -1.00e+05
2022 02 18  0943   59628   34980    9    -9999.9    -9999.9    -1.00e+05
2022 02 18  0944   59628   35040    9    -9999.9    -9999.9    -1.00e+05
2022 02 18  0945   59628   35100    9    -9999.9    -9999.9    -1.00e+05
2022 02 18  0946   59628   35160    9    -9999.9    -9999.9    -1.00e+05
2022 02 18  0947   59628   35220    9    -9999.9    -9999.9    -1.00e+05
2022 02 18  0948   59628   35280    9    -9999.9    -9999.9    -1.00e+05
2022 02 18  0949   59628   35340    9    -9999.9    -9999.9    -1.00e+05
2022 02 18  0950   59628   35400    9    -9999.9    -9999.9    -1.00e+05
2022 02 18  0951   59628   35460    9    -9999.9    -9999.9    -1.00e+05
2022 02 18  0952   59628   35520    9    -9999.9    -9999.9    -1.00e+05
2022 02 18  0953   59628   35580    9    -9999.9    -9999.9    -1.00e+05
2022 02 18  0954   59628   35640    9    -9999.9    -9999.9    -1.00e+05
2022 02 18  0955   59628   35700    9    -9999.9    -9999.9    -1.00e+05
2022 02 18  0956   59628   35760    9    -9999.9    -9999.9    -1.00e+05
2022 02 18  0957   59628   35820    9    -9999.9    -9999.9    -1.00e+05
2022 02 18  0958   59628   35880    9    -9999.9    -9999.9    -1.00e+05
2022 02 18  0959   59628   35940    9    -9999.9    -9999.9    -1.00e+05
