:Data_list: 20220630_ace_mag_1m.txt
:Created: 2022 Jun 30 0901 UT
# Prepared by the U.S. Dept. of Commerce, NOAA, Space Weather Prediction Center
# Please send comments and suggestions to SWPC.Webmaster@noaa.gov 
# 
# Magnetometer values are in GSM coordinates.
# 
# Units: Bx, By, Bz, Bt in nT
# Units: Latitude  degrees +/-  90.0
# Units: Longitude degrees 0.0 - 360.0
# Status(S): 0 = nominal data, 1 to 8 = bad data record, 9 = no data
# Missing data values: -999.9
# Source: ACE Satellite - Magnetometer
#
#              1-minute averaged Real-time Interplanetary Magnetic Field Values 
# 
#                 Modified Seconds
# UT Date   Time  Julian   of the   ----------------  GSM Coordinates ---------------
# YR MO DA  HHMM    Day      Day    S     Bx      By      Bz      Bt     Lat.   Long.
#------------------------------------------------------------------------------------
2022 06 30  0000   59760       0    9  -999.9  -999.9  -999.9  -999.9  -999.9  -999.9
2022 06 30  0001   59760      60    9  -999.9  -999.9  -999.9  -999.9  -999.9  -999.9
2022 06 30  0002   59760     120    9  -999.9  -999.9  -999.9  -999.9  -999.9  -999.9
2022 06 30  0003   59760     180    9  -999.9  -999.9  -999.9  -999.9  -999.9  -999.9
2022 06 30  0004   59760     240    9  -999.9  -999.9  -999.9  -999.9  -999.9  -999.9
2022 06 30  0005   59760     300    9  -999.9  -999.9  -999.9  -999.9  -999.9  -999.9
2022 06 30  0006   59760     360    9  -999.9  -999.9  -999.9  -999.9  -999.9  -999.9
2022 06 30  0007   59760     420    9  -999.9  -999.9  -999.9  -999.9  -999.9  -999.9
2022 06 30  0008   59760     480    9  -999.9  -999.9  -999.9  -999.9  -999.9  -999.9
2022 06 30  0009   59760     540    9  -999.9  -999.9  -999.9  -999.9  -999.9  -999.9
2022 06 30  0010   59760     600    9  -999.9  -999.9  -999.9  -999.9  -999.9  -999.9
2022 06 30  0011   59760     660    9  -999.9  -999.9  -999.9  -999.9  -999.9  -999.9
2022 06 30  0012   59760     720    9  -999.9  -999.9  -999.9  -999.9  -999.9  -999.9
2022 06 30  0013   59760     780    9  -999.9  -999.9  -999.9  -999.9  -999.9  -999.9
2022 06 30  0014   59760     840    9  -999.9  -999.9  -999.9  -999.9  -999.9  -999.9
2022 06 30  0015   59760     900    9  -999.9  -999.9  -999.9  -999.9  -999.9  -999.9
2022 06 30  0016   59760     960    9  -999.9  -999.9  -999.9  -999.9  -999.9  -999.9
2022 06 30  0017   59760    1020    9  -999.9  -999.9  -999.9  -999.9  -999.9  -999.9
2022 06 30  0018   59760    1080    9  -999.9  -999.9  -999.9  -999.9  -999.9  -999.9
2022 06 30  0019   59760    1140    9  -999.9  -999.9  -999.9  -999.9  -999.9  -999.9
2022 06 30  0020   59760    1200    9  -999.9  -999.9  -999.9  -999.9  -999.9  -999.9
2022 06 30  0021   59760    1260    9  -999.9  -999.9  -999.9  -999.9  -999.9  -999.9
2022 06 30  0022   59760    1320    9  -999.9  -999.9  -999.9  -999.9  -999.9  -999.9
2022 06 30  0023   59760    1380    9  -999.9  -999.9  -999.9  -999.9  -999.9  -999.9
2022 06 30  0024   59760    1440    9  -999.9  -999.9  -999.9  -999.9  -999.9  -999.9
2022 06 30  0025   59760    1500    9  -999.9  -999.9  -999.9  -999.9  -999.9  -999.9
2022 06 30  0026   59760    1560    9  -999.9  -999.9  -999.9  -999.9  -999.9  -999.9
2022 06 30  0027   59760    1620    9  -999.9  -999.9  -999.9  -999.9  -999.9  -999.9
2022 06 30  0028   59760    1680    9  -999.9  -999.9  -999.9  -999.9  -999.9  -999.9
2022 06 30  0029   59760    1740    9  -999.9  -999.9  -999.9  -999.9  -999.9  -999.9
2022 06 30  0030   59760    1800    9  -999.9  -999.9  -999.9  -999.9  -999.9  -999.9
2022 06 30  0031   59760    1860    9  -999.9  -999.9  -999.9  -999.9  -999.9  -999.9
2022 06 30  0032   59760    1920    9  -999.9  -999.9  -999.9  -999.9  -999.9  -999.9
2022 06 30  0033   59760    1980    9  -999.9  -999.9  -999.9  -999.9  -999.9  -999.9
2022 06 30  0034   59760    2040    9  -999.9  -999.9  -999.9  -999.9  -999.9  -999.9
2022 06 30  0035   59760    2100    9  -999.9  -999.9  -999.9  -999.9  -999.9  -999.9
2022 06 30  0036   59760    2160    9  -999.9  -999.9  -999.9  -999.9  -999.9  -999.9
2022 06 30  0037   59760    2220    9  -999.9  -999.9  -999.9  -999.9  -999.9  -999.9
2022 06 30  0038   59760    2280    9  -999.9  -999.9  -999.9  -999.9  -999.9  -999.9
2022 06 30  0039   59760    2340    9  -999.9  -999.9  -999.9  -999.9  -999.9  -999.9
2022 06 30  0040   59760    2400    9  -999.9  -999.9  -999.9  -999.9  -999.9  -999.9
2022 06 30  0041   59760    2460    9  -999.9  -999.9  -999.9  -999.9  -999.9  -999.9
2022 06 30  0042   59760    2520    9  -999.9  -999.9  -999.9  -999.9  -999.9  -999.9
2022 06 30  0043   59760    2580    9  -999.9  -999.9  -999.9  -999.9  -999.9  -999.9
2022 06 30  0044   59760    2640    9  -999.9  -999.9  -999.9  -999.9  -999.9  -999.9
2022 06 30  0045   59760    2700    9  -999.9  -999.9  -999.9  -999.9  -999.9  -999.9
2022 06 30  0046   59760    2760    9  -999.9  -999.9  -999.9  -999.9  -999.9  -999.9
2022 06 30  0047   59760    2820    9  -999.9  -999.9  -999.9  -999.9  -999.9  -999.9
2022 06 30  0048   59760    2880    9  -999.9  -999.9  -999.9  -999.9  -999.9  -999.9
2022 06 30  0049   59760    2940    9  -999.9  -999.9  -999.9  -999.9  -999.9  -999.9
2022 06 30  0050   59760    3000    9  -999.9  -999.9  -999.9  -999.9  -999.9  -999.9
2022 06 30  0051   59760    3060    9  -999.9  -999.9  -999.9  -999.9  -999.9  -999.9
2022 06 30  0052   59760    3120    9  -999.9  -999.9  -999.9  -999.9  -999.9  -999.9
2022 06 30  0053   59760    3180    9  -999.9  -999.9  -999.9  -999.9  -999.9  -999.9
2022 06 30  0054   59760    3240    9  -999.9  -999.9  -999.9  -999.9  -999.9  -999.9
2022 06 30  0055   59760    3300    9  -999.9  -999.9  -999.9  -999.9  -999.9  -999.9
2022 06 30  0056   59760    3360    9  -999.9  -999.9  -999.9  -999.9  -999.9  -999.9
2022 06 30  0057   59760    3420    9  -999.9  -999.9  -999.9  -999.9  -999.9  -999.9
2022 06 30  0058   59760    3480    9  -999.9  -999.9  -999.9  -999.9  -999.9  -999.9
2022 06 30  0059   59760    3540    9  -999.9  -999.9  -999.9  -999.9  -999.9  -999.9
2022 06 30  0100   59760    3600    9  -999.9  -999.9  -999.9  -999.9  -999.9  -999.9
2022 06 30  0101   59760    3660    9  -999.9  -999.9  -999.9  -999.9  -999.9  -999.9
2022 06 30  0102   59760    3720    9  -999.9  -999.9  -999.9  -999.9  -999.9  -999.9
2022 06 30  0103   59760    3780    9  -999.9  -999.9  -999.9  -999.9  -999.9  -999.9
2022 06 30  0104   59760    3840    9  -999.9  -999.9  -999.9  -999.9  -999.9  -999.9
2022 06 30  0105   59760    3900    9  -999.9  -999.9  -999.9  -999.9  -999.9  -999.9
2022 06 30  0106   59760    3960    9  -999.9  -999.9  -999.9  -999.9  -999.9  -999.9
2022 06 30  0107   59760    4020    9  -999.9  -999.9  -999.9  -999.9  -999.9  -999.9
2022 06 30  0108   59760    4080    9  -999.9  -999.9  -999.9  -999.9  -999.9  -999.9
2022 06 30  0109   59760    4140    9  -999.9  -999.9  -999.9  -999.9  -999.9  -999.9
2022 06 30  0110   59760    4200    9  -999.9  -999.9  -999.9  -999.9  -999.9  -999.9
2022 06 30  0111   59760    4260    9  -999.9  -999.9  -999.9  -999.9  -999.9  -999.9
2022 06 30  0112   59760    4320    9  -999.9  -999.9  -999.9  -999.9  -999.9  -999.9
2022 06 30  0113   59760    4380    9  -999.9  -999.9  -999.9  -999.9  -999.9  -999.9
2022 06 30  0114   59760    4440    9  -999.9  -999.9  -999.9  -999.9  -999.9  -999.9
2022 06 30  0115   59760    4500    9  -999.9  -999.9  -999.9  -999.9  -999.9  -999.9
2022 06 30  0116   59760    4560    9  -999.9  -999.9  -999.9  -999.9  -999.9  -999.9
2022 06 30  0117   59760    4620    9  -999.9  -999.9  -999.9  -999.9  -999.9  -999.9
2022 06 30  0118   59760    4680    9  -999.9  -999.9  -999.9  -999.9  -999.9  -999.9
2022 06 30  0119   59760    4740    9  -999.9  -999.9  -999.9  -999.9  -999.9  -999.9
2022 06 30  0120   59760    4800    9  -999.9  -999.9  -999.9  -999.9  -999.9  -999.9
2022 06 30  0121   59760    4860    9  -999.9  -999.9  -999.9  -999.9  -999.9  -999.9
2022 06 30  0122   59760    4920    9  -999.9  -999.9  -999.9  -999.9  -999.9  -999.9
2022 06 30  0123   59760    4980    9  -999.9  -999.9  -999.9  -999.9  -999.9  -999.9
2022 06 30  0124   59760    5040    9  -999.9  -999.9  -999.9  -999.9  -999.9  -999.9
2022 06 30  0125   59760    5100    9  -999.9  -999.9  -999.9  -999.9  -999.9  -999.9
2022 06 30  0126   59760    5160    9  -999.9  -999.9  -999.9  -999.9  -999.9  -999.9
2022 06 30  0127   59760    5220    9  -999.9  -999.9  -999.9  -999.9  -999.9  -999.9
2022 06 30  0128   59760    5280    9  -999.9  -999.9  -999.9  -999.9  -999.9  -999.9
2022 06 30  0129   59760    5340    9  -999.9  -999.9  -999.9  -999.9  -999.9  -999.9
2022 06 30  0130   59760    5400    9  -999.9  -999.9  -999.9  -999.9  -999.9  -999.9
2022 06 30  0131   59760    5460    9  -999.9  -999.9  -999.9  -999.9  -999.9  -999.9
2022 06 30  0132   59760    5520    0    -0.3    -2.8     0.3     2.8     6.4   264.6
2022 06 30  0133   59760    5580    0    -0.1    -3.1     0.5     3.2     9.6   268.3
2022 06 30  0134   59760    5640    0    -0.3    -3.0     0.0     3.0     0.2   264.6
2022 06 30  0135   59760    5700    0    -0.5    -2.8    -1.0     3.0   -19.5   260.5
2022 06 30  0136   59760    5760    0    -0.2    -2.9    -0.1     2.9    -2.5   266.5
2022 06 30  0137   59760    5820    0    -0.2    -3.1     0.0     3.1     0.6   266.8
2022 06 30  0138   59760    5880    0    -0.3    -2.6     0.6     2.7    12.8   264.2
2022 06 30  0139   59760    5940    0    -0.6    -2.0     1.8     2.8    40.5   252.9
2022 06 30  0140   59760    6000    0    -0.3    -2.3     1.0     2.6    23.1   262.4
2022 06 30  0141   59760    6060    0    -0.0    -2.3     0.8     2.4    19.5   269.6
2022 06 30  0142   59760    6120    0    -0.1    -2.5     1.1     2.7    23.6   267.4
2022 06 30  0143   59760    6180    0    -0.1    -2.6     1.0     2.8    21.5   268.6
2022 06 30  0144   59760    6240    0    -0.1    -2.6     0.9     2.8    19.6   268.9
2022 06 30  0145   59760    6300    0    -0.6    -2.8     0.7     2.9    13.9   258.2
2022 06 30  0146   59760    6360    0    -0.6    -2.7     0.7     2.8    13.4   258.4
2022 06 30  0147   59760    6420    0    -0.4    -2.6     0.4     2.7     8.9   260.8
2022 06 30  0148   59760    6480    0    -0.2    -2.4     0.5     2.4    12.4   265.5
2022 06 30  0149   59760    6540    0    -0.1    -2.2     0.5     2.3    11.9   268.5
2022 06 30  0150   59760    6600    0    -0.1    -2.2     0.5     2.3    12.9   268.6
2022 06 30  0151   59760    6660    0    -0.0    -2.3     0.5     2.3    13.0   269.0
2022 06 30  0152   59760    6720    0     0.2    -2.5     0.5     2.5    11.0   274.1
2022 06 30  0153   59760    6780    0    -0.2    -2.3     0.9     2.5    21.4   264.6
2022 06 30  0154   59760    6840    0    -0.5    -2.2     1.0     2.4    23.5   257.6
2022 06 30  0155   59760    6900    0    -0.7    -2.0     1.1     2.4    27.5   250.1
2022 06 30  0156   59760    6960    0    -0.1    -2.3     0.5     2.4    13.1   268.1
2022 06 30  0157   59760    7020    0    -0.2    -2.3     0.6     2.4    15.5   266.1
2022 06 30  0158   59760    7080    0    -0.2    -2.4     0.8     2.5    18.4   264.0
2022 06 30  0159   59760    7140    0     1.0    -2.0     1.5     2.6    33.8   295.7
2022 06 30  0200   59760    7200    0     1.0    -2.1     1.5     2.7    32.2   294.9
2022 06 30  0201   59760    7260    0     0.9    -2.3     1.4     2.8    29.2   292.1
2022 06 30  0202   59760    7320    0     0.8    -2.3     1.4     2.8    30.2   289.2
2022 06 30  0203   59760    7380    0     0.8    -2.2     1.3     2.7    29.1   289.9
2022 06 30  0204   59760    7440    0     0.7    -2.2     1.2     2.6    28.2   287.5
2022 06 30  0205   59760    7500    0     0.2    -2.7     0.5     2.8     9.9   274.1
2022 06 30  0206   59760    7560    0    -1.3    -2.8    -1.6     3.4   -27.6   245.3
2022 06 30  0207   59760    7620    0    -1.3    -2.8    -1.8     3.6   -29.8   245.2
2022 06 30  0208   59760    7680    0    -1.7    -2.4    -2.0     3.6   -34.2   234.7
2022 06 30  0209   59760    7740    0    -2.1    -2.1    -1.9     3.5   -32.9   226.1
2022 06 30  0210   59760    7800    0    -2.1    -2.6    -1.5     3.6   -24.0   230.0
2022 06 30  0211   59760    7860    0    -2.3    -2.2    -2.0     3.7   -32.1   223.7
2022 06 30  0212   59760    7920    0    -1.8    -2.3    -1.5     3.3   -26.8   232.4
2022 06 30  0213   59760    7980    0    -1.5    -2.7    -1.1     3.3   -18.8   242.0
2022 06 30  0214   59760    8040    0    -0.7    -3.1    -0.2     3.2    -3.7   257.3
2022 06 30  0215   59760    8100    0    -0.6    -3.1    -0.3     3.2    -5.9   259.7
2022 06 30  0216   59760    8160    0    -0.4    -3.2    -0.3     3.2    -5.0   263.3
2022 06 30  0217   59760    8220    0    -0.4    -3.1     0.3     3.1     5.3   262.9
2022 06 30  0218   59760    8280    0    -0.4    -3.1     0.4     3.1     7.5   263.0
2022 06 30  0219   59760    8340    0    -0.6    -3.0     0.4     3.1     6.8   258.8
2022 06 30  0220   59760    8400    0    -0.3    -3.2     0.0     3.2     0.3   264.6
2022 06 30  0221   59760    8460    0    -0.1    -3.2    -0.0     3.2    -0.6   268.5
2022 06 30  0222   59760    8520    0    -0.0    -3.1     0.3     3.1     4.7   269.5
2022 06 30  0223   59760    8580    0    -0.3    -3.1     0.7     3.2    12.5   265.1
2022 06 30  0224   59760    8640    0     0.5    -2.7     1.3     3.0    26.5   281.3
2022 06 30  0225   59760    8700    0     0.8    -2.7     1.5     3.2    28.2   285.7
2022 06 30  0226   59760    8760    0     0.4    -3.0     1.1     3.2    19.8   277.2
2022 06 30  0227   59760    8820    0     0.3    -2.3     1.9     3.0    40.0   278.2
2022 06 30  0228   59760    8880    0     0.6    -2.0     2.1     3.0    45.9   287.0
2022 06 30  0229   59760    8940    0     1.2    -2.2     1.4     2.9    28.5   297.9
2022 06 30  0230   59760    9000    0     1.7    -2.3     1.2     3.1    22.7   306.3
2022 06 30  0231   59760    9060    0     2.0    -1.7     1.4     3.0    28.7   320.8
2022 06 30  0232   59760    9120    0     2.2    -1.7     1.5     3.1    28.5   322.4
2022 06 30  0233   59760    9180    0     2.0    -1.9     1.3     3.0    24.5   316.9
2022 06 30  0234   59760    9240    0     1.9    -1.8     1.4     3.0    28.1   316.8
2022 06 30  0235   59760    9300    0     1.8    -1.9     1.4     3.0    28.2   313.1
2022 06 30  0236   59760    9360    0     1.6    -1.9     1.4     2.8    30.4   309.7
2022 06 30  0237   59760    9420    0     1.8    -1.5     1.6     2.8    34.7   319.9
2022 06 30  0238   59760    9480    0     2.2    -1.1     1.7     2.9    34.6   333.8
2022 06 30  0239   59760    9540    0     2.2    -0.9     1.7     2.9    36.3   336.6
2022 06 30  0240   59760    9600    0     2.1    -0.4     2.0     3.0    43.0   348.5
2022 06 30  0241   59760    9660    0     2.2    -0.4     1.9     2.9    40.5   348.6
2022 06 30  0242   59760    9720    0     2.1    -0.5     1.9     2.9    41.0   346.6
2022 06 30  0243   59760    9780    0     2.5    -0.6     2.0     3.3    38.0   346.8
2022 06 30  0244   59760    9840    0     2.6    -0.6     2.3     3.5    40.6   346.1
2022 06 30  0245   59760    9900    0     2.7    -0.6     2.3     3.6    40.0   347.2
2022 06 30  0246   59760    9960    0     2.6    -0.7     2.4     3.6    42.3   344.9
2022 06 30  0247   59760   10020    0     2.1    -0.3     1.7     2.7    39.3   353.1
2022 06 30  0248   59760   10080    9  -999.9  -999.9  -999.9  -999.9  -999.9  -999.9
2022 06 30  0249   59760   10140    9  -999.9  -999.9  -999.9  -999.9  -999.9  -999.9
2022 06 30  0250   59760   10200    9  -999.9  -999.9  -999.9  -999.9  -999.9  -999.9
2022 06 30  0251   59760   10260    9  -999.9  -999.9  -999.9  -999.9  -999.9  -999.9
2022 06 30  0252   59760   10320    9  -999.9  -999.9  -999.9  -999.9  -999.9  -999.9
2022 06 30  0253   59760   10380    9  -999.9  -999.9  -999.9  -999.9  -999.9  -999.9
2022 06 30  0254   59760   10440    9  -999.9  -999.9  -999.9  -999.9  -999.9  -999.9
2022 06 30  0255   59760   10500    9  -999.9  -999.9  -999.9  -999.9  -999.9  -999.9
2022 06 30  0256   59760   10560    9  -999.9  -999.9  -999.9  -999.9  -999.9  -999.9
2022 06 30  0257   59760   10620    9  -999.9  -999.9  -999.9  -999.9  -999.9  -999.9
2022 06 30  0258   59760   10680    9  -999.9  -999.9  -999.9  -999.9  -999.9  -999.9
2022 06 30  0259   59760   10740    9  -999.9  -999.9  -999.9  -999.9  -999.9  -999.9
2022 06 30  0300   59760   10800    9  -999.9  -999.9  -999.9  -999.9  -999.9  -999.9
2022 06 30  0301   59760   10860    9  -999.9  -999.9  -999.9  -999.9  -999.9  -999.9
2022 06 30  0302   59760   10920    9  -999.9  -999.9  -999.9  -999.9  -999.9  -999.9
2022 06 30  0303   59760   10980    9  -999.9  -999.9  -999.9  -999.9  -999.9  -999.9
2022 06 30  0304   59760   11040    9  -999.9  -999.9  -999.9  -999.9  -999.9  -999.9
2022 06 30  0305   59760   11100    9  -999.9  -999.9  -999.9  -999.9  -999.9  -999.9
2022 06 30  0306   59760   11160    9  -999.9  -999.9  -999.9  -999.9  -999.9  -999.9
2022 06 30  0307   59760   11220    9  -999.9  -999.9  -999.9  -999.9  -999.9  -999.9
2022 06 30  0308   59760   11280    9  -999.9  -999.9  -999.9  -999.9  -999.9  -999.9
2022 06 30  0309   59760   11340    9  -999.9  -999.9  -999.9  -999.9  -999.9  -999.9
2022 06 30  0310   59760   11400    9  -999.9  -999.9  -999.9  -999.9  -999.9  -999.9
2022 06 30  0311   59760   11460    9  -999.9  -999.9  -999.9  -999.9  -999.9  -999.9
2022 06 30  0312   59760   11520    9  -999.9  -999.9  -999.9  -999.9  -999.9  -999.9
2022 06 30  0313   59760   11580    9  -999.9  -999.9  -999.9  -999.9  -999.9  -999.9
2022 06 30  0314   59760   11640    9  -999.9  -999.9  -999.9  -999.9  -999.9  -999.9
2022 06 30  0315   59760   11700    9  -999.9  -999.9  -999.9  -999.9  -999.9  -999.9
2022 06 30  0316   59760   11760    9  -999.9  -999.9  -999.9  -999.9  -999.9  -999.9
2022 06 30  0317   59760   11820    9  -999.9  -999.9  -999.9  -999.9  -999.9  -999.9
2022 06 30  0318   59760   11880    9  -999.9  -999.9  -999.9  -999.9  -999.9  -999.9
2022 06 30  0319   59760   11940    9  -999.9  -999.9  -999.9  -999.9  -999.9  -999.9
2022 06 30  0320   59760   12000    0     2.8     0.7     1.2     3.1    23.4    14.4
2022 06 30  0321   59760   12060    0     2.8     0.3     1.4     3.1    25.9     6.8
2022 06 30  0322   59760   12120    9  -999.9  -999.9  -999.9  -999.9  -999.9  -999.9
2022 06 30  0323   59760   12180    0     2.6    -0.2     2.1     3.3    38.9   355.3
2022 06 30  0324   59760   12240    9  -999.9  -999.9  -999.9  -999.9  -999.9  -999.9
2022 06 30  0325   59760   12300    9  -999.9  -999.9  -999.9  -999.9  -999.9  -999.9
2022 06 30  0326   59760   12360    0     2.6    -0.1     1.0     2.8    20.2   357.1
2022 06 30  0327   59760   12420    0     2.4     0.1     2.1     3.2    41.2     2.8
2022 06 30  0328   59760   12480    0     2.6    -0.0     2.0     3.3    38.1   359.7
2022 06 30  0329   59760   12540    9  -999.9  -999.9  -999.9  -999.9  -999.9  -999.9
2022 06 30  0330   59760   12600    0     2.7    -0.5     2.1     3.4    37.4   349.0
2022 06 30  0331   59760   12660    0     2.4     0.4     1.7     2.9    35.4    10.0
2022 06 30  0332   59760   12720    0     2.5    -0.3     1.6     2.9    32.5   352.0
2022 06 30  0333   59760   12780    9  -999.9  -999.9  -999.9  -999.9  -999.9  -999.9
2022 06 30  0334   59760   12840    9  -999.9  -999.9  -999.9  -999.9  -999.9  -999.9
2022 06 30  0335   59760   12900    9  -999.9  -999.9  -999.9  -999.9  -999.9  -999.9
2022 06 30  0336   59760   12960    9  -999.9  -999.9  -999.9  -999.9  -999.9  -999.9
2022 06 30  0337   59760   13020    9  -999.9  -999.9  -999.9  -999.9  -999.9  -999.9
2022 06 30  0338   59760   13080    0     2.8    -0.7     1.8     3.4    32.4   346.3
2022 06 30  0339   59760   13140    0     2.0    -0.4     1.4     2.5    33.1   348.5
2022 06 30  0340   59760   13200    0     2.8    -0.4     2.0     3.5    35.6   351.8
2022 06 30  0341   59760   13260    0     3.1    -0.5     1.8     3.6    29.6   351.4
2022 06 30  0342   59760   13320    0     2.9    -0.4     1.8     3.4    32.0   352.3
2022 06 30  0343   59760   13380    0     3.0    -0.4     1.8     3.5    31.3   353.3
2022 06 30  0344   59760   13440    0     3.1    -0.4     1.7     3.6    29.1   353.3
2022 06 30  0345   59760   13500    0     2.9    -0.4     1.8     3.5    31.4   352.5
2022 06 30  0346   59760   13560    0     2.9    -0.5     1.8     3.4    31.5   350.7
2022 06 30  0347   59760   13620    0     2.9    -0.4     1.8     3.5    31.3   351.3
2022 06 30  0348   59760   13680    0     3.1    -0.4     1.8     3.6    30.7   352.2
2022 06 30  0349   59760   13740    0     3.1    -0.4     1.9     3.7    31.3   352.9
2022 06 30  0350   59760   13800    0     3.3    -0.6     1.6     3.7    25.7   350.3
2022 06 30  0351   59760   13860    0     3.3    -0.4     1.8     3.7    28.2   353.3
2022 06 30  0352   59760   13920    0     3.0    -0.3     1.8     3.5    30.2   355.2
2022 06 30  0353   59760   13980    0     2.9     0.3     2.3     3.7    38.3     5.9
2022 06 30  0354   59760   14040    0     2.9     0.4     2.2     3.7    37.8     7.1
2022 06 30  0355   59760   14100    0     2.9     0.3     2.3     3.7    38.2     6.4
2022 06 30  0356   59760   14160    0     2.9     0.2     2.1     3.6    36.7     4.7
2022 06 30  0357   59760   14220    0     2.8     0.4     2.3     3.6    38.5     7.1
2022 06 30  0358   59760   14280    0     2.8     0.5     2.2     3.6    36.9     9.8
2022 06 30  0359   59760   14340    9  -999.9  -999.9  -999.9  -999.9  -999.9  -999.9
2022 06 30  0400   59760   14400    9  -999.9  -999.9  -999.9  -999.9  -999.9  -999.9
2022 06 30  0401   59760   14460    0     2.8     0.5     1.8     3.4    31.9    10.5
2022 06 30  0402   59760   14520    0     2.5     1.0     2.4     3.6    41.3    22.2
2022 06 30  0403   59760   14580    0     2.4     1.0     2.5     3.6    43.9    21.5
2022 06 30  0404   59760   14640    0     1.6     1.9     2.4     3.4    44.5    49.5
2022 06 30  0405   59760   14700    9  -999.9  -999.9  -999.9  -999.9  -999.9  -999.9
2022 06 30  0406   59760   14760    9  -999.9  -999.9  -999.9  -999.9  -999.9  -999.9
2022 06 30  0407   59760   14820    9  -999.9  -999.9  -999.9  -999.9  -999.9  -999.9
2022 06 30  0408   59760   14880    9  -999.9  -999.9  -999.9  -999.9  -999.9  -999.9
2022 06 30  0409   59760   14940    9  -999.9  -999.9  -999.9  -999.9  -999.9  -999.9
2022 06 30  0410   59760   15000    9  -999.9  -999.9  -999.9  -999.9  -999.9  -999.9
2022 06 30  0411   59760   15060    9  -999.9  -999.9  -999.9  -999.9  -999.9  -999.9
2022 06 30  0412   59760   15120    9  -999.9  -999.9  -999.9  -999.9  -999.9  -999.9
2022 06 30  0413   59760   15180    9  -999.9  -999.9  -999.9  -999.9  -999.9  -999.9
2022 06 30  0414   59760   15240    9  -999.9  -999.9  -999.9  -999.9  -999.9  -999.9
2022 06 30  0415   59760   15300    9  -999.9  -999.9  -999.9  -999.9  -999.9  -999.9
2022 06 30  0416   59760   15360    9  -999.9  -999.9  -999.9  -999.9  -999.9  -999.9
2022 06 30  0417   59760   15420    9  -999.9  -999.9  -999.9  -999.9  -999.9  -999.9
2022 06 30  0418   59760   15480    9  -999.9  -999.9  -999.9  -999.9  -999.9  -999.9
2022 06 30  0419   59760   15540    9  -999.9  -999.9  -999.9  -999.9  -999.9  -999.9
2022 06 30  0420   59760   15600    9  -999.9  -999.9  -999.9  -999.9  -999.9  -999.9
2022 06 30  0421   59760   15660    9  -999.9  -999.9  -999.9  -999.9  -999.9  -999.9
2022 06 30  0422   59760   15720    9  -999.9  -999.9  -999.9  -999.9  -999.9  -999.9
2022 06 30  0423   59760   15780    9  -999.9  -999.9  -999.9  -999.9  -999.9  -999.9
2022 06 30  0424   59760   15840    9  -999.9  -999.9  -999.9  -999.9  -999.9  -999.9
2022 06 30  0425   59760   15900    9  -999.9  -999.9  -999.9  -999.9  -999.9  -999.9
2022 06 30  0426   59760   15960    9  -999.9  -999.9  -999.9  -999.9  -999.9  -999.9
2022 06 30  0427   59760   16020    9  -999.9  -999.9  -999.9  -999.9  -999.9  -999.9
2022 06 30  0428   59760   16080    9  -999.9  -999.9  -999.9  -999.9  -999.9  -999.9
2022 06 30  0429   59760   16140    9  -999.9  -999.9  -999.9  -999.9  -999.9  -999.9
2022 06 30  0430   59760   16200    9  -999.9  -999.9  -999.9  -999.9  -999.9  -999.9
2022 06 30  0431   59760   16260    9  -999.9  -999.9  -999.9  -999.9  -999.9  -999.9
2022 06 30  0432   59760   16320    9  -999.9  -999.9  -999.9  -999.9  -999.9  -999.9
2022 06 30  0433   59760   16380    9  -999.9  -999.9  -999.9  -999.9  -999.9  -999.9
2022 06 30  0434   59760   16440    9  -999.9  -999.9  -999.9  -999.9  -999.9  -999.9
2022 06 30  0435   59760   16500    9  -999.9  -999.9  -999.9  -999.9  -999.9  -999.9
2022 06 30  0436   59760   16560    9  -999.9  -999.9  -999.9  -999.9  -999.9  -999.9
2022 06 30  0437   59760   16620    9  -999.9  -999.9  -999.9  -999.9  -999.9  -999.9
2022 06 30  0438   59760   16680    9  -999.9  -999.9  -999.9  -999.9  -999.9  -999.9
2022 06 30  0439   59760   16740    9  -999.9  -999.9  -999.9  -999.9  -999.9  -999.9
2022 06 30  0440   59760   16800    9  -999.9  -999.9  -999.9  -999.9  -999.9  -999.9
2022 06 30  0441   59760   16860    9  -999.9  -999.9  -999.9  -999.9  -999.9  -999.9
2022 06 30  0442   59760   16920    9  -999.9  -999.9  -999.9  -999.9  -999.9  -999.9
2022 06 30  0443   59760   16980    9  -999.9  -999.9  -999.9  -999.9  -999.9  -999.9
2022 06 30  0444   59760   17040    9  -999.9  -999.9  -999.9  -999.9  -999.9  -999.9
2022 06 30  0445   59760   17100    9  -999.9  -999.9  -999.9  -999.9  -999.9  -999.9
2022 06 30  0446   59760   17160    0     1.4     0.3     1.6     2.2    47.7    10.5
2022 06 30  0447   59760   17220    0     1.6    -0.3     1.7     2.4    45.7   350.1
2022 06 30  0448   59760   17280    9  -999.9  -999.9  -999.9  -999.9  -999.9  -999.9
2022 06 30  0449   59760   17340    9  -999.9  -999.9  -999.9  -999.9  -999.9  -999.9
2022 06 30  0450   59760   17400    9  -999.9  -999.9  -999.9  -999.9  -999.9  -999.9
2022 06 30  0451   59760   17460    9  -999.9  -999.9  -999.9  -999.9  -999.9  -999.9
2022 06 30  0452   59760   17520    9  -999.9  -999.9  -999.9  -999.9  -999.9  -999.9
2022 06 30  0453   59760   17580    9  -999.9  -999.9  -999.9  -999.9  -999.9  -999.9
2022 06 30  0454   59760   17640    9  -999.9  -999.9  -999.9  -999.9  -999.9  -999.9
2022 06 30  0455   59760   17700    9  -999.9  -999.9  -999.9  -999.9  -999.9  -999.9
2022 06 30  0456   59760   17760    9  -999.9  -999.9  -999.9  -999.9  -999.9  -999.9
2022 06 30  0457   59760   17820    0     1.6    -1.5     1.2     2.5    27.7   316.3
2022 06 30  0458   59760   17880    0     1.5    -1.5     1.2     2.4    29.1   314.1
2022 06 30  0459   59760   17940    0     1.1    -1.9     1.1     2.5    26.1   299.7
2022 06 30  0500   59760   18000    0     0.8    -2.0     1.0     2.4    25.8   290.5
2022 06 30  0501   59760   18060    0     1.0    -1.8     1.4     2.5    34.2   297.5
2022 06 30  0502   59760   18120    0     1.1    -1.6     1.3     2.4    33.7   303.9
2022 06 30  0503   59760   18180    9  -999.9  -999.9  -999.9  -999.9  -999.9  -999.9
2022 06 30  0504   59760   18240    0     1.3    -0.9     0.6     1.6    21.5   325.2
2022 06 30  0505   59760   18300    0     0.9    -1.3     0.7     1.8    24.0   305.2
2022 06 30  0506   59760   18360    9  -999.9  -999.9  -999.9  -999.9  -999.9  -999.9
2022 06 30  0507   59760   18420    9  -999.9  -999.9  -999.9  -999.9  -999.9  -999.9
2022 06 30  0508   59760   18480    0     0.6    -0.7     0.9     1.3    44.9   311.9
2022 06 30  0509   59760   18540    0     0.2    -1.2     1.0     1.6    40.6   281.2
2022 06 30  0510   59760   18600    0    -0.1    -1.4     1.2     1.8    41.0   266.7
2022 06 30  0511   59760   18660    0    -0.2    -1.4     1.3     1.9    43.1   263.3
2022 06 30  0512   59760   18720    0     0.1    -1.5     1.3     2.0    41.2   274.8
2022 06 30  0513   59760   18780    0     0.1    -1.5     1.7     2.3    48.6   272.2
2022 06 30  0514   59760   18840    0     0.9    -2.8     0.7     3.0    13.6   287.2
2022 06 30  0515   59760   18900    0     1.1    -3.1     0.4     3.3     7.0   290.0
2022 06 30  0516   59760   18960    9  -999.9  -999.9  -999.9  -999.9  -999.9  -999.9
2022 06 30  0517   59760   19020    0     1.1    -3.0     1.0     3.4    18.0   290.1
2022 06 30  0518   59760   19080    0     1.1    -3.2     0.5     3.4     8.5   288.6
2022 06 30  0519   59760   19140    0     1.2    -3.4     0.4     3.6     5.6   288.8
2022 06 30  0520   59760   19200    0     1.4    -2.8     0.4     3.2     7.9   296.7
2022 06 30  0521   59760   19260    0     1.8    -2.7    -0.2     3.2    -2.9   303.1
2022 06 30  0522   59760   19320    0     1.8    -2.8     0.6     3.4     9.6   303.2
2022 06 30  0523   59760   19380    0     2.0    -3.0     1.0     3.8    14.7   303.0
2022 06 30  0524   59760   19440    0     1.9    -3.1     1.1     3.8    16.2   300.7
2022 06 30  0525   59760   19500    0     2.2    -2.7     1.4     3.7    22.0   309.7
2022 06 30  0526   59760   19560    0     2.3    -0.9     1.6     2.9    33.5   339.2
2022 06 30  0527   59760   19620    0     2.3    -0.1     1.4     2.7    32.7   356.4
2022 06 30  0528   59760   19680    0     2.4     1.0     2.2     3.4    40.9    22.0
2022 06 30  0529   59760   19740    0     1.9    -0.1     1.8     2.6    43.6   357.6
2022 06 30  0530   59760   19800    0     2.1    -0.0     2.1     2.9    45.0   359.1
2022 06 30  0531   59760   19860    0     2.6     0.3     2.5     3.6    44.0     6.1
2022 06 30  0532   59760   19920    0     2.1    -0.0     1.8     2.8    40.8   359.5
2022 06 30  0533   59760   19980    0     2.1    -1.2     1.4     2.8    29.8   331.6
2022 06 30  0534   59760   20040    0     2.1    -1.4     1.4     2.9    28.8   325.9
2022 06 30  0535   59760   20100    0     2.5    -0.1     1.9     3.2    36.8   357.1
2022 06 30  0536   59760   20160    0     2.2    -1.8     1.1     3.1    20.5   321.0
2022 06 30  0537   59760   20220    0     2.2    -1.9     0.9     3.1    16.5   318.6
2022 06 30  0538   59760   20280    0     2.3    -2.0     1.0     3.2    17.7   319.0
2022 06 30  0539   59760   20340    0     2.4    -1.7     0.9     3.1    16.9   325.2
2022 06 30  0540   59760   20400    0     2.8    -1.2     0.6     3.1    11.3   336.7
2022 06 30  0541   59760   20460    0     2.5    -1.8     0.8     3.2    13.5   324.1
2022 06 30  0542   59760   20520    0     2.3    -2.7     0.8     3.6    13.4   311.0
2022 06 30  0543   59760   20580    0     2.4    -2.2     0.8     3.4    14.1   318.1
2022 06 30  0544   59760   20640    0     3.0    -1.1     0.8     3.3    14.1   340.5
2022 06 30  0545   59760   20700    0     3.2    -1.0     0.8     3.4    13.6   342.0
2022 06 30  0546   59760   20760    0     3.0    -1.0     0.7     3.2    13.2   341.4
2022 06 30  0547   59760   20820    0     3.1    -1.1     0.8     3.4    14.2   340.1
2022 06 30  0548   59760   20880    0     3.2    -1.1     0.8     3.4    13.4   341.0
2022 06 30  0549   59760   20940    0     3.4    -1.0     0.8     3.6    12.1   343.1
2022 06 30  0550   59760   21000    0     3.2    -1.1     0.6     3.5    10.3   340.7
2022 06 30  0551   59760   21060    0     3.5    -1.1     0.7     3.7    10.7   341.7
2022 06 30  0552   59760   21120    0     3.5    -1.2     0.7     3.7    10.9   341.6
2022 06 30  0553   59760   21180    0     3.5    -1.1     0.6     3.7     8.8   343.0
2022 06 30  0554   59760   21240    0     3.6    -0.7     0.7     3.7    11.3   349.1
2022 06 30  0555   59760   21300    0     3.5    -0.5     0.7     3.6    11.2   352.1
2022 06 30  0556   59760   21360    0     3.6    -0.3     0.6     3.7     9.4   354.7
2022 06 30  0557   59760   21420    0     3.6    -0.2     0.4     3.7     6.5   357.1
2022 06 30  0558   59760   21480    0     3.6     0.0     0.6     3.6     8.8     0.5
2022 06 30  0559   59760   21540    0     3.6     0.3     0.4     3.6     5.6     5.3
2022 06 30  0600   59760   21600    0     3.5     0.4     0.6     3.5     9.5     7.3
2022 06 30  0601   59760   21660    0     3.3     0.8     0.5     3.5     7.5    13.4
2022 06 30  0602   59760   21720    0     3.3     1.1     0.4     3.5     6.8    18.7
2022 06 30  0603   59760   21780    0     3.4     1.0     0.4     3.6     7.1    17.0
2022 06 30  0604   59760   21840    0     3.3     1.2     0.5     3.5     8.0    19.3
2022 06 30  0605   59760   21900    0     3.3     1.4     0.6     3.6     9.8    23.7
2022 06 30  0606   59760   21960    0     3.2     1.4     0.5     3.5     8.0    23.5
2022 06 30  0607   59760   22020    0     3.2     2.0     0.6     3.9     8.9    32.0
2022 06 30  0608   59760   22080    0     3.0     2.5     0.6     4.0     9.1    39.3
2022 06 30  0609   59760   22140    0     3.0     2.5     0.5     4.0     7.8    39.9
2022 06 30  0610   59760   22200    0     3.0     2.3     0.6     3.9     8.6    37.9
2022 06 30  0611   59760   22260    0     3.2     2.0     0.4     3.8     6.3    32.7
2022 06 30  0612   59760   22320    0     3.3     1.9     0.5     3.9     8.1    29.9
2022 06 30  0613   59760   22380    0     3.4     1.5     0.6     3.8     9.4    23.4
2022 06 30  0614   59760   22440    0     3.5     0.9     0.8     3.7    12.4    14.7
2022 06 30  0615   59760   22500    9  -999.9  -999.9  -999.9  -999.9  -999.9  -999.9
2022 06 30  0616   59760   22560    0     3.4     1.1     0.9     3.7    13.7    17.3
2022 06 30  0617   59760   22620    0     3.6     0.9     0.8     3.8    12.1    14.0
2022 06 30  0618   59760   22680    0     3.6     0.8     0.6     3.7    10.0    11.8
2022 06 30  0619   59760   22740    0     3.7     0.7     0.5     3.8     8.1    11.0
2022 06 30  0620   59760   22800    0     3.6     0.9     0.5     3.8     7.5    14.2
2022 06 30  0621   59760   22860    0     3.6     0.8     0.4     3.7     6.6    12.8
2022 06 30  0622   59760   22920    0     3.7     0.7     0.4     3.8     6.6    10.8
2022 06 30  0623   59760   22980    0     3.7     0.6     0.4     3.7     6.3     9.8
2022 06 30  0624   59760   23040    0     3.7     0.8     0.5     3.8     7.7    12.4
2022 06 30  0625   59760   23100    0     3.7     1.2     0.5     3.9     6.7    17.2
2022 06 30  0626   59760   23160    0     3.5     1.4     0.4     3.8     6.5    21.2
2022 06 30  0627   59760   23220    0     3.4     0.9     0.4     3.6     6.1    15.0
2022 06 30  0628   59760   23280    0     3.4     1.0     0.5     3.6     7.3    15.9
2022 06 30  0629   59760   23340    0     3.8     1.1     0.6     4.0     8.1    16.3
2022 06 30  0630   59760   23400    0     3.8     1.8     0.1     4.2     1.5    25.1
2022 06 30  0631   59760   23460    0     3.7     2.0     0.1     4.2     1.8    28.3
2022 06 30  0632   59760   23520    0     3.7     1.5     0.4     4.0     6.1    22.2
2022 06 30  0633   59760   23580    0     3.5     0.6     1.0     3.6    15.5     9.3
2022 06 30  0634   59760   23640    0     3.4     0.9     0.4     3.6     6.7    15.0
2022 06 30  0635   59760   23700    0     3.4     1.0     0.7     3.6    11.8    15.8
2022 06 30  0636   59760   23760    0     3.5     1.0     0.5     3.7     8.0    15.5
2022 06 30  0637   59760   23820    0     3.5     0.9     0.6     3.7     8.7    13.9
2022 06 30  0638   59760   23880    0     3.3     0.7     1.0     3.5    16.2    12.5
2022 06 30  0639   59760   23940    0     3.1     0.6     1.3     3.5    22.8    10.9
2022 06 30  0640   59760   24000    0     3.4     0.4     1.3     3.7    21.2     6.3
2022 06 30  0641   59760   24060    0     3.5     0.7     0.7     3.7    11.2    10.8
2022 06 30  0642   59760   24120    0     3.7     0.5     1.0     3.8    14.5     7.1
2022 06 30  0643   59760   24180    0     3.7     0.5     0.8     3.8    12.5     8.1
2022 06 30  0644   59760   24240    0     3.8     0.7     0.8     4.0    11.5    10.2
2022 06 30  0645   59760   24300    0     3.8     0.7     0.8     4.0    11.8    11.1
2022 06 30  0646   59760   24360    0     3.7     0.7     0.8     3.9    12.0    11.4
2022 06 30  0647   59760   24420    0     3.7     0.9     0.7     3.8     9.7    13.5
2022 06 30  0648   59760   24480    0     3.7     0.9     0.7     3.9    10.5    13.2
2022 06 30  0649   59760   24540    0     3.9     0.8     0.7     4.0    10.5    11.4
2022 06 30  0650   59760   24600    0     3.9     0.6     0.8     4.0    11.5     9.0
2022 06 30  0651   59760   24660    0     3.9     0.5     0.9     4.0    12.3     7.6
2022 06 30  0652   59760   24720    0     3.8     0.5     0.8     3.9    11.4     7.6
2022 06 30  0653   59760   24780    0     3.8     0.8     0.5     3.9     7.5    11.4
2022 06 30  0654   59760   24840    0     3.7     1.2     0.3     3.9     4.3    17.9
2022 06 30  0655   59760   24900    0     3.7     1.0    -0.1     3.8    -1.3    15.3
2022 06 30  0656   59760   24960    0     3.5     1.5    -0.2     3.9    -3.0    23.6
2022 06 30  0657   59760   25020    0     3.6     2.2     0.1     4.2     2.0    31.7
2022 06 30  0658   59760   25080    0     3.3     1.9     0.3     3.8     4.2    30.3
2022 06 30  0659   59760   25140    0     3.3     2.0     0.5     3.9     7.0    30.7
2022 06 30  0700   59760   25200    0     3.3     2.1     0.4     3.9     5.3    32.4
2022 06 30  0701   59760   25260    0     3.0     2.1     0.5     3.7     8.0    34.6
2022 06 30  0702   59760   25320    0     2.9     2.3     0.5     3.7     8.0    37.9
2022 06 30  0703   59760   25380    0     3.0     2.2     0.6     3.8     9.6    36.2
2022 06 30  0704   59760   25440    0     2.9     2.3     0.4     3.8     6.6    38.0
2022 06 30  0705   59760   25500    0     3.1     2.0     0.4     3.7     5.5    32.6
2022 06 30  0706   59760   25560    0     3.3     2.0     0.3     3.9     4.5    31.9
2022 06 30  0707   59760   25620    0     3.4     1.8     0.2     3.9     3.6    28.3
2022 06 30  0708   59760   25680    0     3.6     1.6     0.1     3.9     1.5    24.8
2022 06 30  0709   59760   25740    0     3.6     1.6    -0.0     3.9    -0.1    24.4
2022 06 30  0710   59760   25800    0     3.6     1.6    -0.1     3.9    -1.2    24.0
2022 06 30  0711   59760   25860    0     3.4     1.6    -0.1     3.7    -2.1    24.8
2022 06 30  0712   59760   25920    0     3.7     1.2     0.5     4.0     7.2    18.3
2022 06 30  0713   59760   25980    0     3.6     1.4     0.0     3.9     0.6    21.6
2022 06 30  0714   59760   26040    0     3.6     1.4    -0.1     3.8    -2.1    21.1
2022 06 30  0715   59760   26100    0     3.6     1.4    -0.0     3.9    -0.3    21.9
2022 06 30  0716   59760   26160    0     3.8     1.7     0.4     4.2     5.8    24.4
2022 06 30  0717   59760   26220    0     3.6     1.5     0.6     4.0     9.1    23.2
2022 06 30  0718   59760   26280    0     3.7     1.5     0.4     4.0     5.3    22.1
2022 06 30  0719   59760   26340    0     3.9     0.9    -0.4     4.0    -6.1    12.6
2022 06 30  0720   59760   26400    0     3.8     0.6    -1.2     4.0   -17.3     8.5
2022 06 30  0721   59760   26460    0     3.6     0.5    -1.3     3.8   -20.4     8.5
2022 06 30  0722   59760   26520    0     3.5     0.3    -1.5     3.8   -22.8     4.1
2022 06 30  0723   59760   26580    0     3.6     0.2    -1.5     3.9   -22.1     2.9
2022 06 30  0724   59760   26640    0     3.5     0.9    -1.4     3.8   -21.2    14.6
2022 06 30  0725   59760   26700    0     3.4     0.7    -1.6     3.8   -24.4    12.0
2022 06 30  0726   59760   26760    0     3.3     0.7    -1.8     3.8   -27.3    11.5
2022 06 30  0727   59760   26820    0     3.3     0.9    -1.9     3.9   -28.1    15.8
2022 06 30  0728   59760   26880    0     3.3     0.8    -2.0     3.9   -30.2    13.9
2022 06 30  0729   59760   26940    0     3.1     0.9    -2.2     3.9   -33.7    15.2
2022 06 30  0730   59760   27000    0     3.1     0.7    -2.4     4.0   -37.5    13.3
2022 06 30  0731   59760   27060    0     3.0     0.8    -2.4     3.9   -38.0    15.5
2022 06 30  0732   59760   27120    0     3.0     0.8    -2.5     4.0   -39.4    14.7
2022 06 30  0733   59760   27180    0     3.1     1.3    -2.5     4.1   -36.6    23.1
2022 06 30  0734   59760   27240    0     2.2     1.2    -1.4     2.8   -29.4    28.1
2022 06 30  0735   59760   27300    9  -999.9  -999.9  -999.9  -999.9  -999.9  -999.9
2022 06 30  0736   59760   27360    0     3.1     0.2    -2.5     4.0   -39.3     3.8
2022 06 30  0737   59760   27420    0     2.9     0.5    -1.1     3.1   -21.2     9.1
2022 06 30  0738   59760   27480    0     3.3     1.3    -2.1     4.1   -30.5    21.1
2022 06 30  0739   59760   27540    0     3.4     1.4    -1.9     4.1   -26.5    21.9
2022 06 30  0740   59760   27600    0     2.9     1.7    -1.5     3.7   -24.0    29.8
2022 06 30  0741   59760   27660    0     5.0     1.9    -1.5     5.5   -15.8    20.7
2022 06 30  0742   59760   27720    0     3.6     0.8    -1.7     4.0   -24.2    12.7
2022 06 30  0743   59760   27780    0     3.3     1.2    -1.9     4.0   -27.7    19.8
2022 06 30  0744   59760   27840    0     3.2     1.2    -1.9     3.9   -28.8    19.8
2022 06 30  0745   59760   27900    0     3.2     1.2    -1.9     3.9   -28.7    19.9
2022 06 30  0746   59760   27960    0     3.2     1.2    -0.8     3.6   -12.9    20.8
2022 06 30  0747   59760   28020    0     3.4     1.1    -1.5     3.9   -23.4    17.3
2022 06 30  0748   59760   28080    0     2.7     1.2    -0.3     3.0    -5.1    23.4
2022 06 30  0749   59760   28140    9  -999.9  -999.9  -999.9  -999.9  -999.9  -999.9
2022 06 30  0750   59760   28200    0     3.6     0.8    -1.3     3.9   -19.0    11.9
2022 06 30  0751   59760   28260    0     3.3     0.6    -1.2     3.6   -18.8    11.0
2022 06 30  0752   59760   28320    0     3.2     0.3    -1.0     3.4   -16.8     4.9
2022 06 30  0753   59760   28380    0     3.0     0.2    -0.3     3.0    -5.6     3.5
2022 06 30  0754   59760   28440    0     3.3     0.9    -1.3     3.7   -21.3    15.6
2022 06 30  0755   59760   28500    0     3.5     1.2    -1.1     3.9   -16.3    19.2
2022 06 30  0756   59760   28560    0     4.7     1.0    -0.9     4.9   -10.9    12.3
2022 06 30  0757   59760   28620    0     3.1     0.6    -1.3     3.4   -22.1    11.9
2022 06 30  0758   59760   28680    0     3.2     0.9    -1.4     3.6   -22.7    15.1
2022 06 30  0759   59760   28740    0     3.3     1.1    -1.5     3.8   -24.0    19.1
2022 06 30  0800   59760   28800    0     2.9     1.6    -1.5     3.6   -23.8    28.7
2022 06 30  0801   59760   28860    0     2.7     0.5    -1.3     3.1   -25.7    10.0
2022 06 30  0802   59760   28920    0     3.2     1.0    -1.8     3.8   -28.3    17.7
2022 06 30  0803   59760   28980    9  -999.9  -999.9  -999.9  -999.9  -999.9  -999.9
2022 06 30  0804   59760   29040    0     2.5    -0.2    -0.5     2.5   -11.1   356.1
2022 06 30  0805   59760   29100    0     2.8    -0.1    -0.5     2.9    -9.5   357.7
2022 06 30  0806   59760   29160    0     3.1     0.0    -0.5     3.2    -9.3     0.9
2022 06 30  0807   59760   29220    0     3.3    -0.4    -0.7     3.4   -12.3   352.3
2022 06 30  0808   59760   29280    0     3.4    -0.4    -0.9     3.5   -15.2   353.3
2022 06 30  0809   59760   29340    0     3.5     0.1    -1.2     3.7   -19.2     2.0
2022 06 30  0810   59760   29400    0     3.3     0.3    -1.8     3.8   -27.8     4.6
2022 06 30  0811   59760   29460    0     3.6    -0.0    -1.4     3.8   -21.1   359.8
2022 06 30  0812   59760   29520    0     3.5    -0.1    -1.4     3.8   -22.0   358.5
2022 06 30  0813   59760   29580    0     3.5    -0.4    -1.4     3.8   -21.9   353.2
2022 06 30  0814   59760   29640    0     3.3    -0.2    -1.4     3.6   -23.3   355.9
2022 06 30  0815   59760   29700    0     3.3    -0.1    -1.4     3.6   -23.5   357.4
2022 06 30  0816   59760   29760    0     3.3    -0.3    -1.6     3.7   -25.5   354.4
2022 06 30  0817   59760   29820    0     3.3    -0.2    -1.5     3.6   -24.2   356.3
2022 06 30  0818   59760   29880    0     2.7     0.1    -1.5     3.1   -28.5     1.2
2022 06 30  0819   59760   29940    0     2.5     0.4    -1.4     2.9   -29.1     8.9
2022 06 30  0820   59760   30000    0     2.8    -1.0    -1.4     3.3   -24.9   339.7
2022 06 30  0821   59760   30060    0     2.2    -1.1    -1.1     2.6   -24.2   334.1
2022 06 30  0822   59760   30120    0     2.7    -1.5    -1.4     3.4   -24.1   330.9
2022 06 30  0823   59760   30180    0     2.8    -1.1    -1.4     3.3   -24.9   337.8
2022 06 30  0824   59760   30240    0     2.7    -1.2    -1.4     3.3   -25.8   335.4
2022 06 30  0825   59760   30300    0     2.4    -0.7    -2.0     3.2   -38.9   342.8
2022 06 30  0826   59760   30360    0     2.9    -0.5    -2.0     3.6   -34.0   349.5
2022 06 30  0827   59760   30420    0     3.0    -0.1    -2.1     3.7   -35.9   357.6
2022 06 30  0828   59760   30480    0     2.7    -0.4    -2.2     3.5   -38.3   351.8
2022 06 30  0829   59760   30540    0     2.8    -0.3    -2.6     3.8   -43.2   354.4
2022 06 30  0830   59760   30600    0     3.0     0.7    -2.4     3.8   -38.0    12.6
2022 06 30  0831   59760   30660    0     3.3     0.2    -2.2     3.9   -34.4     2.9
2022 06 30  0832   59760   30720    0     3.3    -0.1    -1.0     3.5   -17.6   357.8
2022 06 30  0833   59760   30780    0     3.4    -0.0    -1.9     3.9   -29.5   359.2
2022 06 30  0834   59760   30840    0     3.4    -0.4    -1.8     3.9   -27.2   353.7
2022 06 30  0835   59760   30900    0     3.3    -0.5    -1.9     3.8   -29.1   352.0
2022 06 30  0836   59760   30960    0     3.6     1.1    -2.4     4.5   -32.7    17.6
2022 06 30  0837   59760   31020    0     3.7     0.6    -2.0     4.3   -27.7     9.9
2022 06 30  0838   59760   31080    0     3.6     0.6    -2.1     4.2   -29.0     9.1
2022 06 30  0839   59760   31140    0     3.6     0.6    -2.1     4.3   -30.0     8.7
2022 06 30  0840   59760   31200    0     3.8     0.6    -2.1     4.3   -28.5     9.3
2022 06 30  0841   59760   31260    0     3.7     0.6    -2.1     4.3   -29.9     9.6
2022 06 30  0842   59760   31320    0     3.7     0.6    -2.1     4.3   -29.2     9.3
2022 06 30  0843   59760   31380    0     3.8     0.6    -2.0     4.4   -27.6     8.8
2022 06 30  0844   59760   31440    0     4.0     0.5    -2.0     4.6   -26.7     7.2
2022 06 30  0845   59760   31500    0     4.0     0.4    -2.1     4.6   -27.2     5.8
2022 06 30  0846   59760   31560    0     4.1     0.3    -2.0     4.6   -26.1     4.3
2022 06 30  0847   59760   31620    0     4.1     0.3    -2.1     4.6   -26.8     4.7
2022 06 30  0848   59760   31680    0     4.0     0.2    -2.1     4.5   -27.4     3.4
2022 06 30  0849   59760   31740    0     4.0     0.1    -2.0     4.5   -26.2     1.1
2022 06 30  0850   59760   31800    0     3.9    -0.2    -1.9     4.3   -26.0   356.6
2022 06 30  0851   59760   31860    0     3.5     0.4    -1.9     4.0   -27.8     6.9
2022 06 30  0852   59760   31920    0     3.5     0.9    -1.8     4.0   -26.5    14.2
2022 06 30  0853   59760   31980    0     3.4     0.4    -1.9     3.9   -28.3     7.2
2022 06 30  0854   59760   32040    0     3.4     0.1    -2.1     4.0   -32.0     1.9
2022 06 30  0855   59760   32100    0     3.2     0.1    -2.2     3.8   -34.9     2.3
2022 06 30  0856   59760   32160    0     2.8    -0.2    -2.6     3.8   -42.6   356.4
2022 06 30  0857   59760   32220    0     2.9    -1.1    -2.2     3.8   -36.2   338.3
2022 06 30  0858   59760   32280    0     3.1    -0.4    -1.8     3.6   -29.9   352.9
2022 06 30  0859   59760   32340    0     3.3    -0.5    -1.6     3.7   -25.1   352.1
