:Data_list: 20230717_ace_swepam_1m.txt
:Created: 2023 Jul 17 0901 UT
# Prepared by the U.S. Dept. of Commerce, NOAA, Space Weather Prediction Center
# Please send comments and suggestions to SWPC.Webmaster@noaa.gov 
# 
# Units: Proton density p/cc
# Units: Bulk speed km/s
# Units: Ion tempeture degrees K
# Status(S): 0 = nominal data, 1 to 8 = bad data record, 9 = no data
# Missing data values: Density and Speed = -9999.9, Temp. = -1.00e+05
# Source: ACE Satellite - Solar Wind Electron Proton Alpha Monitor
#
#   1-minute averaged Real-time Bulk Parameters of the Solar Wind Plasma
# 
#                Modified Seconds   -------------  Solar Wind  -----------
# UT Date   Time  Julian  of the          Proton      Bulk         Ion
# YR MO DA  HHMM    Day     Day     S    Density     Speed     Temperature
#-------------------------------------------------------------------------
2023 07 17  0000   60142       0    0        0.0      378.5     1.57e+05
2023 07 17  0001   60142      60    0        0.0      406.4     1.66e+05
2023 07 17  0002   60142     120    0        0.0      427.2     1.63e+05
2023 07 17  0003   60142     180    1        0.0      429.3     1.61e+05
2023 07 17  0004   60142     240    1        0.0      422.6     1.85e+05
2023 07 17  0005   60142     300    1        0.0      425.8     2.41e+05
2023 07 17  0006   60142     360    0        0.0      431.1     2.59e+05
2023 07 17  0007   60142     420    1        0.0      421.3     2.31e+05
2023 07 17  0008   60142     480    1        0.0      435.3     2.29e+05
2023 07 17  0009   60142     540    1        0.0      454.1     2.74e+05
2023 07 17  0010   60142     600    1        0.0      437.6     2.28e+05
2023 07 17  0011   60142     660    1        0.0      435.0     1.88e+05
2023 07 17  0012   60142     720    0        0.0      445.1     2.47e+05
2023 07 17  0013   60142     780    0        0.0      472.3     5.33e+05
2023 07 17  0014   60142     840    1        0.0      474.7     2.64e+05
2023 07 17  0015   60142     900    1        0.0      466.3     1.98e+05
2023 07 17  0016   60142     960    0        0.1      476.9     2.16e+05
2023 07 17  0017   60142    1020    1        0.1      466.0     1.97e+05
2023 07 17  0018   60142    1080    0        0.1      474.5     2.54e+05
2023 07 17  0019   60142    1140    1        0.1      469.5     2.39e+05
2023 07 17  0020   60142    1200    1        0.0      451.0     1.35e+05
2023 07 17  0021   60142    1260    0        0.0      477.5     1.96e+05
2023 07 17  0022   60142    1320    0        0.1      525.5     3.74e+05
2023 07 17  0023   60142    1380    0        0.1      551.7     5.22e+05
2023 07 17  0024   60142    1440    0        0.1      550.3     5.16e+05
2023 07 17  0025   60142    1500    0        0.1      542.4     4.89e+05
2023 07 17  0026   60142    1560    0        0.1      529.3     4.63e+05
2023 07 17  0027   60142    1620    0        0.1      549.8     4.86e+05
2023 07 17  0028   60142    1680    0        0.1      501.8     2.77e+05
2023 07 17  0029   60142    1740    0        0.0      460.2     1.04e+05
2023 07 17  0030   60142    1800    1        0.1      494.0     3.37e+05
2023 07 17  0031   60142    1860    0        0.1      495.9     3.28e+05
2023 07 17  0032   60142    1920    0        0.1      489.1     2.86e+05
2023 07 17  0033   60142    1980    0        0.1      497.4     3.40e+05
2023 07 17  0034   60142    2040    0        0.1      503.5     3.78e+05
2023 07 17  0035   60142    2100    0        0.1      510.8     3.79e+05
2023 07 17  0036   60142    2160    0        0.1      512.7     3.69e+05
2023 07 17  0037   60142    2220    0        0.1      503.3     3.33e+05
2023 07 17  0038   60142    2280    1        0.1      486.9     2.50e+05
2023 07 17  0039   60142    2340    1        0.1      482.2     2.08e+05
2023 07 17  0040   60142    2400    0        0.1      513.6     3.01e+05
2023 07 17  0041   60142    2460    0        0.1      502.2     2.48e+05
2023 07 17  0042   60142    2520    0        0.1      523.6     4.49e+05
2023 07 17  0043   60142    2580    0        0.1      514.0     2.87e+05
2023 07 17  0044   60142    2640    0        0.1      523.5     3.20e+05
2023 07 17  0045   60142    2700    0        0.1      512.9     2.98e+05
2023 07 17  0046   60142    2760    0        0.1      511.1     3.64e+05
2023 07 17  0047   60142    2820    0        0.1      500.5     2.88e+05
2023 07 17  0048   60142    2880    1        0.1      501.1     2.68e+05
2023 07 17  0049   60142    2940    0        0.1      497.4     3.18e+05
2023 07 17  0050   60142    3000    0        0.1      481.5     3.16e+05
2023 07 17  0051   60142    3060    0        0.1      471.0     2.79e+05
2023 07 17  0052   60142    3120    0        0.1      463.3     2.33e+05
2023 07 17  0053   60142    3180    1        0.1      458.0     2.03e+05
2023 07 17  0054   60142    3240    1        0.1      458.3     2.14e+05
2023 07 17  0055   60142    3300    1        0.1      452.8     2.23e+05
2023 07 17  0056   60142    3360    0        0.1      463.8     2.28e+05
2023 07 17  0057   60142    3420    0        0.1      462.1     2.23e+05
2023 07 17  0058   60142    3480    0        0.1      450.2     1.94e+05
2023 07 17  0059   60142    3540    0        0.1      442.4     2.00e+05
2023 07 17  0100   60142    3600    1        0.1      453.4     2.00e+05
2023 07 17  0101   60142    3660    0        0.1      441.4     1.84e+05
2023 07 17  0102   60142    3720    0        0.1      434.1     1.71e+05
2023 07 17  0103   60142    3780    0        0.1      434.0     1.65e+05
2023 07 17  0104   60142    3840    0        0.1      448.3     1.74e+05
2023 07 17  0105   60142    3900    0        0.1      460.2     1.88e+05
2023 07 17  0106   60142    3960    0        0.1      479.3     2.73e+05
2023 07 17  0107   60142    4020    0        0.1      479.3     2.82e+05
2023 07 17  0108   60142    4080    0        0.1      469.7     2.35e+05
2023 07 17  0109   60142    4140    0        0.1      466.4     2.38e+05
2023 07 17  0110   60142    4200    0        0.1      464.0     2.35e+05
2023 07 17  0111   60142    4260    1        0.1      467.7     1.91e+05
2023 07 17  0112   60142    4320    1        0.1      467.6     2.12e+05
2023 07 17  0113   60142    4380    1        0.1      465.4     3.09e+05
2023 07 17  0114   60142    4440    0        0.1      462.2     1.86e+05
2023 07 17  0115   60142    4500    0        0.1      468.0     1.83e+05
2023 07 17  0116   60142    4560    0        0.1      460.1     1.41e+05
2023 07 17  0117   60142    4620    0        0.1      460.8     1.25e+05
2023 07 17  0118   60142    4680    0        0.1      457.6     1.24e+05
2023 07 17  0119   60142    4740    1        0.1      450.6     1.51e+05
2023 07 17  0120   60142    4800    1        0.1      450.9     1.43e+05
2023 07 17  0121   60142    4860    0        0.1      451.2     1.74e+05
2023 07 17  0122   60142    4920    1        0.1      448.6     1.92e+05
2023 07 17  0123   60142    4980    1        0.1      448.3     1.77e+05
2023 07 17  0124   60142    5040    1        0.1      453.6     1.93e+05
2023 07 17  0125   60142    5100    1        0.1      454.6     2.33e+05
2023 07 17  0126   60142    5160    1        0.1      450.5     2.10e+05
2023 07 17  0127   60142    5220    1        0.1      452.1     1.38e+05
2023 07 17  0128   60142    5280    0        0.1      446.2     1.19e+05
2023 07 17  0129   60142    5340    1        0.1      462.8     1.92e+05
2023 07 17  0130   60142    5400    1        0.1      462.4     1.92e+05
2023 07 17  0131   60142    5460    1        0.1      457.4     1.90e+05
2023 07 17  0132   60142    5520    1        0.1      442.6     1.38e+05
2023 07 17  0133   60142    5580    1        0.1      438.7     1.82e+05
2023 07 17  0134   60142    5640    0        0.1      442.2     2.08e+05
2023 07 17  0135   60142    5700    1        0.1      441.5     2.30e+05
2023 07 17  0136   60142    5760    1        0.1      440.9     1.90e+05
2023 07 17  0137   60142    5820    1        0.1      437.7     2.05e+05
2023 07 17  0138   60142    5880    0        0.1      435.4     1.76e+05
2023 07 17  0139   60142    5940    0        0.1      435.7     1.39e+05
2023 07 17  0140   60142    6000    0        0.1      441.8     1.71e+05
2023 07 17  0141   60142    6060    0        0.1      450.1     2.13e+05
2023 07 17  0142   60142    6120    0        0.1      453.6     2.46e+05
2023 07 17  0143   60142    6180    0        0.1      452.4     2.80e+05
2023 07 17  0144   60142    6240    0        0.1      445.1     1.88e+05
2023 07 17  0145   60142    6300    0        0.1      438.8     2.42e+05
2023 07 17  0146   60142    6360    0        0.1      441.0     2.37e+05
2023 07 17  0147   60142    6420    1        0.1      436.0     2.06e+05
2023 07 17  0148   60142    6480    0        0.1      435.3     3.60e+05
2023 07 17  0149   60142    6540    0        0.1      428.5     2.20e+05
2023 07 17  0150   60142    6600    1        0.1      428.3     2.26e+05
2023 07 17  0151   60142    6660    0        0.0      443.8     2.18e+05
2023 07 17  0152   60142    6720    0        0.1      444.3     2.53e+05
2023 07 17  0153   60142    6780    0        0.0      417.9     1.85e+05
2023 07 17  0154   60142    6840    1        0.1      423.4     2.06e+05
2023 07 17  0155   60142    6900    0        0.1      435.1     2.11e+05
2023 07 17  0156   60142    6960    0        0.1      438.9     2.35e+05
2023 07 17  0157   60142    7020    0        0.1      445.0     2.82e+05
2023 07 17  0158   60142    7080    0        0.1      444.0     2.26e+05
2023 07 17  0159   60142    7140    1        0.1      437.6     2.25e+05
2023 07 17  0200   60142    7200    1        0.1      429.6     3.44e+05
2023 07 17  0201   60142    7260    0        0.0      398.3     1.40e+05
2023 07 17  0202   60142    7320    0        0.0      426.5     1.66e+05
2023 07 17  0203   60142    7380    0        0.0      426.5     1.66e+05
2023 07 17  0204   60142    7440    1        0.1      424.8     3.38e+05
2023 07 17  0205   60142    7500    1        0.1      433.7     2.33e+05
2023 07 17  0206   60142    7560    0        0.1      440.9     1.75e+05
2023 07 17  0207   60142    7620    1        0.1      433.5     2.53e+05
2023 07 17  0208   60142    7680    1        0.1      433.9     2.08e+05
2023 07 17  0209   60142    7740    0        0.1      434.7     1.87e+05
2023 07 17  0210   60142    7800    1        0.1      436.0     1.75e+05
2023 07 17  0211   60142    7860    1        0.1      431.0     2.39e+05
2023 07 17  0212   60142    7920    1        0.1      423.1     2.77e+05
2023 07 17  0213   60142    7980    0        0.1      419.8     2.49e+05
2023 07 17  0214   60142    8040    0        0.1      424.3     2.48e+05
2023 07 17  0215   60142    8100    0        0.1      431.9     2.45e+05
2023 07 17  0216   60142    8160    1        0.1      427.5     2.57e+05
2023 07 17  0217   60142    8220    1        0.1      434.8     2.31e+05
2023 07 17  0218   60142    8280    0        0.1      432.9     2.44e+05
2023 07 17  0219   60142    8340    0        0.1      417.6     2.26e+05
2023 07 17  0220   60142    8400    0        0.1      427.4     2.25e+05
2023 07 17  0221   60142    8460    0        0.1      431.3     2.39e+05
2023 07 17  0222   60142    8520    1        0.1      424.1     1.97e+05
2023 07 17  0223   60142    8580    1        0.1      435.6     2.65e+05
2023 07 17  0224   60142    8640    0        0.1      434.3     2.49e+05
2023 07 17  0225   60142    8700    1        0.1      433.4     2.50e+05
2023 07 17  0226   60142    8760    0        0.1      427.0     2.58e+05
2023 07 17  0227   60142    8820    0        0.1      426.9     2.02e+05
2023 07 17  0228   60142    8880    0        0.1      433.0     2.01e+05
2023 07 17  0229   60142    8940    0        0.1      433.5     2.55e+05
2023 07 17  0230   60142    9000    0        0.1      432.9     2.84e+05
2023 07 17  0231   60142    9060    0        0.1      436.4     3.41e+05
2023 07 17  0232   60142    9120    1        0.1      433.6     3.32e+05
2023 07 17  0233   60142    9180    0        0.1      435.6     3.55e+05
2023 07 17  0234   60142    9240    0        0.1      436.8     3.11e+05
2023 07 17  0235   60142    9300    9    -9999.9    -9999.9    -1.00e+05
2023 07 17  0236   60142    9360    1        0.1      442.5     2.69e+05
2023 07 17  0237   60142    9420    1        0.1      436.6     2.12e+05
2023 07 17  0238   60142    9480    1        0.1      426.8     2.10e+05
2023 07 17  0239   60142    9540    1        0.1      416.6     2.03e+05
2023 07 17  0240   60142    9600    1        0.1      426.6     2.22e+05
2023 07 17  0241   60142    9660    0        0.1      420.9     2.34e+05
2023 07 17  0242   60142    9720    0        0.1      417.7     2.34e+05
2023 07 17  0243   60142    9780    0        0.1      424.2     2.19e+05
2023 07 17  0244   60142    9840    0        0.1      428.7     2.17e+05
2023 07 17  0245   60142    9900    0        0.1      427.5     2.24e+05
2023 07 17  0246   60142    9960    0        0.1      428.6     2.29e+05
2023 07 17  0247   60142   10020    1        0.1      436.0     2.40e+05
2023 07 17  0248   60142   10080    1        0.1      444.3     2.13e+05
2023 07 17  0249   60142   10140    0        0.1      458.5     2.46e+05
2023 07 17  0250   60142   10200    1        0.2      460.4     1.65e+05
2023 07 17  0251   60142   10260    0        0.3      448.3     1.68e+05
2023 07 17  0252   60142   10320    0        0.3      447.7     2.30e+05
2023 07 17  0253   60142   10380    1        0.3      461.7     2.43e+05
2023 07 17  0254   60142   10440    1        0.2      455.1     2.07e+05
2023 07 17  0255   60142   10500    0        0.2      461.4     2.07e+05
2023 07 17  0256   60142   10560    1        0.2      454.0     2.26e+05
2023 07 17  0257   60142   10620    1        0.2      458.2     1.96e+05
2023 07 17  0258   60142   10680    0        0.2      464.3     2.09e+05
2023 07 17  0259   60142   10740    0        0.2      463.2     2.11e+05
2023 07 17  0300   60142   10800    0        0.2      459.1     1.86e+05
2023 07 17  0301   60142   10860    0        0.2      457.6     1.65e+05
2023 07 17  0302   60142   10920    1        0.2      459.5     1.57e+05
2023 07 17  0303   60142   10980    0        0.3      459.9     1.64e+05
2023 07 17  0304   60142   11040    0        0.3      452.2     1.50e+05
2023 07 17  0305   60142   11100    1        0.3      437.0     1.56e+05
2023 07 17  0306   60142   11160    1        0.2      436.9     1.30e+05
2023 07 17  0307   60142   11220    0        0.3      443.2     8.61e+04
2023 07 17  0308   60142   11280    9    -9999.9    -9999.9    -1.00e+05
2023 07 17  0309   60142   11340    0        0.3      442.3     1.57e+05
2023 07 17  0310   60142   11400    0        0.3      443.9     1.68e+05
2023 07 17  0311   60142   11460    1        0.4      441.3     1.59e+05
2023 07 17  0312   60142   11520    0        0.4      438.7     1.46e+05
2023 07 17  0313   60142   11580    1        0.4      438.6     1.33e+05
2023 07 17  0314   60142   11640    0        0.4      437.4     1.34e+05
2023 07 17  0315   60142   11700    1        0.4      434.6     1.47e+05
2023 07 17  0316   60142   11760    1        0.4      432.5     1.39e+05
2023 07 17  0317   60142   11820    0        0.4      429.7     1.24e+05
2023 07 17  0318   60142   11880    0        0.4      423.2     1.43e+05
2023 07 17  0319   60142   11940    0        0.4      417.8     1.72e+05
2023 07 17  0320   60142   12000    1        0.4      422.6     1.78e+05
2023 07 17  0321   60142   12060    0        0.4      430.6     1.52e+05
2023 07 17  0322   60142   12120    0        0.4      419.2     1.70e+05
2023 07 17  0323   60142   12180    1        0.4      423.1     1.60e+05
2023 07 17  0324   60142   12240    1        0.4      450.4     2.31e+05
2023 07 17  0325   60142   12300    0        0.4      453.5     2.51e+05
2023 07 17  0326   60142   12360    0        0.4      434.0     1.72e+05
2023 07 17  0327   60142   12420    1        0.4      430.2     1.66e+05
2023 07 17  0328   60142   12480    0        0.4      436.2     1.90e+05
2023 07 17  0329   60142   12540    0        0.4      434.2     1.86e+05
2023 07 17  0330   60142   12600    1        0.4      428.9     1.65e+05
2023 07 17  0331   60142   12660    0        0.4      429.0     1.65e+05
2023 07 17  0332   60142   12720    0        0.4      432.5     1.78e+05
2023 07 17  0333   60142   12780    0        0.4      430.8     1.70e+05
2023 07 17  0334   60142   12840    0        0.4      426.4     1.68e+05
2023 07 17  0335   60142   12900    1        0.4      426.1     2.02e+05
2023 07 17  0336   60142   12960    0        0.4      423.0     1.89e+05
2023 07 17  0337   60142   13020    1        0.4      434.0     1.85e+05
2023 07 17  0338   60142   13080    1        0.4      433.0     1.68e+05
2023 07 17  0339   60142   13140    1        0.4      431.6     1.83e+05
2023 07 17  0340   60142   13200    0        0.4      438.8     1.83e+05
2023 07 17  0341   60142   13260    0        0.4      438.8     1.83e+05
2023 07 17  0342   60142   13320    0        0.4      441.8     1.76e+05
2023 07 17  0343   60142   13380    1        0.4      451.2     1.77e+05
2023 07 17  0344   60142   13440    0        0.4      446.0     1.68e+05
2023 07 17  0345   60142   13500    0        0.4      439.9     1.23e+05
2023 07 17  0346   60142   13560    0        0.4      440.6     1.21e+05
2023 07 17  0347   60142   13620    0        0.4      440.3     1.34e+05
2023 07 17  0348   60142   13680    0        0.4      440.9     1.56e+05
2023 07 17  0349   60142   13740    0        0.4      443.4     1.49e+05
2023 07 17  0350   60142   13800    1        0.4      444.6     1.01e+05
2023 07 17  0351   60142   13860    1        0.4      446.1     9.51e+04
2023 07 17  0352   60142   13920    0        0.4      442.5     9.30e+04
2023 07 17  0353   60142   13980    0        0.4      445.1     8.90e+04
2023 07 17  0354   60142   14040    0        0.4      465.5     1.49e+05
2023 07 17  0355   60142   14100    0        0.7      482.8     1.77e+05
2023 07 17  0356   60142   14160    0        0.5      463.3     2.15e+05
2023 07 17  0357   60142   14220    1        0.5      450.6     1.17e+05
2023 07 17  0358   60142   14280    1        0.6      454.7     1.14e+05
2023 07 17  0359   60142   14340    9    -9999.9    -9999.9    -1.00e+05
2023 07 17  0400   60142   14400    9    -9999.9    -9999.9    -1.00e+05
2023 07 17  0401   60142   14460    9    -9999.9    -9999.9    -1.00e+05
2023 07 17  0402   60142   14520    0        0.9      484.2     1.64e+05
2023 07 17  0403   60142   14580    0        0.8      480.6     1.53e+05
2023 07 17  0404   60142   14640    0        0.9      474.2     1.28e+05
2023 07 17  0405   60142   14700    1        1.4      471.7     1.02e+05
2023 07 17  0406   60142   14760    0        1.7      475.3     9.22e+04
2023 07 17  0407   60142   14820    0        1.8      477.3     9.15e+04
2023 07 17  0408   60142   14880    0        2.2      474.8     7.47e+04
2023 07 17  0409   60142   14940    0        1.9      474.5     7.15e+04
2023 07 17  0410   60142   15000    0        2.0      471.2     7.28e+04
2023 07 17  0411   60142   15060    0        1.7      470.7     8.06e+04
2023 07 17  0412   60142   15120    0        2.4      469.3     5.94e+04
2023 07 17  0413   60142   15180    0        2.1      467.5     5.50e+04
2023 07 17  0414   60142   15240    0        2.1      467.4     5.46e+04
2023 07 17  0415   60142   15300    0        1.7      466.5     6.45e+04
2023 07 17  0416   60142   15360    1        1.7      463.5     4.92e+04
2023 07 17  0417   60142   15420    0        1.6      461.6     5.79e+04
2023 07 17  0418   60142   15480    1        1.7      460.5     6.60e+04
2023 07 17  0419   60142   15540    0        1.7      460.4     6.86e+04
2023 07 17  0420   60142   15600    0        1.7      459.6     6.70e+04
2023 07 17  0421   60142   15660    1        1.7      458.1     6.37e+04
2023 07 17  0422   60142   15720    0        1.7      456.7     6.29e+04
2023 07 17  0423   60142   15780    1        1.7      455.4     6.55e+04
2023 07 17  0424   60142   15840    0        1.6      456.6     7.68e+04
2023 07 17  0425   60142   15900    0        1.9      457.1     6.61e+04
2023 07 17  0426   60142   15960    0        1.9      455.2     7.07e+04
2023 07 17  0427   60142   16020    1        1.7      457.9     6.78e+04
2023 07 17  0428   60142   16080    0        1.8      458.2     6.97e+04
2023 07 17  0429   60142   16140    0        1.9      461.1     7.14e+04
2023 07 17  0430   60142   16200    1        1.6      461.3     8.76e+04
2023 07 17  0431   60142   16260    0        1.8      459.5     8.64e+04
2023 07 17  0432   60142   16320    0        2.2      460.8     7.87e+04
2023 07 17  0433   60142   16380    0        2.4      458.4     1.06e+05
2023 07 17  0434   60142   16440    0        2.6      452.0     1.10e+05
2023 07 17  0435   60142   16500    0        2.9      444.8     1.09e+05
2023 07 17  0436   60142   16560    0        3.0      442.4     1.14e+05
2023 07 17  0437   60142   16620    0        2.9      442.2     1.14e+05
2023 07 17  0438   60142   16680    0        2.9      440.1     1.12e+05
2023 07 17  0439   60142   16740    0        2.8      441.1     1.15e+05
2023 07 17  0440   60142   16800    0        2.6      445.4     1.23e+05
2023 07 17  0441   60142   16860    0        2.7      449.1     1.08e+05
2023 07 17  0442   60142   16920    0        3.3      448.3     1.23e+05
2023 07 17  0443   60142   16980    0        3.5      446.5     1.20e+05
2023 07 17  0444   60142   17040    0        2.9      451.3     1.20e+05
2023 07 17  0445   60142   17100    0        3.4      441.0     1.33e+05
2023 07 17  0446   60142   17160    0        3.2      442.4     1.27e+05
2023 07 17  0447   60142   17220    0        3.2      442.7     1.26e+05
2023 07 17  0448   60142   17280    1        3.4      441.7     8.11e+04
2023 07 17  0449   60142   17340    0        3.5      441.0     8.93e+04
2023 07 17  0450   60142   17400    0        3.0      433.5     9.15e+04
2023 07 17  0451   60142   17460    0        3.3      436.9     1.05e+05
2023 07 17  0452   60142   17520    0        3.6      444.2     1.14e+05
2023 07 17  0453   60142   17580    0        3.3      439.1     9.54e+04
2023 07 17  0454   60142   17640    1        3.5      434.3     1.05e+05
2023 07 17  0455   60142   17700    0        3.7      440.6     1.71e+05
2023 07 17  0456   60142   17760    0        3.0      438.8     1.58e+05
2023 07 17  0457   60142   17820    0        3.5      432.5     8.43e+04
2023 07 17  0458   60142   17880    0        3.7      431.8     1.17e+05
2023 07 17  0459   60142   17940    0        3.9      436.6     1.16e+05
2023 07 17  0500   60142   18000    0        3.3      437.4     1.23e+05
2023 07 17  0501   60142   18060    0        3.3      449.2     1.00e+05
2023 07 17  0502   60142   18120    0        3.1      441.1     9.00e+04
2023 07 17  0503   60142   18180    0        3.3      443.5     1.11e+05
2023 07 17  0504   60142   18240    0        2.8      444.0     1.19e+05
2023 07 17  0505   60142   18300    0        3.0      441.2     9.96e+04
2023 07 17  0506   60142   18360    0        2.7      445.9     1.06e+05
2023 07 17  0507   60142   18420    1        2.8      446.3     1.01e+05
2023 07 17  0508   60142   18480    1        2.9      443.9     9.25e+04
2023 07 17  0509   60142   18540    1        2.9      447.0     9.47e+04
2023 07 17  0510   60142   18600    1        3.1      450.8     9.53e+04
2023 07 17  0511   60142   18660    0        3.0      453.1     1.10e+05
2023 07 17  0512   60142   18720    0        2.5      456.4     1.04e+05
2023 07 17  0513   60142   18780    1        2.7      454.7     1.08e+05
2023 07 17  0514   60142   18840    0        2.4      452.8     1.11e+05
2023 07 17  0515   60142   18900    1        2.2      449.3     9.88e+04
2023 07 17  0516   60142   18960    0        2.7      455.8     1.01e+05
2023 07 17  0517   60142   19020    0        2.7      453.5     1.09e+05
2023 07 17  0518   60142   19080    0        2.7      452.4     9.90e+04
2023 07 17  0519   60142   19140    0        2.8      454.0     9.31e+04
2023 07 17  0520   60142   19200    0        2.8      454.5     9.21e+04
2023 07 17  0521   60142   19260    0        2.1      472.6     1.10e+05
2023 07 17  0522   60142   19320    0        2.3      476.0     1.09e+05
2023 07 17  0523   60142   19380    0        2.1      468.4     1.09e+05
2023 07 17  0524   60142   19440    0        3.2      452.3     8.54e+04
2023 07 17  0525   60142   19500    1        5.0      444.0     6.35e+04
2023 07 17  0526   60142   19560    0        5.1      444.1     7.19e+04
2023 07 17  0527   60142   19620    0        4.7      443.2     7.26e+04
2023 07 17  0528   60142   19680    0        4.2      442.8     7.65e+04
2023 07 17  0529   60142   19740    0        4.6      442.6     7.34e+04
2023 07 17  0530   60142   19800    0        4.5      441.6     8.10e+04
2023 07 17  0531   60142   19860    0        5.6      438.4     8.32e+04
2023 07 17  0532   60142   19920    0        5.2      439.8     8.26e+04
2023 07 17  0533   60142   19980    0        3.9      448.0     9.57e+04
2023 07 17  0534   60142   20040    0        4.7      446.5     7.68e+04
2023 07 17  0535   60142   20100    0        4.6      446.8     7.65e+04
2023 07 17  0536   60142   20160    0        4.6      448.2     8.28e+04
2023 07 17  0537   60142   20220    0        4.3      447.5     7.49e+04
2023 07 17  0538   60142   20280    0        4.1      449.2     7.44e+04
2023 07 17  0539   60142   20340    0        4.0      450.2     7.80e+04
2023 07 17  0540   60142   20400    0        4.1      449.6     8.18e+04
2023 07 17  0541   60142   20460    0        4.1      450.6     8.46e+04
2023 07 17  0542   60142   20520    0        4.0      452.7     7.90e+04
2023 07 17  0543   60142   20580    0        4.0      453.4     7.38e+04
2023 07 17  0544   60142   20640    0        3.9      455.1     8.67e+04
2023 07 17  0545   60142   20700    0        3.7      453.2     1.03e+05
2023 07 17  0546   60142   20760    0        4.0      457.1     9.15e+04
2023 07 17  0547   60142   20820    0        3.4      453.9     7.63e+04
2023 07 17  0548   60142   20880    0        3.2      444.3     8.20e+04
2023 07 17  0549   60142   20940    0        3.8      444.9     8.29e+04
2023 07 17  0550   60142   21000    0        4.0      443.9     7.93e+04
2023 07 17  0551   60142   21060    0        3.9      445.6     7.78e+04
2023 07 17  0552   60142   21120    0        4.0      445.3     7.52e+04
2023 07 17  0553   60142   21180    0        4.0      445.0     7.43e+04
2023 07 17  0554   60142   21240    0        4.5      446.5     7.64e+04
2023 07 17  0555   60142   21300    0        4.3      445.9     7.55e+04
2023 07 17  0556   60142   21360    0        4.2      448.2     7.55e+04
2023 07 17  0557   60142   21420    0        4.5      450.2     7.84e+04
2023 07 17  0558   60142   21480    0        4.5      447.9     7.84e+04
2023 07 17  0559   60142   21540    0        4.4      447.0     7.36e+04
2023 07 17  0600   60142   21600    0        4.9      447.9     7.51e+04
2023 07 17  0601   60142   21660    0        4.3      450.8     7.17e+04
2023 07 17  0602   60142   21720    0        4.9      449.0     7.09e+04
2023 07 17  0603   60142   21780    0        3.6      449.6     7.57e+04
2023 07 17  0604   60142   21840    0        4.3      450.0     7.09e+04
2023 07 17  0605   60142   21900    0        4.2      450.7     7.68e+04
2023 07 17  0606   60142   21960    0        4.3      447.7     6.99e+04
2023 07 17  0607   60142   22020    0        4.0      448.5     7.36e+04
2023 07 17  0608   60142   22080    0        4.3      451.2     7.06e+04
2023 07 17  0609   60142   22140    0        4.9      449.4     6.24e+04
2023 07 17  0610   60142   22200    0        4.9      447.7     4.88e+04
2023 07 17  0611   60142   22260    0        4.4      449.6     5.73e+04
2023 07 17  0612   60142   22320    0        4.0      449.8     7.11e+04
2023 07 17  0613   60142   22380    0        4.5      450.8     6.85e+04
2023 07 17  0614   60142   22440    0        4.7      453.9     6.50e+04
2023 07 17  0615   60142   22500    0        3.6      451.7     7.07e+04
2023 07 17  0616   60142   22560    0        3.7      454.4     8.23e+04
2023 07 17  0617   60142   22620    0        4.3      458.7     8.56e+04
2023 07 17  0618   60142   22680    0        4.1      456.2     6.43e+04
2023 07 17  0619   60142   22740    0        2.6      453.7     5.88e+04
2023 07 17  0620   60142   22800    0        4.5      456.9     7.92e+04
2023 07 17  0621   60142   22860    1        3.6      449.8     6.99e+04
2023 07 17  0622   60142   22920    0        3.5      447.7     8.00e+04
2023 07 17  0623   60142   22980    1        3.3      457.2     8.47e+04
2023 07 17  0624   60142   23040    1        3.9      459.3     7.90e+04
2023 07 17  0625   60142   23100    0        4.3      456.2     7.58e+04
2023 07 17  0626   60142   23160    0        4.4      454.7     7.55e+04
2023 07 17  0627   60142   23220    0        4.9      457.1     6.96e+04
2023 07 17  0628   60142   23280    0        4.9      456.0     6.80e+04
2023 07 17  0629   60142   23340    0        5.0      453.2     6.42e+04
2023 07 17  0630   60142   23400    0        5.1      455.5     6.22e+04
2023 07 17  0631   60142   23460    0        4.7      465.6     6.30e+04
2023 07 17  0632   60142   23520    0        3.9      468.1     6.39e+04
2023 07 17  0633   60142   23580    0        3.1      466.2     7.89e+04
2023 07 17  0634   60142   23640    0        3.2      465.5     7.62e+04
2023 07 17  0635   60142   23700    0        3.3      465.1     8.05e+04
2023 07 17  0636   60142   23760    0        3.5      465.8     8.55e+04
2023 07 17  0637   60142   23820    0        3.5      463.8     7.84e+04
2023 07 17  0638   60142   23880    0        3.7      463.6     6.55e+04
2023 07 17  0639   60142   23940    0        3.8      462.7     8.06e+04
2023 07 17  0640   60142   24000    0        3.8      461.9     7.22e+04
2023 07 17  0641   60142   24060    0        3.7      463.4     7.39e+04
2023 07 17  0642   60142   24120    0        3.5      465.5     7.47e+04
2023 07 17  0643   60142   24180    0        3.1      468.0     7.86e+04
2023 07 17  0644   60142   24240    0        3.1      467.7     8.34e+04
2023 07 17  0645   60142   24300    0        3.1      465.2     7.84e+04
2023 07 17  0646   60142   24360    0        3.0      464.6     7.06e+04
2023 07 17  0647   60142   24420    0        3.2      465.5     7.36e+04
2023 07 17  0648   60142   24480    0        3.2      465.5     8.24e+04
2023 07 17  0649   60142   24540    0        3.4      462.0     7.89e+04
2023 07 17  0650   60142   24600    0        3.3      467.3     8.04e+04
2023 07 17  0651   60142   24660    0        2.8      467.5     9.20e+04
2023 07 17  0652   60142   24720    0        3.9      465.9     7.33e+04
2023 07 17  0653   60142   24780    0        3.3      468.8     7.95e+04
2023 07 17  0654   60142   24840    0        2.5      470.4     9.46e+04
2023 07 17  0655   60142   24900    0        2.7      469.3     8.89e+04
2023 07 17  0656   60142   24960    0        2.9      467.7     8.74e+04
2023 07 17  0657   60142   25020    0        3.1      471.5     8.86e+04
2023 07 17  0658   60142   25080    0        3.0      475.5     8.78e+04
2023 07 17  0659   60142   25140    0        2.9      476.7     8.70e+04
2023 07 17  0700   60142   25200    9    -9999.9    -9999.9    -1.00e+05
2023 07 17  0701   60142   25260    0        2.7      482.0     1.13e+05
2023 07 17  0702   60142   25320    0        2.8      485.8     1.23e+05
2023 07 17  0703   60142   25380    0        3.0      496.7     1.51e+05
2023 07 17  0704   60142   25440    0        2.5      503.2     1.67e+05
2023 07 17  0705   60142   25500    1        1.6      493.7     1.39e+05
2023 07 17  0706   60142   25560    0        1.8      503.2     1.64e+05
2023 07 17  0707   60142   25620    1        2.4      486.1     1.52e+05
2023 07 17  0708   60142   25680    0        2.2      495.3     1.56e+05
2023 07 17  0709   60142   25740    0        2.1      496.9     1.68e+05
2023 07 17  0710   60142   25800    0        2.5      503.8     1.84e+05
2023 07 17  0711   60142   25860    1        2.2      489.2     1.75e+05
2023 07 17  0712   60142   25920    1        2.1      492.6     2.05e+05
2023 07 17  0713   60142   25980    0        2.1      487.4     1.77e+05
2023 07 17  0714   60142   26040    1        2.0      488.7     2.09e+05
2023 07 17  0715   60142   26100    0        1.9      494.2     2.13e+05
2023 07 17  0716   60142   26160    0        2.0      493.1     1.74e+05
2023 07 17  0717   60142   26220    0        1.9      487.2     1.54e+05
2023 07 17  0718   60142   26280    0        1.8      483.4     1.58e+05
2023 07 17  0719   60142   26340    0        1.9      481.7     1.70e+05
2023 07 17  0720   60142   26400    0        1.9      479.2     1.37e+05
2023 07 17  0721   60142   26460    0        1.9      490.1     1.96e+05
2023 07 17  0722   60142   26520    0        1.8      485.1     1.52e+05
2023 07 17  0723   60142   26580    0        1.8      494.8     1.69e+05
2023 07 17  0724   60142   26640    0        1.7      494.7     1.56e+05
2023 07 17  0725   60142   26700    0        1.4      478.5     1.62e+05
2023 07 17  0726   60142   26760    0        1.5      481.1     1.97e+05
2023 07 17  0727   60142   26820    0        1.9      476.7     1.54e+05
2023 07 17  0728   60142   26880    0        2.1      469.8     1.33e+05
2023 07 17  0729   60142   26940    0        1.9      460.1     9.06e+04
2023 07 17  0730   60142   27000    1        2.0      470.1     1.70e+05
2023 07 17  0731   60142   27060    1        2.2      475.9     2.27e+05
2023 07 17  0732   60142   27120    1        2.1      472.9     2.20e+05
2023 07 17  0733   60142   27180    0        1.6      468.7     1.43e+05
2023 07 17  0734   60142   27240    0        1.7      464.8     1.24e+05
2023 07 17  0735   60142   27300    0        1.9      456.8     9.27e+04
2023 07 17  0736   60142   27360    0        1.8      454.1     9.84e+04
2023 07 17  0737   60142   27420    1        1.7      454.4     9.42e+04
2023 07 17  0738   60142   27480    0        3.0      508.0     3.47e+05
2023 07 17  0739   60142   27540    0        3.3      509.1     3.98e+05
2023 07 17  0740   60142   27600    0        2.9      494.6     3.69e+05
2023 07 17  0741   60142   27660    0        2.5      488.0     3.29e+05
2023 07 17  0742   60142   27720    0        2.8      499.7     3.54e+05
2023 07 17  0743   60142   27780    0        3.2      504.4     3.11e+05
2023 07 17  0744   60142   27840    0        3.1      498.5     2.82e+05
2023 07 17  0745   60142   27900    1        2.9      500.0     3.04e+05
2023 07 17  0746   60142   27960    0        3.2      501.1     3.53e+05
2023 07 17  0747   60142   28020    0        3.4      502.1     3.88e+05
2023 07 17  0748   60142   28080    0        3.2      501.8     3.76e+05
2023 07 17  0749   60142   28140    0        2.7      494.3     3.09e+05
2023 07 17  0750   60142   28200    0        2.2      480.9     2.31e+05
2023 07 17  0751   60142   28260    0        2.3      471.2     2.08e+05
2023 07 17  0752   60142   28320    0        2.3      473.0     2.45e+05
2023 07 17  0753   60142   28380    0        2.2      480.9     2.61e+05
2023 07 17  0754   60142   28440    0        2.6      488.9     2.85e+05
2023 07 17  0755   60142   28500    0        2.0      501.6     3.02e+05
2023 07 17  0756   60142   28560    0        2.4      505.3     2.97e+05
2023 07 17  0757   60142   28620    0        2.2      505.4     2.67e+05
2023 07 17  0758   60142   28680    0        2.2      500.7     2.95e+05
2023 07 17  0759   60142   28740    1        2.2      498.7     2.37e+05
2023 07 17  0800   60142   28800    0        2.3      512.5     2.75e+05
2023 07 17  0801   60142   28860    0        2.2      513.1     2.68e+05
2023 07 17  0802   60142   28920    0        2.0      505.5     2.72e+05
2023 07 17  0803   60142   28980    0        2.0      505.0     2.76e+05
2023 07 17  0804   60142   29040    0        2.2      507.9     3.18e+05
2023 07 17  0805   60142   29100    0        2.3      508.3     3.73e+05
2023 07 17  0806   60142   29160    0        2.4      493.1     2.85e+05
2023 07 17  0807   60142   29220    0        2.3      490.5     2.69e+05
2023 07 17  0808   60142   29280    1        2.0      482.3     2.46e+05
2023 07 17  0809   60142   29340    0        2.0      480.2     3.20e+05
2023 07 17  0810   60142   29400    1        2.1      493.4     2.66e+05
2023 07 17  0811   60142   29460    0        2.4      493.0     3.24e+05
2023 07 17  0812   60142   29520    0        2.2      506.9     3.08e+05
2023 07 17  0813   60142   29580    0        2.1      506.1     3.55e+05
2023 07 17  0814   60142   29640    0        1.8      505.0     3.42e+05
2023 07 17  0815   60142   29700    1        1.8      500.9     2.93e+05
2023 07 17  0816   60142   29760    0        1.9      497.5     2.86e+05
2023 07 17  0817   60142   29820    0        1.9      496.6     3.08e+05
2023 07 17  0818   60142   29880    0        2.1      505.6     3.22e+05
2023 07 17  0819   60142   29940    0        2.2      508.9     3.52e+05
2023 07 17  0820   60142   30000    0        2.0      502.3     3.31e+05
2023 07 17  0821   60142   30060    0        1.9      498.2     2.75e+05
2023 07 17  0822   60142   30120    0        2.0      497.9     2.77e+05
2023 07 17  0823   60142   30180    0        1.9      493.2     2.94e+05
2023 07 17  0824   60142   30240    1        1.8      487.0     2.95e+05
2023 07 17  0825   60142   30300    0        1.9      483.5     2.93e+05
2023 07 17  0826   60142   30360    1        2.0      488.5     3.63e+05
2023 07 17  0827   60142   30420    0        2.3      506.1     3.64e+05
2023 07 17  0828   60142   30480    1        1.9      506.4     3.29e+05
2023 07 17  0829   60142   30540    1        1.9      485.0     2.89e+05
2023 07 17  0830   60142   30600    0        1.9      489.2     3.10e+05
2023 07 17  0831   60142   30660    1        2.2      485.6     3.61e+05
2023 07 17  0832   60142   30720    0        2.1      485.0     3.49e+05
2023 07 17  0833   60142   30780    0        2.1      471.6     2.28e+05
2023 07 17  0834   60142   30840    0        2.3      462.7     1.85e+05
2023 07 17  0835   60142   30900    0        2.3      459.5     2.01e+05
2023 07 17  0836   60142   30960    0        2.3      462.0     2.55e+05
2023 07 17  0837   60142   31020    1        2.1      462.1     2.55e+05
2023 07 17  0838   60142   31080    0        1.6      455.6     1.73e+05
2023 07 17  0839   60142   31140    0        2.2      467.7     2.13e+05
2023 07 17  0840   60142   31200    0        2.3      469.0     2.20e+05
2023 07 17  0841   60142   31260    0        2.4      475.0     2.50e+05
2023 07 17  0842   60142   31320    0        2.2      478.9     2.50e+05
2023 07 17  0843   60142   31380    0        2.4      473.2     2.21e+05
2023 07 17  0844   60142   31440    0        2.1      480.7     3.10e+05
2023 07 17  0845   60142   31500    0        2.3      479.7     2.79e+05
2023 07 17  0846   60142   31560    0        2.5      465.5     2.19e+05
2023 07 17  0847   60142   31620    0        2.7      465.0     2.26e+05
2023 07 17  0848   60142   31680    0        2.7      469.7     2.45e+05
2023 07 17  0849   60142   31740    0        2.9      467.5     2.25e+05
2023 07 17  0850   60142   31800    0        2.8      461.7     1.97e+05
2023 07 17  0851   60142   31860    0        2.6      456.4     1.95e+05
2023 07 17  0852   60142   31920    0        2.6      454.2     1.97e+05
2023 07 17  0853   60142   31980    0        2.8      452.5     1.81e+05
2023 07 17  0854   60142   32040    0        2.8      450.4     1.66e+05
2023 07 17  0855   60142   32100    0        2.6      451.7     1.70e+05
2023 07 17  0856   60142   32160    0        2.5      451.4     1.88e+05
2023 07 17  0857   60142   32220    0        2.9      453.4     1.74e+05
2023 07 17  0858   60142   32280    0        2.8      446.6     1.67e+05
2023 07 17  0859   60142   32340    0        3.0      451.7     1.89e+05
