:Data_list: 20230130_ace_sis_5m.txt
:Created: 2023 Jan 31 0011 UT
# Prepared by the U.S. Dept. of Commerce, NOAA, Space Weather Prediction Center
# Please send comments and suggestions to SWPC.Webmaster@noaa.gov 
# 
# Units: proton flux p/cs2-sec-ster
# Status(S): 0 = nominal data, 1 to 8 = bad data record, 9 = no data
# Missing data values: -1.00e+05
# Source: ACE Satellite - Solar Isotope Spectrometer
#
# 5-minute averaged Real-time Integral Flux of High-energy Solar Protons
# 
#                 Modified Seconds
# UT Date   Time   Julian  of the      ---- Integral Proton Flux ----
# YR MO DA  HHMM     Day     Day       S    > 10 MeV    S    > 30 MeV
#--------------------------------------------------------------------
2023 01 30  0000    59974       0      9   -1.00e+05    9   -1.00e+05
2023 01 30  0005    59974     300      9   -1.00e+05    9   -1.00e+05
2023 01 30  0010    59974     600      9   -1.00e+05    9   -1.00e+05
2023 01 30  0015    59974     900      9   -1.00e+05    9   -1.00e+05
2023 01 30  0020    59974    1200      9   -1.00e+05    9   -1.00e+05
2023 01 30  0025    59974    1500      9   -1.00e+05    9   -1.00e+05
2023 01 30  0030    59974    1800      9   -1.00e+05    9   -1.00e+05
2023 01 30  0035    59974    2100      9   -1.00e+05    9   -1.00e+05
2023 01 30  0040    59974    2400      9   -1.00e+05    9   -1.00e+05
2023 01 30  0045    59974    2700      9   -1.00e+05    9   -1.00e+05
2023 01 30  0050    59974    3000      9   -1.00e+05    9   -1.00e+05
2023 01 30  0055    59974    3300      9   -1.00e+05    9   -1.00e+05
2023 01 30  0100    59974    3600      9   -1.00e+05    9   -1.00e+05
2023 01 30  0105    59974    3900      9   -1.00e+05    9   -1.00e+05
2023 01 30  0110    59974    4200      9   -1.00e+05    9   -1.00e+05
2023 01 30  0115    59974    4500      9   -1.00e+05    9   -1.00e+05
2023 01 30  0120    59974    4800      9   -1.00e+05    9   -1.00e+05
2023 01 30  0125    59974    5100      9   -1.00e+05    9   -1.00e+05
2023 01 30  0130    59974    5400      9   -1.00e+05    9   -1.00e+05
2023 01 30  0135    59974    5700      9   -1.00e+05    9   -1.00e+05
2023 01 30  0140    59974    6000      9   -1.00e+05    9   -1.00e+05
2023 01 30  0145    59974    6300      9   -1.00e+05    9   -1.00e+05
2023 01 30  0150    59974    6600      9   -1.00e+05    9   -1.00e+05
2023 01 30  0155    59974    6900      9   -1.00e+05    9   -1.00e+05
2023 01 30  0200    59974    7200      9   -1.00e+05    9   -1.00e+05
2023 01 30  0205    59974    7500      9   -1.00e+05    9   -1.00e+05
2023 01 30  0210    59974    7800      9   -1.00e+05    9   -1.00e+05
2023 01 30  0215    59974    8100      9   -1.00e+05    9   -1.00e+05
2023 01 30  0220    59974    8400      9   -1.00e+05    9   -1.00e+05
2023 01 30  0225    59974    8700      9   -1.00e+05    9   -1.00e+05
2023 01 30  0230    59974    9000      9   -1.00e+05    9   -1.00e+05
2023 01 30  0235    59974    9300      9   -1.00e+05    9   -1.00e+05
2023 01 30  0240    59974    9600      9   -1.00e+05    9   -1.00e+05
2023 01 30  0245    59974    9900      9   -1.00e+05    9   -1.00e+05
2023 01 30  0250    59974   10200      9   -1.00e+05    9   -1.00e+05
2023 01 30  0255    59974   10500      9   -1.00e+05    9   -1.00e+05
2023 01 30  0300    59974   10800      9   -1.00e+05    9   -1.00e+05
2023 01 30  0305    59974   11100      9   -1.00e+05    9   -1.00e+05
2023 01 30  0310    59974   11400      9   -1.00e+05    9   -1.00e+05
2023 01 30  0315    59974   11700      9   -1.00e+05    9   -1.00e+05
2023 01 30  0320    59974   12000      9   -1.00e+05    9   -1.00e+05
2023 01 30  0325    59974   12300      9   -1.00e+05    9   -1.00e+05
2023 01 30  0330    59974   12600      9   -1.00e+05    9   -1.00e+05
2023 01 30  0335    59974   12900      9   -1.00e+05    9   -1.00e+05
2023 01 30  0340    59974   13200      9   -1.00e+05    9   -1.00e+05
2023 01 30  0345    59974   13500      9   -1.00e+05    9   -1.00e+05
2023 01 30  0350    59974   13800      9   -1.00e+05    9   -1.00e+05
2023 01 30  0355    59974   14100      9   -1.00e+05    9   -1.00e+05
2023 01 30  0400    59974   14400      9   -1.00e+05    9   -1.00e+05
2023 01 30  0405    59974   14700      9   -1.00e+05    9   -1.00e+05
2023 01 30  0410    59974   15000      9   -1.00e+05    9   -1.00e+05
2023 01 30  0415    59974   15300      9   -1.00e+05    9   -1.00e+05
2023 01 30  0420    59974   15600      9   -1.00e+05    9   -1.00e+05
2023 01 30  0425    59974   15900      9   -1.00e+05    9   -1.00e+05
2023 01 30  0430    59974   16200      9   -1.00e+05    9   -1.00e+05
2023 01 30  0435    59974   16500      9   -1.00e+05    9   -1.00e+05
2023 01 30  0440    59974   16800      9   -1.00e+05    9   -1.00e+05
2023 01 30  0445    59974   17100      9   -1.00e+05    9   -1.00e+05
2023 01 30  0450    59974   17400      9   -1.00e+05    9   -1.00e+05
2023 01 30  0455    59974   17700      9   -1.00e+05    9   -1.00e+05
2023 01 30  0500    59974   18000      9   -1.00e+05    9   -1.00e+05
2023 01 30  0505    59974   18300      9   -1.00e+05    9   -1.00e+05
2023 01 30  0510    59974   18600      9   -1.00e+05    9   -1.00e+05
2023 01 30  0515    59974   18900      9   -1.00e+05    9   -1.00e+05
2023 01 30  0520    59974   19200      9   -1.00e+05    9   -1.00e+05
2023 01 30  0525    59974   19500      9   -1.00e+05    9   -1.00e+05
2023 01 30  0530    59974   19800      9   -1.00e+05    9   -1.00e+05
2023 01 30  0535    59974   20100      9   -1.00e+05    9   -1.00e+05
2023 01 30  0540    59974   20400      9   -1.00e+05    9   -1.00e+05
2023 01 30  0545    59974   20700      9   -1.00e+05    9   -1.00e+05
2023 01 30  0550    59974   21000      9   -1.00e+05    9   -1.00e+05
2023 01 30  0555    59974   21300      9   -1.00e+05    9   -1.00e+05
2023 01 30  0600    59974   21600      9   -1.00e+05    9   -1.00e+05
2023 01 30  0605    59974   21900      0    1.59e+00    0    1.14e+00
2023 01 30  0610    59974   22200      0    1.49e+00    0    1.03e+00
2023 01 30  0615    59974   22500      0    1.52e+00    0    1.08e+00
2023 01 30  0620    59974   22800      0    1.49e+00    0    1.07e+00
2023 01 30  0625    59974   23100      0    1.54e+00    0    1.08e+00
2023 01 30  0630    59974   23400      0    1.50e+00    0    1.07e+00
2023 01 30  0635    59974   23700      0    1.48e+00    0    1.04e+00
2023 01 30  0640    59974   24000      0    1.53e+00    0    1.07e+00
2023 01 30  0645    59974   24300      9   -1.00e+05    9   -1.00e+05
2023 01 30  0650    59974   24600      9   -1.00e+05    9   -1.00e+05
2023 01 30  0655    59974   24900      9   -1.00e+05    9   -1.00e+05
2023 01 30  0700    59974   25200      9   -1.00e+05    9   -1.00e+05
2023 01 30  0705    59974   25500      9   -1.00e+05    9   -1.00e+05
2023 01 30  0710    59974   25800      9   -1.00e+05    9   -1.00e+05
2023 01 30  0715    59974   26100      9   -1.00e+05    9   -1.00e+05
2023 01 30  0720    59974   26400      9   -1.00e+05    9   -1.00e+05
2023 01 30  0725    59974   26700      9   -1.00e+05    9   -1.00e+05
2023 01 30  0730    59974   27000      9   -1.00e+05    9   -1.00e+05
2023 01 30  0735    59974   27300      9   -1.00e+05    9   -1.00e+05
2023 01 30  0740    59974   27600      9   -1.00e+05    9   -1.00e+05
2023 01 30  0745    59974   27900      9   -1.00e+05    9   -1.00e+05
2023 01 30  0750    59974   28200      9   -1.00e+05    9   -1.00e+05
2023 01 30  0755    59974   28500      9   -1.00e+05    9   -1.00e+05
2023 01 30  0800    59974   28800      9   -1.00e+05    9   -1.00e+05
2023 01 30  0805    59974   29100      9   -1.00e+05    9   -1.00e+05
2023 01 30  0810    59974   29400      9   -1.00e+05    9   -1.00e+05
2023 01 30  0815    59974   29700      9   -1.00e+05    9   -1.00e+05
2023 01 30  0820    59974   30000      9   -1.00e+05    9   -1.00e+05
2023 01 30  0825    59974   30300      0    1.56e+00    0    1.11e+00
2023 01 30  0830    59974   30600      0    1.47e+00    0    1.03e+00
2023 01 30  0835    59974   30900      0    1.51e+00    0    1.06e+00
2023 01 30  0840    59974   31200      0    1.51e+00    0    1.06e+00
2023 01 30  0845    59974   31500      0    1.50e+00    0    1.07e+00
2023 01 30  0850    59974   31800      0    1.54e+00    0    1.09e+00
2023 01 30  0855    59974   32100      0    1.48e+00    0    1.03e+00
2023 01 30  0900    59974   32400      0    1.48e+00    0    1.05e+00
2023 01 30  0905    59974   32700      0    1.49e+00    0    1.05e+00
2023 01 30  0910    59974   33000      0    1.51e+00    0    1.05e+00
2023 01 30  0915    59974   33300      0    1.50e+00    0    1.06e+00
2023 01 30  0920    59974   33600      0    1.45e+00    0    1.02e+00
2023 01 30  0925    59974   33900      0    1.50e+00    0    1.06e+00
2023 01 30  0930    59974   34200      0    1.59e+00    0    1.12e+00
2023 01 30  0935    59974   34500      0    1.53e+00    0    1.08e+00
2023 01 30  0940    59974   34800      0    1.52e+00    0    1.07e+00
2023 01 30  0945    59974   35100      0    1.50e+00    0    1.06e+00
2023 01 30  0950    59974   35400      0    1.51e+00    0    1.06e+00
2023 01 30  0955    59974   35700      9   -1.00e+05    9   -1.00e+05
2023 01 30  1000    59974   36000      0    1.48e+00    0    1.04e+00
2023 01 30  1005    59974   36300      0    1.47e+00    0    1.03e+00
2023 01 30  1010    59974   36600      0    1.53e+00    0    1.08e+00
2023 01 30  1015    59974   36900      0    1.53e+00    0    1.07e+00
2023 01 30  1020    59974   37200      0    1.50e+00    0    1.06e+00
2023 01 30  1025    59974   37500      0    1.51e+00    0    1.07e+00
2023 01 30  1030    59974   37800      0    1.55e+00    0    1.10e+00
2023 01 30  1035    59974   38100      0    1.51e+00    0    1.07e+00
2023 01 30  1040    59974   38400      0    1.50e+00    0    1.06e+00
2023 01 30  1045    59974   38700      0    1.51e+00    0    1.07e+00
2023 01 30  1050    59974   39000      0    1.51e+00    0    1.07e+00
2023 01 30  1055    59974   39300      0    1.49e+00    0    1.06e+00
2023 01 30  1100    59974   39600      0    1.51e+00    0    1.06e+00
2023 01 30  1105    59974   39900      0    1.51e+00    0    1.06e+00
2023 01 30  1110    59974   40200      0    1.49e+00    0    1.05e+00
2023 01 30  1115    59974   40500      0    1.51e+00    0    1.07e+00
2023 01 30  1120    59974   40800      0    1.48e+00    0    1.04e+00
2023 01 30  1125    59974   41100      0    1.49e+00    0    1.05e+00
2023 01 30  1130    59974   41400      0    1.50e+00    0    1.06e+00
2023 01 30  1135    59974   41700      0    1.45e+00    0    1.01e+00
2023 01 30  1140    59974   42000      0    1.48e+00    0    1.05e+00
2023 01 30  1145    59974   42300      0    1.57e+00    0    1.10e+00
2023 01 30  1150    59974   42600      0    1.53e+00    0    1.07e+00
2023 01 30  1155    59974   42900      0    1.55e+00    0    1.09e+00
2023 01 30  1200    59974   43200      0    1.49e+00    0    1.05e+00
2023 01 30  1205    59974   43500      0    1.48e+00    0    1.03e+00
2023 01 30  1210    59974   43800      0    1.49e+00    0    1.05e+00
2023 01 30  1215    59974   44100      0    1.46e+00    0    1.03e+00
2023 01 30  1220    59974   44400      0    1.48e+00    0    1.05e+00
2023 01 30  1225    59974   44700      0    1.51e+00    0    1.07e+00
2023 01 30  1230    59974   45000      0    1.52e+00    0    1.09e+00
2023 01 30  1235    59974   45300      0    1.51e+00    0    1.08e+00
2023 01 30  1240    59974   45600      0    1.51e+00    0    1.06e+00
2023 01 30  1245    59974   45900      0    1.56e+00    0    1.13e+00
2023 01 30  1250    59974   46200      0    1.48e+00    0    1.04e+00
2023 01 30  1255    59974   46500      0    1.56e+00    0    1.08e+00
2023 01 30  1300    59974   46800      9   -1.00e+05    9   -1.00e+05
2023 01 30  1305    59974   47100      9   -1.00e+05    9   -1.00e+05
2023 01 30  1310    59974   47400      0    1.49e+00    0    1.03e+00
2023 01 30  1315    59974   47700      9   -1.00e+05    9   -1.00e+05
2023 01 30  1320    59974   48000      9   -1.00e+05    9   -1.00e+05
2023 01 30  1325    59974   48300      0    1.48e+00    0    1.03e+00
2023 01 30  1330    59974   48600      0    1.53e+00    0    1.07e+00
2023 01 30  1335    59974   48900      0    1.51e+00    0    1.07e+00
2023 01 30  1340    59974   49200      0    1.49e+00    0    1.06e+00
2023 01 30  1345    59974   49500      0    1.47e+00    0    1.05e+00
2023 01 30  1350    59974   49800      0    1.51e+00    0    1.04e+00
2023 01 30  1355    59974   50100      0    1.53e+00    0    1.07e+00
2023 01 30  1400    59974   50400      0    1.61e+00    0    1.14e+00
2023 01 30  1405    59974   50700      0    1.56e+00    0    1.08e+00
2023 01 30  1410    59974   51000      0    1.41e+00    0    1.01e+00
2023 01 30  1415    59974   51300      0    1.66e+00    0    1.15e+00
2023 01 30  1420    59974   51600      0    1.48e+00    0    1.02e+00
2023 01 30  1425    59974   51900      0    1.48e+00    0    9.99e-01
2023 01 30  1430    59974   52200      0    1.53e+00    0    1.06e+00
2023 01 30  1435    59974   52500      0    1.44e+00    0    1.02e+00
2023 01 30  1440    59974   52800      0    1.53e+00    0    1.08e+00
2023 01 30  1445    59974   53100      0    1.54e+00    0    1.10e+00
2023 01 30  1450    59974   53400      0    1.49e+00    0    1.08e+00
2023 01 30  1455    59974   53700      0    1.51e+00    0    1.05e+00
2023 01 30  1500    59974   54000      0    1.58e+00    0    1.05e+00
2023 01 30  1505    59974   54300      0    1.54e+00    0    1.05e+00
2023 01 30  1510    59974   54600      0    1.50e+00    0    1.07e+00
2023 01 30  1515    59974   54900      0    1.58e+00    0    1.12e+00
2023 01 30  1520    59974   55200      9   -1.00e+05    9   -1.00e+05
2023 01 30  1525    59974   55500      0    1.53e+00    0    1.06e+00
2023 01 30  1530    59974   55800      0    1.55e+00    0    1.08e+00
2023 01 30  1535    59974   56100      0    1.54e+00    0    1.07e+00
2023 01 30  1540    59974   56400      0    1.54e+00    0    1.09e+00
2023 01 30  1545    59974   56700      0    1.53e+00    0    1.08e+00
2023 01 30  1550    59974   57000      0    1.53e+00    0    1.05e+00
2023 01 30  1555    59974   57300      9   -1.00e+05    9   -1.00e+05
2023 01 30  1600    59974   57600      0    1.48e+00    0    1.05e+00
2023 01 30  1605    59974   57900      9   -1.00e+05    9   -1.00e+05
2023 01 30  1610    59974   58200      0    1.21e+04    0    7.36e+03
2023 01 30  1615    59974   58500      0    1.44e+00    0    9.92e-01
2023 01 30  1620    59974   58800      0    1.64e+00    0    1.20e+00
2023 01 30  1625    59974   59100      0    1.62e+00    0    1.13e+00
2023 01 30  1630    59974   59400      0    1.46e+00    0    1.01e+00
2023 01 30  1635    59974   59700      0    1.51e+00    0    1.08e+00
2023 01 30  1640    59974   60000      0    1.49e+00    0    1.04e+00
2023 01 30  1645    59974   60300      0    1.49e+00    0    1.06e+00
2023 01 30  1650    59974   60600      0    1.51e+00    0    1.07e+00
2023 01 30  1655    59974   60900      0    1.55e+00    0    1.10e+00
2023 01 30  1700    59974   61200      0    1.51e+00    0    1.07e+00
2023 01 30  1705    59974   61500      0    1.54e+00    0    1.10e+00
2023 01 30  1710    59974   61800      9   -1.00e+05    9   -1.00e+05
2023 01 30  1715    59974   62100      0    1.63e+00    0    1.16e+00
2023 01 30  1720    59974   62400      0    1.43e+00    0    9.82e-01
2023 01 30  1725    59974   62700      0    1.57e+00    0    1.11e+00
2023 01 30  1730    59974   63000      0    1.55e+00    0    1.11e+00
2023 01 30  1735    59974   63300      0    1.47e+00    0    1.01e+00
2023 01 30  1740    59974   63600      0    1.48e+00    0    1.04e+00
2023 01 30  1745    59974   63900      0    1.46e+00    0    1.04e+00
2023 01 30  1750    59974   64200      0    1.51e+00    0    1.08e+00
2023 01 30  1755    59974   64500      0    1.48e+00    0    1.04e+00
2023 01 30  1800    59974   64800      0    1.53e+00    0    1.08e+00
2023 01 30  1805    59974   65100      0    1.57e+00    0    1.11e+00
2023 01 30  1810    59974   65400      0    1.46e+00    0    1.04e+00
2023 01 30  1815    59974   65700      0    1.51e+00    0    1.07e+00
2023 01 30  1820    59974   66000      0    1.48e+00    0    1.05e+00
2023 01 30  1825    59974   66300      0    1.51e+00    0    1.07e+00
2023 01 30  1830    59974   66600      0    1.48e+00    0    1.03e+00
2023 01 30  1835    59974   66900      0    1.54e+00    0    1.08e+00
2023 01 30  1840    59974   67200      0    1.50e+00    0    1.06e+00
2023 01 30  1845    59974   67500      0    1.54e+00    0    1.08e+00
2023 01 30  1850    59974   67800      0    1.47e+00    0    1.04e+00
2023 01 30  1855    59974   68100      0    1.52e+00    0    1.07e+00
2023 01 30  1900    59974   68400      0    1.49e+00    0    1.05e+00
2023 01 30  1905    59974   68700      0    1.47e+00    0    1.04e+00
2023 01 30  1910    59974   69000      0    1.50e+00    0    1.06e+00
2023 01 30  1915    59974   69300      0    1.54e+00    0    1.09e+00
2023 01 30  1920    59974   69600      0    1.51e+00    0    1.07e+00
2023 01 30  1925    59974   69900      0    1.52e+00    0    1.07e+00
2023 01 30  1930    59974   70200      0    1.50e+00    0    1.06e+00
2023 01 30  1935    59974   70500      0    1.49e+00    0    1.05e+00
2023 01 30  1940    59974   70800      0    1.48e+00    0    1.06e+00
2023 01 30  1945    59974   71100      0    1.52e+00    0    1.08e+00
2023 01 30  1950    59974   71400      0    1.53e+00    0    1.08e+00
2023 01 30  1955    59974   71700      0    1.50e+00    0    1.05e+00
2023 01 30  2000    59974   72000      0    1.50e+00    0    1.04e+00
2023 01 30  2005    59974   72300      0    1.50e+00    0    1.05e+00
2023 01 30  2010    59974   72600      0    1.48e+00    0    1.05e+00
2023 01 30  2015    59974   72900      0    1.49e+00    0    1.04e+00
2023 01 30  2020    59974   73200      0    1.49e+00    0    1.06e+00
2023 01 30  2025    59974   73500      0    1.47e+00    0    1.02e+00
2023 01 30  2030    59974   73800      0    1.45e+00    0    1.01e+00
2023 01 30  2035    59974   74100      0    1.53e+00    0    1.07e+00
2023 01 30  2040    59974   74400      0    1.47e+00    0    1.04e+00
2023 01 30  2045    59974   74700      0    1.50e+00    0    1.07e+00
2023 01 30  2050    59974   75000      0    1.50e+00    0    1.06e+00
2023 01 30  2055    59974   75300      0    1.52e+00    0    1.07e+00
2023 01 30  2100    59974   75600      0    1.51e+00    0    1.07e+00
2023 01 30  2105    59974   75900      0    1.49e+00    0    1.06e+00
2023 01 30  2110    59974   76200      0    1.50e+00    0    1.06e+00
2023 01 30  2115    59974   76500      0    1.47e+00    0    1.04e+00
2023 01 30  2120    59974   76800      0    1.45e+00    0    1.02e+00
2023 01 30  2125    59974   77100      0    1.50e+00    0    1.06e+00
2023 01 30  2130    59974   77400      0    1.47e+00    0    1.04e+00
2023 01 30  2135    59974   77700      0    1.52e+00    0    1.06e+00
2023 01 30  2140    59974   78000      0    1.51e+00    0    1.07e+00
2023 01 30  2145    59974   78300      0    1.50e+00    0    1.05e+00
2023 01 30  2150    59974   78600      0    1.48e+00    0    1.05e+00
2023 01 30  2155    59974   78900      9   -1.00e+05    9   -1.00e+05
2023 01 30  2200    59974   79200      0    1.49e+00    0    1.05e+00
2023 01 30  2205    59974   79500      0    1.55e+00    0    1.10e+00
2023 01 30  2210    59974   79800      9   -1.00e+05    9   -1.00e+05
2023 01 30  2215    59974   80100      9   -1.00e+05    9   -1.00e+05
2023 01 30  2220    59974   80400      9   -1.00e+05    9   -1.00e+05
2023 01 30  2225    59974   80700      9   -1.00e+05    9   -1.00e+05
2023 01 30  2230    59974   81000      9   -1.00e+05    9   -1.00e+05
2023 01 30  2235    59974   81300      9   -1.00e+05    9   -1.00e+05
2023 01 30  2240    59974   81600      9   -1.00e+05    9   -1.00e+05
2023 01 30  2245    59974   81900      9   -1.00e+05    9   -1.00e+05
2023 01 30  2250    59974   82200      9   -1.00e+05    9   -1.00e+05
2023 01 30  2255    59974   82500      9   -1.00e+05    9   -1.00e+05
2023 01 30  2300    59974   82800      9   -1.00e+05    9   -1.00e+05
2023 01 30  2305    59974   83100      9   -1.00e+05    9   -1.00e+05
2023 01 30  2310    59974   83400      9   -1.00e+05    9   -1.00e+05
2023 01 30  2315    59974   83700      9   -1.00e+05    9   -1.00e+05
2023 01 30  2320    59974   84000      9   -1.00e+05    9   -1.00e+05
2023 01 30  2325    59974   84300      9   -1.00e+05    9   -1.00e+05
2023 01 30  2330    59974   84600      9   -1.00e+05    9   -1.00e+05
2023 01 30  2335    59974   84900      9   -1.00e+05    9   -1.00e+05
2023 01 30  2340    59974   85200      0    1.47e+00    0    1.03e+00
2023 01 30  2345    59974   85500      0    1.48e+00    0    1.04e+00
2023 01 30  2350    59974   85800      0    1.49e+00    0    1.05e+00
2023 01 30  2355    59974   86100      0    1.49e+00    0    1.05e+00
