:Data_list: 20230227_ace_epam_5m.txt
:Created: 2023 Feb 27 1001 UT
# Prepared by the U.S. Dept. of Commerce, NOAA, Space Weather Prediction Center
# Please send comments and suggestions to SWPC.Webmaster@noaa.gov 
# 
# Units: Differential Flux particles/cm2-s-ster-MeV
# Units: Anisotropy Index 0.0 - 2.0
# Status(S): 0 = nominal, 4,6,7,8 = bad data, unable to process, 9 = no data
# Missing data values: -1.00e+05, index = -1.00
# Source: ACE Satellite - Electron, Proton, and Alpha Monitor
#
#
#                      5-minute averaged Real-time Differential Electron and Proton Flux 
# 
#                Modified Seconds ---------------------------- Differential Flux ---------------------------
# UT Date   Time  Julian  of the  ----- Electron -----   ------------------- Protons keV -------------------   Anis.
# YR MO DA  HHMM    Day    Day    S    38-53   175-315   S    47-68   115-195   310-580   795-1193 1060-1900   Index
#-------------------------------------------------------------------------------------------------------------------
2023 02 27  0000   60002       0  0  1.76e+04  2.37e+02  0  5.76e+04  2.13e+04  6.46e+03  3.63e+03  9.74e+02  -1.00
2023 02 27  0005   60002     300  0  1.75e+04  2.29e+02  0  6.17e+04  2.14e+04  6.27e+03  3.81e+03  9.12e+02  -1.00
2023 02 27  0010   60002     600  0  1.72e+04  2.27e+02  0  6.43e+04  2.14e+04  6.19e+03  3.79e+03  8.97e+02  -1.00
2023 02 27  0015   60002     900  0  1.77e+04  2.31e+02  0  6.14e+04  2.26e+04  6.82e+03  4.08e+03  1.01e+03  -1.00
2023 02 27  0020   60002    1200  0  1.73e+04  2.18e+02  0  6.34e+04  2.35e+04  7.11e+03  4.25e+03  1.02e+03  -1.00
2023 02 27  0025   60002    1500  0  1.62e+04  2.24e+02  0  6.49e+04  2.40e+04  7.15e+03  3.86e+03  1.01e+03  -1.00
2023 02 27  0030   60002    1800  0  1.50e+04  2.17e+02  0  6.64e+04  2.41e+04  6.99e+03  3.56e+03  9.54e+02  -1.00
2023 02 27  0035   60002    2100  0  1.46e+04  2.18e+02  0  7.84e+04  2.92e+04  8.50e+03  3.85e+03  1.16e+03  -1.00
2023 02 27  0040   60002    2400  0  1.47e+04  2.18e+02  0  7.31e+04  2.72e+04  7.92e+03  4.02e+03  1.08e+03  -1.00
2023 02 27  0045   60002    2700  0  1.58e+04  2.11e+02  0  6.94e+04  2.48e+04  7.11e+03  4.21e+03  9.50e+02  -1.00
2023 02 27  0050   60002    3000  0  1.55e+04  2.02e+02  0  5.45e+04  2.02e+04  5.95e+03  3.82e+03  8.16e+02  -1.00
2023 02 27  0055   60002    3300  0  1.49e+04  2.15e+02  0  4.96e+04  1.73e+04  4.82e+03  3.42e+03  6.68e+02  -1.00
2023 02 27  0100   60002    3600  0  1.42e+04  2.00e+02  0  6.21e+04  2.33e+04  6.86e+03  3.85e+03  9.62e+02  -1.00
2023 02 27  0105   60002    3900  0  1.44e+04  2.06e+02  0  7.34e+04  2.70e+04  7.91e+03  4.50e+03  1.07e+03  -1.00
2023 02 27  0110   60002    4200  0  1.49e+04  1.93e+02  0  7.75e+04  2.79e+04  8.07e+03  4.77e+03  1.10e+03  -1.00
2023 02 27  0115   60002    4500  0  1.50e+04  2.06e+02  0  7.78e+04  2.75e+04  7.93e+03  4.68e+03  1.07e+03  -1.00
2023 02 27  0120   60002    4800  0  1.48e+04  1.95e+02  0  8.02e+04  2.78e+04  7.81e+03  4.24e+03  1.05e+03  -1.00
2023 02 27  0125   60002    5100  0  1.40e+04  1.90e+02  0  8.10e+04  2.86e+04  8.19e+03  4.11e+03  1.11e+03  -1.00
2023 02 27  0130   60002    5400  0  1.44e+04  1.84e+02  0  7.57e+04  2.59e+04  7.43e+03  4.63e+03  1.02e+03  -1.00
2023 02 27  0135   60002    5700  0  1.50e+04  1.98e+02  0  8.04e+04  2.67e+04  7.41e+03  4.58e+03  1.02e+03  -1.00
2023 02 27  0140   60002    6000  0  1.39e+04  1.86e+02  0  8.69e+04  2.91e+04  8.08e+03  4.53e+03  1.12e+03  -1.00
2023 02 27  0145   60002    6300  0  1.34e+04  1.91e+02  0  8.65e+04  2.87e+04  7.78e+03  4.19e+03  1.05e+03  -1.00
2023 02 27  0150   60002    6600  0  1.34e+04  1.92e+02  0  8.22e+04  2.62e+04  6.77e+03  3.73e+03  8.60e+02  -1.00
2023 02 27  0155   60002    6900  0  1.31e+04  1.74e+02  0  7.57e+04  2.26e+04  5.68e+03  3.63e+03  7.24e+02  -1.00
2023 02 27  0200   60002    7200  0  1.30e+04  1.81e+02  0  7.47e+04  2.28e+04  5.70e+03  3.27e+03  7.23e+02  -1.00
2023 02 27  0205   60002    7500  0  1.31e+04  1.77e+02  0  7.36e+04  2.30e+04  5.85e+03  3.42e+03  7.37e+02  -1.00
2023 02 27  0210   60002    7800  0  1.32e+04  1.76e+02  0  7.29e+04  2.24e+04  5.74e+03  3.35e+03  7.34e+02  -1.00
2023 02 27  0215   60002    8100  0  1.21e+04  1.71e+02  0  7.43e+04  2.26e+04  5.73e+03  3.12e+03  7.33e+02  -1.00
2023 02 27  0220   60002    8400  0  1.20e+04  1.71e+02  0  7.38e+04  2.33e+04  5.89e+03  3.15e+03  7.46e+02  -1.00
2023 02 27  0225   60002    8700  0  1.29e+04  1.68e+02  0  7.35e+04  2.34e+04  5.97e+03  3.35e+03  7.66e+02  -1.00
2023 02 27  0230   60002    9000  0  1.20e+04  1.76e+02  0  7.37e+04  2.29e+04  5.75e+03  3.28e+03  7.31e+02  -1.00
2023 02 27  0235   60002    9300  0  1.10e+04  1.76e+02  0  7.33e+04  2.25e+04  5.68e+03  3.23e+03  7.66e+02  -1.00
2023 02 27  0240   60002    9600  0  1.14e+04  1.69e+02  0  7.29e+04  2.35e+04  5.97e+03  3.25e+03  7.67e+02  -1.00
2023 02 27  0245   60002    9900  0  1.16e+04  1.78e+02  0  7.06e+04  2.47e+04  6.54e+03  2.97e+03  8.54e+02  -1.00
2023 02 27  0250   60002   10200  0  1.13e+04  1.77e+02  0  6.99e+04  2.42e+04  6.23e+03  2.75e+03  7.95e+02  -1.00
2023 02 27  0255   60002   10500  0  1.02e+04  1.70e+02  0  8.11e+04  2.68e+04  7.23e+03  2.94e+03  1.19e+03  -1.00
2023 02 27  0300   60002   10800  0  1.08e+04  1.63e+02  0  7.26e+04  2.38e+04  5.81e+03  2.68e+03  7.14e+02  -1.00
2023 02 27  0305   60002   11100  0  1.06e+04  1.56e+02  0  7.49e+04  2.37e+04  5.67e+03  2.65e+03  6.93e+02  -1.00
2023 02 27  0310   60002   11400  0  1.05e+04  1.63e+02  0  7.24e+04  2.35e+04  5.62e+03  2.61e+03  6.83e+02  -1.00
2023 02 27  0315   60002   11700  0  1.08e+04  1.60e+02  0  7.14e+04  2.30e+04  5.56e+03  2.61e+03  6.87e+02  -1.00
2023 02 27  0320   60002   12000  0  1.03e+04  1.59e+02  0  7.57e+04  2.36e+04  5.62e+03  2.58e+03  6.83e+02  -1.00
2023 02 27  0325   60002   12300  0  1.02e+04  1.53e+02  0  7.59e+04  2.39e+04  5.67e+03  2.59e+03  6.87e+02  -1.00
2023 02 27  0330   60002   12600  0  1.02e+04  1.55e+02  0  7.45e+04  2.32e+04  5.48e+03  2.60e+03  6.67e+02  -1.00
2023 02 27  0335   60002   12900  0  1.06e+04  1.61e+02  0  7.32e+04  2.30e+04  5.46e+03  2.59e+03  6.66e+02  -1.00
2023 02 27  0340   60002   13200  0  1.01e+04  1.59e+02  0  7.31e+04  2.27e+04  5.40e+03  2.57e+03  6.61e+02  -1.00
2023 02 27  0345   60002   13500  0  1.00e+04  1.64e+02  0  7.28e+04  2.22e+04  5.35e+03  2.59e+03  6.58e+02  -1.00
2023 02 27  0350   60002   13800  0  1.03e+04  1.48e+02  0  7.02e+04  2.19e+04  5.30e+03  2.52e+03  6.46e+02  -1.00
2023 02 27  0355   60002   14100 -1 -1.00e+05 -1.00e+05 -1 -1.00e+05 -1.00e+05 -1.00e+05 -1.00e+05 -1.00e+05  -1.00
2023 02 27  0400   60002   14400  0  9.88e+03  1.56e+02  0  7.10e+04  2.19e+04  5.31e+03  2.46e+03  6.51e+02  -1.00
2023 02 27  0405   60002   14700  0  9.97e+03  1.63e+02  0  6.90e+04  2.16e+04  5.23e+03  2.46e+03  6.42e+02  -1.00
2023 02 27  0410   60002   15000  0  9.70e+03  1.47e+02  0  7.24e+04  2.23e+04  5.34e+03  2.44e+03  6.47e+02  -1.00
2023 02 27  0415   60002   15300  0  9.94e+03  1.53e+02  0  7.25e+04  2.32e+04  5.45e+03  2.43e+03  6.49e+02  -1.00
2023 02 27  0420   60002   15600  0  9.36e+03  1.44e+02  0  7.46e+04  2.33e+04  5.44e+03  2.42e+03  6.46e+02  -1.00
2023 02 27  0425   60002   15900  0  9.66e+03  1.42e+02  0  7.65e+04  2.34e+04  5.40e+03  2.38e+03  6.44e+02  -1.00
2023 02 27  0430   60002   16200  0  9.77e+03  1.45e+02  0  7.57e+04  2.34e+04  5.42e+03  2.36e+03  6.43e+02  -1.00
2023 02 27  0435   60002   16500  0  9.47e+03  1.46e+02  0  7.53e+04  2.33e+04  5.40e+03  2.37e+03  6.35e+02  -1.00
2023 02 27  0440   60002   16800  0  9.56e+03  1.41e+02  0  7.55e+04  2.31e+04  5.40e+03  2.38e+03  6.33e+02  -1.00
2023 02 27  0445   60002   17100  0  9.37e+03  1.41e+02  0  7.68e+04  2.34e+04  5.38e+03  2.36e+03  6.36e+02  -1.00
2023 02 27  0450   60002   17400  0  9.34e+03  1.44e+02  0  8.48e+04  2.40e+04  5.52e+03  2.35e+03  6.45e+02  -1.00
2023 02 27  0455   60002   17700  0  9.01e+03  1.35e+02  0  8.05e+04  2.35e+04  5.41e+03  2.30e+03  6.36e+02  -1.00
2023 02 27  0500   60002   18000  0  9.42e+03  1.39e+02  0  7.54e+04  2.30e+04  5.42e+03  2.30e+03  6.37e+02  -1.00
2023 02 27  0505   60002   18300  0  8.77e+03  1.34e+02  0  8.14e+04  2.35e+04  5.56e+03  2.20e+03  6.55e+02  -1.00
2023 02 27  0510   60002   18600  0  8.91e+03  1.41e+02  0  8.03e+04  2.32e+04  5.54e+03  2.17e+03  6.64e+02  -1.00
2023 02 27  0515   60002   18900  0  9.19e+03  1.50e+02  0  7.13e+04  2.25e+04  5.40e+03  2.28e+03  6.39e+02  -1.00
2023 02 27  0520   60002   19200  0  8.46e+03  1.34e+02  0  6.41e+04  2.39e+04  6.10e+03  2.31e+03  7.33e+02  -1.00
2023 02 27  0525   60002   19500  0  8.29e+03  1.47e+02  0  6.80e+04  2.53e+04  6.63e+03  2.62e+03  8.18e+02  -1.00
2023 02 27  0530   60002   19800  0  8.70e+03  1.42e+02  0  5.98e+04  2.30e+04  5.99e+03  3.02e+03  7.14e+02  -1.00
2023 02 27  0535   60002   20100  0  9.09e+03  1.54e+02  0  4.72e+04  1.75e+04  4.44e+03  2.85e+03  5.17e+02  -1.00
2023 02 27  0540   60002   20400  0  8.46e+03  1.36e+02  0  4.47e+04  1.68e+04  3.90e+03  2.07e+03  4.52e+02  -1.00
2023 02 27  0545   60002   20700  0  8.69e+03  1.45e+02  0  4.15e+04  1.56e+04  3.74e+03  2.15e+03  4.40e+02  -1.00
2023 02 27  0550   60002   21000  0  9.08e+03  1.29e+02  0  4.01e+04  1.50e+04  3.72e+03  2.34e+03  4.29e+02  -1.00
2023 02 27  0555   60002   21300  0  8.69e+03  1.39e+02  0  4.18e+04  1.54e+04  3.82e+03  2.41e+03  4.40e+02  -1.00
2023 02 27  0600   60002   21600  0  9.03e+03  1.44e+02  0  3.95e+04  1.55e+04  3.79e+03  2.50e+03  4.27e+02  -1.00
2023 02 27  0605   60002   21900  0  9.21e+03  1.35e+02  0  3.76e+04  1.40e+04  3.39e+03  2.33e+03  3.82e+02  -1.00
2023 02 27  0610   60002   22200  0  8.43e+03  1.35e+02  0  3.77e+04  1.34e+04  3.25e+03  2.01e+03  3.90e+02  -1.00
2023 02 27  0615   60002   22500  0  9.05e+03  1.39e+02  0  3.70e+04  1.94e+04  5.66e+03  2.09e+03  4.06e+02  -1.00
2023 02 27  0620   60002   22800  0  8.94e+03  1.44e+02  0  3.78e+04  1.31e+04  3.16e+03  2.13e+03  3.94e+02  -1.00
2023 02 27  0625   60002   23100  0  8.68e+03  1.37e+02  0  3.93e+04  1.37e+04  3.25e+03  1.96e+03  3.89e+02  -1.00
2023 02 27  0630   60002   23400  0  8.31e+03  1.36e+02  0  3.65e+04  1.23e+04  3.04e+03  1.88e+03  3.69e+02  -1.00
2023 02 27  0635   60002   23700  0  8.20e+03  1.36e+02  0  4.42e+04  1.64e+04  3.85e+03  1.85e+03  4.61e+02  -1.00
2023 02 27  0640   60002   24000  0  8.43e+03  1.45e+02  0  4.40e+04  1.58e+04  3.73e+03  1.75e+03  4.43e+02  -1.00
2023 02 27  0645   60002   24300  0  8.49e+03  1.36e+02  0  4.25e+04  1.53e+04  3.60e+03  1.75e+03  4.23e+02  -1.00
2023 02 27  0650   60002   24600  0  8.73e+03  1.49e+02  0  4.13e+04  1.46e+04  3.49e+03  1.82e+03  4.21e+02  -1.00
2023 02 27  0655   60002   24900  0  9.01e+03  1.38e+02  0  3.53e+04  1.20e+04  2.92e+03  1.86e+03  3.59e+02  -1.00
2023 02 27  0700   60002   25200  0  9.04e+03  1.38e+02  0  3.48e+04  1.13e+04  2.78e+03  1.80e+03  3.44e+02  -1.00
2023 02 27  0705   60002   25500  0  9.03e+03  1.30e+02  0  3.53e+04  1.16e+04  2.82e+03  1.85e+03  3.42e+02  -1.00
2023 02 27  0710   60002   25800  0  8.84e+03  1.32e+02  0  3.61e+04  1.24e+04  3.01e+03  1.85e+03  3.67e+02  -1.00
2023 02 27  0715   60002   26100  0  8.61e+03  1.31e+02  0  4.14e+04  1.49e+04  3.49e+03  1.75e+03  4.06e+02  -1.00
2023 02 27  0720   60002   26400  0  8.24e+03  1.44e+02  0  4.22e+04  1.52e+04  3.56e+03  1.81e+03  4.17e+02  -1.00
2023 02 27  0725   60002   26700  0  8.35e+03  1.31e+02  0  3.91e+04  1.37e+04  3.17e+03  1.79e+03  3.80e+02  -1.00
2023 02 27  0730   60002   27000  0  8.39e+03  1.44e+02  0  4.22e+04  1.53e+04  3.51e+03  1.84e+03  4.11e+02  -1.00
2023 02 27  0735   60002   27300  0  8.20e+03  1.35e+02  0  4.05e+04  1.42e+04  3.25e+03  1.71e+03  3.86e+02  -1.00
2023 02 27  0740   60002   27600  0  7.81e+03  1.33e+02  0  4.18e+04  1.46e+04  3.32e+03  1.69e+03  3.87e+02  -1.00
2023 02 27  0745   60002   27900  0  7.95e+03  1.31e+02  0  3.99e+04  1.38e+04  3.17e+03  1.69e+03  3.73e+02  -1.00
2023 02 27  0750   60002   28200  0  8.04e+03  1.32e+02  0  4.17e+04  1.45e+04  3.34e+03  1.64e+03  4.01e+02  -1.00
2023 02 27  0755   60002   28500  0  7.98e+03  1.23e+02  0  3.87e+04  1.35e+04  3.16e+03  1.77e+03  3.75e+02  -1.00
2023 02 27  0800   60002   28800  0  8.24e+03  1.32e+02  0  3.75e+04  1.30e+04  3.06e+03  1.77e+03  3.75e+02  -1.00
2023 02 27  0805   60002   29100  0  8.89e+03  1.28e+02  0  3.63e+04  1.25e+04  2.93e+03  1.82e+03  3.53e+02  -1.00
2023 02 27  0810   60002   29400  0  8.36e+03  1.30e+02  0  3.57e+04  1.24e+04  2.90e+03  1.79e+03  3.52e+02  -1.00
2023 02 27  0815   60002   29700  0  8.21e+03  1.28e+02  0  3.59e+04  1.22e+04  2.89e+03  1.90e+03  3.51e+02  -1.00
2023 02 27  0820   60002   30000  0  8.96e+03  1.28e+02  0  3.81e+04  1.41e+04  3.33e+03  2.01e+03  3.93e+02  -1.00
2023 02 27  0825   60002   30300  0  9.17e+03  1.22e+02  0  4.00e+04  1.43e+04  3.33e+03  1.98e+03  4.03e+02  -1.00
2023 02 27  0830   60002   30600  0  9.69e+03  1.30e+02  0  4.01e+04  1.40e+04  3.24e+03  2.31e+03  3.96e+02  -1.00
2023 02 27  0835   60002   30900  0  9.61e+03  1.16e+02  0  4.10e+04  1.44e+04  3.30e+03  2.28e+03  4.03e+02  -1.00
2023 02 27  0840   60002   31200  0  1.00e+04  1.31e+02  0  5.27e+04  1.91e+04  4.18e+03  2.46e+03  4.95e+02  -1.00
2023 02 27  0845   60002   31500  0  1.21e+04  1.33e+02  0  5.82e+04  2.13e+04  4.83e+03  3.34e+03  6.34e+02  -1.00
2023 02 27  0850   60002   31800  0  1.01e+04  1.29e+02  0  5.51e+04  1.98e+04  4.33e+03  3.22e+03  5.23e+02  -1.00
2023 02 27  0855   60002   32100  0  1.06e+04  1.42e+02  0  5.23e+04  1.85e+04  3.90e+03  3.66e+03  4.62e+02  -1.00
2023 02 27  0900   60002   32400  0  9.02e+03  1.18e+02  0  6.19e+04  2.17e+04  4.10e+03  2.33e+03  4.42e+02  -1.00
2023 02 27  0905   60002   32700  0  7.74e+03  1.20e+02  0  7.84e+04  2.32e+04  3.68e+03  1.64e+03  3.70e+02  -1.00
2023 02 27  0910   60002   33000  0  1.15e+04  4.82e+04  0  8.52e+04  2.07e+04  2.82e+03  1.04e+03  2.80e+02  -1.00
2023 02 27  0915   60002   33300  0  7.87e+03  1.33e+02  0  7.49e+04  2.32e+04  3.16e+03  1.18e+03  2.89e+02  -1.00
2023 02 27  0920   60002   33600  0  7.65e+03  1.22e+02  0  8.33e+04  2.84e+04  3.64e+03  1.31e+03  3.11e+02  -1.00
2023 02 27  0925   60002   33900  0  7.50e+03  1.27e+02  0  8.51e+04  2.74e+04  3.58e+03  1.28e+03  3.13e+02  -1.00
2023 02 27  0930   60002   34200  0  7.76e+03  1.24e+02  0  7.52e+04  2.07e+04  3.14e+03  1.09e+03  2.98e+02  -1.00
2023 02 27  0935   60002   34500  0  7.22e+03  1.13e+02  0  6.52e+04  1.98e+04  3.10e+03  1.09e+03  2.94e+02  -1.00
2023 02 27  0940   60002   34800  0  6.94e+03  1.21e+02  0  5.85e+04  1.81e+04  2.99e+03  1.09e+03  3.00e+02  -1.00
2023 02 27  0945   60002   35100  0  7.12e+03  1.26e+02  0  7.47e+04  2.02e+04  3.01e+03  1.05e+03  3.02e+02  -1.00
2023 02 27  0950   60002   35400  0  7.96e+03  1.29e+02  0  5.02e+04  1.49e+04  2.45e+03  9.29e+02  2.81e+02  -1.00
2023 02 27  0955   60002   35700 -1 -1.00e+05 -1.00e+05 -1 -1.00e+05 -1.00e+05 -1.00e+05 -1.00e+05 -1.00e+05  -1.00
