:Data_list: 20231209_ace_mag_1m.txt
:Created: 2023 Dec 09 1001 UT
# Prepared by the U.S. Dept. of Commerce, NOAA, Space Weather Prediction Center
# Please send comments and suggestions to SWPC.Webmaster@noaa.gov 
# 
# Magnetometer values are in GSM coordinates.
# 
# Units: Bx, By, Bz, Bt in nT
# Units: Latitude  degrees +/-  90.0
# Units: Longitude degrees 0.0 - 360.0
# Status(S): 0 = nominal data, 1 to 8 = bad data record, 9 = no data
# Missing data values: -999.9
# Source: ACE Satellite - Magnetometer
#
#              1-minute averaged Real-time Interplanetary Magnetic Field Values 
# 
#                 Modified Seconds
# UT Date   Time  Julian   of the   ----------------  GSM Coordinates ---------------
# YR MO DA  HHMM    Day      Day    S     Bx      By      Bz      Bt     Lat.   Long.
#------------------------------------------------------------------------------------
2023 12 09  0000   60287       0    0     3.2    -2.8     2.0     4.7    25.9   318.6
2023 12 09  0001   60287      60    0     3.1    -2.9     2.1     4.7    25.9   317.2
2023 12 09  0002   60287     120    0     2.9    -3.0     2.2     4.7    27.7   314.5
2023 12 09  0003   60287     180    0     2.9    -3.1     2.1     4.8    26.5   313.3
2023 12 09  0004   60287     240    0     3.0    -3.1     2.1     4.8    25.9   313.9
2023 12 09  0005   60287     300    0     3.0    -3.0     2.1     4.7    26.7   314.2
2023 12 09  0006   60287     360    0     3.1    -2.9     2.2     4.8    27.2   316.5
2023 12 09  0007   60287     420    0     3.1    -3.1     1.8     4.7    22.3   314.7
2023 12 09  0008   60287     480    0     3.1    -3.1     1.5     4.7    18.9   315.0
2023 12 09  0009   60287     540    0     3.0    -3.3     1.3     4.7    16.3   312.6
2023 12 09  0010   60287     600    0     2.9    -3.3     1.5     4.7    18.8   311.5
2023 12 09  0011   60287     660    0     3.0    -3.1     2.0     4.7    24.6   314.2
2023 12 09  0012   60287     720    0     3.0    -2.9     2.1     4.7    26.5   316.1
2023 12 09  0013   60287     780    0     2.9    -3.4     1.4     4.7    17.2   310.2
2023 12 09  0014   60287     840    0     2.9    -3.7     0.8     4.7     9.5   307.9
2023 12 09  0015   60287     900    0     2.7    -3.8     0.9     4.7    11.5   305.6
2023 12 09  0016   60287     960    0     2.9    -2.4     2.1     4.3    29.0   320.8
2023 12 09  0017   60287    1020    0     3.1    -2.0     2.3     4.4    32.2   326.6
2023 12 09  0018   60287    1080    0     3.1    -2.3     2.1     4.4    28.1   322.8
2023 12 09  0019   60287    1140    0     3.1    -2.4     2.0     4.4    27.4   322.1
2023 12 09  0020   60287    1200    0     3.3    -2.2     2.0     4.4    27.3   326.6
2023 12 09  0021   60287    1260    0     3.2    -2.2     2.1     4.5    28.5   325.5
2023 12 09  0022   60287    1320    0     3.2    -2.2     1.9     4.4    26.4   325.9
2023 12 09  0023   60287    1380    0     3.2    -2.8     1.3     4.4    16.7   318.6
2023 12 09  0024   60287    1440    0     3.2    -2.7     1.6     4.5    20.8   319.4
2023 12 09  0025   60287    1500    0     3.1    -2.7     1.6     4.5    21.6   319.1
2023 12 09  0026   60287    1560    0     3.1    -2.8     1.6     4.5    20.4   317.3
2023 12 09  0027   60287    1620    0     3.0    -2.9     1.6     4.4    20.9   316.5
2023 12 09  0028   60287    1680    0     2.2    -3.4     1.3     4.3    17.4   302.4
2023 12 09  0029   60287    1740    0     1.9    -3.5     1.4     4.3    19.4   298.1
2023 12 09  0030   60287    1800    0     1.8    -3.6     1.5     4.3    19.8   296.8
2023 12 09  0031   60287    1860    0     1.9    -3.6     1.4     4.3    18.9   297.7
2023 12 09  0032   60287    1920    0     1.0    -3.9     1.3     4.2    18.4   284.2
2023 12 09  0033   60287    1980    0     0.8    -4.1     1.4     4.4    18.0   280.5
2023 12 09  0034   60287    2040    0     1.6    -3.8     1.4     4.4    19.0   292.4
2023 12 09  0035   60287    2100    0     2.5    -2.8     1.2     3.9    18.2   312.0
2023 12 09  0036   60287    2160    0     3.5     0.4     1.1     3.7    17.1     6.5
2023 12 09  0037   60287    2220    0     3.5     0.9     0.8     3.7    12.5    14.4
2023 12 09  0038   60287    2280    0     3.6     1.0     0.9     3.8    13.0    15.5
2023 12 09  0039   60287    2340    0     3.5     0.2     1.0     3.7    15.4     3.4
2023 12 09  0040   60287    2400    0     3.5     0.9     0.8     3.7    12.0    14.3
2023 12 09  0041   60287    2460    0     3.4     1.2     0.8     3.7    12.0    19.3
2023 12 09  0042   60287    2520    0     3.4     1.2     0.9     3.7    13.6    20.1
2023 12 09  0043   60287    2580    0     3.3     1.4     1.0     3.7    14.9    22.3
2023 12 09  0044   60287    2640    0     3.3     1.5     0.9     3.8    13.8    24.2
2023 12 09  0045   60287    2700    0     3.2     1.9     0.7     3.8    10.6    29.9
2023 12 09  0046   60287    2760    0     3.3     1.5     0.6     3.7    10.1    23.9
2023 12 09  0047   60287    2820    0     3.4     1.2     0.7     3.7    10.5    19.7
2023 12 09  0048   60287    2880    0     3.4     1.1     0.6     3.6     9.4    17.9
2023 12 09  0049   60287    2940    0     3.4     1.1     0.3     3.6     5.3    18.4
2023 12 09  0050   60287    3000    0     3.5     1.2    -0.5     3.7    -7.6    18.4
2023 12 09  0051   60287    3060    0     3.4     1.3    -0.7     3.7   -10.7    20.2
2023 12 09  0052   60287    3120    0     3.4     1.1    -0.7     3.7   -10.2    18.5
2023 12 09  0053   60287    3180    0     3.4     1.2    -0.4     3.7    -7.1    19.0
2023 12 09  0054   60287    3240    0     3.5     1.1    -0.5     3.7    -7.1    18.0
2023 12 09  0055   60287    3300    0     3.6     1.0    -0.4     3.8    -5.6    15.9
2023 12 09  0056   60287    3360    0     3.6     1.0    -0.3     3.7    -4.2    15.6
2023 12 09  0057   60287    3420    0     3.4     1.1    -0.6     3.6    -9.3    18.4
2023 12 09  0058   60287    3480    0     3.5     0.9    -0.7     3.7   -10.8    14.9
2023 12 09  0059   60287    3540    0     3.5     0.9    -0.6     3.6    -9.9    15.4
2023 12 09  0100   60287    3600    0     3.5     0.9    -0.5     3.7    -8.0    13.7
2023 12 09  0101   60287    3660    0     3.5     0.7    -0.6     3.6   -10.0    11.8
2023 12 09  0102   60287    3720    0     3.5     0.6    -0.6     3.6    -9.1     9.4
2023 12 09  0103   60287    3780    0     3.6     0.4    -0.8     3.7   -12.0     6.9
2023 12 09  0104   60287    3840    0     3.6     0.2    -0.8     3.7   -13.0     3.4
2023 12 09  0105   60287    3900    0     3.6     0.2    -0.7     3.7   -10.6     3.3
2023 12 09  0106   60287    3960    0     3.8     0.3    -0.4     3.8    -6.2     5.2
2023 12 09  0107   60287    4020    0     4.1     0.1     0.3     4.1     3.6     1.1
2023 12 09  0108   60287    4080    0     4.2     0.2     0.3     4.2     4.6     2.3
2023 12 09  0109   60287    4140    0     4.1     0.0     0.3     4.1     4.3     0.1
2023 12 09  0110   60287    4200    0     4.0     0.2    -0.1     4.0    -0.9     2.2
2023 12 09  0111   60287    4260    0     4.1     0.3     0.1     4.1     1.5     4.4
2023 12 09  0112   60287    4320    0     4.2     0.2    -0.1     4.2    -1.1     2.2
2023 12 09  0113   60287    4380    0     4.1     0.3    -0.1     4.2    -0.9     3.5
2023 12 09  0114   60287    4440    0     4.1     0.5    -0.3     4.1    -3.7     6.4
2023 12 09  0115   60287    4500    0     4.1     0.4    -0.2     4.1    -3.0     6.2
2023 12 09  0116   60287    4560    0     4.1     0.3    -0.3     4.1    -3.6     3.8
2023 12 09  0117   60287    4620    0     4.2     0.3    -0.2     4.2    -2.8     4.4
2023 12 09  0118   60287    4680    0     4.1     0.3    -0.2     4.2    -3.1     4.2
2023 12 09  0119   60287    4740    0     4.2     0.2    -0.1     4.2    -1.9     2.6
2023 12 09  0120   60287    4800    0     4.1     0.2    -0.2     4.1    -2.5     2.3
2023 12 09  0121   60287    4860    0     4.3     0.4    -0.2     4.3    -2.7     5.2
2023 12 09  0122   60287    4920    0     4.4     0.5    -0.3     4.4    -3.4     6.4
2023 12 09  0123   60287    4980    0     4.3     0.5    -0.3     4.3    -4.5     6.5
2023 12 09  0124   60287    5040    0     4.3     0.4    -0.4     4.4    -4.7     5.5
2023 12 09  0125   60287    5100    0     4.2     0.3    -0.4     4.2    -5.9     4.4
2023 12 09  0126   60287    5160    0     4.2     0.3    -0.5     4.2    -7.3     3.5
2023 12 09  0127   60287    5220    0     4.1     0.2    -0.6     4.2    -8.8     2.6
2023 12 09  0128   60287    5280    0     4.2     0.2    -0.6     4.3    -7.6     2.3
2023 12 09  0129   60287    5340    0     4.1     0.2    -0.6     4.1    -7.6     2.6
2023 12 09  0130   60287    5400    0     4.1     0.0    -0.7     4.1    -9.5     0.6
2023 12 09  0131   60287    5460    0     4.1    -0.4    -0.8     4.1   -10.8   354.9
2023 12 09  0132   60287    5520    0     4.0    -0.6    -0.9     4.2   -12.8   351.4
2023 12 09  0133   60287    5580    0     4.0     0.3    -0.9     4.1   -12.6     3.8
2023 12 09  0134   60287    5640    0     3.9     0.5    -0.9     4.1   -12.8     7.5
2023 12 09  0135   60287    5700    0     4.0     0.2    -1.1     4.2   -15.6     3.0
2023 12 09  0136   60287    5760    0     3.9     0.1    -1.4     4.1   -19.2     1.4
2023 12 09  0137   60287    5820    0     3.7    -0.9    -1.4     4.0   -20.2   345.6
2023 12 09  0138   60287    5880    0     3.7    -1.0    -1.7     4.2   -24.1   344.2
2023 12 09  0139   60287    5940    0     3.7    -0.7    -1.2     4.0   -18.0   348.5
2023 12 09  0140   60287    6000    0     3.7    -0.4    -1.3     3.9   -19.8   353.2
2023 12 09  0141   60287    6060    0     3.6     0.0    -1.4     3.8   -22.0     0.5
2023 12 09  0142   60287    6120    0     3.6    -0.5    -1.4     3.9   -21.5   352.8
2023 12 09  0143   60287    6180    0     3.8    -0.2    -1.2     4.0   -18.1   357.4
2023 12 09  0144   60287    6240    0     3.8     0.0    -1.4     4.0   -20.1     0.4
2023 12 09  0145   60287    6300    0     3.7     0.1    -1.4     4.0   -21.1     2.3
2023 12 09  0146   60287    6360    0     3.7    -0.8    -1.0     3.9   -14.5   348.1
2023 12 09  0147   60287    6420    0     3.6    -0.2    -1.4     3.9   -20.7   356.4
2023 12 09  0148   60287    6480    0     3.6    -0.7    -0.8     3.8   -12.2   349.2
2023 12 09  0149   60287    6540    0     3.4     0.1    -1.6     3.7   -25.2     2.1
2023 12 09  0150   60287    6600    0     3.1     1.0    -1.7     3.7   -26.9    18.4
2023 12 09  0151   60287    6660    0     2.9     1.7    -1.9     3.8   -29.3    30.2
2023 12 09  0152   60287    6720    0     3.3     1.2    -1.7     3.9   -26.1    20.1
2023 12 09  0153   60287    6780    0     3.4     1.1    -1.5     3.8   -23.2    17.9
2023 12 09  0154   60287    6840    0     3.5     0.9    -1.4     3.9   -21.6    14.3
2023 12 09  0155   60287    6900    0     3.2     0.8    -2.2     3.9   -34.4    13.7
2023 12 09  0156   60287    6960    0     3.3     0.3    -1.8     3.8   -28.1     5.1
2023 12 09  0157   60287    7020    0     3.5     0.2    -1.4     3.8   -22.1     3.4
2023 12 09  0158   60287    7080    0     2.8    -1.2    -2.5     3.9   -40.4   337.2
2023 12 09  0159   60287    7140    0     3.5     0.1    -1.6     3.8   -24.5     2.0
2023 12 09  0200   60287    7200    0     3.4    -0.7    -1.7     3.9   -25.9   348.2
2023 12 09  0201   60287    7260    0     3.4    -0.6    -1.8     3.9   -27.2   350.3
2023 12 09  0202   60287    7320    0     3.4    -0.7    -1.8     3.9   -27.7   348.9
2023 12 09  0203   60287    7380    0     3.4    -0.8    -1.6     3.9   -25.0   346.1
2023 12 09  0204   60287    7440    0     3.5    -0.1    -1.6     3.9   -24.9   357.7
2023 12 09  0205   60287    7500    0     3.3     1.5    -1.8     4.0   -25.7    23.9
2023 12 09  0206   60287    7560    0     3.3     1.3    -2.0     4.1   -29.2    22.2
2023 12 09  0207   60287    7620    0     3.1     1.6    -2.1     4.1   -30.5    27.2
2023 12 09  0208   60287    7680    0     3.2     0.7    -1.6     3.7   -25.6    12.0
2023 12 09  0209   60287    7740    0     3.4    -1.6    -0.7     3.8   -10.7   334.7
2023 12 09  0210   60287    7800    0     3.7    -1.0    -1.0     3.9   -15.1   344.2
2023 12 09  0211   60287    7860    0     3.6    -1.0    -1.2     4.0   -17.2   344.0
2023 12 09  0212   60287    7920    9  -999.9  -999.9  -999.9  -999.9  -999.9  -999.9
2023 12 09  0213   60287    7980    9  -999.9  -999.9  -999.9  -999.9  -999.9  -999.9
2023 12 09  0214   60287    8040    9  -999.9  -999.9  -999.9  -999.9  -999.9  -999.9
2023 12 09  0215   60287    8100    9  -999.9  -999.9  -999.9  -999.9  -999.9  -999.9
2023 12 09  0216   60287    8160    9  -999.9  -999.9  -999.9  -999.9  -999.9  -999.9
2023 12 09  0217   60287    8220    9  -999.9  -999.9  -999.9  -999.9  -999.9  -999.9
2023 12 09  0218   60287    8280    0     3.7    -1.3    -0.8     4.0   -11.3   340.3
2023 12 09  0219   60287    8340    0     3.8    -1.3    -0.8     4.1   -11.3   341.0
2023 12 09  0220   60287    8400    0     3.8    -1.2    -0.7     4.1   -10.6   342.8
2023 12 09  0221   60287    8460    9  -999.9  -999.9  -999.9  -999.9  -999.9  -999.9
2023 12 09  0222   60287    8520    0     3.9    -1.1    -0.7     4.1   -10.5   344.7
2023 12 09  0223   60287    8580    0     3.8    -1.0    -0.7     4.0    -9.7   344.7
2023 12 09  0224   60287    8640    0     3.9    -1.8    -0.7     4.4    -9.1   335.3
2023 12 09  0225   60287    8700    9  -999.9  -999.9  -999.9  -999.9  -999.9  -999.9
2023 12 09  0226   60287    8760    9  -999.9  -999.9  -999.9  -999.9  -999.9  -999.9
2023 12 09  0227   60287    8820    9  -999.9  -999.9  -999.9  -999.9  -999.9  -999.9
2023 12 09  0228   60287    8880    9  -999.9  -999.9  -999.9  -999.9  -999.9  -999.9
2023 12 09  0229   60287    8940    9  -999.9  -999.9  -999.9  -999.9  -999.9  -999.9
2023 12 09  0230   60287    9000    9  -999.9  -999.9  -999.9  -999.9  -999.9  -999.9
2023 12 09  0231   60287    9060    0     3.1    -2.1    -1.3     4.0   -18.6   325.9
2023 12 09  0232   60287    9120    0     3.1    -2.0    -1.4     3.9   -20.5   326.8
2023 12 09  0233   60287    9180    0     3.3    -1.5    -1.3     3.9   -20.1   334.7
2023 12 09  0234   60287    9240    0     3.2    -1.8    -1.3     3.9   -19.0   331.2
2023 12 09  0235   60287    9300    9  -999.9  -999.9  -999.9  -999.9  -999.9  -999.9
2023 12 09  0236   60287    9360    9  -999.9  -999.9  -999.9  -999.9  -999.9  -999.9
2023 12 09  0237   60287    9420    9  -999.9  -999.9  -999.9  -999.9  -999.9  -999.9
2023 12 09  0238   60287    9480    9  -999.9  -999.9  -999.9  -999.9  -999.9  -999.9
2023 12 09  0239   60287    9540    9  -999.9  -999.9  -999.9  -999.9  -999.9  -999.9
2023 12 09  0240   60287    9600    9  -999.9  -999.9  -999.9  -999.9  -999.9  -999.9
2023 12 09  0241   60287    9660    9  -999.9  -999.9  -999.9  -999.9  -999.9  -999.9
2023 12 09  0242   60287    9720    9  -999.9  -999.9  -999.9  -999.9  -999.9  -999.9
2023 12 09  0243   60287    9780    9  -999.9  -999.9  -999.9  -999.9  -999.9  -999.9
2023 12 09  0244   60287    9840    9  -999.9  -999.9  -999.9  -999.9  -999.9  -999.9
2023 12 09  0245   60287    9900    9  -999.9  -999.9  -999.9  -999.9  -999.9  -999.9
2023 12 09  0246   60287    9960    9  -999.9  -999.9  -999.9  -999.9  -999.9  -999.9
2023 12 09  0247   60287   10020    9  -999.9  -999.9  -999.9  -999.9  -999.9  -999.9
2023 12 09  0248   60287   10080    9  -999.9  -999.9  -999.9  -999.9  -999.9  -999.9
2023 12 09  0249   60287   10140    9  -999.9  -999.9  -999.9  -999.9  -999.9  -999.9
2023 12 09  0250   60287   10200    9  -999.9  -999.9  -999.9  -999.9  -999.9  -999.9
2023 12 09  0251   60287   10260    9  -999.9  -999.9  -999.9  -999.9  -999.9  -999.9
2023 12 09  0252   60287   10320    9  -999.9  -999.9  -999.9  -999.9  -999.9  -999.9
2023 12 09  0253   60287   10380    9  -999.9  -999.9  -999.9  -999.9  -999.9  -999.9
2023 12 09  0254   60287   10440    9  -999.9  -999.9  -999.9  -999.9  -999.9  -999.9
2023 12 09  0255   60287   10500    9  -999.9  -999.9  -999.9  -999.9  -999.9  -999.9
2023 12 09  0256   60287   10560    9  -999.9  -999.9  -999.9  -999.9  -999.9  -999.9
2023 12 09  0257   60287   10620    9  -999.9  -999.9  -999.9  -999.9  -999.9  -999.9
2023 12 09  0258   60287   10680    9  -999.9  -999.9  -999.9  -999.9  -999.9  -999.9
2023 12 09  0259   60287   10740    9  -999.9  -999.9  -999.9  -999.9  -999.9  -999.9
2023 12 09  0300   60287   10800    9  -999.9  -999.9  -999.9  -999.9  -999.9  -999.9
2023 12 09  0301   60287   10860    9  -999.9  -999.9  -999.9  -999.9  -999.9  -999.9
2023 12 09  0302   60287   10920    9  -999.9  -999.9  -999.9  -999.9  -999.9  -999.9
2023 12 09  0303   60287   10980    9  -999.9  -999.9  -999.9  -999.9  -999.9  -999.9
2023 12 09  0304   60287   11040    9  -999.9  -999.9  -999.9  -999.9  -999.9  -999.9
2023 12 09  0305   60287   11100    9  -999.9  -999.9  -999.9  -999.9  -999.9  -999.9
2023 12 09  0306   60287   11160    9  -999.9  -999.9  -999.9  -999.9  -999.9  -999.9
2023 12 09  0307   60287   11220    9  -999.9  -999.9  -999.9  -999.9  -999.9  -999.9
2023 12 09  0308   60287   11280    9  -999.9  -999.9  -999.9  -999.9  -999.9  -999.9
2023 12 09  0309   60287   11340    9  -999.9  -999.9  -999.9  -999.9  -999.9  -999.9
2023 12 09  0310   60287   11400    9  -999.9  -999.9  -999.9  -999.9  -999.9  -999.9
2023 12 09  0311   60287   11460    9  -999.9  -999.9  -999.9  -999.9  -999.9  -999.9
2023 12 09  0312   60287   11520    9  -999.9  -999.9  -999.9  -999.9  -999.9  -999.9
2023 12 09  0313   60287   11580    9  -999.9  -999.9  -999.9  -999.9  -999.9  -999.9
2023 12 09  0314   60287   11640    9  -999.9  -999.9  -999.9  -999.9  -999.9  -999.9
2023 12 09  0315   60287   11700    0     3.4    -1.5     0.9     3.8    13.1   336.6
2023 12 09  0316   60287   11760    0     3.4    -1.5     0.7     3.8    10.9   336.3
2023 12 09  0317   60287   11820    0     3.4    -1.6     0.3     3.8     4.3   334.7
2023 12 09  0318   60287   11880    0     3.4    -1.8     0.3     3.8     4.5   331.9
2023 12 09  0319   60287   11940    0     3.2    -1.9     0.3     3.8     5.3   329.1
2023 12 09  0320   60287   12000    0     3.0    -2.3     0.0     3.8     0.6   323.2
2023 12 09  0321   60287   12060    0     2.8    -2.5    -0.3     3.7    -4.2   318.5
2023 12 09  0322   60287   12120    0     2.6    -2.8    -0.3     3.8    -3.9   312.9
2023 12 09  0323   60287   12180    0     3.0    -2.2    -0.2     3.7    -2.4   324.0
2023 12 09  0324   60287   12240    0     3.1    -2.1    -0.1     3.7    -1.4   325.2
2023 12 09  0325   60287   12300    0     2.9    -2.6    -0.4     3.9    -5.5   318.6
2023 12 09  0326   60287   12360    0     3.0    -2.3    -0.3     3.8    -4.7   322.9
2023 12 09  0327   60287   12420    0     2.5    -2.9    -0.9     4.0   -12.5   310.6
2023 12 09  0328   60287   12480    0     2.7    -2.7    -0.8     3.9   -12.3   315.2
2023 12 09  0329   60287   12540    0     2.3    -3.1    -0.7     3.9   -10.7   305.9
2023 12 09  0330   60287   12600    0     2.4    -3.0    -0.8     3.9   -12.2   308.0
2023 12 09  0331   60287   12660    0     2.5    -2.8    -0.7     3.8   -10.7   311.6
2023 12 09  0332   60287   12720    0     2.5    -2.7    -0.6     3.7    -9.4   313.4
2023 12 09  0333   60287   12780    0     2.4    -3.0    -0.6     3.9    -8.3   308.3
2023 12 09  0334   60287   12840    0     2.3    -2.9    -1.0     3.9   -15.6   309.1
2023 12 09  0335   60287   12900    0     2.6    -2.8    -0.6     3.8    -8.4   312.1
2023 12 09  0336   60287   12960    0     2.9    -2.4    -0.7     3.8   -11.0   319.7
2023 12 09  0337   60287   13020    0     3.0    -2.3    -0.6     3.8    -9.8   322.5
2023 12 09  0338   60287   13080    0     3.1    -2.0    -0.8     3.8   -12.0   326.5
2023 12 09  0339   60287   13140    0     3.0    -2.1    -0.8     3.7   -12.2   325.6
2023 12 09  0340   60287   13200    0     3.0    -2.0    -0.8     3.7   -12.5   326.0
2023 12 09  0341   60287   13260    0     3.1    -2.0    -0.7     3.7   -11.4   326.8
2023 12 09  0342   60287   13320    0     3.0    -2.1    -0.8     3.8   -11.6   325.0
2023 12 09  0343   60287   13380    0     3.0    -2.1    -0.7     3.7   -11.6   325.8
2023 12 09  0344   60287   13440    0     2.9    -2.2    -0.8     3.7   -12.3   323.2
2023 12 09  0345   60287   13500    0     3.0    -2.1    -0.5     3.7    -7.9   325.2
2023 12 09  0346   60287   13560    0     3.0    -2.1    -0.0     3.6    -0.7   325.5
2023 12 09  0347   60287   13620    0     2.9    -2.1    -0.5     3.6    -7.6   324.1
2023 12 09  0348   60287   13680    0     2.7    -2.4    -0.8     3.8   -12.8   318.2
2023 12 09  0349   60287   13740    0     2.8    -2.4    -0.9     3.8   -13.7   319.2
2023 12 09  0350   60287   13800    0     2.5    -2.5    -1.3     3.8   -19.7   315.5
2023 12 09  0351   60287   13860    0     2.5    -2.4    -1.4     3.7   -22.3   316.9
2023 12 09  0352   60287   13920    0     2.6    -2.3    -1.4     3.8   -22.1   318.8
2023 12 09  0353   60287   13980    0     2.4    -2.5    -1.5     3.8   -22.9   314.8
2023 12 09  0354   60287   14040    0     2.5    -2.4    -1.5     3.7   -23.7   316.6
2023 12 09  0355   60287   14100    0     2.9    -2.1    -0.9     3.7   -14.7   323.0
2023 12 09  0356   60287   14160    0     2.6    -2.4    -1.2     3.7   -18.9   317.4
2023 12 09  0357   60287   14220    0     1.8    -2.5    -2.1     3.8   -33.7   305.7
2023 12 09  0358   60287   14280    0     2.4    -1.9    -0.9     3.1   -16.1   321.9
2023 12 09  0359   60287   14340    9  -999.9  -999.9  -999.9  -999.9  -999.9  -999.9
2023 12 09  0400   60287   14400    9  -999.9  -999.9  -999.9  -999.9  -999.9  -999.9
2023 12 09  0401   60287   14460    0     2.1    -1.2    -1.5     2.9   -31.2   329.8
2023 12 09  0402   60287   14520    0     2.0    -2.4    -1.5     3.5   -25.7   310.2
2023 12 09  0403   60287   14580    0     1.7    -2.6    -1.8     3.6   -29.6   303.0
2023 12 09  0404   60287   14640    0     1.7    -2.7    -1.7     3.6   -28.9   303.1
2023 12 09  0405   60287   14700    0     2.1    -2.5    -1.6     3.6   -25.8   310.7
2023 12 09  0406   60287   14760    0     1.9    -2.7    -1.3     3.5   -21.8   305.3
2023 12 09  0407   60287   14820    0     2.0    -2.4    -1.4     3.4   -24.7   310.0
2023 12 09  0408   60287   14880    0     2.3    -2.3    -1.0     3.5   -17.2   314.7
2023 12 09  0409   60287   14940    0     2.3    -1.5    -1.6     3.2   -29.7   326.0
2023 12 09  0410   60287   15000    0     2.0    -2.2    -1.4     3.3   -25.9   312.9
2023 12 09  0411   60287   15060    0     1.9    -2.5    -1.4     3.5   -24.4   307.8
2023 12 09  0412   60287   15120    0     1.9    -2.8    -1.3     3.6   -20.6   304.6
2023 12 09  0413   60287   15180    0     1.6    -2.9    -1.2     3.5   -20.1   299.6
2023 12 09  0414   60287   15240    0     1.9    -2.3    -1.4     3.3   -24.8   309.6
2023 12 09  0415   60287   15300    0     2.0    -2.3    -1.2     3.3   -22.1   311.3
2023 12 09  0416   60287   15360    0     2.7    -0.7    -1.6     3.2   -29.7   345.3
2023 12 09  0417   60287   15420    0     1.7    -2.3    -1.3     3.1   -24.8   305.3
2023 12 09  0418   60287   15480    0     1.2    -3.2    -1.2     3.7   -19.3   290.6
2023 12 09  0419   60287   15540    0     2.0    -2.8    -1.4     3.7   -22.5   306.5
2023 12 09  0420   60287   15600    0     2.2    -2.7    -1.2     3.7   -19.4   308.6
2023 12 09  0421   60287   15660    0     2.2    -2.8    -1.0     3.7   -15.1   307.8
2023 12 09  0422   60287   15720    0     2.2    -2.9    -0.9     3.7   -14.1   307.7
2023 12 09  0423   60287   15780    0     2.3    -2.8    -0.7     3.7   -10.5   308.9
2023 12 09  0424   60287   15840    0     2.2    -2.9    -0.7     3.7   -11.5   307.3
2023 12 09  0425   60287   15900    0     2.2    -2.8    -0.8     3.7   -12.1   307.8
2023 12 09  0426   60287   15960    0     2.3    -2.5    -0.6     3.5    -9.9   312.6
2023 12 09  0427   60287   16020    0     2.8    -2.1    -0.5     3.5    -7.5   323.0
2023 12 09  0428   60287   16080    0     2.8    -2.2    -0.6     3.6    -8.9   322.4
2023 12 09  0429   60287   16140    0     2.6    -2.3    -0.6     3.5   -10.0   318.3
2023 12 09  0430   60287   16200    0     2.3    -2.6    -0.7     3.6   -12.2   311.8
2023 12 09  0431   60287   16260    0     2.3    -2.8    -0.8     3.7   -12.3   309.3
2023 12 09  0432   60287   16320    0     2.2    -2.9    -0.7     3.7   -11.2   306.4
2023 12 09  0433   60287   16380    0     2.4    -2.8    -0.3     3.7    -4.3   311.2
2023 12 09  0434   60287   16440    0     2.0    -3.1    -1.1     3.8   -16.6   302.7
2023 12 09  0435   60287   16500    0     2.1    -3.0    -1.2     3.8   -17.8   304.2
2023 12 09  0436   60287   16560    0     2.2    -2.8    -1.3     3.8   -20.1   307.8
2023 12 09  0437   60287   16620    0     2.3    -2.7    -1.1     3.7   -16.7   310.9
2023 12 09  0438   60287   16680    0     2.4    -2.8    -0.9     3.8   -14.3   310.4
2023 12 09  0439   60287   16740    0     2.4    -2.6    -1.2     3.8   -19.3   312.7
2023 12 09  0440   60287   16800    0     2.5    -2.5    -1.3     3.7   -19.8   314.7
2023 12 09  0441   60287   16860    0     2.4    -2.5    -1.3     3.7   -20.1   314.5
2023 12 09  0442   60287   16920    0     2.6    -2.3    -1.3     3.7   -20.5   318.3
2023 12 09  0443   60287   16980    0     2.6    -2.1    -1.6     3.7   -25.0   320.3
2023 12 09  0444   60287   17040    0     2.5    -2.0    -1.6     3.6   -25.6   321.6
2023 12 09  0445   60287   17100    0     2.5    -0.3    -1.6     3.0   -32.5   352.2
2023 12 09  0446   60287   17160    0     2.0     0.4    -1.9     2.8   -43.7    11.6
2023 12 09  0447   60287   17220    0     1.8    -2.0    -1.9     3.3   -35.1   312.5
2023 12 09  0448   60287   17280    0     1.4    -1.7    -2.6     3.4   -49.5   309.5
2023 12 09  0449   60287   17340    0     1.2    -1.5    -2.7     3.3   -54.9   307.1
2023 12 09  0450   60287   17400    0     1.7    -2.1    -1.9     3.4   -35.4   308.5
2023 12 09  0451   60287   17460    0     2.3    -1.2    -1.9     3.2   -36.9   332.7
2023 12 09  0452   60287   17520    0     1.8    -1.7    -2.2     3.3   -40.8   316.6
2023 12 09  0453   60287   17580    0     2.0    -1.6    -2.1     3.3   -38.6   322.1
2023 12 09  0454   60287   17640    0     1.8    -1.9    -2.0     3.3   -37.1   313.5
2023 12 09  0455   60287   17700    0     1.6    -2.8    -1.8     3.7   -29.5   300.2
2023 12 09  0456   60287   17760    0     1.9    -2.8    -1.5     3.7   -24.8   304.1
2023 12 09  0457   60287   17820    0     1.9    -2.8    -1.4     3.7   -22.9   304.3
2023 12 09  0458   60287   17880    0     1.8    -3.0    -1.3     3.7   -20.1   301.7
2023 12 09  0459   60287   17940    0     1.2    -3.5    -0.6     3.8    -9.1   289.1
2023 12 09  0500   60287   18000    0     1.2    -3.6    -0.4     3.8    -6.1   287.7
2023 12 09  0501   60287   18060    0     1.3    -3.4    -0.3     3.7    -4.6   291.0
2023 12 09  0502   60287   18120    0     0.8    -3.8    -0.4     3.9    -5.2   282.4
2023 12 09  0503   60287   18180    0     0.8    -3.8     0.0     3.9     0.5   282.4
2023 12 09  0504   60287   18240    0     1.0    -3.8     0.1     4.0     1.6   285.0
2023 12 09  0505   60287   18300    0     1.0    -3.8     0.1     4.0     0.8   285.1
2023 12 09  0506   60287   18360    0     1.0    -3.9    -0.0     4.0    -0.3   285.0
2023 12 09  0507   60287   18420    0     1.0    -3.9    -0.0     4.0    -0.7   284.9
2023 12 09  0508   60287   18480    0     1.2    -3.7    -0.2     3.9    -2.4   288.5
2023 12 09  0509   60287   18540    0     2.0    -3.2    -0.9     3.8   -13.9   302.0
2023 12 09  0510   60287   18600    0     2.1    -3.0    -1.1     3.8   -16.2   304.2
2023 12 09  0511   60287   18660    0     2.5    -0.5    -2.4     3.5   -43.5   348.2
2023 12 09  0512   60287   18720    0     2.0    -1.4    -1.9     3.1   -37.7   325.8
2023 12 09  0513   60287   18780    0     1.4    -3.7    -0.9     4.0   -13.0   291.4
2023 12 09  0514   60287   18840    0     1.4    -3.3    -1.5     3.9   -23.3   292.4
2023 12 09  0515   60287   18900    0     1.2    -3.1    -1.9     3.8   -29.0   290.7
2023 12 09  0516   60287   18960    0     1.2    -3.3    -1.7     3.9   -26.2   289.3
2023 12 09  0517   60287   19020    0     1.5    -3.0    -1.8     3.8   -28.6   296.5
2023 12 09  0518   60287   19080    0     1.6    -3.0    -1.6     3.7   -24.9   298.3
2023 12 09  0519   60287   19140    0     1.6    -3.1    -1.4     3.8   -21.5   297.3
2023 12 09  0520   60287   19200    0     1.6    -3.3    -0.4     3.7    -6.4   296.1
2023 12 09  0521   60287   19260    0     1.1    -3.6    -0.8     3.9   -11.5   286.9
2023 12 09  0522   60287   19320    0     1.2    -3.6    -1.3     4.0   -18.2   287.6
2023 12 09  0523   60287   19380    0     1.7    -3.1    -1.7     3.9   -25.5   298.3
2023 12 09  0524   60287   19440    0     1.6    -2.7    -2.1     3.8   -33.9   300.3
2023 12 09  0525   60287   19500    0     2.1    -2.4    -1.9     3.7   -31.4   310.9
2023 12 09  0526   60287   19560    0     1.5    -3.1    -1.5     3.8   -23.7   295.1
2023 12 09  0527   60287   19620    0     1.0    -3.5    -1.0     3.8   -14.7   286.0
2023 12 09  0528   60287   19680    0     0.6    -3.8    -0.2     3.9    -3.6   278.6
2023 12 09  0529   60287   19740    0     0.8    -3.7    -0.4     3.8    -6.6   281.8
2023 12 09  0530   60287   19800    0     1.4    -3.1    -1.9     3.9   -28.7   293.5
2023 12 09  0531   60287   19860    0     1.6    -2.7    -2.4     3.9   -37.3   300.4
2023 12 09  0532   60287   19920    0     2.2    -2.3    -2.0     3.8   -32.6   313.2
2023 12 09  0533   60287   19980    0     2.2    -2.3    -2.0     3.8   -32.2   313.0
2023 12 09  0534   60287   20040    0     2.4    -2.0    -2.0     3.7   -32.7   320.1
2023 12 09  0535   60287   20100    0     2.4    -1.9    -1.9     3.6   -31.5   322.0
2023 12 09  0536   60287   20160    0     2.5    -2.0    -1.5     3.6   -24.4   321.2
2023 12 09  0537   60287   20220    0     2.4    -0.9    -2.5     3.6   -43.6   340.3
2023 12 09  0538   60287   20280    0     2.4    -1.0    -2.6     3.6   -45.0   336.9
2023 12 09  0539   60287   20340    0     2.4    -1.4    -2.2     3.5   -37.5   329.7
2023 12 09  0540   60287   20400    0     2.5    -1.6    -2.0     3.6   -34.5   326.9
2023 12 09  0541   60287   20460    0     2.6    -1.6    -1.9     3.5   -31.7   328.1
2023 12 09  0542   60287   20520    0     2.8    -1.4    -1.3     3.4   -22.9   333.1
2023 12 09  0543   60287   20580    0     3.1    -1.3    -0.7     3.4   -11.6   336.9
2023 12 09  0544   60287   20640    0     2.9    -1.5    -1.2     3.5   -20.5   332.4
2023 12 09  0545   60287   20700    0     2.8    -1.4    -1.8     3.6   -29.8   333.4
2023 12 09  0546   60287   20760    0     2.8    -1.5    -1.8     3.6   -29.2   331.8
2023 12 09  0547   60287   20820    0     2.8    -1.4    -1.8     3.6   -30.2   333.2
2023 12 09  0548   60287   20880    0     2.8    -1.4    -1.9     3.6   -31.0   332.3
2023 12 09  0549   60287   20940    0     2.7    -1.5    -1.9     3.6   -32.2   330.7
2023 12 09  0550   60287   21000    0     2.4    -1.6    -2.3     3.7   -37.8   326.7
2023 12 09  0551   60287   21060    0     2.4    -1.8    -2.2     3.7   -36.8   323.2
2023 12 09  0552   60287   21120    0     1.9    -1.6    -2.6     3.6   -46.1   320.5
2023 12 09  0553   60287   21180    0     1.2    -1.3    -3.3     3.7   -61.6   313.5
2023 12 09  0554   60287   21240    0     1.2    -1.3    -3.3     3.7   -62.7   312.7
2023 12 09  0555   60287   21300    0     0.3    -0.6    -3.8     3.9   -80.1   295.4
2023 12 09  0556   60287   21360    0     1.5    -1.4    -3.1     3.7   -57.4   316.5
2023 12 09  0557   60287   21420    0     1.2    -1.1    -3.5     3.9   -65.6   318.0
2023 12 09  0558   60287   21480    0     0.4    -0.6    -4.0     4.0   -80.4   302.8
2023 12 09  0559   60287   21540    0     0.3    -0.5    -4.0     4.0   -81.6   301.7
2023 12 09  0600   60287   21600    0     0.1    -0.6    -4.0     4.1   -81.9   281.8
2023 12 09  0601   60287   21660    0     0.3    -0.5    -4.0     4.0   -81.7   301.1
2023 12 09  0602   60287   21720    0     0.6    -0.3    -3.9     4.0   -79.9   335.1
2023 12 09  0603   60287   21780    0     1.7    -2.1    -2.7     3.8   -45.3   308.7
2023 12 09  0604   60287   21840    0     1.9    -2.0    -2.4     3.7   -41.7   312.8
2023 12 09  0605   60287   21900    0     2.2    -1.8    -2.2     3.6   -37.5   320.9
2023 12 09  0606   60287   21960    0     2.4    -1.6    -2.2     3.6   -38.1   325.9
2023 12 09  0607   60287   22020    0     2.4    -1.6    -2.3     3.7   -38.9   325.5
2023 12 09  0608   60287   22080    0     2.2    -1.6    -2.4     3.6   -40.6   323.9
2023 12 09  0609   60287   22140    0     2.4    -1.1    -2.4     3.6   -42.8   335.5
2023 12 09  0610   60287   22200    0    -0.1    -3.2    -1.1     3.4   -19.1   269.0
2023 12 09  0611   60287   22260    0    -1.6    -3.8    -0.1     4.1    -1.9   246.5
2023 12 09  0612   60287   22320    0    -1.0    -3.7    -1.1     3.9   -15.6   254.9
2023 12 09  0613   60287   22380    0     0.1    -3.6    -1.3     3.8   -20.3   271.9
2023 12 09  0614   60287   22440    0     0.6    -3.4    -1.5     3.7   -24.2   280.1
2023 12 09  0615   60287   22500    0     0.3    -3.3    -1.7     3.7   -26.6   275.1
2023 12 09  0616   60287   22560    0    -0.1    -3.5    -1.5     3.8   -23.2   268.1
2023 12 09  0617   60287   22620    0     0.5    -3.6    -0.8     3.7   -12.4   277.8
2023 12 09  0618   60287   22680    0     0.2    -3.6    -1.2     3.8   -18.0   272.9
2023 12 09  0619   60287   22740    0     0.1    -3.5    -1.3     3.8   -20.0   271.3
2023 12 09  0620   60287   22800    0    -0.2    -3.5    -1.6     3.9   -24.9   266.1
2023 12 09  0621   60287   22860    0     0.8    -3.6    -0.9     3.8   -14.2   283.1
2023 12 09  0622   60287   22920    0     0.2    -3.8    -0.9     3.9   -13.7   272.7
2023 12 09  0623   60287   22980    0     0.0    -3.8    -0.7     3.9   -11.0   270.2
2023 12 09  0624   60287   23040    0     0.2    -3.9    -0.4     3.9    -5.4   273.2
2023 12 09  0625   60287   23100    0     0.2    -3.9    -0.4     4.0    -5.5   272.9
2023 12 09  0626   60287   23160    0    -0.6    -3.7    -1.0     3.9   -15.2   261.1
2023 12 09  0627   60287   23220    0    -0.9    -3.6    -0.2     3.7    -3.2   255.6
2023 12 09  0628   60287   23280    0    -0.1    -3.9     0.0     3.9     0.2   268.5
2023 12 09  0629   60287   23340    0     0.5    -3.9     0.0     3.9     0.6   276.9
2023 12 09  0630   60287   23400    0     1.0    -3.5    -0.9     3.7   -13.3   285.4
2023 12 09  0631   60287   23460    0     1.4    -3.2    -1.6     3.8   -24.3   294.5
2023 12 09  0632   60287   23520    0     1.3    -3.2    -1.9     3.9   -28.7   291.5
2023 12 09  0633   60287   23580    0     1.5    -2.8    -2.1     3.8   -33.4   297.7
2023 12 09  0634   60287   23640    0     1.2    -2.8    -2.4     3.9   -37.5   293.7
2023 12 09  0635   60287   23700    0     1.2    -2.7    -2.4     3.8   -39.2   294.4
2023 12 09  0636   60287   23760    0     1.4    -2.9    -2.0     3.8   -32.6   295.5
2023 12 09  0637   60287   23820    0     1.3    -2.4    -2.7     3.9   -45.1   298.4
2023 12 09  0638   60287   23880    0     1.2    -2.3    -2.8     3.8   -47.0   297.8
2023 12 09  0639   60287   23940    0     0.5    -0.7    -3.7     3.8   -76.3   307.0
2023 12 09  0640   60287   24000    0     0.3    -0.3    -3.8     3.8   -84.1   310.3
2023 12 09  0641   60287   24060    0     0.9    -1.3    -2.8     3.2   -61.2   305.4
2023 12 09  0642   60287   24120    0     1.1    -2.8    -1.5     3.4   -26.2   291.7
2023 12 09  0643   60287   24180    0     1.2    -3.0    -0.2     3.3    -2.9   291.7
2023 12 09  0644   60287   24240    0     1.6    -2.4    -1.4     3.2   -25.7   304.1
2023 12 09  0645   60287   24300    0     1.9    -1.2    -1.9     3.0   -40.5   328.1
2023 12 09  0646   60287   24360    0     2.3    -1.1    -1.5     3.0   -30.3   334.3
2023 12 09  0647   60287   24420    0     1.7    -2.8    -0.6     3.3   -10.3   301.4
2023 12 09  0648   60287   24480    0     1.5    -2.9    -0.6     3.3   -10.1   298.2
2023 12 09  0649   60287   24540    0     0.5    -3.3     0.7     3.4    11.1   278.5
2023 12 09  0650   60287   24600    0     1.2    -3.1     0.2     3.4     3.8   290.3
2023 12 09  0651   60287   24660    0     1.0    -3.2    -0.2     3.4    -3.5   286.5
2023 12 09  0652   60287   24720    0     1.3    -3.1     0.1     3.4     1.5   291.7
2023 12 09  0653   60287   24780    0     1.4    -3.2     0.3     3.5     5.4   293.3
2023 12 09  0654   60287   24840    0     2.0    -2.9     0.0     3.5     0.2   304.4
2023 12 09  0655   60287   24900    0     2.3    -2.7     0.4     3.6     5.6   310.0
2023 12 09  0656   60287   24960    0     2.2    -2.9     0.5     3.7     8.1   307.3
2023 12 09  0657   60287   25020    0     2.2    -2.8     0.8     3.6    12.2   308.5
2023 12 09  0658   60287   25080    0     2.1    -2.7     1.2     3.6    19.3   308.1
2023 12 09  0659   60287   25140    0     2.3    -2.5     1.2     3.6    20.0   311.9
2023 12 09  0700   60287   25200    0     2.2    -2.6     1.4     3.7    22.7   310.8
2023 12 09  0701   60287   25260    0     2.4    -2.2     1.7     3.6    27.5   317.5
2023 12 09  0702   60287   25320    0     2.5    -2.4     1.5     3.7    23.2   316.1
2023 12 09  0703   60287   25380    0     2.3    -2.6     1.2     3.6    19.6   311.4
2023 12 09  0704   60287   25440    0     2.0    -2.6     1.0     3.5    16.9   307.3
2023 12 09  0705   60287   25500    0     1.6    -3.1    -0.4     3.6    -6.1   297.7
2023 12 09  0706   60287   25560    0     1.5    -3.1    -0.3     3.5    -4.6   296.2
2023 12 09  0707   60287   25620    0     1.3    -3.2    -0.7     3.5   -10.9   291.6
2023 12 09  0708   60287   25680    0     1.6    -2.7    -0.3     3.2    -5.4   300.2
2023 12 09  0709   60287   25740    0     1.7    -2.3     0.1     2.9     2.3   306.9
2023 12 09  0710   60287   25800    0     2.8    -0.4     1.2     3.1    23.2   351.8
2023 12 09  0711   60287   25860    0     2.9     0.0     1.4     3.2    26.1     0.2
2023 12 09  0712   60287   25920    0     3.0    -0.1     1.1     3.1    20.0   358.6
2023 12 09  0713   60287   25980    0     2.9    -0.2     1.3     3.2    23.2   355.3
2023 12 09  0714   60287   26040    0     3.0    -0.0     1.2     3.2    22.4   359.5
2023 12 09  0715   60287   26100    0     3.0     0.1     1.0     3.2    18.9     2.5
2023 12 09  0716   60287   26160    0     3.1    -0.0     0.8     3.2    14.2   359.7
2023 12 09  0717   60287   26220    0     3.0    -0.1     1.2     3.2    21.3   357.3
2023 12 09  0718   60287   26280    0     2.7    -0.5     1.7     3.2    31.5   350.4
2023 12 09  0719   60287   26340    0     2.9    -0.3     1.7     3.3    30.0   354.4
2023 12 09  0720   60287   26400    0     3.2     0.0     1.0     3.3    17.1     0.5
2023 12 09  0721   60287   26460    0     3.0    -0.2     1.6     3.4    27.6   356.8
2023 12 09  0722   60287   26520    0     2.9     0.6     1.6     3.4    28.1    11.5
2023 12 09  0723   60287   26580    0     2.7     0.9     1.7     3.3    30.6    18.4
2023 12 09  0724   60287   26640    0     2.2     1.3     2.1     3.3    40.2    30.1
2023 12 09  0725   60287   26700    0     2.8     0.8     1.3     3.2    22.9    16.1
2023 12 09  0726   60287   26760    0     3.0     0.2     0.7     3.1    13.4     3.8
2023 12 09  0727   60287   26820    0     3.0     0.3     0.7     3.1    13.1     5.4
2023 12 09  0728   60287   26880    0     3.0     0.3     0.8     3.2    15.2     6.1
2023 12 09  0729   60287   26940    0     3.0     0.5     1.0     3.2    17.9     9.5
2023 12 09  0730   60287   27000    0     3.1     0.8     1.1     3.3    19.2    14.0
2023 12 09  0731   60287   27060    0     3.0     0.6     1.0     3.2    17.9    11.6
2023 12 09  0732   60287   27120    0     3.1     0.6     0.7     3.3    13.1    10.3
2023 12 09  0733   60287   27180    0     3.2     0.7     0.5     3.3     8.8    12.4
2023 12 09  0734   60287   27240    0     3.1     0.6     0.8     3.3    14.4    11.0
2023 12 09  0735   60287   27300    0     3.2     0.4     0.6     3.3    11.3     7.3
2023 12 09  0736   60287   27360    0     3.3     0.2     0.5     3.3     8.3     4.3
2023 12 09  0737   60287   27420    0     3.3     0.3     0.3     3.3     5.5     6.0
2023 12 09  0738   60287   27480    0     3.3     0.5     0.3     3.3     5.0     8.6
2023 12 09  0739   60287   27540    0     3.2     0.3     0.2     3.2     4.0     5.9
2023 12 09  0740   60287   27600    0     3.1     0.2     0.2     3.2     4.1     4.3
2023 12 09  0741   60287   27660    0     3.2     0.2     0.2     3.2     3.3     3.0
2023 12 09  0742   60287   27720    0     3.1     0.1     0.2     3.2     3.0     2.4
2023 12 09  0743   60287   27780    0     3.1     0.1     0.0     3.1     0.5     2.7
2023 12 09  0744   60287   27840    0     3.2    -0.0    -0.0     3.2    -0.4   359.7
2023 12 09  0745   60287   27900    0     3.2    -0.0    -0.1     3.2    -1.0   359.3
2023 12 09  0746   60287   27960    0     3.1    -0.2    -0.0     3.1    -0.1   357.0
2023 12 09  0747   60287   28020    0     3.1    -0.4     0.0     3.2     0.3   353.4
2023 12 09  0748   60287   28080    0     3.1    -0.4    -0.0     3.2    -0.3   353.4
2023 12 09  0749   60287   28140    0     3.1    -0.4    -0.1     3.1    -1.7   353.5
2023 12 09  0750   60287   28200    0     3.1    -0.2    -0.1     3.1    -1.5   356.2
2023 12 09  0751   60287   28260    0     3.1    -0.3    -0.1     3.1    -2.6   354.6
2023 12 09  0752   60287   28320    0     3.0    -0.3    -0.1     3.0    -1.7   354.4
2023 12 09  0753   60287   28380    0     3.0    -0.4    -0.0     3.0    -0.1   352.2
2023 12 09  0754   60287   28440    0     3.1    -0.5     0.0     3.1     0.9   351.0
2023 12 09  0755   60287   28500    0     3.0    -0.7    -0.1     3.1    -0.9   347.6
2023 12 09  0756   60287   28560    0     3.1    -0.7    -0.0     3.1    -0.3   347.3
2023 12 09  0757   60287   28620    0     3.0    -0.8    -0.1     3.1    -2.2   345.4
2023 12 09  0758   60287   28680    0     3.0    -0.8    -0.1     3.1    -2.6   345.1
2023 12 09  0759   60287   28740    0     3.0    -0.8    -0.1     3.1    -1.3   345.5
2023 12 09  0800   60287   28800    0     3.1    -0.7    -0.0     3.2    -0.0   346.4
2023 12 09  0801   60287   28860    0     3.1    -0.7     0.0     3.2     0.6   347.9
2023 12 09  0802   60287   28920    0     3.1    -0.7     0.0     3.2     0.8   348.0
2023 12 09  0803   60287   28980    0     3.1    -0.5    -0.0     3.2    -0.2   350.7
2023 12 09  0804   60287   29040    0     3.1    -0.5     0.1     3.1     1.0   351.0
2023 12 09  0805   60287   29100    0     3.0    -0.6     0.1     3.1     2.1   348.7
2023 12 09  0806   60287   29160    0     3.0    -0.6     0.1     3.1     1.9   348.9
2023 12 09  0807   60287   29220    0     3.1    -0.3     0.1     3.1     2.6   354.4
2023 12 09  0808   60287   29280    0     3.1    -0.3     0.2     3.1     3.6   354.4
2023 12 09  0809   60287   29340    0     3.1    -0.5     0.3     3.2     6.1   350.2
2023 12 09  0810   60287   29400    0     3.0    -0.7     0.4     3.2     7.8   346.8
2023 12 09  0811   60287   29460    0     3.0    -0.8     0.5     3.2     8.8   344.8
2023 12 09  0812   60287   29520    0     2.8    -1.1     0.8     3.1    13.9   339.5
2023 12 09  0813   60287   29580    0     2.8    -1.0     0.8     3.1    15.1   340.5
2023 12 09  0814   60287   29640    0     2.9    -0.8     0.9     3.1    17.0   344.2
2023 12 09  0815   60287   29700    0     2.8    -0.7     1.2     3.1    22.0   345.4
2023 12 09  0816   60287   29760    0     2.8    -0.8     1.3     3.2    24.8   343.4
2023 12 09  0817   60287   29820    0     3.0    -0.5     1.1     3.3    20.4   350.5
2023 12 09  0818   60287   29880    0     2.9    -1.1     1.1     3.3    19.2   339.6
2023 12 09  0819   60287   29940    0     3.0    -1.1     0.9     3.3    15.4   339.6
2023 12 09  0820   60287   30000    0     3.1    -0.8     0.7     3.3    13.0   345.7
2023 12 09  0821   60287   30060    0     3.2    -0.6     0.7     3.3    12.8   349.5
2023 12 09  0822   60287   30120    0     3.2    -0.8     0.6     3.4    10.7   345.2
2023 12 09  0823   60287   30180    0     3.1    -0.9     0.6     3.3    10.1   344.0
2023 12 09  0824   60287   30240    0     2.9    -1.0     0.6     3.2    11.5   341.9
2023 12 09  0825   60287   30300    0     3.1     0.0     0.8     3.2    15.3     0.1
2023 12 09  0826   60287   30360    0     3.1    -0.3     0.8     3.2    14.0   355.1
2023 12 09  0827   60287   30420    0     3.0    -0.4     0.9     3.2    16.2   351.9
2023 12 09  0828   60287   30480    0     3.1    -0.8     0.8     3.3    14.0   345.3
2023 12 09  0829   60287   30540    0     3.0    -1.0     0.7     3.2    12.8   342.0
2023 12 09  0830   60287   30600    0     2.9    -0.9     0.7     3.2    13.6   342.1
2023 12 09  0831   60287   30660    0     2.9    -1.1     0.6     3.2    10.1   339.4
2023 12 09  0832   60287   30720    0     2.9    -1.2     0.6     3.2    10.2   337.6
2023 12 09  0833   60287   30780    0     2.8    -1.3     0.7     3.2    11.9   336.2
2023 12 09  0834   60287   30840    0     2.9    -1.4     0.5     3.2     9.7   334.2
2023 12 09  0835   60287   30900    0     2.9    -1.3     0.6     3.3    10.1   336.5
2023 12 09  0836   60287   30960    0     2.9    -1.4     0.7     3.3    13.1   333.5
2023 12 09  0837   60287   31020    0     2.9    -1.4     0.4     3.2     6.5   333.6
2023 12 09  0838   60287   31080    0     2.6    -2.0    -0.1     3.3    -1.8   323.4
2023 12 09  0839   60287   31140    0     2.9    -1.2     0.6     3.2    10.2   338.4
2023 12 09  0840   60287   31200    0     2.8    -1.4     0.5     3.1     8.6   333.9
2023 12 09  0841   60287   31260    0     2.5    -1.4     0.5     2.9    10.1   331.5
2023 12 09  0842   60287   31320    0     2.8     0.2     0.5     2.9    10.4     4.1
2023 12 09  0843   60287   31380    0     2.8     0.5     0.5     2.9    10.6    10.5
2023 12 09  0844   60287   31440    0     2.7     0.9     0.7     2.9    13.3    17.6
2023 12 09  0845   60287   31500    0     2.7     0.9     0.5     2.9     9.8    18.7
2023 12 09  0846   60287   31560    0     2.7     0.8     0.4     2.9     7.3    15.8
2023 12 09  0847   60287   31620    0     2.9     0.7     0.4     3.0     8.2    13.4
2023 12 09  0848   60287   31680    0     2.9     0.7     0.5     3.0     8.8    13.6
2023 12 09  0849   60287   31740    0     3.0    -0.0     0.6     3.0    10.9   359.2
2023 12 09  0850   60287   31800    0     3.1    -0.3     0.4     3.2     6.3   354.0
2023 12 09  0851   60287   31860    0     3.2    -0.0     0.4     3.3     7.6   359.2
2023 12 09  0852   60287   31920    0     3.4     0.2     0.3     3.4     5.8     3.4
2023 12 09  0853   60287   31980    0     3.4     0.1     0.3     3.4     5.2     2.2
2023 12 09  0854   60287   32040    0     3.4     0.3     0.3     3.4     4.4     5.8
2023 12 09  0855   60287   32100    0     3.4     0.2     0.1     3.4     2.2     3.2
2023 12 09  0856   60287   32160    0     3.4     0.4     0.1     3.4     0.9     6.1
2023 12 09  0857   60287   32220    0     3.4     0.2    -0.0     3.4    -0.6     2.5
2023 12 09  0858   60287   32280    0     3.5     0.2    -0.0     3.5    -0.8     3.7
2023 12 09  0859   60287   32340    0     3.4    -0.0     0.2     3.4     3.1   359.3
2023 12 09  0900   60287   32400    0     3.3    -0.0     0.3     3.4     5.5   359.2
2023 12 09  0901   60287   32460    0     3.4     0.3     0.1     3.5     1.4     4.5
2023 12 09  0902   60287   32520    0     3.4     0.3    -0.3     3.4    -5.5     4.8
2023 12 09  0903   60287   32580    0     3.3     0.2    -0.3     3.3    -5.8     3.2
2023 12 09  0904   60287   32640    0     3.2     0.8    -0.3     3.3    -4.9    13.5
2023 12 09  0905   60287   32700    0     2.5    -2.2    -0.1     3.3    -1.6   317.6
2023 12 09  0906   60287   32760    0     3.2    -0.5    -0.6     3.3   -10.6   351.2
2023 12 09  0907   60287   32820    0     3.2    -0.1    -0.4     3.2    -6.3   358.3
2023 12 09  0908   60287   32880    0     3.0    -0.0    -0.7     3.0   -12.5   359.4
2023 12 09  0909   60287   32940    0     2.9     0.2    -0.9     3.0   -16.6     4.0
2023 12 09  0910   60287   33000    0     2.8     0.1    -0.9     3.0   -18.3     1.3
2023 12 09  0911   60287   33060    0     2.7    -0.0    -1.1     2.9   -21.3   359.8
2023 12 09  0912   60287   33120    0     2.7     0.0    -1.1     2.9   -23.1     0.6
2023 12 09  0913   60287   33180    0     2.7     0.1    -1.0     2.9   -19.2     1.5
2023 12 09  0914   60287   33240    0     2.7     0.2    -1.0     2.9   -19.7     4.0
2023 12 09  0915   60287   33300    0     2.6     0.2    -1.3     2.9   -26.0     4.0
2023 12 09  0916   60287   33360    0     2.8    -0.8    -0.2     2.9    -4.9   344.4
2023 12 09  0917   60287   33420    0     2.8    -1.0    -0.2     3.0    -3.5   339.5
2023 12 09  0918   60287   33480    0     2.5    -1.3     0.1     2.8     1.1   332.8
2023 12 09  0919   60287   33540    0     2.4    -2.0     0.4     3.1     7.2   319.5
2023 12 09  0920   60287   33600    0     2.8    -1.5    -0.1     3.2    -1.7   332.5
2023 12 09  0921   60287   33660    0     3.0    -1.4    -0.3     3.3    -4.7   334.8
2023 12 09  0922   60287   33720    0     3.1    -1.2    -0.4     3.3    -6.4   338.5
2023 12 09  0923   60287   33780    0     3.0    -1.2    -0.5     3.3    -7.8   337.8
2023 12 09  0924   60287   33840    0     3.0    -1.4    -0.5     3.4    -8.8   335.2
2023 12 09  0925   60287   33900    0     3.0    -1.2    -0.9     3.4   -15.7   338.8
2023 12 09  0926   60287   33960    0     3.0    -1.1    -0.8     3.3   -14.6   340.7
2023 12 09  0927   60287   34020    0     3.1    -0.9    -0.7     3.3   -12.0   343.3
2023 12 09  0928   60287   34080    0     3.1    -0.8    -0.8     3.3   -13.2   345.0
2023 12 09  0929   60287   34140    0     3.2    -0.7    -0.4     3.3    -7.4   347.0
2023 12 09  0930   60287   34200    0     3.2    -0.7    -0.4     3.4    -7.4   347.3
2023 12 09  0931   60287   34260    0     3.3    -0.7    -0.6     3.4   -10.7   348.1
2023 12 09  0932   60287   34320    0     3.3    -0.6    -0.6     3.4    -9.7   349.0
2023 12 09  0933   60287   34380    0     3.3    -0.6    -0.7     3.4   -11.4   350.2
2023 12 09  0934   60287   34440    0     3.3    -0.5    -0.7     3.4   -12.4   351.8
2023 12 09  0935   60287   34500    0     3.3    -0.2    -0.5     3.3    -8.3   357.1
2023 12 09  0936   60287   34560    0     3.3    -0.2    -0.6     3.4   -10.9   355.8
2023 12 09  0937   60287   34620    0     3.2    -0.3    -0.9     3.3   -15.5   354.7
2023 12 09  0938   60287   34680    0     3.1    -0.6    -1.0     3.3   -18.2   349.3
2023 12 09  0939   60287   34740    0     3.2    -0.2    -0.7     3.3   -12.8   356.3
2023 12 09  0940   60287   34800    0     3.2    -0.4    -0.4     3.2    -7.6   352.2
2023 12 09  0941   60287   34860    0     3.2    -0.5    -0.3     3.3    -6.1   351.1
2023 12 09  0942   60287   34920    0     3.2    -0.2    -0.4     3.2    -6.4   356.5
2023 12 09  0943   60287   34980    0     3.1    -0.5    -0.6     3.2   -11.3   350.1
2023 12 09  0944   60287   35040    0     3.1    -0.6    -0.7     3.2   -11.9   349.2
2023 12 09  0945   60287   35100    0     3.1    -0.1    -0.6     3.1   -11.9   357.4
2023 12 09  0946   60287   35160    0     3.2    -0.1    -0.5     3.2    -9.4   359.0
2023 12 09  0947   60287   35220    0     3.1     0.1    -0.5     3.2    -9.7     2.7
2023 12 09  0948   60287   35280    0     3.3    -0.1    -0.5     3.3    -8.2   358.2
2023 12 09  0949   60287   35340    0     3.2     0.3    -0.5     3.3    -8.9     4.9
2023 12 09  0950   60287   35400    0     3.2     0.2    -0.4     3.2    -7.8     3.3
2023 12 09  0951   60287   35460    0     3.1     0.1    -0.4     3.1    -8.1     1.0
2023 12 09  0952   60287   35520    0     3.0    -0.1    -0.6     3.1   -10.4   357.2
2023 12 09  0953   60287   35580    0     3.0    -0.1    -0.5     3.1    -8.5   358.3
2023 12 09  0954   60287   35640    0     3.0     0.0    -0.4     3.0    -7.8     0.6
2023 12 09  0955   60287   35700    0     3.0    -0.2    -0.5     3.1    -9.8   356.5
2023 12 09  0956   60287   35760    0     3.0    -0.3    -0.4     3.1    -8.0   353.8
2023 12 09  0957   60287   35820    0     3.0    -0.2    -0.3     3.1    -6.0   356.0
2023 12 09  0958   60287   35880    9  -999.9  -999.9  -999.9  -999.9  -999.9  -999.9
2023 12 09  0959   60287   35940    9  -999.9  -999.9  -999.9  -999.9  -999.9  -999.9
