:Data_list: 20231218_ace_swepam_1m.txt
:Created: 2023 Dec 18 1001 UT
# Prepared by the U.S. Dept. of Commerce, NOAA, Space Weather Prediction Center
# Please send comments and suggestions to SWPC.Webmaster@noaa.gov 
# 
# Units: Proton density p/cc
# Units: Bulk speed km/s
# Units: Ion tempeture degrees K
# Status(S): 0 = nominal data, 1 to 8 = bad data record, 9 = no data
# Missing data values: Density and Speed = -9999.9, Temp. = -1.00e+05
# Source: ACE Satellite - Solar Wind Electron Proton Alpha Monitor
#
#   1-minute averaged Real-time Bulk Parameters of the Solar Wind Plasma
# 
#                Modified Seconds   -------------  Solar Wind  -----------
# UT Date   Time  Julian  of the          Proton      Bulk         Ion
# YR MO DA  HHMM    Day     Day     S    Density     Speed     Temperature
#-------------------------------------------------------------------------
2023 12 18  0000   60296       0    9    -9999.9    -9999.9    -1.00e+05
2023 12 18  0001   60296      60    9    -9999.9    -9999.9    -1.00e+05
2023 12 18  0002   60296     120    9    -9999.9    -9999.9    -1.00e+05
2023 12 18  0003   60296     180    9    -9999.9    -9999.9    -1.00e+05
2023 12 18  0004   60296     240    9    -9999.9    -9999.9    -1.00e+05
2023 12 18  0005   60296     300    9    -9999.9    -9999.9    -1.00e+05
2023 12 18  0006   60296     360    9    -9999.9    -9999.9    -1.00e+05
2023 12 18  0007   60296     420    9    -9999.9    -9999.9    -1.00e+05
2023 12 18  0008   60296     480    9    -9999.9    -9999.9    -1.00e+05
2023 12 18  0009   60296     540    9    -9999.9    -9999.9    -1.00e+05
2023 12 18  0010   60296     600    9    -9999.9    -9999.9    -1.00e+05
2023 12 18  0011   60296     660    9    -9999.9    -9999.9    -1.00e+05
2023 12 18  0012   60296     720    9    -9999.9    -9999.9    -1.00e+05
2023 12 18  0013   60296     780    9    -9999.9    -9999.9    -1.00e+05
2023 12 18  0014   60296     840    9    -9999.9    -9999.9    -1.00e+05
2023 12 18  0015   60296     900    9    -9999.9    -9999.9    -1.00e+05
2023 12 18  0016   60296     960    9    -9999.9    -9999.9    -1.00e+05
2023 12 18  0017   60296    1020    9    -9999.9    -9999.9    -1.00e+05
2023 12 18  0018   60296    1080    9    -9999.9    -9999.9    -1.00e+05
2023 12 18  0019   60296    1140    9    -9999.9    -9999.9    -1.00e+05
2023 12 18  0020   60296    1200    9    -9999.9    -9999.9    -1.00e+05
2023 12 18  0021   60296    1260    9    -9999.9    -9999.9    -1.00e+05
2023 12 18  0022   60296    1320    9    -9999.9    -9999.9    -1.00e+05
2023 12 18  0023   60296    1380    9    -9999.9    -9999.9    -1.00e+05
2023 12 18  0024   60296    1440    9    -9999.9    -9999.9    -1.00e+05
2023 12 18  0025   60296    1500    9    -9999.9    -9999.9    -1.00e+05
2023 12 18  0026   60296    1560    9    -9999.9    -9999.9    -1.00e+05
2023 12 18  0027   60296    1620    9    -9999.9    -9999.9    -1.00e+05
2023 12 18  0028   60296    1680    9    -9999.9    -9999.9    -1.00e+05
2023 12 18  0029   60296    1740    9    -9999.9    -9999.9    -1.00e+05
2023 12 18  0030   60296    1800    9    -9999.9    -9999.9    -1.00e+05
2023 12 18  0031   60296    1860    9    -9999.9    -9999.9    -1.00e+05
2023 12 18  0032   60296    1920    9    -9999.9    -9999.9    -1.00e+05
2023 12 18  0033   60296    1980    9    -9999.9    -9999.9    -1.00e+05
2023 12 18  0034   60296    2040    9    -9999.9    -9999.9    -1.00e+05
2023 12 18  0035   60296    2100    9    -9999.9    -9999.9    -1.00e+05
2023 12 18  0036   60296    2160    9    -9999.9    -9999.9    -1.00e+05
2023 12 18  0037   60296    2220    9    -9999.9    -9999.9    -1.00e+05
2023 12 18  0038   60296    2280    9    -9999.9    -9999.9    -1.00e+05
2023 12 18  0039   60296    2340    9    -9999.9    -9999.9    -1.00e+05
2023 12 18  0040   60296    2400    9    -9999.9    -9999.9    -1.00e+05
2023 12 18  0041   60296    2460    9    -9999.9    -9999.9    -1.00e+05
2023 12 18  0042   60296    2520    9    -9999.9    -9999.9    -1.00e+05
2023 12 18  0043   60296    2580    9    -9999.9    -9999.9    -1.00e+05
2023 12 18  0044   60296    2640    9    -9999.9    -9999.9    -1.00e+05
2023 12 18  0045   60296    2700    9    -9999.9    -9999.9    -1.00e+05
2023 12 18  0046   60296    2760    9    -9999.9    -9999.9    -1.00e+05
2023 12 18  0047   60296    2820    9    -9999.9    -9999.9    -1.00e+05
2023 12 18  0048   60296    2880    9    -9999.9    -9999.9    -1.00e+05
2023 12 18  0049   60296    2940    9    -9999.9    -9999.9    -1.00e+05
2023 12 18  0050   60296    3000    9    -9999.9    -9999.9    -1.00e+05
2023 12 18  0051   60296    3060    9    -9999.9    -9999.9    -1.00e+05
2023 12 18  0052   60296    3120    9    -9999.9    -9999.9    -1.00e+05
2023 12 18  0053   60296    3180    9    -9999.9    -9999.9    -1.00e+05
2023 12 18  0054   60296    3240    9    -9999.9    -9999.9    -1.00e+05
2023 12 18  0055   60296    3300    9    -9999.9    -9999.9    -1.00e+05
2023 12 18  0056   60296    3360    9    -9999.9    -9999.9    -1.00e+05
2023 12 18  0057   60296    3420    9    -9999.9    -9999.9    -1.00e+05
2023 12 18  0058   60296    3480    9    -9999.9    -9999.9    -1.00e+05
2023 12 18  0059   60296    3540    9    -9999.9    -9999.9    -1.00e+05
2023 12 18  0100   60296    3600    9    -9999.9    -9999.9    -1.00e+05
2023 12 18  0101   60296    3660    9    -9999.9    -9999.9    -1.00e+05
2023 12 18  0102   60296    3720    9    -9999.9    -9999.9    -1.00e+05
2023 12 18  0103   60296    3780    9    -9999.9    -9999.9    -1.00e+05
2023 12 18  0104   60296    3840    9    -9999.9    -9999.9    -1.00e+05
2023 12 18  0105   60296    3900    9    -9999.9    -9999.9    -1.00e+05
2023 12 18  0106   60296    3960    9    -9999.9    -9999.9    -1.00e+05
2023 12 18  0107   60296    4020    9    -9999.9    -9999.9    -1.00e+05
2023 12 18  0108   60296    4080    9    -9999.9    -9999.9    -1.00e+05
2023 12 18  0109   60296    4140    9    -9999.9    -9999.9    -1.00e+05
2023 12 18  0110   60296    4200    9    -9999.9    -9999.9    -1.00e+05
2023 12 18  0111   60296    4260    9    -9999.9    -9999.9    -1.00e+05
2023 12 18  0112   60296    4320    9    -9999.9    -9999.9    -1.00e+05
2023 12 18  0113   60296    4380    9    -9999.9    -9999.9    -1.00e+05
2023 12 18  0114   60296    4440    9    -9999.9    -9999.9    -1.00e+05
2023 12 18  0115   60296    4500    9    -9999.9    -9999.9    -1.00e+05
2023 12 18  0116   60296    4560    9    -9999.9    -9999.9    -1.00e+05
2023 12 18  0117   60296    4620    9    -9999.9    -9999.9    -1.00e+05
2023 12 18  0118   60296    4680    9    -9999.9    -9999.9    -1.00e+05
2023 12 18  0119   60296    4740    9    -9999.9    -9999.9    -1.00e+05
2023 12 18  0120   60296    4800    9    -9999.9    -9999.9    -1.00e+05
2023 12 18  0121   60296    4860    9    -9999.9    -9999.9    -1.00e+05
2023 12 18  0122   60296    4920    9    -9999.9    -9999.9    -1.00e+05
2023 12 18  0123   60296    4980    9    -9999.9    -9999.9    -1.00e+05
2023 12 18  0124   60296    5040    9    -9999.9    -9999.9    -1.00e+05
2023 12 18  0125   60296    5100    9    -9999.9    -9999.9    -1.00e+05
2023 12 18  0126   60296    5160    9    -9999.9    -9999.9    -1.00e+05
2023 12 18  0127   60296    5220    9    -9999.9    -9999.9    -1.00e+05
2023 12 18  0128   60296    5280    9    -9999.9    -9999.9    -1.00e+05
2023 12 18  0129   60296    5340    9    -9999.9    -9999.9    -1.00e+05
2023 12 18  0130   60296    5400    9    -9999.9    -9999.9    -1.00e+05
2023 12 18  0131   60296    5460    9    -9999.9    -9999.9    -1.00e+05
2023 12 18  0132   60296    5520    9    -9999.9    -9999.9    -1.00e+05
2023 12 18  0133   60296    5580    9    -9999.9    -9999.9    -1.00e+05
2023 12 18  0134   60296    5640    9    -9999.9    -9999.9    -1.00e+05
2023 12 18  0135   60296    5700    9    -9999.9    -9999.9    -1.00e+05
2023 12 18  0136   60296    5760    9    -9999.9    -9999.9    -1.00e+05
2023 12 18  0137   60296    5820    9    -9999.9    -9999.9    -1.00e+05
2023 12 18  0138   60296    5880    9    -9999.9    -9999.9    -1.00e+05
2023 12 18  0139   60296    5940    9    -9999.9    -9999.9    -1.00e+05
2023 12 18  0140   60296    6000    9    -9999.9    -9999.9    -1.00e+05
2023 12 18  0141   60296    6060    9    -9999.9    -9999.9    -1.00e+05
2023 12 18  0142   60296    6120    9    -9999.9    -9999.9    -1.00e+05
2023 12 18  0143   60296    6180    9    -9999.9    -9999.9    -1.00e+05
2023 12 18  0144   60296    6240    9    -9999.9    -9999.9    -1.00e+05
2023 12 18  0145   60296    6300    9    -9999.9    -9999.9    -1.00e+05
2023 12 18  0146   60296    6360    9    -9999.9    -9999.9    -1.00e+05
2023 12 18  0147   60296    6420    9    -9999.9    -9999.9    -1.00e+05
2023 12 18  0148   60296    6480    9    -9999.9    -9999.9    -1.00e+05
2023 12 18  0149   60296    6540    9    -9999.9    -9999.9    -1.00e+05
2023 12 18  0150   60296    6600    9    -9999.9    -9999.9    -1.00e+05
2023 12 18  0151   60296    6660    9    -9999.9    -9999.9    -1.00e+05
2023 12 18  0152   60296    6720    9    -9999.9    -9999.9    -1.00e+05
2023 12 18  0153   60296    6780    9    -9999.9    -9999.9    -1.00e+05
2023 12 18  0154   60296    6840    9    -9999.9    -9999.9    -1.00e+05
2023 12 18  0155   60296    6900    9    -9999.9    -9999.9    -1.00e+05
2023 12 18  0156   60296    6960    9    -9999.9    -9999.9    -1.00e+05
2023 12 18  0157   60296    7020    9    -9999.9    -9999.9    -1.00e+05
2023 12 18  0158   60296    7080    9    -9999.9    -9999.9    -1.00e+05
2023 12 18  0159   60296    7140    9    -9999.9    -9999.9    -1.00e+05
2023 12 18  0200   60296    7200    9    -9999.9    -9999.9    -1.00e+05
2023 12 18  0201   60296    7260    9    -9999.9    -9999.9    -1.00e+05
2023 12 18  0202   60296    7320    9    -9999.9    -9999.9    -1.00e+05
2023 12 18  0203   60296    7380    9    -9999.9    -9999.9    -1.00e+05
2023 12 18  0204   60296    7440    9    -9999.9    -9999.9    -1.00e+05
2023 12 18  0205   60296    7500    9    -9999.9    -9999.9    -1.00e+05
2023 12 18  0206   60296    7560    9    -9999.9    -9999.9    -1.00e+05
2023 12 18  0207   60296    7620    9    -9999.9    -9999.9    -1.00e+05
2023 12 18  0208   60296    7680    9    -9999.9    -9999.9    -1.00e+05
2023 12 18  0209   60296    7740    9    -9999.9    -9999.9    -1.00e+05
2023 12 18  0210   60296    7800    9    -9999.9    -9999.9    -1.00e+05
2023 12 18  0211   60296    7860    9    -9999.9    -9999.9    -1.00e+05
2023 12 18  0212   60296    7920    9    -9999.9    -9999.9    -1.00e+05
2023 12 18  0213   60296    7980    9    -9999.9    -9999.9    -1.00e+05
2023 12 18  0214   60296    8040    9    -9999.9    -9999.9    -1.00e+05
2023 12 18  0215   60296    8100    9    -9999.9    -9999.9    -1.00e+05
2023 12 18  0216   60296    8160    9    -9999.9    -9999.9    -1.00e+05
2023 12 18  0217   60296    8220    9    -9999.9    -9999.9    -1.00e+05
2023 12 18  0218   60296    8280    9    -9999.9    -9999.9    -1.00e+05
2023 12 18  0219   60296    8340    9    -9999.9    -9999.9    -1.00e+05
2023 12 18  0220   60296    8400    9    -9999.9    -9999.9    -1.00e+05
2023 12 18  0221   60296    8460    9    -9999.9    -9999.9    -1.00e+05
2023 12 18  0222   60296    8520    9    -9999.9    -9999.9    -1.00e+05
2023 12 18  0223   60296    8580    9    -9999.9    -9999.9    -1.00e+05
2023 12 18  0224   60296    8640    9    -9999.9    -9999.9    -1.00e+05
2023 12 18  0225   60296    8700    9    -9999.9    -9999.9    -1.00e+05
2023 12 18  0226   60296    8760    9    -9999.9    -9999.9    -1.00e+05
2023 12 18  0227   60296    8820    9    -9999.9    -9999.9    -1.00e+05
2023 12 18  0228   60296    8880    9    -9999.9    -9999.9    -1.00e+05
2023 12 18  0229   60296    8940    9    -9999.9    -9999.9    -1.00e+05
2023 12 18  0230   60296    9000    9    -9999.9    -9999.9    -1.00e+05
2023 12 18  0231   60296    9060    9    -9999.9    -9999.9    -1.00e+05
2023 12 18  0232   60296    9120    9    -9999.9    -9999.9    -1.00e+05
2023 12 18  0233   60296    9180    9    -9999.9    -9999.9    -1.00e+05
2023 12 18  0234   60296    9240    9    -9999.9    -9999.9    -1.00e+05
2023 12 18  0235   60296    9300    9    -9999.9    -9999.9    -1.00e+05
2023 12 18  0236   60296    9360    9    -9999.9    -9999.9    -1.00e+05
2023 12 18  0237   60296    9420    9    -9999.9    -9999.9    -1.00e+05
2023 12 18  0238   60296    9480    9    -9999.9    -9999.9    -1.00e+05
2023 12 18  0239   60296    9540    9    -9999.9    -9999.9    -1.00e+05
2023 12 18  0240   60296    9600    9    -9999.9    -9999.9    -1.00e+05
2023 12 18  0241   60296    9660    9    -9999.9    -9999.9    -1.00e+05
2023 12 18  0242   60296    9720    9    -9999.9    -9999.9    -1.00e+05
2023 12 18  0243   60296    9780    9    -9999.9    -9999.9    -1.00e+05
2023 12 18  0244   60296    9840    9    -9999.9    -9999.9    -1.00e+05
2023 12 18  0245   60296    9900    9    -9999.9    -9999.9    -1.00e+05
2023 12 18  0246   60296    9960    9    -9999.9    -9999.9    -1.00e+05
2023 12 18  0247   60296   10020    9    -9999.9    -9999.9    -1.00e+05
2023 12 18  0248   60296   10080    9    -9999.9    -9999.9    -1.00e+05
2023 12 18  0249   60296   10140    9    -9999.9    -9999.9    -1.00e+05
2023 12 18  0250   60296   10200    9    -9999.9    -9999.9    -1.00e+05
2023 12 18  0251   60296   10260    9    -9999.9    -9999.9    -1.00e+05
2023 12 18  0252   60296   10320    9    -9999.9    -9999.9    -1.00e+05
2023 12 18  0253   60296   10380    9    -9999.9    -9999.9    -1.00e+05
2023 12 18  0254   60296   10440    9    -9999.9    -9999.9    -1.00e+05
2023 12 18  0255   60296   10500    9    -9999.9    -9999.9    -1.00e+05
2023 12 18  0256   60296   10560    9    -9999.9    -9999.9    -1.00e+05
2023 12 18  0257   60296   10620    9    -9999.9    -9999.9    -1.00e+05
2023 12 18  0258   60296   10680    9    -9999.9    -9999.9    -1.00e+05
2023 12 18  0259   60296   10740    9    -9999.9    -9999.9    -1.00e+05
2023 12 18  0300   60296   10800    9    -9999.9    -9999.9    -1.00e+05
2023 12 18  0301   60296   10860    9    -9999.9    -9999.9    -1.00e+05
2023 12 18  0302   60296   10920    9    -9999.9    -9999.9    -1.00e+05
2023 12 18  0303   60296   10980    9    -9999.9    -9999.9    -1.00e+05
2023 12 18  0304   60296   11040    9    -9999.9    -9999.9    -1.00e+05
2023 12 18  0305   60296   11100    9    -9999.9    -9999.9    -1.00e+05
2023 12 18  0306   60296   11160    9    -9999.9    -9999.9    -1.00e+05
2023 12 18  0307   60296   11220    9    -9999.9    -9999.9    -1.00e+05
2023 12 18  0308   60296   11280    9    -9999.9    -9999.9    -1.00e+05
2023 12 18  0309   60296   11340    9    -9999.9    -9999.9    -1.00e+05
2023 12 18  0310   60296   11400    9    -9999.9    -9999.9    -1.00e+05
2023 12 18  0311   60296   11460    9    -9999.9    -9999.9    -1.00e+05
2023 12 18  0312   60296   11520    9    -9999.9    -9999.9    -1.00e+05
2023 12 18  0313   60296   11580    9    -9999.9    -9999.9    -1.00e+05
2023 12 18  0314   60296   11640    9    -9999.9    -9999.9    -1.00e+05
2023 12 18  0315   60296   11700    9    -9999.9    -9999.9    -1.00e+05
2023 12 18  0316   60296   11760    9    -9999.9    -9999.9    -1.00e+05
2023 12 18  0317   60296   11820    9    -9999.9    -9999.9    -1.00e+05
2023 12 18  0318   60296   11880    9    -9999.9    -9999.9    -1.00e+05
2023 12 18  0319   60296   11940    9    -9999.9    -9999.9    -1.00e+05
2023 12 18  0320   60296   12000    9    -9999.9    -9999.9    -1.00e+05
2023 12 18  0321   60296   12060    9    -9999.9    -9999.9    -1.00e+05
2023 12 18  0322   60296   12120    9    -9999.9    -9999.9    -1.00e+05
2023 12 18  0323   60296   12180    9    -9999.9    -9999.9    -1.00e+05
2023 12 18  0324   60296   12240    9    -9999.9    -9999.9    -1.00e+05
2023 12 18  0325   60296   12300    9    -9999.9    -9999.9    -1.00e+05
2023 12 18  0326   60296   12360    9    -9999.9    -9999.9    -1.00e+05
2023 12 18  0327   60296   12420    9    -9999.9    -9999.9    -1.00e+05
2023 12 18  0328   60296   12480    9    -9999.9    -9999.9    -1.00e+05
2023 12 18  0329   60296   12540    9    -9999.9    -9999.9    -1.00e+05
2023 12 18  0330   60296   12600    9    -9999.9    -9999.9    -1.00e+05
2023 12 18  0331   60296   12660    9    -9999.9    -9999.9    -1.00e+05
2023 12 18  0332   60296   12720    9    -9999.9    -9999.9    -1.00e+05
2023 12 18  0333   60296   12780    9    -9999.9    -9999.9    -1.00e+05
2023 12 18  0334   60296   12840    9    -9999.9    -9999.9    -1.00e+05
2023 12 18  0335   60296   12900    9    -9999.9    -9999.9    -1.00e+05
2023 12 18  0336   60296   12960    9    -9999.9    -9999.9    -1.00e+05
2023 12 18  0337   60296   13020    9    -9999.9    -9999.9    -1.00e+05
2023 12 18  0338   60296   13080    9    -9999.9    -9999.9    -1.00e+05
2023 12 18  0339   60296   13140    9    -9999.9    -9999.9    -1.00e+05
2023 12 18  0340   60296   13200    9    -9999.9    -9999.9    -1.00e+05
2023 12 18  0341   60296   13260    9    -9999.9    -9999.9    -1.00e+05
2023 12 18  0342   60296   13320    9    -9999.9    -9999.9    -1.00e+05
2023 12 18  0343   60296   13380    9    -9999.9    -9999.9    -1.00e+05
2023 12 18  0344   60296   13440    9    -9999.9    -9999.9    -1.00e+05
2023 12 18  0345   60296   13500    9    -9999.9    -9999.9    -1.00e+05
2023 12 18  0346   60296   13560    9    -9999.9    -9999.9    -1.00e+05
2023 12 18  0347   60296   13620    9    -9999.9    -9999.9    -1.00e+05
2023 12 18  0348   60296   13680    9    -9999.9    -9999.9    -1.00e+05
2023 12 18  0349   60296   13740    9    -9999.9    -9999.9    -1.00e+05
2023 12 18  0350   60296   13800    9    -9999.9    -9999.9    -1.00e+05
2023 12 18  0351   60296   13860    9    -9999.9    -9999.9    -1.00e+05
2023 12 18  0352   60296   13920    9    -9999.9    -9999.9    -1.00e+05
2023 12 18  0353   60296   13980    9    -9999.9    -9999.9    -1.00e+05
2023 12 18  0354   60296   14040    9    -9999.9    -9999.9    -1.00e+05
2023 12 18  0355   60296   14100    9    -9999.9    -9999.9    -1.00e+05
2023 12 18  0356   60296   14160    9    -9999.9    -9999.9    -1.00e+05
2023 12 18  0357   60296   14220    9    -9999.9    -9999.9    -1.00e+05
2023 12 18  0358   60296   14280    9    -9999.9    -9999.9    -1.00e+05
2023 12 18  0359   60296   14340    9    -9999.9    -9999.9    -1.00e+05
2023 12 18  0400   60296   14400    9    -9999.9    -9999.9    -1.00e+05
2023 12 18  0401   60296   14460    9    -9999.9    -9999.9    -1.00e+05
2023 12 18  0402   60296   14520    9    -9999.9    -9999.9    -1.00e+05
2023 12 18  0403   60296   14580    9    -9999.9    -9999.9    -1.00e+05
2023 12 18  0404   60296   14640    9    -9999.9    -9999.9    -1.00e+05
2023 12 18  0405   60296   14700    9    -9999.9    -9999.9    -1.00e+05
2023 12 18  0406   60296   14760    9    -9999.9    -9999.9    -1.00e+05
2023 12 18  0407   60296   14820    9    -9999.9    -9999.9    -1.00e+05
2023 12 18  0408   60296   14880    9    -9999.9    -9999.9    -1.00e+05
2023 12 18  0409   60296   14940    9    -9999.9    -9999.9    -1.00e+05
2023 12 18  0410   60296   15000    9    -9999.9    -9999.9    -1.00e+05
2023 12 18  0411   60296   15060    9    -9999.9    -9999.9    -1.00e+05
2023 12 18  0412   60296   15120    9    -9999.9    -9999.9    -1.00e+05
2023 12 18  0413   60296   15180    9    -9999.9    -9999.9    -1.00e+05
2023 12 18  0414   60296   15240    9    -9999.9    -9999.9    -1.00e+05
2023 12 18  0415   60296   15300    9    -9999.9    -9999.9    -1.00e+05
2023 12 18  0416   60296   15360    9    -9999.9    -9999.9    -1.00e+05
2023 12 18  0417   60296   15420    9    -9999.9    -9999.9    -1.00e+05
2023 12 18  0418   60296   15480    9    -9999.9    -9999.9    -1.00e+05
2023 12 18  0419   60296   15540    9    -9999.9    -9999.9    -1.00e+05
2023 12 18  0420   60296   15600    9    -9999.9    -9999.9    -1.00e+05
2023 12 18  0421   60296   15660    9    -9999.9    -9999.9    -1.00e+05
2023 12 18  0422   60296   15720    9    -9999.9    -9999.9    -1.00e+05
2023 12 18  0423   60296   15780    9    -9999.9    -9999.9    -1.00e+05
2023 12 18  0424   60296   15840    9    -9999.9    -9999.9    -1.00e+05
2023 12 18  0425   60296   15900    9    -9999.9    -9999.9    -1.00e+05
2023 12 18  0426   60296   15960    9    -9999.9    -9999.9    -1.00e+05
2023 12 18  0427   60296   16020    9    -9999.9    -9999.9    -1.00e+05
2023 12 18  0428   60296   16080    9    -9999.9    -9999.9    -1.00e+05
2023 12 18  0429   60296   16140    9    -9999.9    -9999.9    -1.00e+05
2023 12 18  0430   60296   16200    9    -9999.9    -9999.9    -1.00e+05
2023 12 18  0431   60296   16260    9    -9999.9    -9999.9    -1.00e+05
2023 12 18  0432   60296   16320    9    -9999.9    -9999.9    -1.00e+05
2023 12 18  0433   60296   16380    9    -9999.9    -9999.9    -1.00e+05
2023 12 18  0434   60296   16440    9    -9999.9    -9999.9    -1.00e+05
2023 12 18  0435   60296   16500    9    -9999.9    -9999.9    -1.00e+05
2023 12 18  0436   60296   16560    9    -9999.9    -9999.9    -1.00e+05
2023 12 18  0437   60296   16620    9    -9999.9    -9999.9    -1.00e+05
2023 12 18  0438   60296   16680    9    -9999.9    -9999.9    -1.00e+05
2023 12 18  0439   60296   16740    9    -9999.9    -9999.9    -1.00e+05
2023 12 18  0440   60296   16800    9    -9999.9    -9999.9    -1.00e+05
2023 12 18  0441   60296   16860    9    -9999.9    -9999.9    -1.00e+05
2023 12 18  0442   60296   16920    9    -9999.9    -9999.9    -1.00e+05
2023 12 18  0443   60296   16980    9    -9999.9    -9999.9    -1.00e+05
2023 12 18  0444   60296   17040    9    -9999.9    -9999.9    -1.00e+05
2023 12 18  0445   60296   17100    9    -9999.9    -9999.9    -1.00e+05
2023 12 18  0446   60296   17160    9    -9999.9    -9999.9    -1.00e+05
2023 12 18  0447   60296   17220    9    -9999.9    -9999.9    -1.00e+05
2023 12 18  0448   60296   17280    9    -9999.9    -9999.9    -1.00e+05
2023 12 18  0449   60296   17340    9    -9999.9    -9999.9    -1.00e+05
2023 12 18  0450   60296   17400    9    -9999.9    -9999.9    -1.00e+05
2023 12 18  0451   60296   17460    9    -9999.9    -9999.9    -1.00e+05
2023 12 18  0452   60296   17520    9    -9999.9    -9999.9    -1.00e+05
2023 12 18  0453   60296   17580    9    -9999.9    -9999.9    -1.00e+05
2023 12 18  0454   60296   17640    9    -9999.9    -9999.9    -1.00e+05
2023 12 18  0455   60296   17700    9    -9999.9    -9999.9    -1.00e+05
2023 12 18  0456   60296   17760    9    -9999.9    -9999.9    -1.00e+05
2023 12 18  0457   60296   17820    9    -9999.9    -9999.9    -1.00e+05
2023 12 18  0458   60296   17880    9    -9999.9    -9999.9    -1.00e+05
2023 12 18  0459   60296   17940    9    -9999.9    -9999.9    -1.00e+05
2023 12 18  0500   60296   18000    9    -9999.9    -9999.9    -1.00e+05
2023 12 18  0501   60296   18060    9    -9999.9    -9999.9    -1.00e+05
2023 12 18  0502   60296   18120    9    -9999.9    -9999.9    -1.00e+05
2023 12 18  0503   60296   18180    9    -9999.9    -9999.9    -1.00e+05
2023 12 18  0504   60296   18240    9    -9999.9    -9999.9    -1.00e+05
2023 12 18  0505   60296   18300    9    -9999.9    -9999.9    -1.00e+05
2023 12 18  0506   60296   18360    9    -9999.9    -9999.9    -1.00e+05
2023 12 18  0507   60296   18420    9    -9999.9    -9999.9    -1.00e+05
2023 12 18  0508   60296   18480    9    -9999.9    -9999.9    -1.00e+05
2023 12 18  0509   60296   18540    9    -9999.9    -9999.9    -1.00e+05
2023 12 18  0510   60296   18600    9    -9999.9    -9999.9    -1.00e+05
2023 12 18  0511   60296   18660    9    -9999.9    -9999.9    -1.00e+05
2023 12 18  0512   60296   18720    9    -9999.9    -9999.9    -1.00e+05
2023 12 18  0513   60296   18780    9    -9999.9    -9999.9    -1.00e+05
2023 12 18  0514   60296   18840    9    -9999.9    -9999.9    -1.00e+05
2023 12 18  0515   60296   18900    9    -9999.9    -9999.9    -1.00e+05
2023 12 18  0516   60296   18960    9    -9999.9    -9999.9    -1.00e+05
2023 12 18  0517   60296   19020    9    -9999.9    -9999.9    -1.00e+05
2023 12 18  0518   60296   19080    9    -9999.9    -9999.9    -1.00e+05
2023 12 18  0519   60296   19140    9    -9999.9    -9999.9    -1.00e+05
2023 12 18  0520   60296   19200    9    -9999.9    -9999.9    -1.00e+05
2023 12 18  0521   60296   19260    9    -9999.9    -9999.9    -1.00e+05
2023 12 18  0522   60296   19320    9    -9999.9    -9999.9    -1.00e+05
2023 12 18  0523   60296   19380    9    -9999.9    -9999.9    -1.00e+05
2023 12 18  0524   60296   19440    9    -9999.9    -9999.9    -1.00e+05
2023 12 18  0525   60296   19500    9    -9999.9    -9999.9    -1.00e+05
2023 12 18  0526   60296   19560    9    -9999.9    -9999.9    -1.00e+05
2023 12 18  0527   60296   19620    9    -9999.9    -9999.9    -1.00e+05
2023 12 18  0528   60296   19680    9    -9999.9    -9999.9    -1.00e+05
2023 12 18  0529   60296   19740    9    -9999.9    -9999.9    -1.00e+05
2023 12 18  0530   60296   19800    9    -9999.9    -9999.9    -1.00e+05
2023 12 18  0531   60296   19860    9    -9999.9    -9999.9    -1.00e+05
2023 12 18  0532   60296   19920    9    -9999.9    -9999.9    -1.00e+05
2023 12 18  0533   60296   19980    9    -9999.9    -9999.9    -1.00e+05
2023 12 18  0534   60296   20040    9    -9999.9    -9999.9    -1.00e+05
2023 12 18  0535   60296   20100    9    -9999.9    -9999.9    -1.00e+05
2023 12 18  0536   60296   20160    9    -9999.9    -9999.9    -1.00e+05
2023 12 18  0537   60296   20220    9    -9999.9    -9999.9    -1.00e+05
2023 12 18  0538   60296   20280    9    -9999.9    -9999.9    -1.00e+05
2023 12 18  0539   60296   20340    9    -9999.9    -9999.9    -1.00e+05
2023 12 18  0540   60296   20400    9    -9999.9    -9999.9    -1.00e+05
2023 12 18  0541   60296   20460    9    -9999.9    -9999.9    -1.00e+05
2023 12 18  0542   60296   20520    9    -9999.9    -9999.9    -1.00e+05
2023 12 18  0543   60296   20580    9    -9999.9    -9999.9    -1.00e+05
2023 12 18  0544   60296   20640    9    -9999.9    -9999.9    -1.00e+05
2023 12 18  0545   60296   20700    9    -9999.9    -9999.9    -1.00e+05
2023 12 18  0546   60296   20760    9    -9999.9    -9999.9    -1.00e+05
2023 12 18  0547   60296   20820    9    -9999.9    -9999.9    -1.00e+05
2023 12 18  0548   60296   20880    9    -9999.9    -9999.9    -1.00e+05
2023 12 18  0549   60296   20940    9    -9999.9    -9999.9    -1.00e+05
2023 12 18  0550   60296   21000    9    -9999.9    -9999.9    -1.00e+05
2023 12 18  0551   60296   21060    9    -9999.9    -9999.9    -1.00e+05
2023 12 18  0552   60296   21120    9    -9999.9    -9999.9    -1.00e+05
2023 12 18  0553   60296   21180    9    -9999.9    -9999.9    -1.00e+05
2023 12 18  0554   60296   21240    9    -9999.9    -9999.9    -1.00e+05
2023 12 18  0555   60296   21300    9    -9999.9    -9999.9    -1.00e+05
2023 12 18  0556   60296   21360    9    -9999.9    -9999.9    -1.00e+05
2023 12 18  0557   60296   21420    9    -9999.9    -9999.9    -1.00e+05
2023 12 18  0558   60296   21480    9    -9999.9    -9999.9    -1.00e+05
2023 12 18  0559   60296   21540    9    -9999.9    -9999.9    -1.00e+05
2023 12 18  0600   60296   21600    9    -9999.9    -9999.9    -1.00e+05
2023 12 18  0601   60296   21660    9    -9999.9    -9999.9    -1.00e+05
2023 12 18  0602   60296   21720    9    -9999.9    -9999.9    -1.00e+05
2023 12 18  0603   60296   21780    9    -9999.9    -9999.9    -1.00e+05
2023 12 18  0604   60296   21840    9    -9999.9    -9999.9    -1.00e+05
2023 12 18  0605   60296   21900    9    -9999.9    -9999.9    -1.00e+05
2023 12 18  0606   60296   21960    9    -9999.9    -9999.9    -1.00e+05
2023 12 18  0607   60296   22020    9    -9999.9    -9999.9    -1.00e+05
2023 12 18  0608   60296   22080    9    -9999.9    -9999.9    -1.00e+05
2023 12 18  0609   60296   22140    9    -9999.9    -9999.9    -1.00e+05
2023 12 18  0610   60296   22200    9    -9999.9    -9999.9    -1.00e+05
2023 12 18  0611   60296   22260    9    -9999.9    -9999.9    -1.00e+05
2023 12 18  0612   60296   22320    9    -9999.9    -9999.9    -1.00e+05
2023 12 18  0613   60296   22380    9    -9999.9    -9999.9    -1.00e+05
2023 12 18  0614   60296   22440    9    -9999.9    -9999.9    -1.00e+05
2023 12 18  0615   60296   22500    9    -9999.9    -9999.9    -1.00e+05
2023 12 18  0616   60296   22560    9    -9999.9    -9999.9    -1.00e+05
2023 12 18  0617   60296   22620    9    -9999.9    -9999.9    -1.00e+05
2023 12 18  0618   60296   22680    9    -9999.9    -9999.9    -1.00e+05
2023 12 18  0619   60296   22740    9    -9999.9    -9999.9    -1.00e+05
2023 12 18  0620   60296   22800    9    -9999.9    -9999.9    -1.00e+05
2023 12 18  0621   60296   22860    9    -9999.9    -9999.9    -1.00e+05
2023 12 18  0622   60296   22920    9    -9999.9    -9999.9    -1.00e+05
2023 12 18  0623   60296   22980    9    -9999.9    -9999.9    -1.00e+05
2023 12 18  0624   60296   23040    9    -9999.9    -9999.9    -1.00e+05
2023 12 18  0625   60296   23100    9    -9999.9    -9999.9    -1.00e+05
2023 12 18  0626   60296   23160    9    -9999.9    -9999.9    -1.00e+05
2023 12 18  0627   60296   23220    9    -9999.9    -9999.9    -1.00e+05
2023 12 18  0628   60296   23280    9    -9999.9    -9999.9    -1.00e+05
2023 12 18  0629   60296   23340    9    -9999.9    -9999.9    -1.00e+05
2023 12 18  0630   60296   23400    9    -9999.9    -9999.9    -1.00e+05
2023 12 18  0631   60296   23460    9    -9999.9    -9999.9    -1.00e+05
2023 12 18  0632   60296   23520    9    -9999.9    -9999.9    -1.00e+05
2023 12 18  0633   60296   23580    9    -9999.9    -9999.9    -1.00e+05
2023 12 18  0634   60296   23640    9    -9999.9    -9999.9    -1.00e+05
2023 12 18  0635   60296   23700    9    -9999.9    -9999.9    -1.00e+05
2023 12 18  0636   60296   23760    9    -9999.9    -9999.9    -1.00e+05
2023 12 18  0637   60296   23820    9    -9999.9    -9999.9    -1.00e+05
2023 12 18  0638   60296   23880    9    -9999.9    -9999.9    -1.00e+05
2023 12 18  0639   60296   23940    9    -9999.9    -9999.9    -1.00e+05
2023 12 18  0640   60296   24000    9    -9999.9    -9999.9    -1.00e+05
2023 12 18  0641   60296   24060    9    -9999.9    -9999.9    -1.00e+05
2023 12 18  0642   60296   24120    9    -9999.9    -9999.9    -1.00e+05
2023 12 18  0643   60296   24180    9    -9999.9    -9999.9    -1.00e+05
2023 12 18  0644   60296   24240    9    -9999.9    -9999.9    -1.00e+05
2023 12 18  0645   60296   24300    9    -9999.9    -9999.9    -1.00e+05
2023 12 18  0646   60296   24360    9    -9999.9    -9999.9    -1.00e+05
2023 12 18  0647   60296   24420    9    -9999.9    -9999.9    -1.00e+05
2023 12 18  0648   60296   24480    9    -9999.9    -9999.9    -1.00e+05
2023 12 18  0649   60296   24540    9    -9999.9    -9999.9    -1.00e+05
2023 12 18  0650   60296   24600    9    -9999.9    -9999.9    -1.00e+05
2023 12 18  0651   60296   24660    9    -9999.9    -9999.9    -1.00e+05
2023 12 18  0652   60296   24720    9    -9999.9    -9999.9    -1.00e+05
2023 12 18  0653   60296   24780    9    -9999.9    -9999.9    -1.00e+05
2023 12 18  0654   60296   24840    9    -9999.9    -9999.9    -1.00e+05
2023 12 18  0655   60296   24900    9    -9999.9    -9999.9    -1.00e+05
2023 12 18  0656   60296   24960    9    -9999.9    -9999.9    -1.00e+05
2023 12 18  0657   60296   25020    9    -9999.9    -9999.9    -1.00e+05
2023 12 18  0658   60296   25080    9    -9999.9    -9999.9    -1.00e+05
2023 12 18  0659   60296   25140    9    -9999.9    -9999.9    -1.00e+05
2023 12 18  0700   60296   25200    9    -9999.9    -9999.9    -1.00e+05
2023 12 18  0701   60296   25260    9    -9999.9    -9999.9    -1.00e+05
2023 12 18  0702   60296   25320    9    -9999.9    -9999.9    -1.00e+05
2023 12 18  0703   60296   25380    9    -9999.9    -9999.9    -1.00e+05
2023 12 18  0704   60296   25440    9    -9999.9    -9999.9    -1.00e+05
2023 12 18  0705   60296   25500    9    -9999.9    -9999.9    -1.00e+05
2023 12 18  0706   60296   25560    9    -9999.9    -9999.9    -1.00e+05
2023 12 18  0707   60296   25620    9    -9999.9    -9999.9    -1.00e+05
2023 12 18  0708   60296   25680    9    -9999.9    -9999.9    -1.00e+05
2023 12 18  0709   60296   25740    9    -9999.9    -9999.9    -1.00e+05
2023 12 18  0710   60296   25800    9    -9999.9    -9999.9    -1.00e+05
2023 12 18  0711   60296   25860    9    -9999.9    -9999.9    -1.00e+05
2023 12 18  0712   60296   25920    9    -9999.9    -9999.9    -1.00e+05
2023 12 18  0713   60296   25980    9    -9999.9    -9999.9    -1.00e+05
2023 12 18  0714   60296   26040    9    -9999.9    -9999.9    -1.00e+05
2023 12 18  0715   60296   26100    9    -9999.9    -9999.9    -1.00e+05
2023 12 18  0716   60296   26160    9    -9999.9    -9999.9    -1.00e+05
2023 12 18  0717   60296   26220    9    -9999.9    -9999.9    -1.00e+05
2023 12 18  0718   60296   26280    9    -9999.9    -9999.9    -1.00e+05
2023 12 18  0719   60296   26340    9    -9999.9    -9999.9    -1.00e+05
2023 12 18  0720   60296   26400    9    -9999.9    -9999.9    -1.00e+05
2023 12 18  0721   60296   26460    9    -9999.9    -9999.9    -1.00e+05
2023 12 18  0722   60296   26520    9    -9999.9    -9999.9    -1.00e+05
2023 12 18  0723   60296   26580    9    -9999.9    -9999.9    -1.00e+05
2023 12 18  0724   60296   26640    9    -9999.9    -9999.9    -1.00e+05
2023 12 18  0725   60296   26700    9    -9999.9    -9999.9    -1.00e+05
2023 12 18  0726   60296   26760    9    -9999.9    -9999.9    -1.00e+05
2023 12 18  0727   60296   26820    9    -9999.9    -9999.9    -1.00e+05
2023 12 18  0728   60296   26880    9    -9999.9    -9999.9    -1.00e+05
2023 12 18  0729   60296   26940    9    -9999.9    -9999.9    -1.00e+05
2023 12 18  0730   60296   27000    9    -9999.9    -9999.9    -1.00e+05
2023 12 18  0731   60296   27060    9    -9999.9    -9999.9    -1.00e+05
2023 12 18  0732   60296   27120    9    -9999.9    -9999.9    -1.00e+05
2023 12 18  0733   60296   27180    9    -9999.9    -9999.9    -1.00e+05
2023 12 18  0734   60296   27240    9    -9999.9    -9999.9    -1.00e+05
2023 12 18  0735   60296   27300    9    -9999.9    -9999.9    -1.00e+05
2023 12 18  0736   60296   27360    9    -9999.9    -9999.9    -1.00e+05
2023 12 18  0737   60296   27420    9    -9999.9    -9999.9    -1.00e+05
2023 12 18  0738   60296   27480    9    -9999.9    -9999.9    -1.00e+05
2023 12 18  0739   60296   27540    9    -9999.9    -9999.9    -1.00e+05
2023 12 18  0740   60296   27600    9    -9999.9    -9999.9    -1.00e+05
2023 12 18  0741   60296   27660    9    -9999.9    -9999.9    -1.00e+05
2023 12 18  0742   60296   27720    9    -9999.9    -9999.9    -1.00e+05
2023 12 18  0743   60296   27780    9    -9999.9    -9999.9    -1.00e+05
2023 12 18  0744   60296   27840    9    -9999.9    -9999.9    -1.00e+05
2023 12 18  0745   60296   27900    9    -9999.9    -9999.9    -1.00e+05
2023 12 18  0746   60296   27960    9    -9999.9    -9999.9    -1.00e+05
2023 12 18  0747   60296   28020    9    -9999.9    -9999.9    -1.00e+05
2023 12 18  0748   60296   28080    9    -9999.9    -9999.9    -1.00e+05
2023 12 18  0749   60296   28140    9    -9999.9    -9999.9    -1.00e+05
2023 12 18  0750   60296   28200    9    -9999.9    -9999.9    -1.00e+05
2023 12 18  0751   60296   28260    9    -9999.9    -9999.9    -1.00e+05
2023 12 18  0752   60296   28320    9    -9999.9    -9999.9    -1.00e+05
2023 12 18  0753   60296   28380    9    -9999.9    -9999.9    -1.00e+05
2023 12 18  0754   60296   28440    9    -9999.9    -9999.9    -1.00e+05
2023 12 18  0755   60296   28500    9    -9999.9    -9999.9    -1.00e+05
2023 12 18  0756   60296   28560    9    -9999.9    -9999.9    -1.00e+05
2023 12 18  0757   60296   28620    9    -9999.9    -9999.9    -1.00e+05
2023 12 18  0758   60296   28680    9    -9999.9    -9999.9    -1.00e+05
2023 12 18  0759   60296   28740    9    -9999.9    -9999.9    -1.00e+05
2023 12 18  0800   60296   28800    9    -9999.9    -9999.9    -1.00e+05
2023 12 18  0801   60296   28860    9    -9999.9    -9999.9    -1.00e+05
2023 12 18  0802   60296   28920    9    -9999.9    -9999.9    -1.00e+05
2023 12 18  0803   60296   28980    9    -9999.9    -9999.9    -1.00e+05
2023 12 18  0804   60296   29040    9    -9999.9    -9999.9    -1.00e+05
2023 12 18  0805   60296   29100    9    -9999.9    -9999.9    -1.00e+05
2023 12 18  0806   60296   29160    9    -9999.9    -9999.9    -1.00e+05
2023 12 18  0807   60296   29220    9    -9999.9    -9999.9    -1.00e+05
2023 12 18  0808   60296   29280    9    -9999.9    -9999.9    -1.00e+05
2023 12 18  0809   60296   29340    9    -9999.9    -9999.9    -1.00e+05
2023 12 18  0810   60296   29400    9    -9999.9    -9999.9    -1.00e+05
2023 12 18  0811   60296   29460    9    -9999.9    -9999.9    -1.00e+05
2023 12 18  0812   60296   29520    9    -9999.9    -9999.9    -1.00e+05
2023 12 18  0813   60296   29580    9    -9999.9    -9999.9    -1.00e+05
2023 12 18  0814   60296   29640    9    -9999.9    -9999.9    -1.00e+05
2023 12 18  0815   60296   29700    9    -9999.9    -9999.9    -1.00e+05
2023 12 18  0816   60296   29760    9    -9999.9    -9999.9    -1.00e+05
2023 12 18  0817   60296   29820    0        3.7      457.6     1.98e+04
2023 12 18  0818   60296   29880    0        3.7      457.6     1.98e+04
2023 12 18  0819   60296   29940    0        5.3      460.5     2.35e+04
2023 12 18  0820   60296   30000    0        5.9      458.1     1.66e+04
2023 12 18  0821   60296   30060    0        5.5      458.6     2.11e+04
2023 12 18  0822   60296   30120    0        6.4      457.3     1.80e+04
2023 12 18  0823   60296   30180    0        7.2      452.2     2.05e+04
2023 12 18  0824   60296   30240    0        7.3      454.0     1.90e+04
2023 12 18  0825   60296   30300    0        7.7      452.5     1.92e+04
2023 12 18  0826   60296   30360    0        7.8      452.0     1.91e+04
2023 12 18  0827   60296   30420    0        8.2      452.9     1.76e+04
2023 12 18  0828   60296   30480    0        8.9      452.7     1.49e+04
2023 12 18  0829   60296   30540    0        8.5      452.5     1.25e+04
2023 12 18  0830   60296   30600    0        7.7      451.8     1.36e+04
2023 12 18  0831   60296   30660    0        7.6      453.4     1.38e+04
2023 12 18  0832   60296   30720    0        7.0      452.3     1.69e+04
2023 12 18  0833   60296   30780    0        7.0      454.3     1.42e+04
2023 12 18  0834   60296   30840    0        5.5      454.1     1.90e+04
2023 12 18  0835   60296   30900    0        7.7      453.8     1.20e+04
2023 12 18  0836   60296   30960    0        7.3      452.1     1.49e+04
2023 12 18  0837   60296   31020    0        7.3      452.0     1.51e+04
2023 12 18  0838   60296   31080    0        9.4      452.7     1.31e+04
2023 12 18  0839   60296   31140    0        8.1      451.5     1.43e+04
2023 12 18  0840   60296   31200    0        7.8      449.8     1.54e+04
2023 12 18  0841   60296   31260    0        7.5      447.6     1.60e+04
2023 12 18  0842   60296   31320    0        6.7      448.4     2.11e+04
2023 12 18  0843   60296   31380    0        7.4      454.1     3.19e+04
2023 12 18  0844   60296   31440    0        8.6      458.0     3.41e+04
2023 12 18  0845   60296   31500    0        7.5      453.9     2.78e+04
2023 12 18  0846   60296   31560    0        5.3      448.9     3.03e+04
2023 12 18  0847   60296   31620    0        5.7      449.0     3.00e+04
2023 12 18  0848   60296   31680    0        5.8      447.7     3.51e+04
2023 12 18  0849   60296   31740    0        4.0      448.8     4.43e+04
2023 12 18  0850   60296   31800    0        4.1      448.2     5.01e+04
2023 12 18  0851   60296   31860    0        6.2      450.0     5.21e+04
2023 12 18  0852   60296   31920    0        5.0      448.5     4.65e+04
2023 12 18  0853   60296   31980    0        6.1      453.5     4.85e+04
2023 12 18  0854   60296   32040    0        5.5      454.3     5.28e+04
2023 12 18  0855   60296   32100    0        5.7      457.2     5.33e+04
2023 12 18  0856   60296   32160    0        6.7      458.8     5.09e+04
2023 12 18  0857   60296   32220    0        7.8      456.6     4.23e+04
2023 12 18  0858   60296   32280    0        9.1      454.9     3.74e+04
2023 12 18  0859   60296   32340    0       10.1      454.5     3.56e+04
2023 12 18  0900   60296   32400    0       12.0      456.3     3.53e+04
2023 12 18  0901   60296   32460    0       12.9      459.1     3.58e+04
2023 12 18  0902   60296   32520    0        9.0      458.5     3.31e+04
2023 12 18  0903   60296   32580    0        7.8      458.9     3.69e+04
2023 12 18  0904   60296   32640    0        9.7      460.4     3.45e+04
2023 12 18  0905   60296   32700    0        7.8      456.4     3.67e+04
2023 12 18  0906   60296   32760    0        6.9      455.3     3.16e+04
2023 12 18  0907   60296   32820    0        7.6      460.0     3.38e+04
2023 12 18  0908   60296   32880    0        8.6      458.5     3.12e+04
2023 12 18  0909   60296   32940    0        9.8      460.2     3.58e+04
2023 12 18  0910   60296   33000    0        9.9      460.5     3.66e+04
2023 12 18  0911   60296   33060    0        7.2      460.0     3.53e+04
2023 12 18  0912   60296   33120    0        7.8      458.5     3.30e+04
2023 12 18  0913   60296   33180    0        7.8      459.0     3.51e+04
2023 12 18  0914   60296   33240    0        7.5      459.4     3.47e+04
2023 12 18  0915   60296   33300    0        7.7      459.5     3.39e+04
2023 12 18  0916   60296   33360    0        7.4      459.1     3.55e+04
2023 12 18  0917   60296   33420    0        7.4      458.9     3.61e+04
2023 12 18  0918   60296   33480    0       10.3      460.9     3.77e+04
2023 12 18  0919   60296   33540    0       12.3      459.8     3.83e+04
2023 12 18  0920   60296   33600    0       12.6      459.1     4.03e+04
2023 12 18  0921   60296   33660    0       13.7      459.5     3.60e+04
2023 12 18  0922   60296   33720    0       12.3      457.9     4.13e+04
2023 12 18  0923   60296   33780    0       12.3      457.2     3.65e+04
2023 12 18  0924   60296   33840    0       15.0      457.5     4.17e+04
2023 12 18  0925   60296   33900    0       15.7      459.7     4.32e+04
2023 12 18  0926   60296   33960    0       18.5      457.5     4.96e+04
2023 12 18  0927   60296   34020    0       17.5      455.9     4.93e+04
2023 12 18  0928   60296   34080    0       16.6      457.6     5.98e+04
2023 12 18  0929   60296   34140    0       19.2      455.3     5.76e+04
2023 12 18  0930   60296   34200    0       21.2      454.0     5.55e+04
2023 12 18  0931   60296   34260    0       21.6      454.6     5.68e+04
2023 12 18  0932   60296   34320    0       20.8      453.8     5.72e+04
2023 12 18  0933   60296   34380    0       18.4      453.2     5.96e+04
2023 12 18  0934   60296   34440    0       17.0      454.1     5.69e+04
2023 12 18  0935   60296   34500    0       17.7      454.7     5.21e+04
2023 12 18  0936   60296   34560    0       18.4      455.2     4.91e+04
2023 12 18  0937   60296   34620    0       17.7      455.0     5.08e+04
2023 12 18  0938   60296   34680    0       18.6      456.0     4.39e+04
2023 12 18  0939   60296   34740    0       17.0      454.2     4.80e+04
2023 12 18  0940   60296   34800    0       17.1      456.3     4.92e+04
2023 12 18  0941   60296   34860    0       17.0      454.9     5.11e+04
2023 12 18  0942   60296   34920    0       17.3      452.5     5.24e+04
2023 12 18  0943   60296   34980    0       17.3      452.0     5.26e+04
2023 12 18  0944   60296   35040    0       19.6      450.3     5.27e+04
2023 12 18  0945   60296   35100    0       18.8      452.5     5.23e+04
2023 12 18  0946   60296   35160    0       19.2      454.3     5.09e+04
2023 12 18  0947   60296   35220    0       19.1      455.2     5.00e+04
2023 12 18  0948   60296   35280    0       18.8      455.9     5.00e+04
2023 12 18  0949   60296   35340    0       19.3      455.8     5.08e+04
2023 12 18  0950   60296   35400    0       18.6      456.3     5.28e+04
2023 12 18  0951   60296   35460    0       18.7      458.1     5.24e+04
2023 12 18  0952   60296   35520    0       18.8      456.3     5.31e+04
2023 12 18  0953   60296   35580    0       15.8      457.1     6.45e+04
2023 12 18  0954   60296   35640    0       13.4      453.2     7.91e+04
2023 12 18  0955   60296   35700    0       13.5      456.2     8.93e+04
2023 12 18  0956   60296   35760    0       13.6      452.8     8.56e+04
2023 12 18  0957   60296   35820    0       13.1      452.3     7.67e+04
2023 12 18  0958   60296   35880    9    -9999.9    -9999.9    -1.00e+05
2023 12 18  0959   60296   35940    9    -9999.9    -9999.9    -1.00e+05
