:Data_list: 20230217_ace_sis_5m.txt
:Created: 2023 Feb 18 0011 UT
# Prepared by the U.S. Dept. of Commerce, NOAA, Space Weather Prediction Center
# Please send comments and suggestions to SWPC.Webmaster@noaa.gov 
# 
# Units: proton flux p/cs2-sec-ster
# Status(S): 0 = nominal data, 1 to 8 = bad data record, 9 = no data
# Missing data values: -1.00e+05
# Source: ACE Satellite - Solar Isotope Spectrometer
#
# 5-minute averaged Real-time Integral Flux of High-energy Solar Protons
# 
#                 Modified Seconds
# UT Date   Time   Julian  of the      ---- Integral Proton Flux ----
# YR MO DA  HHMM     Day     Day       S    > 10 MeV    S    > 30 MeV
#--------------------------------------------------------------------
2023 02 17  0000    59992       0      0    1.46e+00    0    1.02e+00
2023 02 17  0005    59992     300      0    1.45e+00    0    1.01e+00
2023 02 17  0010    59992     600      0    1.44e+00    0    1.00e+00
2023 02 17  0015    59992     900      0    1.47e+00    0    1.03e+00
2023 02 17  0020    59992    1200      0    1.42e+00    0    9.94e-01
2023 02 17  0025    59992    1500      0    1.45e+00    0    1.01e+00
2023 02 17  0030    59992    1800      0    1.44e+00    0    1.00e+00
2023 02 17  0035    59992    2100      0    1.44e+00    0    9.96e-01
2023 02 17  0040    59992    2400      0    1.43e+00    0    9.89e-01
2023 02 17  0045    59992    2700      0    1.49e+00    0    1.03e+00
2023 02 17  0050    59992    3000      0    1.51e+00    0    1.05e+00
2023 02 17  0055    59992    3300      0    1.50e+00    0    1.04e+00
2023 02 17  0100    59992    3600      0    1.48e+00    0    1.00e+00
2023 02 17  0105    59992    3900      0    1.46e+00    0    1.02e+00
2023 02 17  0110    59992    4200      0    1.44e+00    0    9.94e-01
2023 02 17  0115    59992    4500      0    1.45e+00    0    9.98e-01
2023 02 17  0120    59992    4800      0    1.45e+00    0    1.00e+00
2023 02 17  0125    59992    5100      0    1.48e+00    0    1.03e+00
2023 02 17  0130    59992    5400      0    1.50e+00    0    1.06e+00
2023 02 17  0135    59992    5700      0    1.50e+00    0    1.04e+00
2023 02 17  0140    59992    6000      0    1.49e+00    0    1.03e+00
2023 02 17  0145    59992    6300      0    1.44e+00    0    9.92e-01
2023 02 17  0150    59992    6600      0    1.47e+00    0    1.01e+00
2023 02 17  0155    59992    6900      0    1.46e+00    0    1.02e+00
2023 02 17  0200    59992    7200      0    1.51e+00    0    1.05e+00
2023 02 17  0205    59992    7500      0    1.51e+00    0    1.04e+00
2023 02 17  0210    59992    7800      0    1.46e+00    0    1.02e+00
2023 02 17  0215    59992    8100      0    1.45e+00    0    1.00e+00
2023 02 17  0220    59992    8400      0    1.45e+00    0    1.00e+00
2023 02 17  0225    59992    8700      0    1.45e+00    0    1.00e+00
2023 02 17  0230    59992    9000      0    1.47e+00    0    1.02e+00
2023 02 17  0235    59992    9300      0    1.45e+00    0    9.95e-01
2023 02 17  0240    59992    9600      0    1.46e+00    0    1.01e+00
2023 02 17  0245    59992    9900      0    1.49e+00    0    1.02e+00
2023 02 17  0250    59992   10200      0    1.43e+00    0    9.88e-01
2023 02 17  0255    59992   10500      0    1.47e+00    0    1.01e+00
2023 02 17  0300    59992   10800      0    1.46e+00    0    1.01e+00
2023 02 17  0305    59992   11100      0    1.48e+00    0    1.02e+00
2023 02 17  0310    59992   11400      0    1.48e+00    0    1.02e+00
2023 02 17  0315    59992   11700      0    1.44e+00    0    1.00e+00
2023 02 17  0320    59992   12000      0    1.43e+00    0    9.96e-01
2023 02 17  0325    59992   12300      0    1.46e+00    0    1.01e+00
2023 02 17  0330    59992   12600      0    1.47e+00    0    1.02e+00
2023 02 17  0335    59992   12900      0    1.46e+00    0    1.00e+00
2023 02 17  0340    59992   13200      0    1.43e+00    0    9.86e-01
2023 02 17  0345    59992   13500      0    1.47e+00    0    1.01e+00
2023 02 17  0350    59992   13800      0    1.48e+00    0    1.04e+00
2023 02 17  0355    59992   14100      9   -1.00e+05    9   -1.00e+05
2023 02 17  0400    59992   14400      0    1.50e+00    0    1.04e+00
2023 02 17  0405    59992   14700      0    1.42e+00    0    9.92e-01
2023 02 17  0410    59992   15000      0    1.52e+00    0    1.06e+00
2023 02 17  0415    59992   15300      0    1.53e+00    0    1.06e+00
2023 02 17  0420    59992   15600      0    1.52e+00    0    1.04e+00
2023 02 17  0425    59992   15900      0    1.46e+00    0    1.02e+00
2023 02 17  0430    59992   16200      0    1.44e+00    0    9.98e-01
2023 02 17  0435    59992   16500      0    1.44e+00    0    9.94e-01
2023 02 17  0440    59992   16800      0    1.49e+00    0    1.02e+00
2023 02 17  0445    59992   17100      0    1.50e+00    0    1.03e+00
2023 02 17  0450    59992   17400      0    1.44e+00    0    9.92e-01
2023 02 17  0455    59992   17700      0    1.48e+00    0    1.02e+00
2023 02 17  0500    59992   18000      0    1.44e+00    0    9.97e-01
2023 02 17  0505    59992   18300      0    1.47e+00    0    1.01e+00
2023 02 17  0510    59992   18600      0    1.46e+00    0    1.03e+00
2023 02 17  0515    59992   18900      0    1.47e+00    0    1.01e+00
2023 02 17  0520    59992   19200      0    1.48e+00    0    1.02e+00
2023 02 17  0525    59992   19500      0    1.49e+00    0    1.03e+00
2023 02 17  0530    59992   19800      0    1.51e+00    0    1.05e+00
2023 02 17  0535    59992   20100      0    1.47e+00    0    1.01e+00
2023 02 17  0540    59992   20400      0    1.45e+00    0    1.00e+00
2023 02 17  0545    59992   20700      0    1.44e+00    0    9.99e-01
2023 02 17  0550    59992   21000      0    1.48e+00    0    1.03e+00
2023 02 17  0555    59992   21300      0    1.44e+00    0    9.98e-01
2023 02 17  0600    59992   21600      0    1.51e+00    0    1.04e+00
2023 02 17  0605    59992   21900      0    1.49e+00    0    1.04e+00
2023 02 17  0610    59992   22200      0    1.51e+00    0    1.04e+00
2023 02 17  0615    59992   22500      0    1.45e+00    0    1.00e+00
2023 02 17  0620    59992   22800      0    1.48e+00    0    1.01e+00
2023 02 17  0625    59992   23100      0    1.48e+00    0    1.01e+00
2023 02 17  0630    59992   23400      0    1.49e+00    0    1.03e+00
2023 02 17  0635    59992   23700      0    1.52e+00    0    1.05e+00
2023 02 17  0640    59992   24000      0    1.49e+00    0    1.03e+00
2023 02 17  0645    59992   24300      0    1.48e+00    0    1.01e+00
2023 02 17  0650    59992   24600      0    1.47e+00    0    1.02e+00
2023 02 17  0655    59992   24900      0    1.50e+00    0    1.03e+00
2023 02 17  0700    59992   25200      0    1.48e+00    0    1.02e+00
2023 02 17  0705    59992   25500      0    1.44e+00    0    9.93e-01
2023 02 17  0710    59992   25800      0    1.48e+00    0    1.01e+00
2023 02 17  0715    59992   26100      0    1.46e+00    0    1.01e+00
2023 02 17  0720    59992   26400      0    1.45e+00    0    1.00e+00
2023 02 17  0725    59992   26700      0    1.47e+00    0    1.00e+00
2023 02 17  0730    59992   27000      0    1.45e+00    0    9.91e-01
2023 02 17  0735    59992   27300      0    1.47e+00    0    1.01e+00
2023 02 17  0740    59992   27600      0    1.46e+00    0    1.01e+00
2023 02 17  0745    59992   27900      0    1.49e+00    0    1.02e+00
2023 02 17  0750    59992   28200      0    1.45e+00    0    1.01e+00
2023 02 17  0755    59992   28500      0    1.41e+00    0    9.61e-01
2023 02 17  0800    59992   28800      0    1.50e+00    0    1.02e+00
2023 02 17  0805    59992   29100      0    1.44e+00    0    9.86e-01
2023 02 17  0810    59992   29400      0    1.46e+00    0    9.95e-01
2023 02 17  0815    59992   29700      0    1.49e+00    0    1.03e+00
2023 02 17  0820    59992   30000      0    1.50e+00    0    1.02e+00
2023 02 17  0825    59992   30300      0    1.51e+00    0    1.03e+00
2023 02 17  0830    59992   30600      0    1.50e+00    0    1.02e+00
2023 02 17  0835    59992   30900      0    1.52e+00    0    1.03e+00
2023 02 17  0840    59992   31200      0    1.47e+00    0    1.01e+00
2023 02 17  0845    59992   31500      0    1.51e+00    0    1.04e+00
2023 02 17  0850    59992   31800      0    1.50e+00    0    1.03e+00
2023 02 17  0855    59992   32100      0    1.50e+00    0    1.01e+00
2023 02 17  0900    59992   32400      0    1.48e+00    0    1.01e+00
2023 02 17  0905    59992   32700      0    1.49e+00    0    1.03e+00
2023 02 17  0910    59992   33000      0    1.50e+00    0    1.02e+00
2023 02 17  0915    59992   33300      0    1.51e+00    0    1.03e+00
2023 02 17  0920    59992   33600      0    1.43e+00    0    9.74e-01
2023 02 17  0925    59992   33900      0    1.45e+00    0    9.87e-01
2023 02 17  0930    59992   34200      0    1.47e+00    0    1.01e+00
2023 02 17  0935    59992   34500      0    1.50e+00    0    1.03e+00
2023 02 17  0940    59992   34800      0    1.47e+00    0    1.00e+00
2023 02 17  0945    59992   35100      0    1.45e+00    0    9.91e-01
2023 02 17  0950    59992   35400      0    1.49e+00    0    1.02e+00
2023 02 17  0955    59992   35700      9   -1.00e+05    9   -1.00e+05
2023 02 17  1000    59992   36000      0    1.51e+00    0    1.03e+00
2023 02 17  1005    59992   36300      0    1.49e+00    0    1.01e+00
2023 02 17  1010    59992   36600      0    1.50e+00    0    1.01e+00
2023 02 17  1015    59992   36900      0    1.48e+00    0    9.95e-01
2023 02 17  1020    59992   37200      0    1.49e+00    0    1.01e+00
2023 02 17  1025    59992   37500      0    1.47e+00    0    9.92e-01
2023 02 17  1030    59992   37800      0    1.43e+00    0    9.72e-01
2023 02 17  1035    59992   38100      0    1.52e+00    0    1.03e+00
2023 02 17  1040    59992   38400      0    1.49e+00    0    1.01e+00
2023 02 17  1045    59992   38700      0    1.49e+00    0    1.01e+00
2023 02 17  1050    59992   39000      0    1.50e+00    0    1.02e+00
2023 02 17  1055    59992   39300      0    1.47e+00    0    9.85e-01
2023 02 17  1100    59992   39600      0    1.51e+00    0    1.02e+00
2023 02 17  1105    59992   39900      0    1.51e+00    0    1.03e+00
2023 02 17  1110    59992   40200      0    1.52e+00    0    1.03e+00
2023 02 17  1115    59992   40500      0    1.49e+00    0    1.02e+00
2023 02 17  1120    59992   40800      0    1.47e+00    0    9.93e-01
2023 02 17  1125    59992   41100      0    1.46e+00    0    1.01e+00
2023 02 17  1130    59992   41400      0    1.46e+00    0    9.97e-01
2023 02 17  1135    59992   41700      0    1.48e+00    0    9.92e-01
2023 02 17  1140    59992   42000      0    1.45e+00    0    9.81e-01
2023 02 17  1145    59992   42300      0    1.43e+00    0    9.75e-01
2023 02 17  1150    59992   42600      0    1.46e+00    0    9.82e-01
2023 02 17  1155    59992   42900      0    1.45e+00    0    9.92e-01
2023 02 17  1200    59992   43200      0    1.46e+00    0    9.97e-01
2023 02 17  1205    59992   43500      0    1.49e+00    0    1.02e+00
2023 02 17  1210    59992   43800      0    1.55e+00    0    1.05e+00
2023 02 17  1215    59992   44100      0    1.46e+00    0    9.92e-01
2023 02 17  1220    59992   44400      0    1.53e+00    0    1.05e+00
2023 02 17  1225    59992   44700      0    1.49e+00    0    1.00e+00
2023 02 17  1230    59992   45000      0    1.49e+00    0    1.00e+00
2023 02 17  1235    59992   45300      0    1.46e+00    0    9.91e-01
2023 02 17  1240    59992   45600      0    1.43e+00    0    9.62e-01
2023 02 17  1245    59992   45900      0    1.48e+00    0    1.01e+00
2023 02 17  1250    59992   46200      0    1.48e+00    0    9.99e-01
2023 02 17  1255    59992   46500      0    1.54e+00    0    1.05e+00
2023 02 17  1300    59992   46800      0    1.53e+00    0    1.02e+00
2023 02 17  1305    59992   47100      0    1.51e+00    0    1.02e+00
2023 02 17  1310    59992   47400      0    1.49e+00    0    1.02e+00
2023 02 17  1315    59992   47700      0    1.50e+00    0    1.02e+00
2023 02 17  1320    59992   48000      0    1.50e+00    0    1.01e+00
2023 02 17  1325    59992   48300      0    1.56e+00    0    1.07e+00
2023 02 17  1330    59992   48600      0    1.51e+00    0    1.03e+00
2023 02 17  1335    59992   48900      9   -1.00e+05    9   -1.00e+05
2023 02 17  1340    59992   49200      0    1.45e+00    0    9.98e-01
2023 02 17  1345    59992   49500      0    1.50e+00    0    1.01e+00
2023 02 17  1350    59992   49800      0    1.45e+00    0    9.77e-01
2023 02 17  1355    59992   50100      0    1.44e+00    0    9.77e-01
2023 02 17  1400    59992   50400      0    1.48e+00    0    1.03e+00
2023 02 17  1405    59992   50700      0    1.45e+00    0    9.97e-01
2023 02 17  1410    59992   51000      0    1.58e+00    0    1.03e+00
2023 02 17  1415    59992   51300      0    1.43e+00    0    9.68e-01
2023 02 17  1420    59992   51600      0    1.38e+00    0    9.22e-01
2023 02 17  1425    59992   51900      0    1.48e+00    0    1.01e+00
2023 02 17  1430    59992   52200      0    1.47e+00    0    1.02e+00
2023 02 17  1435    59992   52500      9   -1.00e+05    9   -1.00e+05
2023 02 17  1440    59992   52800      0    1.62e+00    0    1.08e+00
2023 02 17  1445    59992   53100      0    1.49e+00    0    1.00e+00
2023 02 17  1450    59992   53400      0    1.49e+00    0    9.58e-01
2023 02 17  1455    59992   53700      9   -1.00e+05    9   -1.00e+05
2023 02 17  1500    59992   54000      9   -1.00e+05    9   -1.00e+05
2023 02 17  1505    59992   54300      0    1.49e+00    0    1.00e+00
2023 02 17  1510    59992   54600      0    1.50e+00    0    1.01e+00
2023 02 17  1515    59992   54900      9   -1.00e+05    9   -1.00e+05
2023 02 17  1520    59992   55200      9   -1.00e+05    9   -1.00e+05
2023 02 17  1525    59992   55500      0    1.49e+00    0    9.92e-01
2023 02 17  1530    59992   55800      9   -1.00e+05    9   -1.00e+05
2023 02 17  1535    59992   56100      0    1.54e+00    0    1.07e+00
2023 02 17  1540    59992   56400      9   -1.00e+05    9   -1.00e+05
2023 02 17  1545    59992   56700      0    1.58e+00    0    1.07e+00
2023 02 17  1550    59992   57000      0    1.49e+00    0    9.99e-01
2023 02 17  1555    59992   57300      9   -1.00e+05    9   -1.00e+05
2023 02 17  1600    59992   57600      0    1.54e+00    0    1.03e+00
2023 02 17  1605    59992   57900      0    1.57e+00    0    1.07e+00
2023 02 17  1610    59992   58200      0    1.56e+00    0    1.05e+00
2023 02 17  1615    59992   58500      0    1.44e+00    0    9.30e-01
2023 02 17  1620    59992   58800      0    1.44e+00    0    9.30e-01
2023 02 17  1625    59992   59100      0    1.48e+00    0    9.99e-01
2023 02 17  1630    59992   59400      9   -1.00e+05    9   -1.00e+05
2023 02 17  1635    59992   59700      9   -1.00e+05    9   -1.00e+05
2023 02 17  1640    59992   60000      0    1.47e+00    0    9.94e-01
2023 02 17  1645    59992   60300      0    1.45e+00    0    9.64e-01
2023 02 17  1650    59992   60600      0    1.52e+00    0    1.02e+00
2023 02 17  1655    59992   60900      0    1.52e+00    0    1.03e+00
2023 02 17  1700    59992   61200      0    1.46e+00    0    9.80e-01
2023 02 17  1705    59992   61500      0    1.48e+00    0    9.98e-01
2023 02 17  1710    59992   61800      0    1.52e+00    0    1.02e+00
2023 02 17  1715    59992   62100      0    1.46e+00    0    9.92e-01
2023 02 17  1720    59992   62400      0    1.52e+00    0    1.03e+00
2023 02 17  1725    59992   62700      0    1.56e+00    0    1.06e+00
2023 02 17  1730    59992   63000      0    1.50e+00    0    1.00e+00
2023 02 17  1735    59992   63300      0    1.51e+00    0    1.01e+00
2023 02 17  1740    59992   63600      0    1.53e+00    0    1.03e+00
2023 02 17  1745    59992   63900      0    1.54e+00    0    1.04e+00
2023 02 17  1750    59992   64200      0    1.52e+00    0    1.02e+00
2023 02 17  1755    59992   64500      0    1.54e+00    0    1.02e+00
2023 02 17  1800    59992   64800      0    1.56e+00    0    1.04e+00
2023 02 17  1805    59992   65100      0    1.52e+00    0    1.02e+00
2023 02 17  1810    59992   65400      0    1.60e+00    0    1.11e+00
2023 02 17  1815    59992   65700      0    1.55e+00    0    1.04e+00
2023 02 17  1820    59992   66000      0    1.55e+00    0    1.05e+00
2023 02 17  1825    59992   66300      0    1.53e+00    0    1.04e+00
2023 02 17  1830    59992   66600      0    1.52e+00    0    1.01e+00
2023 02 17  1835    59992   66900      0    1.49e+00    0    9.90e-01
2023 02 17  1840    59992   67200      0    1.50e+00    0    9.93e-01
2023 02 17  1845    59992   67500      0    1.52e+00    0    1.02e+00
2023 02 17  1850    59992   67800      0    1.51e+00    0    1.02e+00
2023 02 17  1855    59992   68100      0    1.55e+00    0    1.04e+00
2023 02 17  1900    59992   68400      0    1.55e+00    0    1.04e+00
2023 02 17  1905    59992   68700      0    1.54e+00    0    1.01e+00
2023 02 17  1910    59992   69000      0    1.51e+00    0    1.02e+00
2023 02 17  1915    59992   69300      0    1.51e+00    0    1.02e+00
2023 02 17  1920    59992   69600      0    1.50e+00    0    1.01e+00
2023 02 17  1925    59992   69900      0    1.50e+00    0    1.01e+00
2023 02 17  1930    59992   70200      0    1.51e+00    0    1.02e+00
2023 02 17  1935    59992   70500      0    1.53e+00    0    1.03e+00
2023 02 17  1940    59992   70800      0    1.53e+00    0    1.03e+00
2023 02 17  1945    59992   71100      0    1.54e+00    0    1.05e+00
2023 02 17  1950    59992   71400      0    1.53e+00    0    1.03e+00
2023 02 17  1955    59992   71700      0    1.56e+00    0    1.05e+00
2023 02 17  2000    59992   72000      0    1.52e+00    0    1.01e+00
2023 02 17  2005    59992   72300      0    1.53e+00    0    1.02e+00
2023 02 17  2010    59992   72600      0    1.58e+00    0    1.07e+00
2023 02 17  2015    59992   72900      0    1.62e+00    0    1.10e+00
2023 02 17  2020    59992   73200      0    1.52e+00    0    1.01e+00
2023 02 17  2025    59992   73500      0    1.51e+00    0    1.01e+00
2023 02 17  2030    59992   73800      0    1.53e+00    0    1.01e+00
2023 02 17  2035    59992   74100      0    1.54e+00    0    1.03e+00
2023 02 17  2040    59992   74400      0    1.55e+00    0    1.04e+00
2023 02 17  2045    59992   74700      0    1.52e+00    0    1.04e+00
2023 02 17  2050    59992   75000      0    1.53e+00    0    1.03e+00
2023 02 17  2055    59992   75300      0    1.53e+00    0    1.02e+00
2023 02 17  2100    59992   75600      0    1.49e+00    0    9.88e-01
2023 02 17  2105    59992   75900      0    1.49e+00    0    9.99e-01
2023 02 17  2110    59992   76200      0    1.49e+00    0    9.96e-01
2023 02 17  2115    59992   76500      0    1.51e+00    0    1.02e+00
2023 02 17  2120    59992   76800      0    1.48e+00    0    9.97e-01
2023 02 17  2125    59992   77100      0    1.49e+00    0    1.00e+00
2023 02 17  2130    59992   77400      0    1.50e+00    0    1.01e+00
2023 02 17  2135    59992   77700      0    1.55e+00    0    1.05e+00
2023 02 17  2140    59992   78000      0    1.50e+00    0    1.01e+00
2023 02 17  2145    59992   78300      0    1.51e+00    0    1.01e+00
2023 02 17  2150    59992   78600      0    1.48e+00    0    9.97e-01
2023 02 17  2155    59992   78900      9   -1.00e+05    9   -1.00e+05
2023 02 17  2200    59992   79200      9   -1.00e+05    9   -1.00e+05
2023 02 17  2205    59992   79500      9   -1.00e+05    9   -1.00e+05
2023 02 17  2210    59992   79800      9   -1.00e+05    9   -1.00e+05
2023 02 17  2215    59992   80100      9   -1.00e+05    9   -1.00e+05
2023 02 17  2220    59992   80400      9   -1.00e+05    9   -1.00e+05
2023 02 17  2225    59992   80700      9   -1.00e+05    9   -1.00e+05
2023 02 17  2230    59992   81000      9   -1.00e+05    9   -1.00e+05
2023 02 17  2235    59992   81300      9   -1.00e+05    9   -1.00e+05
2023 02 17  2240    59992   81600      9   -1.00e+05    9   -1.00e+05
2023 02 17  2245    59992   81900      9   -1.00e+05    9   -1.00e+05
2023 02 17  2250    59992   82200      9   -1.00e+05    9   -1.00e+05
2023 02 17  2255    59992   82500      9   -1.00e+05    9   -1.00e+05
2023 02 17  2300    59992   82800      9   -1.00e+05    9   -1.00e+05
2023 02 17  2305    59992   83100      9   -1.00e+05    9   -1.00e+05
2023 02 17  2310    59992   83400      9   -1.00e+05    9   -1.00e+05
2023 02 17  2315    59992   83700      0    1.47e+00    0    1.01e+00
2023 02 17  2320    59992   84000      0    1.47e+00    0    1.00e+00
2023 02 17  2325    59992   84300      0    1.47e+00    0    1.01e+00
2023 02 17  2330    59992   84600      0    1.52e+00    0    1.03e+00
2023 02 17  2335    59992   84900      0    1.48e+00    0    1.00e+00
2023 02 17  2340    59992   85200      0    1.48e+00    0    1.01e+00
2023 02 17  2345    59992   85500      0    1.47e+00    0    9.99e-01
2023 02 17  2350    59992   85800      0    1.50e+00    0    1.01e+00
2023 02 17  2355    59992   86100      0    1.48e+00    0    1.00e+00
