:Data_list: 20230628_ace_epam_5m.txt
:Created: 2023 Jun 29 0011 UT
# Prepared by the U.S. Dept. of Commerce, NOAA, Space Weather Prediction Center
# Please send comments and suggestions to SWPC.Webmaster@noaa.gov 
# 
# Units: Differential Flux particles/cm2-s-ster-MeV
# Units: Anisotropy Index 0.0 - 2.0
# Status(S): 0 = nominal, 4,6,7,8 = bad data, unable to process, 9 = no data
# Missing data values: -1.00e+05, index = -1.00
# Source: ACE Satellite - Electron, Proton, and Alpha Monitor
#
#
#                      5-minute averaged Real-time Differential Electron and Proton Flux 
# 
#                Modified Seconds ---------------------------- Differential Flux ---------------------------
# UT Date   Time  Julian  of the  ----- Electron -----   ------------------- Protons keV -------------------   Anis.
# YR MO DA  HHMM    Day    Day    S    38-53   175-315   S    47-68   115-195   310-580   795-1193 1060-1900   Index
#-------------------------------------------------------------------------------------------------------------------
2023 06 28  0000   60123       0  0  9.27e+02  1.80e+01  0  2.09e+03  2.04e+01  2.02e+00  5.30e-01  1.35e-01  -1.00
2023 06 28  0005   60123     300  0  8.17e+02  1.88e+01  0  2.06e+03  2.19e+01  1.57e+00  3.80e-01  1.10e-01  -1.00
2023 06 28  0010   60123     600  0  8.00e+02  1.66e+01  0  2.51e+03  3.66e+01  1.92e+00  4.84e-01  1.23e-01  -1.00
2023 06 28  0015   60123     900  0  8.95e+02  1.79e+01  0  3.13e+03  1.41e+02  2.78e+00  4.66e-01  1.21e-01  -1.00
2023 06 28  0020   60123    1200  0  1.21e+03  1.73e+01  0  2.34e+03  2.42e+01  2.07e+00  5.49e-01  1.83e-01  -1.00
2023 06 28  0025   60123    1500  0  8.47e+02  1.77e+01  0  5.56e+03  1.66e+02  4.44e+00  3.12e-01  1.31e-01  -1.00
2023 06 28  0030   60123    1800  0  7.75e+02  1.62e+01  0  7.80e+03  2.00e+02  4.81e+00  5.64e-01  1.50e-01  -1.00
2023 06 28  0035   60123    2100  0  1.01e+03  1.92e+01  0  3.20e+03  4.09e+01  2.58e+00  7.02e-01  1.98e-01  -1.00
2023 06 28  0040   60123    2400  0  7.74e+02  1.49e+01  0  2.25e+03  5.36e+01  2.39e+00  6.20e-01  1.39e-01  -1.00
2023 06 28  0045   60123    2700  0  9.21e+02  1.90e+01  0  4.84e+03  1.39e+02  3.78e+00  5.60e-01  2.39e-01  -1.00
2023 06 28  0050   60123    3000  0  8.73e+02  1.65e+01  0  2.62e+03  5.75e+01  2.82e+00  3.46e-01  2.26e-01  -1.00
2023 06 28  0055   60123    3300  0  8.98e+02  1.81e+01  0  4.60e+03  7.93e+01  3.11e+00  5.50e-01  7.07e-02  -1.00
2023 06 28  0100   60123    3600  0  7.35e+02  1.62e+01  0  8.65e+03  2.14e+02  5.10e+00  5.84e-01  2.25e-01  -1.00
2023 06 28  0105   60123    3900  0  7.53e+02  1.46e+01  0  5.30e+03  1.06e+02  3.48e+00  6.67e-01  1.54e-01  -1.00
2023 06 28  0110   60123    4200  0  9.34e+02  1.87e+01  0  4.36e+03  5.40e+01  2.20e+00  6.29e-01  2.04e-01  -1.00
2023 06 28  0115   60123    4500  0  7.08e+02  1.53e+01  0  2.11e+03  1.69e+01  1.59e+00  4.46e-01  9.17e-02  -1.00
2023 06 28  0120   60123    4800  0  8.18e+02  1.56e+01  0  1.99e+03  1.61e+01  1.87e+00  6.24e-01  1.88e-01  -1.00
2023 06 28  0125   60123    5100  0  9.24e+02  1.54e+01  0  2.28e+03  2.45e+01  1.99e+00  5.79e-01  1.33e-01  -1.00
2023 06 28  0130   60123    5400  0  9.47e+02  1.70e+01  0  2.56e+03  2.72e+01  2.41e+00  4.34e-01  2.31e-01  -1.00
2023 06 28  0135   60123    5700  0  8.13e+02  2.02e+01  0  2.01e+03  1.67e+01  1.67e+00  5.40e-01  1.53e-01  -1.00
2023 06 28  0140   60123    6000  0  7.96e+02  1.66e+01  0  1.87e+03  1.53e+01  1.82e+00  6.34e-01  1.61e-01  -1.00
2023 06 28  0145   60123    6300  0  8.28e+02  1.53e+01  0  2.05e+03  1.60e+01  1.74e+00  5.34e-01  1.63e-01  -1.00
2023 06 28  0150   60123    6600  0  7.64e+02  1.73e+01  0  2.04e+03  1.77e+01  2.06e+00  6.46e-01  1.53e-01  -1.00
2023 06 28  0155   60123    6900  0  7.98e+02  1.72e+01  0  1.92e+03  1.93e+01  1.86e+00  5.65e-01  2.02e-01  -1.00
2023 06 28  0200   60123    7200  0  9.71e+02  1.41e+01  0  1.99e+03  1.85e+01  2.32e+00  7.31e-01  1.37e-01  -1.00
2023 06 28  0205   60123    7500  0  7.31e+02  1.54e+01  0  1.99e+03  1.73e+01  1.93e+00  4.49e-01  1.27e-01  -1.00
2023 06 28  0210   60123    7800  0  7.80e+02  1.47e+01  0  1.96e+03  1.58e+01  2.19e+00  5.52e-01  1.34e-01  -1.00
2023 06 28  0215   60123    8100  0  7.75e+02  2.03e+01  0  1.86e+03  1.80e+01  1.88e+00  6.39e-01  1.49e-01  -1.00
2023 06 28  0220   60123    8400  0  8.32e+02  1.86e+01  0  2.03e+03  1.65e+01  2.08e+00  6.53e-01  1.46e-01  -1.00
2023 06 28  0225   60123    8700  0  8.69e+02  1.73e+01  0  2.11e+03  1.82e+01  2.55e+00  4.46e-01  1.67e-01  -1.00
2023 06 28  0230   60123    9000  0  8.02e+02  1.66e+01  0  1.95e+03  1.57e+01  1.99e+00  4.39e-01  1.95e-01  -1.00
2023 06 28  0235   60123    9300  0  9.97e+02  1.64e+01  0  2.03e+03  1.57e+01  1.97e+00  4.15e-01  1.37e-01  -1.00
2023 06 28  0240   60123    9600  0  8.68e+02  1.76e+01  0  1.99e+03  1.55e+01  1.89e+00  5.38e-01  1.76e-01  -1.00
2023 06 28  0245   60123    9900  0  8.21e+02  2.16e+01  0  1.94e+03  1.76e+01  1.76e+00  4.57e-01  2.01e-01  -1.00
2023 06 28  0250   60123   10200  0  8.31e+02  2.43e+01  0  1.88e+03  1.54e+01  1.92e+00  6.60e-01  1.57e-01  -1.00
2023 06 28  0255   60123   10500  0  9.12e+02  1.99e+01  0  1.99e+03  1.59e+01  1.57e+00  4.91e-01  2.83e-01  -1.00
2023 06 28  0300   60123   10800  0  7.85e+02  1.56e+01  0  1.99e+03  1.51e+01  2.04e+00  6.33e-01  6.75e-02  -1.00
2023 06 28  0305   60123   11100  0  7.86e+02  1.70e+01  0  1.83e+03  1.50e+01  2.06e+00  6.45e-01  1.36e-01  -1.00
2023 06 28  0310   60123   11400  0  9.58e+02  1.54e+01  0  1.98e+03  1.57e+01  1.84e+00  3.73e-01  1.46e-01  -1.00
2023 06 28  0315   60123   11700  0  7.79e+02  1.82e+01  0  2.01e+03  1.64e+01  1.46e+00  6.13e-01  2.24e-01  -1.00
2023 06 28  0320   60123   12000  0  7.31e+02  1.48e+01  0  1.96e+03  1.66e+01  2.13e+00  5.09e-01  2.02e-01  -1.00
2023 06 28  0325   60123   12300  0  8.85e+02  1.88e+01  0  2.01e+03  1.49e+01  2.12e+00  7.88e-01  1.97e-01  -1.00
2023 06 28  0330   60123   12600  0  7.44e+02  1.65e+01  0  2.12e+03  1.73e+01  1.86e+00  6.15e-01  1.36e-01  -1.00
2023 06 28  0335   60123   12900  0  7.88e+02  1.21e+01  0  2.04e+03  1.81e+01  2.03e+00  5.33e-01  1.53e-01  -1.00
2023 06 28  0340   60123   13200  0  7.94e+02  1.66e+01  0  2.02e+03  1.85e+01  2.19e+00  6.85e-01  1.67e-01  -1.00
2023 06 28  0345   60123   13500  0  8.76e+02  1.44e+01  0  2.11e+03  2.24e+01  2.17e+00  6.93e-01  1.70e-01  -1.00
2023 06 28  0350   60123   13800  0  7.23e+02  1.98e+01  0  2.21e+03  1.96e+01  2.00e+00  5.42e-01  1.49e-01  -1.00
2023 06 28  0355   60123   14100 -1 -1.00e+05 -1.00e+05 -1 -1.00e+05 -1.00e+05 -1.00e+05 -1.00e+05 -1.00e+05  -1.00
2023 06 28  0400   60123   14400  0  8.87e+02  1.65e+01  0  2.29e+03  2.01e+01  1.68e+00  4.33e-01  1.50e-01  -1.00
2023 06 28  0405   60123   14700  0  7.65e+02  1.86e+01  0  2.02e+03  1.73e+01  1.84e+00  6.38e-01  1.70e-01  -1.00
2023 06 28  0410   60123   15000  0  8.15e+02  1.63e+01  0  1.96e+03  1.62e+01  1.72e+00  5.50e-01  1.60e-01  -1.00
2023 06 28  0415   60123   15300  0  8.12e+02  2.14e+01  0  1.89e+03  1.36e+01  1.61e+00  5.98e-01  2.04e-01  -1.00
2023 06 28  0420   60123   15600  0  9.91e+02  1.64e+01  0  2.11e+03  1.68e+01  2.32e+00  6.90e-01  2.11e-01  -1.00
2023 06 28  0425   60123   15900  0  7.84e+02  1.88e+01  0  2.06e+03  1.64e+01  1.93e+00  3.97e-01  1.66e-01  -1.00
2023 06 28  0430   60123   16200  0  7.30e+02  2.11e+01  0  1.89e+03  1.70e+01  1.42e+00  3.89e-01  1.59e-01  -1.00
2023 06 28  0435   60123   16500  0  8.73e+02  1.83e+01  0  2.00e+03  1.81e+01  2.31e+00  4.18e-01  1.90e-01  -1.00
2023 06 28  0440   60123   16800  0  7.70e+02  1.70e+01  0  2.03e+03  1.78e+01  1.82e+00  6.69e-01  2.18e-01  -1.00
2023 06 28  0445   60123   17100  0  7.24e+02  1.67e+01  0  1.94e+03  1.54e+01  1.87e+00  5.75e-01  1.05e-01  -1.00
2023 06 28  0450   60123   17400  0  8.23e+02  1.74e+01  0  2.01e+03  1.76e+01  1.96e+00  5.76e-01  2.11e-01  -1.00
2023 06 28  0455   60123   17700  0  8.60e+02  1.76e+01  0  2.07e+03  1.74e+01  1.88e+00  7.68e-01  1.35e-01  -1.00
2023 06 28  0500   60123   18000  0  7.51e+02  2.03e+01  0  2.03e+03  2.09e+01  2.10e+00  4.69e-01  2.11e-01  -1.00
2023 06 28  0505   60123   18300  0  8.06e+02  1.50e+01  0  2.03e+03  2.09e+01  2.01e+00  7.41e-01  1.12e-01  -1.00
2023 06 28  0510   60123   18600  0  8.52e+02  1.82e+01  0  2.23e+03  2.90e+01  1.74e+00  7.04e-01  1.96e-01  -1.00
2023 06 28  0515   60123   18900  0  7.80e+02  2.04e+01  0  2.35e+03  2.97e+01  2.47e+00  4.96e-01  1.61e-01  -1.00
2023 06 28  0520   60123   19200  0  7.16e+02  1.94e+01  0  2.28e+03  3.08e+01  1.92e+00  5.63e-01  2.39e-01  -1.00
2023 06 28  0525   60123   19500  0  9.00e+02  1.78e+01  0  2.21e+03  3.20e+01  2.31e+00  6.15e-01  1.16e-01  -1.00
2023 06 28  0530   60123   19800  0  8.12e+02  1.70e+01  0  2.22e+03  2.53e+01  1.94e+00  4.67e-01  2.35e-01  -1.00
2023 06 28  0535   60123   20100  0  7.13e+02  1.59e+01  0  2.17e+03  2.05e+01  1.87e+00  5.26e-01  1.49e-01  -1.00
2023 06 28  0540   60123   20400  0  7.74e+02  1.72e+01  0  2.13e+03  2.24e+01  2.01e+00  5.83e-01  1.97e-01  -1.00
2023 06 28  0545   60123   20700  0  9.09e+02  1.88e+01  0  2.12e+03  1.78e+01  2.14e+00  9.22e-01  1.40e-01  -1.00
2023 06 28  0550   60123   21000  0  7.81e+02  2.12e+01  0  1.98e+03  1.72e+01  2.47e+00  7.43e-01  2.31e-01  -1.00
2023 06 28  0555   60123   21300  0  8.35e+02  1.61e+01  0  1.89e+03  1.55e+01  1.96e+00  6.64e-01  1.45e-01  -1.00
2023 06 28  0600   60123   21600  0  9.35e+02  1.42e+01  0  1.96e+03  1.44e+01  2.20e+00  6.40e-01  1.43e-01  -1.00
2023 06 28  0605   60123   21900  0  7.12e+02  1.68e+01  0  1.98e+03  1.65e+01  2.00e+00  4.26e-01  1.88e-01  -1.00
2023 06 28  0610   60123   22200  0  7.54e+02  1.69e+01  0  1.98e+03  1.63e+01  1.86e+00  5.88e-01  1.86e-01  -1.00
2023 06 28  0615   60123   22500  0  8.70e+02  1.70e+01  0  1.94e+03  1.72e+01  1.55e+00  7.21e-01  2.56e-01  -1.00
2023 06 28  0620   60123   22800  0  8.02e+02  1.77e+01  0  2.08e+03  1.79e+01  2.07e+00  5.44e-01  1.98e-01  -1.00
2023 06 28  0625   60123   23100  0  8.31e+02  1.53e+01  0  2.01e+03  1.70e+01  1.47e+00  5.66e-01  1.72e-01  -1.00
2023 06 28  0630   60123   23400  0  8.31e+02  1.71e+01  0  1.88e+03  1.53e+01  1.97e+00  7.66e-01  8.53e-02  -1.00
2023 06 28  0635   60123   23700  0  9.66e+02  1.81e+01  0  2.00e+03  1.37e+01  2.37e+00  6.14e-01  1.88e-01  -1.00
2023 06 28  0640   60123   24000  0  8.02e+02  2.12e+01  0  2.05e+03  1.50e+01  1.93e+00  8.00e-01  2.42e-01  -1.00
2023 06 28  0645   60123   24300  0  7.35e+02  1.88e+01  0  2.07e+03  1.79e+01  2.25e+00  6.46e-01  2.50e-01  -1.00
2023 06 28  0650   60123   24600  0  1.00e+03  1.83e+01  0  2.05e+03  1.81e+01  2.36e+00  5.75e-01  1.69e-01  -1.00
2023 06 28  0655   60123   24900  0  7.24e+02  1.81e+01  0  2.11e+03  1.72e+01  1.94e+00  5.94e-01  1.79e-01  -1.00
2023 06 28  0700   60123   25200  0  7.96e+02  1.86e+01  0  2.12e+03  1.95e+01  2.64e+00  7.58e-01  2.54e-01  -1.00
2023 06 28  0705   60123   25500  0  7.70e+02  2.00e+01  0  2.12e+03  2.07e+01  1.93e+00  7.84e-01  1.93e-01  -1.00
2023 06 28  0710   60123   25800  0  1.00e+03  1.84e+01  0  2.20e+03  1.99e+01  1.95e+00  5.99e-01  2.18e-01  -1.00
2023 06 28  0715   60123   26100  0  7.65e+02  1.92e+01  0  2.06e+03  1.41e+01  2.47e+00  6.04e-01  1.57e-01  -1.00
2023 06 28  0720   60123   26400  0  7.63e+02  1.81e+01  0  1.93e+03  1.52e+01  1.94e+00  4.37e-01  1.98e-01  -1.00
2023 06 28  0725   60123   26700  0  1.03e+03  1.82e+01  0  2.12e+03  1.87e+01  2.15e+00  5.77e-01  1.60e-01  -1.00
2023 06 28  0730   60123   27000  0  8.35e+02  1.96e+01  0  2.07e+03  1.71e+01  2.53e+00  5.85e-01  1.47e-01  -1.00
2023 06 28  0735   60123   27300  0  7.00e+02  1.75e+01  0  2.08e+03  1.68e+01  2.10e+00  5.60e-01  2.13e-01  -1.00
2023 06 28  0740   60123   27600  0  7.87e+02  1.70e+01  0  2.21e+03  1.60e+01  1.81e+00  7.87e-01  1.58e-01  -1.00
2023 06 28  0745   60123   27900  0  8.34e+02  1.61e+01  0  2.24e+03  1.79e+01  1.90e+00  5.70e-01  2.51e-01  -1.00
2023 06 28  0750   60123   28200  0  8.30e+02  2.10e+01  0  2.13e+03  1.64e+01  2.02e+00  5.01e-01  2.16e-01  -1.00
2023 06 28  0755   60123   28500  0  7.75e+02  1.93e+01  0  2.01e+03  1.99e+01  1.82e+00  5.76e-01  1.09e-01  -1.00
2023 06 28  0800   60123   28800  0  1.02e+03  1.96e+01  0  2.25e+03  1.91e+01  2.64e+00  7.84e-01  2.27e-01  -1.00
2023 06 28  0805   60123   29100  0  7.96e+02  1.89e+01  0  2.16e+03  2.06e+01  2.13e+00  7.55e-01  1.89e-01  -1.00
2023 06 28  0810   60123   29400  0  7.96e+02  2.06e+01  0  2.02e+03  1.93e+01  1.97e+00  7.32e-01  1.50e-01  -1.00
2023 06 28  0815   60123   29700  0  9.36e+02  2.12e+01  0  2.05e+03  1.52e+01  2.03e+00  5.05e-01  2.78e-01  -1.00
2023 06 28  0820   60123   30000  0  8.27e+02  2.05e+01  0  2.11e+03  1.79e+01  2.06e+00  5.41e-01  2.26e-01  -1.00
2023 06 28  0825   60123   30300  0  7.46e+02  1.73e+01  0  1.99e+03  1.82e+01  1.74e+00  5.62e-01  2.42e-01  -1.00
2023 06 28  0830   60123   30600  0  7.62e+02  1.83e+01  0  1.90e+03  1.66e+01  2.18e+00  6.99e-01  2.36e-01  -1.00
2023 06 28  0835   60123   30900  0  9.37e+02  1.83e+01  0  2.34e+03  1.86e+01  2.23e+00  5.65e-01  1.98e-01  -1.00
2023 06 28  0840   60123   31200  0  8.33e+02  1.38e+01  0  5.96e+03  3.97e+01  2.59e+00  6.46e-01  8.63e-02  -1.00
2023 06 28  0845   60123   31500  0  7.50e+02  1.86e+01  0  2.74e+03  2.21e+01  2.22e+00  7.69e-01  2.25e-01  -1.00
2023 06 28  0850   60123   31800  0  9.94e+02  1.56e+01  0  2.18e+03  2.20e+01  1.91e+00  5.37e-01  1.53e-01  -1.00
2023 06 28  0855   60123   32100  0  7.76e+02  1.82e+01  0  2.76e+03  3.12e+01  2.20e+00  6.78e-01  1.34e-01  -1.00
2023 06 28  0900   60123   32400  0  7.80e+02  2.06e+01  0  2.07e+03  1.68e+01  2.36e+00  4.71e-01  1.25e-01  -1.00
2023 06 28  0905   60123   32700  0  8.11e+02  1.89e+01  0  1.99e+03  1.69e+01  1.96e+00  6.03e-01  8.81e-02  -1.00
2023 06 28  0910   60123   33000  0  8.30e+02  1.56e+01  0  2.94e+03  2.70e+01  1.91e+00  5.85e-01  1.47e-01  -1.00
2023 06 28  0915   60123   33300  0  7.73e+02  2.01e+01  0  3.99e+03  3.82e+01  2.43e+00  7.08e-01  1.90e-01  -1.00
2023 06 28  0920   60123   33600  0  7.47e+02  2.02e+01  0  2.62e+03  2.57e+01  2.12e+00  6.14e-01  1.40e-01  -1.00
2023 06 28  0925   60123   33900  0  9.10e+02  1.62e+01  0  2.48e+03  2.69e+01  2.13e+00  6.82e-01  8.56e-02  -1.00
2023 06 28  0930   60123   34200  0  8.04e+02  1.78e+01  0  2.53e+03  2.81e+01  2.58e+00  4.95e-01  2.25e-01  -1.00
2023 06 28  0935   60123   34500  0  7.98e+02  1.92e+01  0  2.08e+03  1.95e+01  2.33e+00  6.38e-01  1.73e-01  -1.00
2023 06 28  0940   60123   34800  0  8.47e+02  2.06e+01  0  2.03e+03  1.56e+01  1.80e+00  5.02e-01  1.69e-01  -1.00
2023 06 28  0945   60123   35100  0  8.46e+02  1.67e+01  0  2.07e+03  1.59e+01  2.22e+00  7.70e-01  2.21e-01  -1.00
2023 06 28  0950   60123   35400  0  7.56e+02  1.51e+01  0  2.02e+03  1.50e+01  2.13e+00  6.67e-01  1.36e-01  -1.00
2023 06 28  0955   60123   35700 -1 -1.00e+05 -1.00e+05 -1 -1.00e+05 -1.00e+05 -1.00e+05 -1.00e+05 -1.00e+05  -1.00
2023 06 28  1000   60123   36000  0  8.91e+02  1.46e+01  0  1.96e+03  1.87e+01  1.75e+00  7.80e-01  2.00e-01  -1.00
2023 06 28  1005   60123   36300  0  7.36e+02  1.70e+01  0  2.03e+03  1.70e+01  2.41e+00  6.66e-01  1.37e-01  -1.00
2023 06 28  1010   60123   36600  0  7.62e+02  1.74e+01  0  1.93e+03  1.50e+01  2.66e+00  7.84e-01  1.43e-01  -1.00
2023 06 28  1015   60123   36900  0  9.15e+02  1.80e+01  0  2.00e+03  1.47e+01  2.32e+00  5.11e-01  1.72e-01  -1.00
2023 06 28  1020   60123   37200  0  7.71e+02  1.77e+01  0  2.05e+03  1.67e+01  1.85e+00  6.49e-01  1.89e-01  -1.00
2023 06 28  1025   60123   37500  0  8.68e+02  2.14e+01  0  1.99e+03  1.42e+01  2.46e+00  7.14e-01  1.82e-01  -1.00
2023 06 28  1030   60123   37800  0  8.19e+02  2.06e+01  0  1.98e+03  1.57e+01  2.03e+00  5.26e-01  1.50e-01  -1.00
2023 06 28  1035   60123   38100  0  8.96e+02  2.03e+01  0  2.08e+03  1.65e+01  2.24e+00  6.91e-01  2.03e-01  -1.00
2023 06 28  1040   60123   38400  0  8.42e+02  1.96e+01  0  2.01e+03  1.45e+01  1.99e+00  4.87e-01  1.43e-01  -1.00
2023 06 28  1045   60123   38700  0  7.86e+02  1.91e+01  0  1.91e+03  1.41e+01  2.13e+00  3.98e-01  1.89e-01  -1.00
2023 06 28  1050   60123   39000  0  1.08e+03  1.81e+01  0  2.03e+03  1.84e+01  1.66e+00  4.38e-01  1.34e-01  -1.00
2023 06 28  1055   60123   39300  0  8.56e+02  1.65e+01  0  1.99e+03  1.56e+01  2.12e+00  5.70e-01  2.31e-01  -1.00
2023 06 28  1100   60123   39600  0  7.68e+02  1.77e+01  0  2.08e+03  1.54e+01  2.30e+00  5.18e-01  1.47e-01  -1.00
2023 06 28  1105   60123   39900  0  8.13e+02  1.95e+01  0  1.93e+03  1.72e+01  2.79e+00  6.78e-01  1.99e-01  -1.00
2023 06 28  1110   60123   40200  0  8.63e+02  1.65e+01  0  2.00e+03  1.73e+01  2.28e+00  6.20e-01  1.73e-01  -1.00
2023 06 28  1115   60123   40500  0  7.15e+02  1.56e+01  0  2.01e+03  1.57e+01  2.11e+00  5.82e-01  2.31e-01  -1.00
2023 06 28  1120   60123   40800  0  8.01e+02  2.49e+01  0  1.90e+03  1.37e+01  2.43e+00  5.56e-01  1.59e-01  -1.00
2023 06 28  1125   60123   41100  0  9.30e+02  1.61e+01  0  2.09e+03  1.88e+01  2.27e+00  6.91e-01  1.87e-01  -1.00
2023 06 28  1130   60123   41400  0  8.05e+02  1.83e+01  0  2.03e+03  1.61e+01  1.88e+00  6.10e-01  1.96e-01  -1.00
2023 06 28  1135   60123   41700  0  7.99e+02  1.98e+01  0  2.00e+03  1.68e+01  2.29e+00  5.69e-01  2.75e-01  -1.00
2023 06 28  1140   60123   42000  0  9.46e+02  1.94e+01  0  2.05e+03  1.61e+01  2.20e+00  5.96e-01  2.05e-01  -1.00
2023 06 28  1145   60123   42300  0  7.88e+02  1.74e+01  0  2.07e+03  1.75e+01  2.05e+00  7.22e-01  1.60e-01  -1.00
2023 06 28  1150   60123   42600  0  7.46e+02  1.92e+01  0  2.10e+03  2.00e+01  1.73e+00  6.50e-01  9.55e-02  -1.00
2023 06 28  1155   60123   42900  0  7.16e+02  2.03e+01  0  1.84e+03  1.78e+01  1.94e+00  5.83e-01  1.53e-01  -1.00
2023 06 28  1200   60123   43200  0  1.00e+03  2.06e+01  0  2.04e+03  1.48e+01  2.60e+00  6.60e-01  1.40e-01  -1.00
2023 06 28  1205   60123   43500  0  7.22e+02  2.10e+01  0  1.99e+03  1.46e+01  2.50e+00  6.03e-01  1.35e-01  -1.00
2023 06 28  1210   60123   43800  0  7.89e+02  2.00e+01  0  1.96e+03  1.61e+01  2.09e+00  5.89e-01  2.10e-01  -1.00
2023 06 28  1215   60123   44100  0  9.73e+02  1.90e+01  0  2.03e+03  1.71e+01  2.26e+00  5.83e-01  2.71e-01  -1.00
2023 06 28  1220   60123   44400  0  8.07e+02  1.74e+01  0  2.01e+03  1.45e+01  1.90e+00  7.58e-01  2.13e-01  -1.00
2023 06 28  1225   60123   44700  0  8.92e+02  1.78e+01  0  2.00e+03  1.64e+01  1.93e+00  5.41e-01  2.01e-01  -1.00
2023 06 28  1230   60123   45000  0  8.74e+02  1.87e+01  0  1.94e+03  1.44e+01  1.71e+00  4.14e-01  1.56e-01  -1.00
2023 06 28  1235   60123   45300  0  9.73e+02  2.07e+01  0  2.07e+03  1.68e+01  2.60e+00  8.05e-01  1.60e-01  -1.00
2023 06 28  1240   60123   45600  0  7.64e+02  1.59e+01  0  2.06e+03  1.84e+01  2.14e+00  4.11e-01  2.29e-01  -1.00
2023 06 28  1245   60123   45900  0  8.33e+02  1.49e+01  0  1.87e+03  1.74e+01  2.31e+00  5.05e-01  1.57e-01  -1.00
2023 06 28  1250   60123   46200  0  9.95e+02  2.02e+01  0  2.04e+03  1.84e+01  2.20e+00  7.86e-01  1.77e-01  -1.00
2023 06 28  1255   60123   46500  0  8.55e+02  2.06e+01  0  2.03e+03  1.38e+01  1.82e+00  6.42e-01  2.51e-01  -1.00
2023 06 28  1300   60123   46800  0  8.04e+02  1.56e+01  0  1.97e+03  1.59e+01  1.79e+00  4.93e-01  1.60e-01  -1.00
2023 06 28  1305   60123   47100  0  9.02e+02  1.64e+01  0  1.95e+03  1.76e+01  1.65e+00  5.24e-01  1.11e-01  -1.00
2023 06 28  1310   60123   47400  0  8.51e+02  1.97e+01  0  2.26e+03  1.86e+01  2.25e+00  5.39e-01  2.36e-01  -1.00
2023 06 28  1315   60123   47700  0  7.55e+02  1.81e+01  0  2.23e+03  1.87e+01  2.64e+00  6.66e-01  1.65e-01  -1.00
2023 06 28  1320   60123   48000  0  7.59e+02  1.94e+01  0  1.85e+03  1.63e+01  1.74e+00  6.27e-01  1.06e-01  -1.00
2023 06 28  1325   60123   48300  0  9.59e+02  1.93e+01  0  2.04e+03  1.72e+01  2.06e+00  7.00e-01  1.97e-01  -1.00
2023 06 28  1330   60123   48600  0  8.77e+02  1.90e+01  0  2.02e+03  1.78e+01  2.32e+00  4.93e-01  1.33e-01  -1.00
2023 06 28  1335   60123   48900  0  8.07e+02  1.84e+01  0  2.97e+03  2.63e+01  2.42e+00  8.39e-01  1.00e-01  -1.00
2023 06 28  1340   60123   49200  0  9.66e+02  1.72e+01  0  3.10e+03  3.54e+01  2.22e+00  4.65e-01  1.78e-01  -1.00
2023 06 28  1345   60123   49500  0  8.14e+02  1.60e+01  0  3.84e+03  3.86e+01  2.42e+00  6.14e-01  1.91e-01  -1.00
2023 06 28  1350   60123   49800  0  9.07e+02  1.53e+01  0  5.16e+03  5.18e+01  2.41e+00  6.13e-01  2.90e-01  -1.00
2023 06 28  1355   60123   50100  0  8.07e+02  1.75e+01  0  4.20e+03  4.99e+01  3.04e+00  5.74e-01  1.05e-01  -1.00
2023 06 28  1400   60123   50400  0  1.02e+03  1.87e+01  0  1.06e+04  1.28e+02  3.32e+00  6.57e-01  2.11e-01  -1.00
2023 06 28  1405   60123   50700  0  8.29e+02  1.81e+01  0  8.06e+03  7.41e+01  2.52e+00  6.70e-01  1.80e-01  -1.00
2023 06 28  1410   60123   51000  0  7.74e+02  1.98e+01  0  3.63e+03  4.07e+01  2.71e+00  4.71e-01  1.56e-01  -1.00
2023 06 28  1415   60123   51300  0  8.91e+02  1.54e+01  0  6.57e+03  6.53e+01  2.74e+00  4.58e-01  5.29e-02  -1.00
2023 06 28  1420   60123   51600  0  7.79e+02  2.04e+01  0  2.83e+03  2.93e+01  2.25e+00  5.61e-01  2.15e-01  -1.00
2023 06 28  1425   60123   51900  0  7.81e+02  1.74e+01  0  2.08e+03  1.93e+01  2.02e+00  6.27e-01  2.05e-01  -1.00
2023 06 28  1430   60123   52200  0  8.72e+02  1.74e+01  0  1.98e+03  1.87e+01  2.48e+00  7.37e-01  2.31e-01  -1.00
2023 06 28  1435   60123   52500  0  9.01e+02  1.63e+01  0  2.18e+03  1.73e+01  2.42e+00  6.89e-01  1.31e-01  -1.00
2023 06 28  1440   60123   52800  0  7.99e+02  1.84e+01  0  2.03e+03  1.69e+01  1.94e+00  3.73e-01  1.76e-01  -1.00
2023 06 28  1445   60123   53100  0  8.21e+02  1.59e+01  0  1.88e+03  1.74e+01  1.92e+00  7.13e-01  1.53e-01  -1.00
2023 06 28  1450   60123   53400  0  9.79e+02  1.79e+01  0  2.07e+03  1.76e+01  2.56e+00  7.54e-01  1.94e-01  -1.00
2023 06 28  1455   60123   53700  0  8.80e+02  2.03e+01  0  2.04e+03  1.37e+01  2.19e+00  4.97e-01  1.71e-01  -1.00
2023 06 28  1500   60123   54000  0  8.42e+02  1.75e+01  0  2.38e+03  2.67e+01  2.62e+00  4.62e-01  1.73e-01  -1.00
2023 06 28  1505   60123   54300  0  9.85e+02  1.60e+01  0  2.27e+03  2.17e+01  2.07e+00  6.20e-01  2.10e-01  -1.00
2023 06 28  1510   60123   54600  0  8.10e+02  1.34e+01  0  2.61e+03  2.57e+01  2.41e+00  5.87e-01  1.36e-01  -1.00
2023 06 28  1515   60123   54900  0  7.91e+02  1.53e+01  0  2.20e+03  1.83e+01  1.86e+00  5.19e-01  1.57e-01  -1.00
2023 06 28  1520   60123   55200  0  7.86e+02  2.02e+01  0  1.92e+03  1.82e+01  2.52e+00  5.42e-01  1.13e-01  -1.00
2023 06 28  1525   60123   55500  0  9.56e+02  1.85e+01  0  2.21e+03  1.69e+01  1.94e+00  7.09e-01  1.12e-01  -1.00
2023 06 28  1530   60123   55800  0  8.18e+02  2.07e+01  0  2.10e+03  2.04e+01  1.75e+00  7.45e-01  2.05e-01  -1.00
2023 06 28  1535   60123   56100  0  8.62e+02  1.46e+01  0  2.06e+03  1.78e+01  1.75e+00  6.31e-01  1.94e-01  -1.00
2023 06 28  1540   60123   56400  0  9.66e+02  1.97e+01  0  2.12e+03  1.70e+01  2.30e+00  5.09e-01  1.65e-01  -1.00
2023 06 28  1545   60123   56700  0  8.27e+02  1.95e+01  0  2.03e+03  1.97e+01  2.34e+00  5.23e-01  1.64e-01  -1.00
2023 06 28  1550   60123   57000  0  8.61e+02  1.92e+01  0  2.01e+03  1.66e+01  2.44e+00  6.75e-01  1.11e-01  -1.00
2023 06 28  1555   60123   57300 -1 -1.00e+05 -1.00e+05 -1 -1.00e+05 -1.00e+05 -1.00e+05 -1.00e+05 -1.00e+05  -1.00
2023 06 28  1600   60123   57600  0  1.42e+03  1.78e+01  0  2.02e+03  2.00e+01  2.16e+00  5.09e-01  1.27e-01  -1.00
2023 06 28  1605   60123   57900  0  1.73e+03  1.89e+01  0  2.06e+03  1.56e+01  2.35e+00  7.77e-01  1.67e-01  -1.00
2023 06 28  1610   60123   58200  0  2.11e+03  1.40e+01  0  1.88e+03  1.70e+01  2.09e+00  6.40e-01  2.12e-01  -1.00
2023 06 28  1615   60123   58500  0  1.98e+03  1.56e+01  0  2.03e+03  1.82e+01  2.46e+00  7.02e-01  1.71e-01  -1.00
2023 06 28  1620   60123   58800  0  1.38e+03  1.78e+01  0  2.05e+03  1.80e+01  2.37e+00  7.61e-01  1.42e-01  -1.00
2023 06 28  1625   60123   59100  0  1.31e+03  1.87e+01  0  1.98e+03  1.59e+01  2.08e+00  5.39e-01  2.19e-01  -1.00
2023 06 28  1630   60123   59400  0  1.36e+03  1.97e+01  0  1.99e+03  1.62e+01  1.92e+00  7.39e-01  1.49e-01  -1.00
2023 06 28  1635   60123   59700  0  1.30e+03  1.72e+01  0  2.00e+03  1.79e+01  2.20e+00  4.51e-01  1.88e-01  -1.00
2023 06 28  1640   60123   60000  0  1.17e+03  1.87e+01  0  2.00e+03  1.77e+01  1.85e+00  4.47e-01  1.41e-01  -1.00
2023 06 28  1645   60123   60300  0  1.14e+03  1.86e+01  0  1.89e+03  1.73e+01  2.29e+00  4.94e-01  1.77e-01  -1.00
2023 06 28  1650   60123   60600  0  1.27e+03  1.78e+01  0  2.02e+03  1.51e+01  1.98e+00  5.88e-01  2.54e-01  -1.00
2023 06 28  1655   60123   60900  0  1.11e+03  2.07e+01  0  2.04e+03  1.50e+01  1.86e+00  4.77e-01  1.56e-01  -1.00
2023 06 28  1700   60123   61200  0  1.11e+03  2.00e+01  0  2.02e+03  1.64e+01  1.98e+00  4.54e-01  1.22e-01  -1.00
2023 06 28  1705   60123   61500  0  1.03e+03  1.70e+01  0  1.86e+03  1.85e+01  1.62e+00  8.00e-01  1.16e-01  -1.00
2023 06 28  1710   60123   61800 -1 -1.00e+05 -1.00e+05 -1 -1.00e+05 -1.00e+05 -1.00e+05 -1.00e+05 -1.00e+05  -1.00
2023 06 28  1715   60123   62100 -1 -1.00e+05 -1.00e+05 -1 -1.00e+05 -1.00e+05 -1.00e+05 -1.00e+05 -1.00e+05  -1.00
2023 06 28  1720   60123   62400 -1 -1.00e+05 -1.00e+05 -1 -1.00e+05 -1.00e+05 -1.00e+05 -1.00e+05 -1.00e+05  -1.00
2023 06 28  1725   60123   62700 -1 -1.00e+05 -1.00e+05 -1 -1.00e+05 -1.00e+05 -1.00e+05 -1.00e+05 -1.00e+05  -1.00
2023 06 28  1730   60123   63000 -1 -1.00e+05 -1.00e+05 -1 -1.00e+05 -1.00e+05 -1.00e+05 -1.00e+05 -1.00e+05  -1.00
2023 06 28  1735   60123   63300 -1 -1.00e+05 -1.00e+05 -1 -1.00e+05 -1.00e+05 -1.00e+05 -1.00e+05 -1.00e+05  -1.00
2023 06 28  1740   60123   63600  0  1.51e+03  1.15e+01  0  1.89e+03  1.52e+01  1.53e+00  3.18e-01  1.23e-01  -1.00
2023 06 28  1745   60123   63900  0  1.45e+03  1.77e+01  0  1.97e+03  1.63e+01  2.14e+00  7.29e-01  1.98e-01  -1.00
2023 06 28  1750   60123   64200  0  1.63e+03  2.07e+01  0  2.03e+03  1.66e+01  1.78e+00  6.07e-01  1.85e-01  -1.00
2023 06 28  1755   60123   64500  0  1.64e+03  2.17e+01  0  2.00e+03  1.51e+01  2.41e+00  7.50e-01  2.13e-01  -1.00
2023 06 28  1800   60123   64800  0  1.47e+03  1.69e+01  0  2.09e+03  1.78e+01  1.90e+00  4.54e-01  1.91e-01  -1.00
2023 06 28  1805   60123   65100  0  1.59e+03  1.87e+01  0  1.98e+03  1.61e+01  2.19e+00  5.14e-01  2.20e-01  -1.00
2023 06 28  1810   60123   65400  0  1.31e+03  1.80e+01  0  1.88e+03  1.90e+01  2.54e+00  4.52e-01  1.91e-01  -1.00
2023 06 28  1815   60123   65700  0  1.48e+03  1.62e+01  0  2.02e+03  1.57e+01  2.60e+00  7.05e-01  1.73e-01  -1.00
2023 06 28  1820   60123   66000  0  1.30e+03  1.88e+01  0  2.11e+03  1.73e+01  2.29e+00  5.99e-01  1.23e-01  -1.00
2023 06 28  1825   60123   66300  0  1.37e+03  2.14e+01  0  2.00e+03  1.81e+01  1.90e+00  6.99e-01  1.93e-01  -1.00
2023 06 28  1830   60123   66600  0  1.47e+03  1.75e+01  0  1.99e+03  1.42e+01  1.95e+00  4.35e-01  1.26e-01  -1.00
2023 06 28  1835   60123   66900  0  1.45e+03  2.20e+01  0  1.95e+03  1.41e+01  2.33e+00  4.57e-01  1.90e-01  -1.00
2023 06 28  1840   60123   67200  0  1.26e+03  1.98e+01  0  2.02e+03  1.75e+01  2.03e+00  3.65e-01  1.60e-01  -1.00
2023 06 28  1845   60123   67500  0  1.37e+03  2.05e+01  0  1.87e+03  1.36e+01  1.79e+00  3.98e-01  1.48e-01  -1.00
2023 06 28  1850   60123   67800  0  1.55e+03  1.61e+01  0  2.08e+03  1.55e+01  1.56e+00  7.44e-01  1.73e-01  -1.00
2023 06 28  1855   60123   68100  0  1.30e+03  2.24e+01  0  1.98e+03  1.68e+01  2.13e+00  5.70e-01  1.42e-01  -1.00
2023 06 28  1900   60123   68400  0  1.14e+03  1.74e+01  0  1.93e+03  1.93e+01  1.74e+00  7.18e-01  1.78e-01  -1.00
2023 06 28  1905   60123   68700  0  1.40e+03  2.02e+01  0  2.02e+03  1.46e+01  2.27e+00  5.69e-01  2.63e-01  -1.00
2023 06 28  1910   60123   69000  0  1.26e+03  1.62e+01  0  2.00e+03  1.48e+01  1.81e+00  5.58e-01  1.35e-01  -1.00
2023 06 28  1915   60123   69300  0  1.10e+03  1.83e+01  0  1.96e+03  1.57e+01  2.42e+00  6.30e-01  1.99e-01  -1.00
2023 06 28  1920   60123   69600  0  1.25e+03  1.90e+01  0  1.94e+03  1.36e+01  1.63e+00  7.53e-01  1.76e-01  -1.00
2023 06 28  1925   60123   69900  0  1.30e+03  1.67e+01  0  1.99e+03  1.61e+01  1.84e+00  5.20e-01  1.35e-01  -1.00
2023 06 28  1930   60123   70200  0  1.08e+03  2.10e+01  0  1.99e+03  1.57e+01  2.36e+00  6.10e-01  8.63e-02  -1.00
2023 06 28  1935   60123   70500  0  1.10e+03  1.42e+01  0  1.80e+03  1.84e+01  1.75e+00  4.05e-01  1.80e-01  -1.00
2023 06 28  1940   60123   70800  0  1.13e+03  1.71e+01  0  2.01e+03  1.50e+01  2.51e+00  7.76e-01  1.51e-01  -1.00
2023 06 28  1945   60123   71100  0  1.04e+03  2.30e+01  0  2.02e+03  1.83e+01  2.18e+00  5.55e-01  1.79e-01  -1.00
2023 06 28  1950   60123   71400  0  1.11e+03  1.45e+01  0  1.96e+03  1.76e+01  2.31e+00  5.22e-01  1.05e-01  -1.00
2023 06 28  1955   60123   71700  0  1.18e+03  1.52e+01  0  2.11e+03  2.06e+01  2.10e+00  6.58e-01  1.11e-01  -1.00
2023 06 28  2000   60123   72000  0  9.94e+02  1.75e+01  0  2.05e+03  1.76e+01  2.13e+00  5.78e-01  1.95e-01  -1.00
2023 06 28  2005   60123   72300  0  1.00e+03  2.08e+01  0  2.00e+03  1.67e+01  1.93e+00  5.79e-01  1.80e-01  -1.00
2023 06 28  2010   60123   72600  0  9.52e+02  1.78e+01  0  1.85e+03  1.61e+01  1.81e+00  6.17e-01  1.81e-01  -1.00
2023 06 28  2015   60123   72900  0  1.24e+03  2.02e+01  0  2.03e+03  1.62e+01  1.68e+00  5.23e-01  1.77e-01  -1.00
2023 06 28  2020   60123   73200  0  9.50e+02  1.96e+01  0  2.01e+03  1.72e+01  2.18e+00  6.15e-01  1.77e-01  -1.00
2023 06 28  2025   60123   73500  0  9.76e+02  1.32e+01  0  1.87e+03  1.71e+01  1.99e+00  4.40e-01  1.20e-01  -1.00
2023 06 28  2030   60123   73800  0  1.05e+03  1.94e+01  0  2.04e+03  1.72e+01  1.72e+00  6.20e-01  2.05e-01  -1.00
2023 06 28  2035   60123   74100  0  1.02e+03  1.83e+01  0  1.99e+03  1.55e+01  1.85e+00  6.75e-01  1.62e-01  -1.00
2023 06 28  2040   60123   74400  0  9.50e+02  2.14e+01  0  2.01e+03  1.58e+01  2.19e+00  6.04e-01  1.77e-01  -1.00
2023 06 28  2045   60123   74700  0  1.22e+03  1.94e+01  0  1.95e+03  1.59e+01  1.47e+00  5.48e-01  1.23e-01  -1.00
2023 06 28  2050   60123   75000  0  1.11e+03  1.81e+01  0  2.09e+03  1.68e+01  2.36e+00  6.65e-01  9.43e-02  -1.00
2023 06 28  2055   60123   75300  0  8.92e+02  1.60e+01  0  2.02e+03  1.78e+01  2.04e+00  6.54e-01  1.21e-01  -1.00
2023 06 28  2100   60123   75600  0  9.19e+02  1.78e+01  0  1.86e+03  1.56e+01  2.26e+00  5.18e-01  1.09e-01  -1.00
2023 06 28  2105   60123   75900  0  1.16e+03  2.06e+01  0  2.03e+03  1.53e+01  2.02e+00  6.04e-01  1.21e-01  -1.00
2023 06 28  2110   60123   76200  0  8.74e+02  2.71e+01  0  2.04e+03  1.51e+01  2.45e+00  6.34e-01  1.77e-01  -1.00
2023 06 28  2115   60123   76500  0  9.27e+02  1.70e+01  0  1.96e+03  1.59e+01  2.19e+00  5.67e-01  1.16e-01  -1.00
2023 06 28  2120   60123   76800  0  9.83e+02  1.92e+01  0  2.03e+03  1.88e+01  1.97e+00  4.12e-01  9.43e-02  -1.00
2023 06 28  2125   60123   77100  0  9.85e+02  1.68e+01  0  2.04e+03  1.49e+01  1.98e+00  1.83e+00  1.13e-01  -1.00
2023 06 28  2130   60123   77400  0  8.56e+02  1.81e+01  0  2.03e+03  1.37e+01  2.26e+00  4.69e-01  1.29e-01  -1.00
2023 06 28  2135   60123   77700  0  9.38e+02  1.94e+01  0  1.90e+03  1.83e+01  2.23e+00  5.06e-01  1.92e-01  -1.00
2023 06 28  2140   60123   78000  0  1.15e+03  1.92e+01  0  2.12e+03  1.72e+01  2.15e+00  5.35e-01  1.35e-01  -1.00
2023 06 28  2145   60123   78300  0  8.93e+02  1.49e+01  0  2.06e+03  1.56e+01  2.17e+00  5.83e-01  1.47e-01  -1.00
2023 06 28  2150   60123   78600  0  9.34e+02  1.80e+01  0  1.92e+03  1.60e+01  1.85e+00  7.19e-01  1.88e-01  -1.00
2023 06 28  2155   60123   78900 -1 -1.00e+05 -1.00e+05 -1 -1.00e+05 -1.00e+05 -1.00e+05 -1.00e+05 -1.00e+05  -1.00
2023 06 28  2200   60123   79200  0  8.69e+02  1.56e+01  0  2.07e+03  1.53e+01  1.55e+00  4.23e-01  1.27e-01  -1.00
2023 06 28  2205   60123   79500  0  9.37e+02  1.57e+01  0  2.02e+03  1.69e+01  1.80e+00  6.21e-01  1.06e-01  -1.00
2023 06 28  2210   60123   79800  0  9.70e+02  1.76e+01  0  1.94e+03  1.39e+01  2.20e+00  9.07e-01  1.09e-01  -1.00
2023 06 28  2215   60123   80100  0  1.08e+03  1.50e+01  0  2.00e+03  1.51e+01  1.99e+00  4.25e-01  1.18e-01  -1.00
2023 06 28  2220   60123   80400  0  8.82e+02  1.93e+01  0  2.04e+03  1.60e+01  2.07e+00  3.98e-01  1.64e-01  -1.00
2023 06 28  2225   60123   80700  0  8.96e+02  1.74e+01  0  1.93e+03  1.67e+01  1.94e+00  7.95e-01  1.19e-01  -1.00
2023 06 28  2230   60123   81000  0  1.14e+03  1.90e+01  0  1.99e+03  1.56e+01  1.90e+00  3.66e-01  1.55e-01  -1.00
2023 06 28  2235   60123   81300  0  8.90e+02  1.92e+01  0  2.06e+03  1.83e+01  2.52e+00  4.69e-01  9.89e-02  -1.00
2023 06 28  2240   60123   81600  0  8.81e+02  1.58e+01  0  2.01e+03  1.40e+01  1.81e+00  7.76e-01  1.88e-01  -1.00
2023 06 28  2245   60123   81900  0  1.00e+03  1.92e+01  0  1.93e+03  1.55e+01  2.56e+00  4.84e-01  1.80e-01  -1.00
2023 06 28  2250   60123   82200  0  9.35e+02  1.66e+01  0  2.07e+03  1.81e+01  2.51e+00  3.49e-01  1.08e-01  -1.00
2023 06 28  2255   60123   82500  0  8.75e+02  1.74e+01  0  2.05e+03  1.63e+01  2.23e+00  6.38e-01  2.10e-01  -1.00
2023 06 28  2300   60123   82800  0  8.41e+02  1.80e+01  0  1.84e+03  1.58e+01  1.85e+00  7.65e-01  1.06e-01  -1.00
2023 06 28  2305   60123   83100  0  1.02e+03  1.79e+01  0  2.06e+03  1.70e+01  2.34e+00  6.42e-01  2.27e-01  -1.00
2023 06 28  2310   60123   83400  0  9.23e+02  1.67e+01  0  2.11e+03  1.50e+01  2.07e+00  6.04e-01  1.42e-01  -1.00
2023 06 28  2315   60123   83700  0  8.12e+02  1.64e+01  0  1.99e+03  1.62e+01  1.85e+00  5.43e-01  9.12e-02  -1.00
2023 06 28  2320   60123   84000  0  1.08e+03  2.00e+01  0  2.05e+03  1.76e+01  2.29e+00  5.19e-01  1.19e-01  -1.00
2023 06 28  2325   60123   84300  0  9.48e+02  1.51e+01  0  2.07e+03  1.58e+01  1.98e+00  5.67e-01  1.20e-01  -1.00
2023 06 28  2330   60123   84600  0  8.41e+02  1.67e+01  0  1.99e+03  1.70e+01  1.89e+00  6.60e-01  1.76e-01  -1.00
2023 06 28  2335   60123   84900  0  8.18e+02  1.80e+01  0  1.90e+03  1.58e+01  1.93e+00  6.47e-01  1.87e-01  -1.00
2023 06 28  2340   60123   85200  0  1.07e+03  1.58e+01  0  2.06e+03  1.79e+01  2.04e+00  4.50e-01  2.04e-01  -1.00
2023 06 28  2345   60123   85500  0  8.31e+02  1.67e+01  0  2.02e+03  1.69e+01  2.28e+00  5.13e-01  1.03e-01  -1.00
2023 06 28  2350   60123   85800  0  8.12e+02  1.73e+01  0  1.95e+03  1.53e+01  2.10e+00  4.71e-01  1.57e-01  -1.00
2023 06 28  2355   60123   86100  0  1.02e+03  1.90e+01  0  2.01e+03  1.72e+01  2.07e+00  6.06e-01  1.78e-01  -1.00
