:Data_list: 20231221_ace_sis_5m.txt
:Created: 2023 Dec 22 0011 UT
# Prepared by the U.S. Dept. of Commerce, NOAA, Space Weather Prediction Center
# Please send comments and suggestions to SWPC.Webmaster@noaa.gov 
# 
# Units: proton flux p/cs2-sec-ster
# Status(S): 0 = nominal data, 1 to 8 = bad data record, 9 = no data
# Missing data values: -1.00e+05
# Source: ACE Satellite - Solar Isotope Spectrometer
#
# 5-minute averaged Real-time Integral Flux of High-energy Solar Protons
# 
#                 Modified Seconds
# UT Date   Time   Julian  of the      ---- Integral Proton Flux ----
# YR MO DA  HHMM     Day     Day       S    > 10 MeV    S    > 30 MeV
#--------------------------------------------------------------------
2023 12 21  0000    60299       0      9   -1.00e+05    9   -1.00e+05
2023 12 21  0005    60299     300      9   -1.00e+05    9   -1.00e+05
2023 12 21  0010    60299     600      9   -1.00e+05    9   -1.00e+05
2023 12 21  0015    60299     900      9   -1.00e+05    9   -1.00e+05
2023 12 21  0020    60299    1200      9   -1.00e+05    9   -1.00e+05
2023 12 21  0025    60299    1500      9   -1.00e+05    9   -1.00e+05
2023 12 21  0030    60299    1800      9   -1.00e+05    9   -1.00e+05
2023 12 21  0035    60299    2100      9   -1.00e+05    9   -1.00e+05
2023 12 21  0040    60299    2400      9   -1.00e+05    9   -1.00e+05
2023 12 21  0045    60299    2700      9   -1.00e+05    9   -1.00e+05
2023 12 21  0050    60299    3000      9   -1.00e+05    9   -1.00e+05
2023 12 21  0055    60299    3300      0    7.46e-01    0    4.89e-01
2023 12 21  0100    60299    3600      0    7.21e-01    0    5.07e-01
2023 12 21  0105    60299    3900      0    7.18e-01    0    4.94e-01
2023 12 21  0110    60299    4200      0    7.34e-01    0    5.06e-01
2023 12 21  0115    60299    4500      0    6.55e-01    0    4.47e-01
2023 12 21  0120    60299    4800      0    7.24e-01    0    5.11e-01
2023 12 21  0125    60299    5100      0    8.04e-01    0    5.75e-01
2023 12 21  0130    60299    5400      0    7.81e-01    0    5.47e-01
2023 12 21  0135    60299    5700      0    7.23e-01    0    5.21e-01
2023 12 21  0140    60299    6000      0    7.67e-01    0    5.26e-01
2023 12 21  0145    60299    6300      0    7.06e-01    0    4.91e-01
2023 12 21  0150    60299    6600      0    7.66e-01    0    5.57e-01
2023 12 21  0155    60299    6900      0    7.71e-01    0    5.58e-01
2023 12 21  0200    60299    7200      0    7.05e-01    0    4.99e-01
2023 12 21  0205    60299    7500      0    7.82e-01    0    5.55e-01
2023 12 21  0210    60299    7800      0    7.38e-01    0    5.13e-01
2023 12 21  0215    60299    8100      0    8.04e-01    0    5.57e-01
2023 12 21  0220    60299    8400      0    7.44e-01    0    5.35e-01
2023 12 21  0225    60299    8700      0    8.37e-01    0    5.98e-01
2023 12 21  0230    60299    9000      0    7.12e-01    0    5.08e-01
2023 12 21  0235    60299    9300      0    7.31e-01    0    5.11e-01
2023 12 21  0240    60299    9600      0    7.94e-01    0    5.47e-01
2023 12 21  0245    60299    9900      0    7.86e-01    0    5.64e-01
2023 12 21  0250    60299   10200      0    7.22e-01    0    4.91e-01
2023 12 21  0255    60299   10500      0    7.23e-01    0    5.11e-01
2023 12 21  0300    60299   10800      0    8.85e-01    0    6.40e-01
2023 12 21  0305    60299   11100      0    8.37e-01    0    6.13e-01
2023 12 21  0310    60299   11400      0    7.85e-01    0    5.66e-01
2023 12 21  0315    60299   11700      0    7.81e-01    0    5.47e-01
2023 12 21  0320    60299   12000      0    7.44e-01    0    5.16e-01
2023 12 21  0325    60299   12300      0    7.15e-01    0    5.10e-01
2023 12 21  0330    60299   12600      0    7.82e-01    0    5.69e-01
2023 12 21  0335    60299   12900      0    7.57e-01    0    5.30e-01
2023 12 21  0340    60299   13200      0    7.40e-01    0    5.30e-01
2023 12 21  0345    60299   13500      0    7.60e-01    0    5.37e-01
2023 12 21  0350    60299   13800      0    7.93e-01    0    5.48e-01
2023 12 21  0355    60299   14100      9   -1.00e+05    9   -1.00e+05
2023 12 21  0400    60299   14400      0    7.16e-01    0    5.06e-01
2023 12 21  0405    60299   14700      0    7.22e-01    0    4.98e-01
2023 12 21  0410    60299   15000      0    7.01e-01    0    4.84e-01
2023 12 21  0415    60299   15300      0    7.41e-01    0    5.07e-01
2023 12 21  0420    60299   15600      0    8.05e-01    0    5.71e-01
2023 12 21  0425    60299   15900      0    7.56e-01    0    5.30e-01
2023 12 21  0430    60299   16200      0    7.38e-01    0    5.34e-01
2023 12 21  0435    60299   16500      0    6.77e-01    0    4.67e-01
2023 12 21  0440    60299   16800      0    7.45e-01    0    5.17e-01
2023 12 21  0445    60299   17100      0    7.57e-01    0    5.41e-01
2023 12 21  0450    60299   17400      0    7.43e-01    0    5.42e-01
2023 12 21  0455    60299   17700      0    7.56e-01    0    5.20e-01
2023 12 21  0500    60299   18000      0    7.78e-01    0    5.38e-01
2023 12 21  0505    60299   18300      0    7.37e-01    0    5.29e-01
2023 12 21  0510    60299   18600      0    7.68e-01    0    5.39e-01
2023 12 21  0515    60299   18900      0    9.01e-01    0    6.40e-01
2023 12 21  0520    60299   19200      0    8.24e-01    0    5.88e-01
2023 12 21  0525    60299   19500      0    7.28e-01    0    5.12e-01
2023 12 21  0530    60299   19800      0    7.16e-01    0    4.92e-01
2023 12 21  0535    60299   20100      0    6.99e-01    0    4.87e-01
2023 12 21  0540    60299   20400      0    7.95e-01    0    5.58e-01
2023 12 21  0545    60299   20700      0    7.19e-01    0    5.11e-01
2023 12 21  0550    60299   21000      0    7.68e-01    0    5.52e-01
2023 12 21  0555    60299   21300      0    7.52e-01    0    5.18e-01
2023 12 21  0600    60299   21600      0    7.76e-01    0    5.63e-01
2023 12 21  0605    60299   21900      0    8.44e-01    0    5.98e-01
2023 12 21  0610    60299   22200      0    7.34e-01    0    5.10e-01
2023 12 21  0615    60299   22500      0    7.21e-01    0    4.90e-01
2023 12 21  0620    60299   22800      0    7.39e-01    0    5.17e-01
2023 12 21  0625    60299   23100      0    7.51e-01    0    5.35e-01
2023 12 21  0630    60299   23400      0    7.78e-01    0    5.43e-01
2023 12 21  0635    60299   23700      0    8.07e-01    0    5.70e-01
2023 12 21  0640    60299   24000      0    7.72e-01    0    5.46e-01
2023 12 21  0645    60299   24300      0    6.98e-01    0    4.91e-01
2023 12 21  0650    60299   24600      0    7.41e-01    0    5.35e-01
2023 12 21  0655    60299   24900      0    7.81e-01    0    5.42e-01
2023 12 21  0700    60299   25200      0    7.13e-01    0    4.94e-01
2023 12 21  0705    60299   25500      0    7.20e-01    0    5.14e-01
2023 12 21  0710    60299   25800      0    7.23e-01    0    5.13e-01
2023 12 21  0715    60299   26100      0    7.53e-01    0    5.39e-01
2023 12 21  0720    60299   26400      0    7.74e-01    0    5.50e-01
2023 12 21  0725    60299   26700      0    8.16e-01    0    5.51e-01
2023 12 21  0730    60299   27000      0    8.78e-01    0    6.17e-01
2023 12 21  0735    60299   27300      0    8.25e-01    0    5.91e-01
2023 12 21  0740    60299   27600      0    7.52e-01    0    5.32e-01
2023 12 21  0745    60299   27900      0    7.18e-01    0    5.21e-01
2023 12 21  0750    60299   28200      0    7.19e-01    0    5.19e-01
2023 12 21  0755    60299   28500      0    7.40e-01    0    5.25e-01
2023 12 21  0800    60299   28800      0    7.63e-01    0    5.28e-01
2023 12 21  0805    60299   29100      0    7.31e-01    0    5.06e-01
2023 12 21  0810    60299   29400      0    7.29e-01    0    5.13e-01
2023 12 21  0815    60299   29700      0    7.84e-01    0    5.44e-01
2023 12 21  0820    60299   30000      0    7.09e-01    0    5.08e-01
2023 12 21  0825    60299   30300      0    8.02e-01    0    5.60e-01
2023 12 21  0830    60299   30600      0    7.73e-01    0    5.55e-01
2023 12 21  0835    60299   30900      0    7.49e-01    0    5.30e-01
2023 12 21  0840    60299   31200      0    7.16e-01    0    5.05e-01
2023 12 21  0845    60299   31500      0    7.36e-01    0    5.15e-01
2023 12 21  0850    60299   31800      0    7.55e-01    0    5.23e-01
2023 12 21  0855    60299   32100      0    6.98e-01    0    4.74e-01
2023 12 21  0900    60299   32400      0    7.11e-01    0    5.12e-01
2023 12 21  0905    60299   32700      0    7.33e-01    0    5.27e-01
2023 12 21  0910    60299   33000      0    7.61e-01    0    5.51e-01
2023 12 21  0915    60299   33300      0    8.08e-01    0    5.74e-01
2023 12 21  0920    60299   33600      0    8.54e-01    0    6.12e-01
2023 12 21  0925    60299   33900      0    7.86e-01    0    5.49e-01
2023 12 21  0930    60299   34200      0    7.61e-01    0    5.19e-01
2023 12 21  0935    60299   34500      0    7.72e-01    0    5.44e-01
2023 12 21  0940    60299   34800      0    7.65e-01    0    5.44e-01
2023 12 21  0945    60299   35100      0    8.62e-01    0    5.98e-01
2023 12 21  0950    60299   35400      0    9.52e-01    0    6.66e-01
2023 12 21  0955    60299   35700      9   -1.00e+05    9   -1.00e+05
2023 12 21  1000    60299   36000      0    8.19e-01    0    6.01e-01
2023 12 21  1005    60299   36300      0    6.64e-01    0    4.73e-01
2023 12 21  1010    60299   36600      0    7.25e-01    0    5.21e-01
2023 12 21  1015    60299   36900      0    7.45e-01    0    5.38e-01
2023 12 21  1020    60299   37200      0    7.02e-01    0    4.80e-01
2023 12 21  1025    60299   37500      0    8.03e-01    0    6.19e-01
2023 12 21  1030    60299   37800      0    7.04e-01    0    4.93e-01
2023 12 21  1035    60299   38100      0    7.97e-01    0    5.70e-01
2023 12 21  1040    60299   38400      9   -1.00e+05    9   -1.00e+05
2023 12 21  1045    60299   38700      0    7.63e-01    0    5.22e-01
2023 12 21  1050    60299   39000      0    9.18e-01    0    6.33e-01
2023 12 21  1055    60299   39300      0    1.03e+00    0    7.66e-01
2023 12 21  1100    60299   39600      0    7.63e-01    0    5.63e-01
2023 12 21  1105    60299   39900      0    8.38e-01    0    5.78e-01
2023 12 21  1110    60299   40200      0    6.63e-01    0    4.53e-01
2023 12 21  1115    60299   40500      9   -1.00e+05    9   -1.00e+05
2023 12 21  1120    60299   40800      0    7.59e-01    0    4.89e-01
2023 12 21  1125    60299   41100      0    7.09e-01    0    4.84e-01
2023 12 21  1130    60299   41400      0    7.27e-01    0    5.33e-01
2023 12 21  1135    60299   41700      9   -1.00e+05    9   -1.00e+05
2023 12 21  1140    60299   42000      0    8.82e-01    0    6.32e-01
2023 12 21  1145    60299   42300      9   -1.00e+05    9   -1.00e+05
2023 12 21  1150    60299   42600      0    8.40e-01    0    5.88e-01
2023 12 21  1155    60299   42900      0    7.56e-01    0    5.24e-01
2023 12 21  1200    60299   43200      0    7.08e-01    0    5.10e-01
2023 12 21  1205    60299   43500      9   -1.00e+05    9   -1.00e+05
2023 12 21  1210    60299   43800      0    8.26e-01    0    5.58e-01
2023 12 21  1215    60299   44100      0    7.97e-01    0    5.59e-01
2023 12 21  1220    60299   44400      9   -1.00e+05    9   -1.00e+05
2023 12 21  1225    60299   44700      0    8.19e-01    0    5.88e-01
2023 12 21  1230    60299   45000      0    7.75e-01    0    5.68e-01
2023 12 21  1235    60299   45300      0    7.31e-01    0    4.45e-01
2023 12 21  1240    60299   45600      9   -1.00e+05    9   -1.00e+05
2023 12 21  1245    60299   45900      0    8.61e-01    0    6.65e-01
2023 12 21  1250    60299   46200      0    7.85e-01    0    5.39e-01
2023 12 21  1255    60299   46500      0    6.31e-01    0    4.75e-01
2023 12 21  1300    60299   46800      9   -1.00e+05    9   -1.00e+05
2023 12 21  1305    60299   47100      0    7.30e-01    0    5.64e-01
2023 12 21  1310    60299   47400      9   -1.00e+05    9   -1.00e+05
2023 12 21  1315    60299   47700      0    7.54e-01    0    5.36e-01
2023 12 21  1320    60299   48000      9   -1.00e+05    9   -1.00e+05
2023 12 21  1325    60299   48300      0    7.23e-01    0    5.54e-01
2023 12 21  1330    60299   48600      9   -1.00e+05    9   -1.00e+05
2023 12 21  1335    60299   48900      0    7.64e-01    0    5.64e-01
2023 12 21  1340    60299   49200      0    8.07e-01    0    6.07e-01
2023 12 21  1345    60299   49500      0    6.50e-01    0    4.29e-01
2023 12 21  1350    60299   49800      0    7.54e-01    0    5.19e-01
2023 12 21  1355    60299   50100      0    8.29e-01    0    5.99e-01
2023 12 21  1400    60299   50400      0    7.56e-01    0    5.46e-01
2023 12 21  1405    60299   50700      0    7.84e-01    0    5.47e-01
2023 12 21  1410    60299   51000      0    7.92e-01    0    5.67e-01
2023 12 21  1415    60299   51300      0    8.82e-01    0    6.17e-01
2023 12 21  1420    60299   51600      0    9.40e-01    0    6.74e-01
2023 12 21  1425    60299   51900      0    8.86e-01    0    6.36e-01
2023 12 21  1430    60299   52200      0    8.59e-01    0    6.06e-01
2023 12 21  1435    60299   52500      0    8.10e-01    0    5.90e-01
2023 12 21  1440    60299   52800      0    8.44e-01    0    5.85e-01
2023 12 21  1445    60299   53100      0    7.64e-01    0    5.40e-01
2023 12 21  1450    60299   53400      0    7.48e-01    0    5.20e-01
2023 12 21  1455    60299   53700      0    7.68e-01    0    5.34e-01
2023 12 21  1500    60299   54000      0    7.08e-01    0    5.08e-01
2023 12 21  1505    60299   54300      0    8.23e-01    0    5.76e-01
2023 12 21  1510    60299   54600      0    7.47e-01    0    5.09e-01
2023 12 21  1515    60299   54900      0    7.97e-01    0    5.66e-01
2023 12 21  1520    60299   55200      0    7.32e-01    0    5.12e-01
2023 12 21  1525    60299   55500      0    7.56e-01    0    5.37e-01
2023 12 21  1530    60299   55800      0    7.41e-01    0    5.10e-01
2023 12 21  1535    60299   56100      0    7.41e-01    0    5.27e-01
2023 12 21  1540    60299   56400      0    7.57e-01    0    5.59e-01
2023 12 21  1545    60299   56700      0    7.65e-01    0    5.44e-01
2023 12 21  1550    60299   57000      0    7.81e-01    0    5.50e-01
2023 12 21  1555    60299   57300      9   -1.00e+05    9   -1.00e+05
2023 12 21  1600    60299   57600      0    7.94e-01    0    5.53e-01
2023 12 21  1605    60299   57900      0    7.19e-01    0    5.01e-01
2023 12 21  1610    60299   58200      0    8.85e-01    0    6.22e-01
2023 12 21  1615    60299   58500      0    9.30e-01    0    6.34e-01
2023 12 21  1620    60299   58800      0    7.56e-01    0    5.25e-01
2023 12 21  1625    60299   59100      0    7.96e-01    0    5.52e-01
2023 12 21  1630    60299   59400      0    9.03e-01    0    6.38e-01
2023 12 21  1635    60299   59700      0    9.32e-01    0    6.59e-01
2023 12 21  1640    60299   60000      0    9.23e-01    0    6.48e-01
2023 12 21  1645    60299   60300      0    9.08e-01    0    6.43e-01
2023 12 21  1650    60299   60600      0    9.19e-01    0    6.57e-01
2023 12 21  1655    60299   60900      0    8.05e-01    0    5.49e-01
2023 12 21  1700    60299   61200      0    8.28e-01    0    5.75e-01
2023 12 21  1705    60299   61500      0    8.01e-01    0    5.69e-01
2023 12 21  1710    60299   61800      0    7.50e-01    0    5.09e-01
2023 12 21  1715    60299   62100      0    7.64e-01    0    5.39e-01
2023 12 21  1720    60299   62400      0    8.15e-01    0    5.84e-01
2023 12 21  1725    60299   62700      0    7.39e-01    0    5.23e-01
2023 12 21  1730    60299   63000      0    6.87e-01    0    4.78e-01
2023 12 21  1735    60299   63300      0    7.69e-01    0    5.47e-01
2023 12 21  1740    60299   63600      0    7.95e-01    0    5.58e-01
2023 12 21  1745    60299   63900      0    7.17e-01    0    5.11e-01
2023 12 21  1750    60299   64200      0    7.41e-01    0    5.18e-01
2023 12 21  1755    60299   64500      0    7.32e-01    0    5.20e-01
2023 12 21  1800    60299   64800      0    7.69e-01    0    5.40e-01
2023 12 21  1805    60299   65100      0    7.45e-01    0    5.19e-01
2023 12 21  1810    60299   65400      0    7.88e-01    0    5.61e-01
2023 12 21  1815    60299   65700      0    7.52e-01    0    5.23e-01
2023 12 21  1820    60299   66000      0    7.81e-01    0    5.58e-01
2023 12 21  1825    60299   66300      0    8.58e-01    0    6.09e-01
2023 12 21  1830    60299   66600      0    9.39e-01    0    6.61e-01
2023 12 21  1835    60299   66900      0    7.67e-01    0    5.45e-01
2023 12 21  1840    60299   67200      0    7.30e-01    0    5.08e-01
2023 12 21  1845    60299   67500      0    9.18e-01    0    6.57e-01
2023 12 21  1850    60299   67800      0    9.31e-01    0    6.60e-01
2023 12 21  1855    60299   68100      0    9.19e-01    0    6.55e-01
2023 12 21  1900    60299   68400      0    8.79e-01    0    6.14e-01
2023 12 21  1905    60299   68700      0    9.12e-01    0    6.54e-01
2023 12 21  1910    60299   69000      0    7.77e-01    0    5.43e-01
2023 12 21  1915    60299   69300      0    7.31e-01    0    5.14e-01
2023 12 21  1920    60299   69600      0    7.64e-01    0    5.40e-01
2023 12 21  1925    60299   69900      0    7.93e-01    0    5.52e-01
2023 12 21  1930    60299   70200      0    7.51e-01    0    5.26e-01
2023 12 21  1935    60299   70500      0    7.99e-01    0    5.50e-01
2023 12 21  1940    60299   70800      0    8.17e-01    0    5.78e-01
2023 12 21  1945    60299   71100      0    7.18e-01    0    5.01e-01
2023 12 21  1950    60299   71400      0    7.34e-01    0    5.30e-01
2023 12 21  1955    60299   71700      0    7.06e-01    0    5.03e-01
2023 12 21  2000    60299   72000      0    7.91e-01    0    5.61e-01
2023 12 21  2005    60299   72300      0    7.77e-01    0    5.50e-01
2023 12 21  2010    60299   72600      0    7.80e-01    0    5.54e-01
2023 12 21  2015    60299   72900      0    7.40e-01    0    4.99e-01
2023 12 21  2020    60299   73200      0    7.96e-01    0    5.56e-01
2023 12 21  2025    60299   73500      0    7.81e-01    0    5.62e-01
2023 12 21  2030    60299   73800      0    8.05e-01    0    5.96e-01
2023 12 21  2035    60299   74100      0    8.55e-01    0    6.24e-01
2023 12 21  2040    60299   74400      0    8.84e-01    0    6.18e-01
2023 12 21  2045    60299   74700      0    8.62e-01    0    6.13e-01
2023 12 21  2050    60299   75000      0    8.03e-01    0    5.57e-01
2023 12 21  2055    60299   75300      0    6.85e-01    0    4.66e-01
2023 12 21  2100    60299   75600      0    9.04e-01    0    6.42e-01
2023 12 21  2105    60299   75900      0    9.35e-01    0    6.60e-01
2023 12 21  2110    60299   76200      0    8.96e-01    0    6.47e-01
2023 12 21  2115    60299   76500      0    9.06e-01    0    6.30e-01
2023 12 21  2120    60299   76800      9   -1.00e+05    9   -1.00e+05
2023 12 21  2125    60299   77100      9   -1.00e+05    9   -1.00e+05
2023 12 21  2130    60299   77400      9   -1.00e+05    9   -1.00e+05
2023 12 21  2135    60299   77700      9   -1.00e+05    9   -1.00e+05
2023 12 21  2140    60299   78000      9   -1.00e+05    9   -1.00e+05
2023 12 21  2145    60299   78300      9   -1.00e+05    9   -1.00e+05
2023 12 21  2150    60299   78600      9   -1.00e+05    9   -1.00e+05
2023 12 21  2155    60299   78900      9   -1.00e+05    9   -1.00e+05
2023 12 21  2200    60299   79200      9   -1.00e+05    9   -1.00e+05
2023 12 21  2205    60299   79500      9   -1.00e+05    9   -1.00e+05
2023 12 21  2210    60299   79800      9   -1.00e+05    9   -1.00e+05
2023 12 21  2215    60299   80100      9   -1.00e+05    9   -1.00e+05
2023 12 21  2220    60299   80400      9   -1.00e+05    9   -1.00e+05
2023 12 21  2225    60299   80700      9   -1.00e+05    9   -1.00e+05
2023 12 21  2230    60299   81000      9   -1.00e+05    9   -1.00e+05
2023 12 21  2235    60299   81300      9   -1.00e+05    9   -1.00e+05
2023 12 21  2240    60299   81600      9   -1.00e+05    9   -1.00e+05
2023 12 21  2245    60299   81900      9   -1.00e+05    9   -1.00e+05
2023 12 21  2250    60299   82200      9   -1.00e+05    9   -1.00e+05
2023 12 21  2255    60299   82500      9   -1.00e+05    9   -1.00e+05
2023 12 21  2300    60299   82800      9   -1.00e+05    9   -1.00e+05
2023 12 21  2305    60299   83100      9   -1.00e+05    9   -1.00e+05
2023 12 21  2310    60299   83400      9   -1.00e+05    9   -1.00e+05
2023 12 21  2315    60299   83700      9   -1.00e+05    9   -1.00e+05
2023 12 21  2320    60299   84000      9   -1.00e+05    9   -1.00e+05
2023 12 21  2325    60299   84300      9   -1.00e+05    9   -1.00e+05
2023 12 21  2330    60299   84600      9   -1.00e+05    9   -1.00e+05
2023 12 21  2335    60299   84900      0    8.30e-01    0    5.91e-01
2023 12 21  2340    60299   85200      0    8.47e-01    0    6.03e-01
2023 12 21  2345    60299   85500      0    7.33e-01    0    5.18e-01
2023 12 21  2350    60299   85800      0    7.45e-01    0    5.29e-01
2023 12 21  2355    60299   86100      0    7.29e-01    0    5.24e-01
