:Data_list: 20231207_ace_swepam_1m.txt
:Created: 2023 Dec 07 1001 UT
# Prepared by the U.S. Dept. of Commerce, NOAA, Space Weather Prediction Center
# Please send comments and suggestions to SWPC.Webmaster@noaa.gov 
# 
# Units: Proton density p/cc
# Units: Bulk speed km/s
# Units: Ion tempeture degrees K
# Status(S): 0 = nominal data, 1 to 8 = bad data record, 9 = no data
# Missing data values: Density and Speed = -9999.9, Temp. = -1.00e+05
# Source: ACE Satellite - Solar Wind Electron Proton Alpha Monitor
#
#   1-minute averaged Real-time Bulk Parameters of the Solar Wind Plasma
# 
#                Modified Seconds   -------------  Solar Wind  -----------
# UT Date   Time  Julian  of the          Proton      Bulk         Ion
# YR MO DA  HHMM    Day     Day     S    Density     Speed     Temperature
#-------------------------------------------------------------------------
2023 12 07  0000   60285       0    0        1.6      560.6     1.16e+05
2023 12 07  0001   60285      60    0        1.5      558.4     8.14e+04
2023 12 07  0002   60285     120    0        1.3      552.3     9.49e+04
2023 12 07  0003   60285     180    0        1.7      544.2     1.08e+05
2023 12 07  0004   60285     240    0        1.3      558.9     1.62e+05
2023 12 07  0005   60285     300    0        1.4      556.4     1.39e+05
2023 12 07  0006   60285     360    0        1.6      562.5     1.33e+05
2023 12 07  0007   60285     420    0        1.6      566.1     1.10e+05
2023 12 07  0008   60285     480    0        1.5      566.2     1.05e+05
2023 12 07  0009   60285     540    0        1.6      566.5     1.07e+05
2023 12 07  0010   60285     600    0        1.6      565.5     1.13e+05
2023 12 07  0011   60285     660    0        1.6      564.0     1.17e+05
2023 12 07  0012   60285     720    0        1.7      561.7     1.19e+05
2023 12 07  0013   60285     780    0        1.6      558.1     1.26e+05
2023 12 07  0014   60285     840    0        1.6      558.0     1.18e+05
2023 12 07  0015   60285     900    0        1.8      558.6     1.20e+05
2023 12 07  0016   60285     960    0        1.8      559.0     1.09e+05
2023 12 07  0017   60285    1020    0        1.7      560.7     1.22e+05
2023 12 07  0018   60285    1080    0        1.2      558.6     1.15e+05
2023 12 07  0019   60285    1140    0        0.8      557.1     1.02e+05
2023 12 07  0020   60285    1200    0        0.8      557.0     1.01e+05
2023 12 07  0021   60285    1260    0        1.1      565.9     1.03e+05
2023 12 07  0022   60285    1320    0        1.1      567.5     9.86e+04
2023 12 07  0023   60285    1380    0        1.1      570.1     1.02e+05
2023 12 07  0024   60285    1440    0        1.2      567.4     1.05e+05
2023 12 07  0025   60285    1500    0        1.3      563.1     9.30e+04
2023 12 07  0026   60285    1560    0        1.2      561.7     1.00e+05
2023 12 07  0027   60285    1620    0        1.2      559.7     1.22e+05
2023 12 07  0028   60285    1680    0        1.4      557.3     1.25e+05
2023 12 07  0029   60285    1740    0        1.4      559.0     1.14e+05
2023 12 07  0030   60285    1800    0        1.3      561.1     1.06e+05
2023 12 07  0031   60285    1860    0        1.3      559.5     1.02e+05
2023 12 07  0032   60285    1920    0        1.1      554.0     8.52e+04
2023 12 07  0033   60285    1980    0        1.1      554.6     9.46e+04
2023 12 07  0034   60285    2040    0        1.4      552.9     8.02e+04
2023 12 07  0035   60285    2100    0        1.2      552.8     8.22e+04
2023 12 07  0036   60285    2160    0        1.4      554.1     7.94e+04
2023 12 07  0037   60285    2220    0        1.3      551.1     9.13e+04
2023 12 07  0038   60285    2280    0        1.5      529.9     1.10e+05
2023 12 07  0039   60285    2340    0        1.4      537.3     1.09e+05
2023 12 07  0040   60285    2400    0        1.5      542.5     9.40e+04
2023 12 07  0041   60285    2460    0        1.6      546.4     1.06e+05
2023 12 07  0042   60285    2520    0        1.5      549.5     1.13e+05
2023 12 07  0043   60285    2580    0        1.4      544.7     1.02e+05
2023 12 07  0044   60285    2640    0        1.7      538.1     1.02e+05
2023 12 07  0045   60285    2700    0        1.9      540.1     1.06e+05
2023 12 07  0046   60285    2760    0        1.3      548.3     1.05e+05
2023 12 07  0047   60285    2820    0        1.3      547.1     1.19e+05
2023 12 07  0048   60285    2880    0        1.8      537.7     8.34e+04
2023 12 07  0049   60285    2940    0        1.4      550.5     1.17e+05
2023 12 07  0050   60285    3000    0        1.4      543.6     1.27e+05
2023 12 07  0051   60285    3060    0        2.2      535.9     9.63e+04
2023 12 07  0052   60285    3120    0        1.5      553.6     1.31e+05
2023 12 07  0053   60285    3180    0        1.4      555.6     1.35e+05
2023 12 07  0054   60285    3240    0        1.8      538.9     9.80e+04
2023 12 07  0055   60285    3300    0        1.5      543.9     1.03e+05
2023 12 07  0056   60285    3360    0        1.7      542.0     1.00e+05
2023 12 07  0057   60285    3420    0        1.8      544.8     9.47e+04
2023 12 07  0058   60285    3480    0        1.9      549.6     8.72e+04
2023 12 07  0059   60285    3540    0        1.8      544.4     8.43e+04
2023 12 07  0100   60285    3600    0        1.8      540.2     8.47e+04
2023 12 07  0101   60285    3660    0        2.1      547.1     8.23e+04
2023 12 07  0102   60285    3720    0        2.0      549.3     9.05e+04
2023 12 07  0103   60285    3780    0        2.1      550.1     9.10e+04
2023 12 07  0104   60285    3840    0        2.1      546.4     9.15e+04
2023 12 07  0105   60285    3900    0        2.1      542.5     8.46e+04
2023 12 07  0106   60285    3960    0        2.0      550.2     1.06e+05
2023 12 07  0107   60285    4020    0        1.8      553.1     9.15e+04
2023 12 07  0108   60285    4080    0        1.4      556.0     1.24e+05
2023 12 07  0109   60285    4140    0        1.5      550.1     1.15e+05
2023 12 07  0110   60285    4200    0        1.5      544.6     1.17e+05
2023 12 07  0111   60285    4260    0        1.8      541.1     1.00e+05
2023 12 07  0112   60285    4320    0        1.9      543.5     9.59e+04
2023 12 07  0113   60285    4380    0        2.0      544.8     9.56e+04
2023 12 07  0114   60285    4440    0        2.1      544.2     1.00e+05
2023 12 07  0115   60285    4500    0        1.8      545.2     1.08e+05
2023 12 07  0116   60285    4560    0        1.8      546.7     1.01e+05
2023 12 07  0117   60285    4620    0        1.9      547.0     9.32e+04
2023 12 07  0118   60285    4680    0        1.5      552.2     1.11e+05
2023 12 07  0119   60285    4740    0        1.6      562.8     1.18e+05
2023 12 07  0120   60285    4800    0        1.5      562.1     1.18e+05
2023 12 07  0121   60285    4860    0        1.5      566.6     1.37e+05
2023 12 07  0122   60285    4920    0        1.4      561.2     1.31e+05
2023 12 07  0123   60285    4980    0        1.6      564.3     1.08e+05
2023 12 07  0124   60285    5040    0        1.4      563.2     1.16e+05
2023 12 07  0125   60285    5100    0        1.4      565.2     1.18e+05
2023 12 07  0126   60285    5160    0        1.4      565.6     1.19e+05
2023 12 07  0127   60285    5220    0        1.8      559.8     9.72e+04
2023 12 07  0128   60285    5280    0        1.6      560.3     1.11e+05
2023 12 07  0129   60285    5340    0        1.5      552.9     1.15e+05
2023 12 07  0130   60285    5400    0        1.5      550.2     1.08e+05
2023 12 07  0131   60285    5460    0        1.5      553.9     1.07e+05
2023 12 07  0132   60285    5520    0        1.4      552.5     1.10e+05
2023 12 07  0133   60285    5580    0        1.4      545.3     1.05e+05
2023 12 07  0134   60285    5640    0        1.4      542.3     9.42e+04
2023 12 07  0135   60285    5700    0        1.7      558.8     1.00e+05
2023 12 07  0136   60285    5760    0        1.6      555.6     9.73e+04
2023 12 07  0137   60285    5820    0        1.9      556.8     8.44e+04
2023 12 07  0138   60285    5880    0        2.1      555.4     8.28e+04
2023 12 07  0139   60285    5940    0        1.3      520.9     9.62e+04
2023 12 07  0140   60285    6000    0        2.3      546.3     9.98e+04
2023 12 07  0141   60285    6060    0        2.0      544.0     9.60e+04
2023 12 07  0142   60285    6120    0        1.6      543.3     8.28e+04
2023 12 07  0143   60285    6180    0        1.8      536.2     8.60e+04
2023 12 07  0144   60285    6240    0        1.8      535.9     7.74e+04
2023 12 07  0145   60285    6300    0        1.7      538.3     6.81e+04
2023 12 07  0146   60285    6360    0        1.8      536.3     7.14e+04
2023 12 07  0147   60285    6420    0        1.8      537.5     7.47e+04
2023 12 07  0148   60285    6480    0        1.9      541.5     7.48e+04
2023 12 07  0149   60285    6540    0        1.9      539.0     7.64e+04
2023 12 07  0150   60285    6600    0        1.7      536.1     7.04e+04
2023 12 07  0151   60285    6660    0        1.8      535.5     7.31e+04
2023 12 07  0152   60285    6720    0        1.8      542.4     6.75e+04
2023 12 07  0153   60285    6780    0        2.2      543.5     7.68e+04
2023 12 07  0154   60285    6840    0        1.8      538.9     6.55e+04
2023 12 07  0155   60285    6900    0        2.2      541.0     7.24e+04
2023 12 07  0156   60285    6960    0        2.0      548.8     7.99e+04
2023 12 07  0157   60285    7020    0        1.4      539.6     8.18e+04
2023 12 07  0158   60285    7080    0        1.9      540.7     6.82e+04
2023 12 07  0159   60285    7140    0        2.1      541.7     6.40e+04
2023 12 07  0200   60285    7200    0        1.6      537.5     8.62e+04
2023 12 07  0201   60285    7260    0        1.8      537.7     8.32e+04
2023 12 07  0202   60285    7320    0        2.1      538.7     8.09e+04
2023 12 07  0203   60285    7380    0        2.1      537.6     7.43e+04
2023 12 07  0204   60285    7440    0        2.1      534.4     6.76e+04
2023 12 07  0205   60285    7500    0        2.0      531.4     7.16e+04
2023 12 07  0206   60285    7560    0        1.9      525.2     7.26e+04
2023 12 07  0207   60285    7620    0        1.8      519.6     7.26e+04
2023 12 07  0208   60285    7680    0        1.8      528.7     7.61e+04
2023 12 07  0209   60285    7740    0        1.9      540.3     7.20e+04
2023 12 07  0210   60285    7800    0        2.0      526.6     6.72e+04
2023 12 07  0211   60285    7860    0        2.1      529.6     7.42e+04
2023 12 07  0212   60285    7920    0        2.1      530.8     6.98e+04
2023 12 07  0213   60285    7980    0        2.0      544.0     6.40e+04
2023 12 07  0214   60285    8040    0        1.5      544.4     8.87e+04
2023 12 07  0215   60285    8100    0        1.4      550.0     8.75e+04
2023 12 07  0216   60285    8160    0        1.5      550.3     9.02e+04
2023 12 07  0217   60285    8220    0        1.5      550.8     8.67e+04
2023 12 07  0218   60285    8280    0        1.4      548.5     9.20e+04
2023 12 07  0219   60285    8340    0        1.3      545.3     9.77e+04
2023 12 07  0220   60285    8400    0        1.4      547.4     9.50e+04
2023 12 07  0221   60285    8460    0        1.7      548.8     9.07e+04
2023 12 07  0222   60285    8520    0        1.9      546.6     6.82e+04
2023 12 07  0223   60285    8580    0        1.4      545.4     8.31e+04
2023 12 07  0224   60285    8640    0        1.5      542.5     8.98e+04
2023 12 07  0225   60285    8700    0        1.5      540.4     7.75e+04
2023 12 07  0226   60285    8760    0        1.5      540.7     8.35e+04
2023 12 07  0227   60285    8820    0        1.5    -9999.9    -1.00e+05
2023 12 07  0228   60285    8880    0        1.3      517.4     1.11e+05
2023 12 07  0229   60285    8940    0        1.2      515.0     1.09e+05
2023 12 07  0230   60285    9000    0        1.4      513.0     1.03e+05
2023 12 07  0231   60285    9060    0        1.3      513.2     1.10e+05
2023 12 07  0232   60285    9120    0        1.3      513.5     1.13e+05
2023 12 07  0233   60285    9180    0        2.2      522.8     8.70e+04
2023 12 07  0234   60285    9240    0        2.0      521.9     9.91e+04
2023 12 07  0235   60285    9300    0        1.7      523.4     9.00e+04
2023 12 07  0236   60285    9360    0        1.8      529.1     6.20e+04
2023 12 07  0237   60285    9420    0        1.9      531.5     6.41e+04
2023 12 07  0238   60285    9480    0        1.9      526.5     8.33e+04
2023 12 07  0239   60285    9540    0        1.4      527.1     1.20e+05
2023 12 07  0240   60285    9600    0        1.0      526.0     8.50e+04
2023 12 07  0241   60285    9660    0        1.0      531.1     9.69e+04
2023 12 07  0242   60285    9720    0        1.0      529.4     1.39e+05
2023 12 07  0243   60285    9780    0        0.9      533.7     9.94e+04
2023 12 07  0244   60285    9840    0        1.2      512.9     1.19e+05
2023 12 07  0245   60285    9900    0        1.3      509.1     1.24e+05
2023 12 07  0246   60285    9960    0        1.3      531.2     1.31e+05
2023 12 07  0247   60285   10020    0        1.6      540.5     1.02e+05
2023 12 07  0248   60285   10080    0        1.5      536.1     1.09e+05
2023 12 07  0249   60285   10140    0        1.5      533.1     1.06e+05
2023 12 07  0250   60285   10200    0        1.4      530.3     9.79e+04
2023 12 07  0251   60285   10260    0        1.4      531.8     9.49e+04
2023 12 07  0252   60285   10320    0        1.6      535.2     9.00e+04
2023 12 07  0253   60285   10380    0        1.6      528.3     9.53e+04
2023 12 07  0254   60285   10440    0        1.4      522.6     9.89e+04
2023 12 07  0255   60285   10500    0        1.3      524.4     1.12e+05
2023 12 07  0256   60285   10560    0        1.4      524.4     1.07e+05
2023 12 07  0257   60285   10620    0        1.3      525.7     1.39e+05
2023 12 07  0258   60285   10680    0        1.2      524.7     1.43e+05
2023 12 07  0259   60285   10740    0        1.3      523.9     1.40e+05
2023 12 07  0300   60285   10800    0        1.4      527.5     1.35e+05
2023 12 07  0301   60285   10860    0        1.7      531.6     1.06e+05
2023 12 07  0302   60285   10920    0        1.4      526.9     1.01e+05
2023 12 07  0303   60285   10980    0        1.7      530.9     1.03e+05
2023 12 07  0304   60285   11040    0        1.3      527.8     1.08e+05
2023 12 07  0305   60285   11100    0        1.0      524.6     1.11e+05
2023 12 07  0306   60285   11160    0        1.3      521.0     9.93e+04
2023 12 07  0307   60285   11220    0        1.2      521.5     1.06e+05
2023 12 07  0308   60285   11280    0        1.0      523.1     1.13e+05
2023 12 07  0309   60285   11340    0        1.0      525.2     1.16e+05
2023 12 07  0310   60285   11400    0        1.1      526.1     1.24e+05
2023 12 07  0311   60285   11460    0        1.4      527.7     1.06e+05
2023 12 07  0312   60285   11520    0        1.7      539.4     6.49e+04
2023 12 07  0313   60285   11580    0        1.5      544.8     6.26e+04
2023 12 07  0314   60285   11640    0        1.8      540.6     5.90e+04
2023 12 07  0315   60285   11700    0        1.7      539.4     5.91e+04
2023 12 07  0316   60285   11760    0        1.8      527.8     5.61e+04
2023 12 07  0317   60285   11820    0        1.9      532.6     6.48e+04
2023 12 07  0318   60285   11880    0        2.0      536.7     6.92e+04
2023 12 07  0319   60285   11940    0        1.8      535.1     6.59e+04
2023 12 07  0320   60285   12000    0        1.9      528.3     6.54e+04
2023 12 07  0321   60285   12060    0        1.9      529.2     6.78e+04
2023 12 07  0322   60285   12120    0        2.0      536.4     7.21e+04
2023 12 07  0323   60285   12180    0        2.0      535.3     7.27e+04
2023 12 07  0324   60285   12240    0        2.0      526.3     6.97e+04
2023 12 07  0325   60285   12300    0        1.8      522.2     6.91e+04
2023 12 07  0326   60285   12360    0        1.8      522.0     6.90e+04
2023 12 07  0327   60285   12420    0        1.9      523.9     7.36e+04
2023 12 07  0328   60285   12480    0        1.8      522.7     7.19e+04
2023 12 07  0329   60285   12540    0        1.9      522.0     7.42e+04
2023 12 07  0330   60285   12600    0        1.8      536.3     6.71e+04
2023 12 07  0331   60285   12660    0        2.1      528.6     6.99e+04
2023 12 07  0332   60285   12720    0        2.1      525.8     7.49e+04
2023 12 07  0333   60285   12780    0        2.0      528.4     6.40e+04
2023 12 07  0334   60285   12840    0        2.0      528.4     6.40e+04
2023 12 07  0335   60285   12900    0        1.9      528.8     6.10e+04
2023 12 07  0336   60285   12960    0        1.9      530.7     6.17e+04
2023 12 07  0337   60285   13020    0        1.8      528.9     6.14e+04
2023 12 07  0338   60285   13080    0        1.7      526.8     6.01e+04
2023 12 07  0339   60285   13140    0        1.9      526.4     6.41e+04
2023 12 07  0340   60285   13200    0        1.8      526.2     6.29e+04
2023 12 07  0341   60285   13260    0        1.9      526.9     6.18e+04
2023 12 07  0342   60285   13320    0        2.0      529.5     6.29e+04
2023 12 07  0343   60285   13380    0        1.9      530.2     5.97e+04
2023 12 07  0344   60285   13440    0        1.9      531.0     6.52e+04
2023 12 07  0345   60285   13500    0        1.9      529.1     6.07e+04
2023 12 07  0346   60285   13560    0        2.1      528.5     6.44e+04
2023 12 07  0347   60285   13620    0        1.7      528.2     5.46e+04
2023 12 07  0348   60285   13680    0        1.9      530.0     6.83e+04
2023 12 07  0349   60285   13740    0        2.0      529.2     6.44e+04
2023 12 07  0350   60285   13800    0        2.3      530.0     6.56e+04
2023 12 07  0351   60285   13860    0        2.3      527.3     6.25e+04
2023 12 07  0352   60285   13920    0        2.3      526.7     6.49e+04
2023 12 07  0353   60285   13980    0        2.2      526.0     6.53e+04
2023 12 07  0354   60285   14040    0        2.0      525.5     6.67e+04
2023 12 07  0355   60285   14100    0        1.9      526.2     6.82e+04
2023 12 07  0356   60285   14160    0        1.8      526.9     7.02e+04
2023 12 07  0357   60285   14220    0        1.9      527.7     7.42e+04
2023 12 07  0358   60285   14280    9    -9999.9    -9999.9    -1.00e+05
2023 12 07  0359   60285   14340    9    -9999.9    -9999.9    -1.00e+05
2023 12 07  0400   60285   14400    9    -9999.9    -9999.9    -1.00e+05
2023 12 07  0401   60285   14460    0        1.9    -9999.9    -1.00e+05
2023 12 07  0402   60285   14520    0        1.9      525.0     5.48e+04
2023 12 07  0403   60285   14580    0        2.0      523.6     7.24e+04
2023 12 07  0404   60285   14640    0        1.9      529.6     5.54e+04
2023 12 07  0405   60285   14700    0        2.1      531.3     6.89e+04
2023 12 07  0406   60285   14760    0        2.3      532.0     7.34e+04
2023 12 07  0407   60285   14820    0        2.1      529.2     7.75e+04
2023 12 07  0408   60285   14880    0        2.1      529.5     7.25e+04
2023 12 07  0409   60285   14940    0        2.1      533.6     6.76e+04
2023 12 07  0410   60285   15000    0        2.1      534.9     6.79e+04
2023 12 07  0411   60285   15060    0        2.0      533.8     6.90e+04
2023 12 07  0412   60285   15120    0        2.4      538.1     7.21e+04
2023 12 07  0413   60285   15180    0        2.3      536.8     6.55e+04
2023 12 07  0414   60285   15240    0        2.1      534.2     5.20e+04
2023 12 07  0415   60285   15300    0        1.9      534.1     6.05e+04
2023 12 07  0416   60285   15360    0        1.5      524.8     6.96e+04
2023 12 07  0417   60285   15420    0        2.5      539.7     6.79e+04
2023 12 07  0418   60285   15480    0        2.0      529.3     7.81e+04
2023 12 07  0419   60285   15540    0        2.0      531.2     6.84e+04
2023 12 07  0420   60285   15600    0        1.6      527.8     7.13e+04
2023 12 07  0421   60285   15660    0        2.1      525.7     8.25e+04
2023 12 07  0422   60285   15720    0        2.3      528.8     6.97e+04
2023 12 07  0423   60285   15780    0        2.1      535.8     7.93e+04
2023 12 07  0424   60285   15840    0        2.1      536.8     7.79e+04
2023 12 07  0425   60285   15900    0        2.1      534.2     7.10e+04
2023 12 07  0426   60285   15960    0        2.1      531.6     6.77e+04
2023 12 07  0427   60285   16020    0        2.2      527.8     6.79e+04
2023 12 07  0428   60285   16080    0        2.2      526.2     6.39e+04
2023 12 07  0429   60285   16140    0        1.9      527.7     5.68e+04
2023 12 07  0430   60285   16200    0        2.0      523.1     6.68e+04
2023 12 07  0431   60285   16260    0        2.0      517.3     7.20e+04
2023 12 07  0432   60285   16320    0        1.9      518.8     6.68e+04
2023 12 07  0433   60285   16380    0        2.0      519.3     7.45e+04
2023 12 07  0434   60285   16440    0        1.9      521.8     6.74e+04
2023 12 07  0435   60285   16500    0        2.3      523.7     7.63e+04
2023 12 07  0436   60285   16560    0        2.2      528.7     7.12e+04
2023 12 07  0437   60285   16620    0        2.1      529.5     6.61e+04
2023 12 07  0438   60285   16680    0        2.0      531.2     7.12e+04
2023 12 07  0439   60285   16740    0        1.9      531.4     6.91e+04
2023 12 07  0440   60285   16800    0        2.0      530.5     7.58e+04
2023 12 07  0441   60285   16860    0        2.0      531.0     7.95e+04
2023 12 07  0442   60285   16920    0        1.8      532.7     7.94e+04
2023 12 07  0443   60285   16980    0        1.7      531.2     8.62e+04
2023 12 07  0444   60285   17040    0        1.5      527.9     9.40e+04
2023 12 07  0445   60285   17100    0        2.0      533.3     7.60e+04
2023 12 07  0446   60285   17160    0        1.9      534.0     8.11e+04
2023 12 07  0447   60285   17220    0        1.5      536.3     9.75e+04
2023 12 07  0448   60285   17280    0        1.5      535.4     9.65e+04
2023 12 07  0449   60285   17340    0        1.6      535.2     9.62e+04
2023 12 07  0450   60285   17400    0        1.7      534.6     1.04e+05
2023 12 07  0451   60285   17460    0        1.6      537.4     1.10e+05
2023 12 07  0452   60285   17520    0        1.7      538.3     8.27e+04
2023 12 07  0453   60285   17580    0        2.1      537.5     7.55e+04
2023 12 07  0454   60285   17640    0        1.7      534.7     7.46e+04
2023 12 07  0455   60285   17700    0        1.5      533.7     7.85e+04
2023 12 07  0456   60285   17760    0        1.8      536.3     7.10e+04
2023 12 07  0457   60285   17820    0        1.9      535.4     7.00e+04
2023 12 07  0458   60285   17880    0        2.0      534.7     7.49e+04
2023 12 07  0459   60285   17940    0        2.2      535.0     7.97e+04
2023 12 07  0500   60285   18000    0        2.3      533.7     8.68e+04
2023 12 07  0501   60285   18060    0        2.1      532.7     9.33e+04
2023 12 07  0502   60285   18120    0        1.8      530.9     9.89e+04
2023 12 07  0503   60285   18180    0        1.4      526.3     9.90e+04
2023 12 07  0504   60285   18240    0        2.2      511.0     6.85e+04
2023 12 07  0505   60285   18300    0        2.3      516.6     6.89e+04
2023 12 07  0506   60285   18360    0        2.2      516.6     6.18e+04
2023 12 07  0507   60285   18420    0        1.7      534.1     9.05e+04
2023 12 07  0508   60285   18480    0        2.2      527.1     7.22e+04
2023 12 07  0509   60285   18540    0        2.1      527.3     6.36e+04
2023 12 07  0510   60285   18600    0        2.2      524.0     7.06e+04
2023 12 07  0511   60285   18660    0        2.3      523.4     6.92e+04
2023 12 07  0512   60285   18720    0        2.4      525.7     7.14e+04
2023 12 07  0513   60285   18780    0        2.2      525.9     7.35e+04
2023 12 07  0514   60285   18840    0        2.2      527.7     7.44e+04
2023 12 07  0515   60285   18900    0        2.2      530.4     7.10e+04
2023 12 07  0516   60285   18960    0        2.2      529.6     6.76e+04
2023 12 07  0517   60285   19020    0        2.1      528.3     7.15e+04
2023 12 07  0518   60285   19080    0        2.5      532.7     7.94e+04
2023 12 07  0519   60285   19140    0        2.5      532.2     7.77e+04
2023 12 07  0520   60285   19200    0        2.5      529.5     6.87e+04
2023 12 07  0521   60285   19260    0        2.5      529.4     6.83e+04
2023 12 07  0522   60285   19320    0        2.4      529.2     6.46e+04
2023 12 07  0523   60285   19380    0        2.5      527.0     7.59e+04
2023 12 07  0524   60285   19440    0        2.0      526.7     6.27e+04
2023 12 07  0525   60285   19500    0        1.5      515.3     9.85e+04
2023 12 07  0526   60285   19560    0        1.6      512.4     8.88e+04
2023 12 07  0527   60285   19620    0        1.9      519.2     8.55e+04
2023 12 07  0528   60285   19680    0        1.7      524.5     9.18e+04
2023 12 07  0529   60285   19740    0        1.7      521.4     1.01e+05
2023 12 07  0530   60285   19800    0        2.1      531.1     1.04e+05
2023 12 07  0531   60285   19860    0        2.5      549.4     9.20e+04
2023 12 07  0532   60285   19920    0        2.3      551.6     7.38e+04
2023 12 07  0533   60285   19980    0        2.0      543.7     7.43e+04
2023 12 07  0534   60285   20040    0        2.0      543.4     8.19e+04
2023 12 07  0535   60285   20100    0        1.9      543.2     6.92e+04
2023 12 07  0536   60285   20160    0        2.0      543.4     6.58e+04
2023 12 07  0537   60285   20220    0        1.9      542.0     6.19e+04
2023 12 07  0538   60285   20280    0        2.1      545.0     5.82e+04
2023 12 07  0539   60285   20340    0        2.0      542.9     6.10e+04
2023 12 07  0540   60285   20400    0        2.1      544.4     6.25e+04
2023 12 07  0541   60285   20460    0        2.0      545.0     6.12e+04
2023 12 07  0542   60285   20520    0        1.9      546.8     6.54e+04
2023 12 07  0543   60285   20580    0        2.0      546.2     7.11e+04
2023 12 07  0544   60285   20640    0        2.1      546.4     7.11e+04
2023 12 07  0545   60285   20700    0        2.1      545.2     6.63e+04
2023 12 07  0546   60285   20760    0        2.1      542.9     7.14e+04
2023 12 07  0547   60285   20820    0        2.1      542.1     8.10e+04
2023 12 07  0548   60285   20880    0        2.0      543.7     8.07e+04
2023 12 07  0549   60285   20940    0        2.1      546.2     7.58e+04
2023 12 07  0550   60285   21000    0        2.1      547.4     7.42e+04
2023 12 07  0551   60285   21060    0        2.0      554.9     8.68e+04
2023 12 07  0552   60285   21120    0        2.0      553.6     8.59e+04
2023 12 07  0553   60285   21180    0        2.0      542.7     7.76e+04
2023 12 07  0554   60285   21240    0        2.1      541.9     7.24e+04
2023 12 07  0555   60285   21300    0        2.0      539.6     7.22e+04
2023 12 07  0556   60285   21360    0        2.0      540.4     7.51e+04
2023 12 07  0557   60285   21420    0        2.1      537.9     7.91e+04
2023 12 07  0558   60285   21480    0        2.1      538.9     8.43e+04
2023 12 07  0559   60285   21540    0        2.1      540.3     8.49e+04
2023 12 07  0600   60285   21600    0        2.1      531.6     8.37e+04
2023 12 07  0601   60285   21660    0        2.0      530.3     7.61e+04
2023 12 07  0602   60285   21720    0        2.0      533.3     7.30e+04
2023 12 07  0603   60285   21780    0        1.9      532.5     7.32e+04
2023 12 07  0604   60285   21840    0        1.8      530.9     7.13e+04
2023 12 07  0605   60285   21900    0        1.9      528.9     7.24e+04
2023 12 07  0606   60285   21960    0        2.0      526.5     7.23e+04
2023 12 07  0607   60285   22020    0        2.1      531.4     7.56e+04
2023 12 07  0608   60285   22080    0        2.1      534.9     6.99e+04
2023 12 07  0609   60285   22140    0        2.1      530.4     7.18e+04
2023 12 07  0610   60285   22200    0        2.1      534.7     6.70e+04
2023 12 07  0611   60285   22260    0        2.2      535.3     7.31e+04
2023 12 07  0612   60285   22320    0        2.1      533.0     6.91e+04
2023 12 07  0613   60285   22380    0        2.1      530.6     7.30e+04
2023 12 07  0614   60285   22440    0        2.1      529.0     7.50e+04
2023 12 07  0615   60285   22500    0        2.1      530.2     7.37e+04
2023 12 07  0616   60285   22560    0        2.0      530.0     6.94e+04
2023 12 07  0617   60285   22620    0        2.1      528.7     7.20e+04
2023 12 07  0618   60285   22680    0        2.1      528.7     7.14e+04
2023 12 07  0619   60285   22740    0        2.0      527.8     6.98e+04
2023 12 07  0620   60285   22800    0        2.1      526.0     7.33e+04
2023 12 07  0621   60285   22860    0        2.1      526.6     7.48e+04
2023 12 07  0622   60285   22920    0        2.1      526.9     7.71e+04
2023 12 07  0623   60285   22980    0        2.2      525.3     7.70e+04
2023 12 07  0624   60285   23040    0        1.9      522.3     8.04e+04
2023 12 07  0625   60285   23100    0        1.9      522.4     8.04e+04
2023 12 07  0626   60285   23160    0        2.2      525.8     8.01e+04
2023 12 07  0627   60285   23220    0        2.2      521.1     9.13e+04
2023 12 07  0628   60285   23280    0        2.1      523.3     9.11e+04
2023 12 07  0629   60285   23340    0        1.9      517.9     9.22e+04
2023 12 07  0630   60285   23400    0        1.9      517.8     9.03e+04
2023 12 07  0631   60285   23460    0        2.0      522.0     9.46e+04
2023 12 07  0632   60285   23520    0        2.1      524.2     8.93e+04
2023 12 07  0633   60285   23580    0        2.1      525.2     9.08e+04
2023 12 07  0634   60285   23640    0        2.2      525.8     8.98e+04
2023 12 07  0635   60285   23700    0        2.0      525.7     8.32e+04
2023 12 07  0636   60285   23760    0        1.9      525.1     8.13e+04
2023 12 07  0637   60285   23820    0        2.1      523.7     8.07e+04
2023 12 07  0638   60285   23880    0        2.2      522.5     8.22e+04
2023 12 07  0639   60285   23940    0        2.2      523.4     8.58e+04
2023 12 07  0640   60285   24000    0        2.2      526.7     8.85e+04
2023 12 07  0641   60285   24060    0        2.1      527.8     8.66e+04
2023 12 07  0642   60285   24120    0        2.3      525.6     8.95e+04
2023 12 07  0643   60285   24180    0        2.0      518.6     8.09e+04
2023 12 07  0644   60285   24240    0        2.1      520.1     9.01e+04
2023 12 07  0645   60285   24300    0        2.0      524.8     1.09e+05
2023 12 07  0646   60285   24360    0        1.9      521.5     9.74e+04
2023 12 07  0647   60285   24420    0        2.1      517.5     9.70e+04
2023 12 07  0648   60285   24480    0        2.1      520.5     8.85e+04
2023 12 07  0649   60285   24540    0        2.1      522.6     8.29e+04
2023 12 07  0650   60285   24600    0        2.2      521.7     8.67e+04
2023 12 07  0651   60285   24660    0        2.2      522.3     9.21e+04
2023 12 07  0652   60285   24720    0        2.1      521.0     8.99e+04
2023 12 07  0653   60285   24780    0        2.1      515.3     8.53e+04
2023 12 07  0654   60285   24840    0        2.1      514.3     9.09e+04
2023 12 07  0655   60285   24900    0        2.3      517.7     8.22e+04
2023 12 07  0656   60285   24960    0        2.2      514.5     9.64e+04
2023 12 07  0657   60285   25020    0        2.4    -9999.9    -1.00e+05
2023 12 07  0658   60285   25080    0        2.4      510.8     8.87e+04
2023 12 07  0659   60285   25140    0        2.4      511.2     1.03e+05
2023 12 07  0700   60285   25200    0        2.4      512.2     9.08e+04
2023 12 07  0701   60285   25260    0        2.5      517.2     9.00e+04
2023 12 07  0702   60285   25320    0        2.3      519.2     9.15e+04
2023 12 07  0703   60285   25380    0        2.1      515.2     8.84e+04
2023 12 07  0704   60285   25440    0        2.0      510.9     8.92e+04
2023 12 07  0705   60285   25500    0        2.1      512.8     8.55e+04
2023 12 07  0706   60285   25560    0        2.2      516.2     8.74e+04
2023 12 07  0707   60285   25620    0        2.1      518.1     9.15e+04
2023 12 07  0708   60285   25680    0        1.8      519.2     9.40e+04
2023 12 07  0709   60285   25740    0        1.7      516.7     9.93e+04
2023 12 07  0710   60285   25800    0        1.7      512.4     9.47e+04
2023 12 07  0711   60285   25860    0        1.7      514.3     1.02e+05
2023 12 07  0712   60285   25920    0        1.8      507.7     1.11e+05
2023 12 07  0713   60285   25980    0        1.6      515.1     1.16e+05
2023 12 07  0714   60285   26040    0        1.5      510.1     1.27e+05
2023 12 07  0715   60285   26100    0        2.2      510.5     1.11e+05
2023 12 07  0716   60285   26160    0        2.2      510.3     9.87e+04
2023 12 07  0717   60285   26220    0        2.3      511.5     9.98e+04
2023 12 07  0718   60285   26280    0        2.2      511.7     9.95e+04
2023 12 07  0719   60285   26340    0        2.2      510.9     9.05e+04
2023 12 07  0720   60285   26400    0        2.0      509.5     8.87e+04
2023 12 07  0721   60285   26460    0        2.0      511.1     8.72e+04
2023 12 07  0722   60285   26520    0        1.8      511.2     8.20e+04
2023 12 07  0723   60285   26580    0        1.8      508.3     8.60e+04
2023 12 07  0724   60285   26640    0        1.9      507.3     9.40e+04
2023 12 07  0725   60285   26700    0        1.8      510.9     9.09e+04
2023 12 07  0726   60285   26760    0        1.9      514.8     8.80e+04
2023 12 07  0727   60285   26820    0        1.9      511.1     8.77e+04
2023 12 07  0728   60285   26880    0        2.1      512.1     9.20e+04
2023 12 07  0729   60285   26940    0        1.7      509.7     1.02e+05
2023 12 07  0730   60285   27000    9    -9999.9    -9999.9    -1.00e+05
2023 12 07  0731   60285   27060    0        1.8      514.2     1.52e+05
2023 12 07  0732   60285   27120    0        1.6      511.3     1.33e+05
2023 12 07  0733   60285   27180    0        1.6      510.5     1.30e+05
2023 12 07  0734   60285   27240    0        1.6      513.4     1.35e+05
2023 12 07  0735   60285   27300    0        1.5      515.0     1.28e+05
2023 12 07  0736   60285   27360    0        1.4      514.4     1.33e+05
2023 12 07  0737   60285   27420    0        1.4      514.8     1.37e+05
2023 12 07  0738   60285   27480    0        1.5      512.1     1.35e+05
2023 12 07  0739   60285   27540    0        1.5      509.7     1.35e+05
2023 12 07  0740   60285   27600    0        1.5      510.2     1.32e+05
2023 12 07  0741   60285   27660    1        1.5      509.1     1.30e+05
2023 12 07  0742   60285   27720    0        1.5      509.6     1.33e+05
2023 12 07  0743   60285   27780    0        1.5      508.6     1.28e+05
2023 12 07  0744   60285   27840    0        1.5      508.5     1.24e+05
2023 12 07  0745   60285   27900    1        1.5      507.5     1.26e+05
2023 12 07  0746   60285   27960    0        1.5      505.7     1.22e+05
2023 12 07  0747   60285   28020    0        1.5      503.4     1.05e+05
2023 12 07  0748   60285   28080    0        1.5      504.3     1.18e+05
2023 12 07  0749   60285   28140    0        2.0      507.7     1.17e+05
2023 12 07  0750   60285   28200    0        1.7      507.9     1.22e+05
2023 12 07  0751   60285   28260    0        1.6      507.0     1.21e+05
2023 12 07  0752   60285   28320    0        1.6      506.4     1.19e+05
2023 12 07  0753   60285   28380    0        1.6      508.1     1.20e+05
2023 12 07  0754   60285   28440    0        1.6      508.3     1.22e+05
2023 12 07  0755   60285   28500    0        1.6      505.7     1.22e+05
2023 12 07  0756   60285   28560    0        1.6      505.1     1.20e+05
2023 12 07  0757   60285   28620    0        1.7      507.9     1.17e+05
2023 12 07  0758   60285   28680    0        1.9      508.2     1.12e+05
2023 12 07  0759   60285   28740    0        2.1      506.1     1.06e+05
2023 12 07  0800   60285   28800    0        1.8      505.2     1.21e+05
2023 12 07  0801   60285   28860    0        1.7      510.4     1.23e+05
2023 12 07  0802   60285   28920    0        2.1      508.9     9.47e+04
2023 12 07  0803   60285   28980    0        2.1    -9999.9    -1.00e+05
2023 12 07  0804   60285   29040    0        2.1      511.0     1.00e+05
2023 12 07  0805   60285   29100    0        1.9      506.8     1.01e+05
2023 12 07  0806   60285   29160    0        1.6      505.1     1.15e+05
2023 12 07  0807   60285   29220    0        1.7      504.8     1.07e+05
2023 12 07  0808   60285   29280    0        1.7      501.5     1.21e+05
2023 12 07  0809   60285   29340    0        1.6      504.7     1.32e+05
2023 12 07  0810   60285   29400    0        1.5      506.8     1.26e+05
2023 12 07  0811   60285   29460    0        1.5      505.7     1.25e+05
2023 12 07  0812   60285   29520    0        1.6      505.6     1.30e+05
2023 12 07  0813   60285   29580    0        1.7      504.6     1.25e+05
2023 12 07  0814   60285   29640    0        1.7      505.3     1.24e+05
2023 12 07  0815   60285   29700    0        1.4      504.6     1.28e+05
2023 12 07  0816   60285   29760    0        1.4      505.4     1.33e+05
2023 12 07  0817   60285   29820    0        1.4      504.4     1.29e+05
2023 12 07  0818   60285   29880    0        1.5      503.2     1.27e+05
2023 12 07  0819   60285   29940    0        1.3      501.9     1.22e+05
2023 12 07  0820   60285   30000    0        1.6      502.4     1.21e+05
2023 12 07  0821   60285   30060    0        1.5      501.1     1.24e+05
2023 12 07  0822   60285   30120    1        1.5      501.5     1.22e+05
2023 12 07  0823   60285   30180    0        1.5      500.3     1.19e+05
2023 12 07  0824   60285   30240    1        1.6      499.1     1.19e+05
2023 12 07  0825   60285   30300    1        1.7      500.6     1.30e+05
2023 12 07  0826   60285   30360    1        1.6      500.7     1.29e+05
2023 12 07  0827   60285   30420    0        1.1      491.3     9.71e+04
2023 12 07  0828   60285   30480    0        1.0      486.7     8.77e+04
2023 12 07  0829   60285   30540    0        1.5      498.5     1.23e+05
2023 12 07  0830   60285   30600    0        1.3      503.1     1.24e+05
2023 12 07  0831   60285   30660    0        1.7      506.8     1.40e+05
2023 12 07  0832   60285   30720    0        1.4      503.4     1.29e+05
2023 12 07  0833   60285   30780    0        1.5      502.4     1.20e+05
2023 12 07  0834   60285   30840    0        1.5      498.7     1.21e+05
2023 12 07  0835   60285   30900    1        1.7      496.5     1.21e+05
2023 12 07  0836   60285   30960    1        1.7      496.4     1.21e+05
2023 12 07  0837   60285   31020    3    -9999.9    -9999.9    -1.00e+05
2023 12 07  0838   60285   31080    3    -9999.9    -9999.9    -1.00e+05
2023 12 07  0839   60285   31140    0        1.6      499.8     1.03e+05
2023 12 07  0840   60285   31200    0        1.8      506.6     1.24e+05
2023 12 07  0841   60285   31260    0        1.7      503.1     1.29e+05
2023 12 07  0842   60285   31320    0        1.5      496.8     1.25e+05
2023 12 07  0843   60285   31380    1        1.5      497.5     1.25e+05
2023 12 07  0844   60285   31440    0        1.7      502.4     1.38e+05
2023 12 07  0845   60285   31500    1        1.8      507.8     1.54e+05
2023 12 07  0846   60285   31560    0        1.7      506.3     1.37e+05
2023 12 07  0847   60285   31620    0        1.7      501.8     1.28e+05
2023 12 07  0848   60285   31680    0        1.4      496.9     1.10e+05
2023 12 07  0849   60285   31740    0        1.0      478.7     7.49e+04
2023 12 07  0850   60285   31800    0        2.2      516.0     2.00e+05
2023 12 07  0851   60285   31860    1        2.0      505.2     1.31e+05
2023 12 07  0852   60285   31920    0        2.0      502.9     1.26e+05
2023 12 07  0853   60285   31980    0        1.8      503.6     1.16e+05
2023 12 07  0854   60285   32040    0        1.7      502.5     1.14e+05
2023 12 07  0855   60285   32100    0        1.7      501.6     1.17e+05
2023 12 07  0856   60285   32160    0        1.7      502.4     1.16e+05
2023 12 07  0857   60285   32220    0        1.8      508.1     1.28e+05
2023 12 07  0858   60285   32280    0        1.8      509.6     1.51e+05
2023 12 07  0859   60285   32340    1        1.6      507.2     1.63e+05
2023 12 07  0900   60285   32400    6        1.5      503.0     1.51e+05
2023 12 07  0901   60285   32460    0        1.5      503.8     1.47e+05
2023 12 07  0902   60285   32520    0        1.5      505.6     1.42e+05
2023 12 07  0903   60285   32580    1        1.6      505.2     1.55e+05
2023 12 07  0904   60285   32640    0        1.7      501.6     1.30e+05
2023 12 07  0905   60285   32700    0        1.7      501.7     1.30e+05
2023 12 07  0906   60285   32760    0        1.8      505.0     1.17e+05
2023 12 07  0907   60285   32820    0        1.8    -9999.9    -1.00e+05
2023 12 07  0908   60285   32880    9    -9999.9    -9999.9    -1.00e+05
2023 12 07  0909   60285   32940    9    -9999.9    -9999.9    -1.00e+05
2023 12 07  0910   60285   33000    0        1.5      502.8     1.32e+05
2023 12 07  0911   60285   33060    0        1.5      502.6     1.32e+05
2023 12 07  0912   60285   33120    0        1.4      499.8     1.23e+05
2023 12 07  0913   60285   33180    0        1.5      500.2     1.33e+05
2023 12 07  0914   60285   33240    0        1.5      504.4     1.34e+05
2023 12 07  0915   60285   33300    0        1.5      506.9     1.27e+05
2023 12 07  0916   60285   33360    0        1.5      507.2     1.30e+05
2023 12 07  0917   60285   33420    0        1.5      508.0     1.28e+05
2023 12 07  0918   60285   33480    0        1.5      508.0     1.36e+05
2023 12 07  0919   60285   33540    0        1.5      507.3     1.34e+05
2023 12 07  0920   60285   33600    0        1.4      504.2     1.26e+05
2023 12 07  0921   60285   33660    0        1.4      510.9     1.29e+05
2023 12 07  0922   60285   33720    0        1.3      509.3     1.12e+05
2023 12 07  0923   60285   33780    0        1.4      509.3     1.15e+05
2023 12 07  0924   60285   33840    0        1.4      509.1     1.12e+05
2023 12 07  0925   60285   33900    0        1.4      505.9     1.11e+05
2023 12 07  0926   60285   33960    0        1.4      508.1     1.08e+05
2023 12 07  0927   60285   34020    0        1.4      508.2     1.07e+05
2023 12 07  0928   60285   34080    0        1.4      507.9     1.13e+05
2023 12 07  0929   60285   34140    0        1.4      508.5     1.16e+05
2023 12 07  0930   60285   34200    0        1.4      507.0     1.19e+05
2023 12 07  0931   60285   34260    0        1.5      504.8     1.25e+05
2023 12 07  0932   60285   34320    0        1.6      504.9     1.27e+05
2023 12 07  0933   60285   34380    0        1.5      504.6     1.24e+05
2023 12 07  0934   60285   34440    0        1.7      503.1     1.24e+05
2023 12 07  0935   60285   34500    0        1.6      503.4     1.24e+05
2023 12 07  0936   60285   34560    0        1.8      503.6     1.27e+05
2023 12 07  0937   60285   34620    0        1.7      503.6     1.25e+05
2023 12 07  0938   60285   34680    0        1.5      505.9     1.39e+05
2023 12 07  0939   60285   34740    0        1.6      500.5     1.33e+05
2023 12 07  0940   60285   34800    0        1.6      501.4     1.18e+05
2023 12 07  0941   60285   34860    0        1.5      499.9     1.13e+05
2023 12 07  0942   60285   34920    0        1.5      499.5     1.12e+05
2023 12 07  0943   60285   34980    0        1.7      501.6     1.01e+05
2023 12 07  0944   60285   35040    0        1.7      504.1     1.05e+05
2023 12 07  0945   60285   35100    0        1.7      504.0     1.16e+05
2023 12 07  0946   60285   35160    0        1.7      504.5     1.18e+05
2023 12 07  0947   60285   35220    0        1.7      505.9     1.12e+05
2023 12 07  0948   60285   35280    0        1.8      504.2     1.05e+05
2023 12 07  0949   60285   35340    0        1.9      502.6     9.74e+04
2023 12 07  0950   60285   35400    0        1.7      502.9     1.04e+05
2023 12 07  0951   60285   35460    0        1.6      501.4     1.19e+05
2023 12 07  0952   60285   35520    0        1.5      494.3     1.32e+05
2023 12 07  0953   60285   35580    0        1.6      497.6     1.36e+05
2023 12 07  0954   60285   35640    1        1.6      499.9     1.35e+05
2023 12 07  0955   60285   35700    0        2.2      500.5     1.15e+05
2023 12 07  0956   60285   35760    0        2.2      508.0     9.41e+04
2023 12 07  0957   60285   35820    0        1.9      506.0     1.04e+05
2023 12 07  0958   60285   35880    0        1.8      502.5     9.02e+04
2023 12 07  0959   60285   35940    9    -9999.9    -9999.9    -1.00e+05
