:Data_list: 20240215_ace_swepam_1m.txt
:Created: 2024 Feb 15 1001 UT
# Prepared by the U.S. Dept. of Commerce, NOAA, Space Weather Prediction Center
# Please send comments and suggestions to SWPC.Webmaster@noaa.gov 
# 
# Units: Proton density p/cc
# Units: Bulk speed km/s
# Units: Ion tempeture degrees K
# Status(S): 0 = nominal data, 1 to 8 = bad data record, 9 = no data
# Missing data values: Density and Speed = -9999.9, Temp. = -1.00e+05
# Source: ACE Satellite - Solar Wind Electron Proton Alpha Monitor
#
#   1-minute averaged Real-time Bulk Parameters of the Solar Wind Plasma
# 
#                Modified Seconds   -------------  Solar Wind  -----------
# UT Date   Time  Julian  of the          Proton      Bulk         Ion
# YR MO DA  HHMM    Day     Day     S    Density     Speed     Temperature
#-------------------------------------------------------------------------
2024 02 15  0000   60355       0    0        4.9      441.9     4.15e+04
2024 02 15  0001   60355      60    0        4.7      443.4     4.40e+04
2024 02 15  0002   60355     120    0        4.4      443.3     4.10e+04
2024 02 15  0003   60355     180    0        4.4      444.7     4.07e+04
2024 02 15  0004   60355     240    0        4.2      442.6     3.88e+04
2024 02 15  0005   60355     300    0        3.0      446.4     5.23e+04
2024 02 15  0006   60355     360    0        4.1      443.0     6.27e+04
2024 02 15  0007   60355     420    0        4.2      442.4     7.55e+04
2024 02 15  0008   60355     480    0        4.0      452.0     9.79e+04
2024 02 15  0009   60355     540    0        4.0      450.8     7.94e+04
2024 02 15  0010   60355     600    0        3.9      440.8     5.97e+04
2024 02 15  0011   60355     660    0        4.2      451.1     7.82e+04
2024 02 15  0012   60355     720    0        5.7      456.5     1.03e+05
2024 02 15  0013   60355     780    0        5.9      450.2     9.31e+04
2024 02 15  0014   60355     840    0        4.6      445.9     7.55e+04
2024 02 15  0015   60355     900    0        3.2      435.3     6.05e+04
2024 02 15  0016   60355     960    0        3.2      432.1     5.98e+04
2024 02 15  0017   60355    1020    0        5.0      460.4     1.09e+05
2024 02 15  0018   60355    1080    0        4.9      452.4     1.05e+05
2024 02 15  0019   60355    1140    0        6.0      455.8     9.52e+04
2024 02 15  0020   60355    1200    0        4.1      431.0     4.22e+04
2024 02 15  0021   60355    1260    0        7.1      468.6     6.15e+04
2024 02 15  0022   60355    1320    0        8.9      460.4     7.03e+04
2024 02 15  0023   60355    1380    0        9.8      452.1     5.18e+04
2024 02 15  0024   60355    1440    0        9.4      459.0     5.29e+04
2024 02 15  0025   60355    1500    0        8.6      454.8     4.85e+04
2024 02 15  0026   60355    1560    0        8.8      463.2     5.91e+04
2024 02 15  0027   60355    1620    0       10.1      463.4     6.61e+04
2024 02 15  0028   60355    1680    0       10.8      461.4     6.73e+04
2024 02 15  0029   60355    1740    0        7.3      455.1     5.69e+04
2024 02 15  0030   60355    1800    0        8.8      458.9     8.61e+04
2024 02 15  0031   60355    1860    1       10.2      461.3     1.02e+05
2024 02 15  0032   60355    1920    0        8.4      455.1     6.14e+04
2024 02 15  0033   60355    1980    0        6.2      450.5     4.58e+04
2024 02 15  0034   60355    2040    0        5.6      447.3     4.44e+04
2024 02 15  0035   60355    2100    0        4.5      425.7     2.72e+04
2024 02 15  0036   60355    2160    0        6.8      464.2     5.72e+04
2024 02 15  0037   60355    2220    0        5.5      441.6     4.82e+04
2024 02 15  0038   60355    2280    0        4.3      442.2     4.34e+04
2024 02 15  0039   60355    2340    0        5.3      418.5     3.02e+04
2024 02 15  0040   60355    2400    0        5.8      456.2     6.04e+04
2024 02 15  0041   60355    2460    0        6.0      447.6     4.93e+04
2024 02 15  0042   60355    2520    0        6.5      445.6     5.01e+04
2024 02 15  0043   60355    2580    0        5.9      449.3     5.76e+04
2024 02 15  0044   60355    2640    0        4.0      429.0     3.96e+04
2024 02 15  0045   60355    2700    0        4.2      431.5     3.87e+04
2024 02 15  0046   60355    2760    0        5.6      450.5     5.37e+04
2024 02 15  0047   60355    2820    0        5.8      457.6     6.60e+04
2024 02 15  0048   60355    2880    0        5.4      449.5     6.32e+04
2024 02 15  0049   60355    2940    0        4.8      425.1     3.13e+04
2024 02 15  0050   60355    3000    0        5.9      455.3     6.11e+04
2024 02 15  0051   60355    3060    0        6.3      460.8     6.90e+04
2024 02 15  0052   60355    3120    0        5.4      454.2     6.75e+04
2024 02 15  0053   60355    3180    0        5.7      451.7     5.32e+04
2024 02 15  0054   60355    3240    0        5.3      418.9     3.51e+04
2024 02 15  0055   60355    3300    0        5.5      464.2     6.45e+04
2024 02 15  0056   60355    3360    0        5.8      462.3     7.86e+04
2024 02 15  0057   60355    3420    0        5.2      451.2     6.89e+04
2024 02 15  0058   60355    3480    0        3.7      437.5     4.47e+04
2024 02 15  0059   60355    3540    0       11.9      446.1     4.91e+04
2024 02 15  0100   60355    3600    0       10.9      455.8     7.50e+04
2024 02 15  0101   60355    3660    0        6.9      457.7     8.85e+04
2024 02 15  0102   60355    3720    0        6.7      455.0     7.36e+04
2024 02 15  0103   60355    3780    0        5.3      438.9     5.40e+04
2024 02 15  0104   60355    3840    0        4.0      427.6     3.97e+04
2024 02 15  0105   60355    3900    0        6.3      457.9     7.77e+04
2024 02 15  0106   60355    3960    0        6.8      452.9     7.67e+04
2024 02 15  0107   60355    4020    0        6.1      443.9     5.36e+04
2024 02 15  0108   60355    4080    0        4.8      418.1     2.53e+04
2024 02 15  0109   60355    4140    0        5.4      449.7     5.59e+04
2024 02 15  0110   60355    4200    0        5.2      450.3     5.56e+04
2024 02 15  0111   60355    4260    0        7.5      460.4     7.44e+04
2024 02 15  0112   60355    4320    0       17.7      448.4     4.84e+04
2024 02 15  0113   60355    4380    0       10.4      449.9     4.48e+04
2024 02 15  0114   60355    4440    0        8.1      461.7     5.43e+04
2024 02 15  0115   60355    4500    0       16.2      464.4     6.58e+04
2024 02 15  0116   60355    4560    0       13.1      464.9     7.79e+04
2024 02 15  0117   60355    4620    0        7.6      462.9     7.44e+04
2024 02 15  0118   60355    4680    0        7.4      467.0     7.31e+04
2024 02 15  0119   60355    4740    0        7.5      476.3     8.97e+04
2024 02 15  0120   60355    4800    0        7.9      477.8     9.89e+04
2024 02 15  0121   60355    4860    0        9.4      477.0     9.54e+04
2024 02 15  0122   60355    4920    0        9.3      466.2     9.55e+04
2024 02 15  0123   60355    4980    0        5.8      433.0     4.42e+04
2024 02 15  0124   60355    5040    0        8.7      465.6     1.09e+05
2024 02 15  0125   60355    5100    0       17.4      463.7     8.37e+04
2024 02 15  0126   60355    5160    0        7.6      451.8     8.12e+04
2024 02 15  0127   60355    5220    0       16.3      428.4     4.90e+04
2024 02 15  0128   60355    5280    0        6.5      467.2     1.17e+05
2024 02 15  0129   60355    5340    0        5.1      465.8     9.19e+04
2024 02 15  0130   60355    5400    0        5.4      471.8     1.08e+05
2024 02 15  0131   60355    5460    0        6.0      454.5     7.07e+04
2024 02 15  0132   60355    5520    0        7.0      458.8     7.56e+04
2024 02 15  0133   60355    5580    0        7.1      468.5     8.85e+04
2024 02 15  0134   60355    5640    0        6.7      467.2     7.99e+04
2024 02 15  0135   60355    5700    0        7.7      398.3     2.71e+04
2024 02 15  0136   60355    5760    0        7.3      422.3     3.89e+04
2024 02 15  0137   60355    5820    0        4.7      452.0     5.22e+04
2024 02 15  0138   60355    5880    0        1.3      401.7     2.58e+04
2024 02 15  0139   60355    5940    0        6.6      471.2     7.31e+04
2024 02 15  0140   60355    6000    0        7.1      476.6     8.88e+04
2024 02 15  0141   60355    6060    0        6.9      437.9     4.27e+04
2024 02 15  0142   60355    6120    0        7.3      477.1     9.25e+04
2024 02 15  0143   60355    6180    0        6.7      456.4     6.88e+04
2024 02 15  0144   60355    6240    0        7.5      460.8     8.90e+04
2024 02 15  0145   60355    6300    0        5.7      459.7     1.03e+05
2024 02 15  0146   60355    6360    0        8.4      434.5     6.73e+04
2024 02 15  0147   60355    6420    0        7.5      465.5     7.02e+04
2024 02 15  0148   60355    6480    0        6.8      480.6     8.45e+04
2024 02 15  0149   60355    6540    0        6.6      467.4     7.82e+04
2024 02 15  0150   60355    6600    0        6.5      455.9     7.29e+04
2024 02 15  0151   60355    6660    0       11.3      443.9     6.30e+04
2024 02 15  0152   60355    6720    0       14.1      441.9     7.21e+04
2024 02 15  0153   60355    6780    0        5.3      461.8     1.31e+05
2024 02 15  0154   60355    6840    0       10.1      459.6     9.30e+04
2024 02 15  0155   60355    6900    0       21.0      467.5     5.46e+04
2024 02 15  0156   60355    6960    0        4.2      411.3     4.05e+04
2024 02 15  0157   60355    7020    0        5.1      467.1     1.30e+05
2024 02 15  0158   60355    7080    0        6.3      444.8     9.87e+04
2024 02 15  0159   60355    7140    0        8.0      457.9     9.88e+04
2024 02 15  0200   60355    7200    0        7.6      441.4     6.87e+04
2024 02 15  0201   60355    7260    0        5.7      446.7     8.82e+04
2024 02 15  0202   60355    7320    0        5.0      454.5     9.71e+04
2024 02 15  0203   60355    7380    0        4.9      455.3     8.98e+04
2024 02 15  0204   60355    7440    0        6.1      451.1     7.28e+04
2024 02 15  0205   60355    7500    0        7.3      453.0     6.01e+04
2024 02 15  0206   60355    7560    0        7.5      464.9     6.47e+04
2024 02 15  0207   60355    7620    0        7.2      474.3     7.44e+04
2024 02 15  0208   60355    7680    0        7.7      501.9     2.23e+05
2024 02 15  0209   60355    7740    0        7.5      491.2     1.84e+05
2024 02 15  0210   60355    7800    0        6.9      462.0     7.06e+04
2024 02 15  0211   60355    7860    0        6.6      474.1     8.83e+04
2024 02 15  0212   60355    7920    0        6.9      465.3     7.16e+04
2024 02 15  0213   60355    7980    0        6.7      455.7     5.66e+04
2024 02 15  0214   60355    8040    0        7.1      455.1     5.80e+04
2024 02 15  0215   60355    8100    0       18.8      434.1     3.55e+04
2024 02 15  0216   60355    8160    0        6.7      450.8     8.11e+04
2024 02 15  0217   60355    8220    0        5.6      452.4     7.33e+04
2024 02 15  0218   60355    8280    0        6.1      461.9     8.43e+04
2024 02 15  0219   60355    8340    0        5.9      448.4     6.07e+04
2024 02 15  0220   60355    8400    0        6.1      455.5     7.76e+04
2024 02 15  0221   60355    8460    0        6.5      462.4     8.79e+04
2024 02 15  0222   60355    8520    0        6.8      459.7     7.69e+04
2024 02 15  0223   60355    8580    0        6.8      459.3     7.30e+04
2024 02 15  0224   60355    8640    0        6.4      447.7     5.69e+04
2024 02 15  0225   60355    8700    0        6.0      440.5     5.98e+04
2024 02 15  0226   60355    8760    0        5.5      468.7     1.22e+05
2024 02 15  0227   60355    8820    0        5.7      477.9     1.56e+05
2024 02 15  0228   60355    8880    0        5.9      467.1     1.23e+05
2024 02 15  0229   60355    8940    0       11.8      420.5     4.97e+04
2024 02 15  0230   60355    9000    0        4.3      461.6     1.60e+05
2024 02 15  0231   60355    9060    0        4.1      455.0     1.41e+05
2024 02 15  0232   60355    9120    0        4.5      459.5     1.81e+05
2024 02 15  0233   60355    9180    0        4.3      450.1     1.61e+05
2024 02 15  0234   60355    9240    0        4.0      438.7     1.23e+05
2024 02 15  0235   60355    9300    0        3.9      465.0     1.62e+05
2024 02 15  0236   60355    9360    0        3.6      469.7     1.65e+05
2024 02 15  0237   60355    9420    0        3.4      457.0     1.38e+05
2024 02 15  0238   60355    9480    0        3.7      436.1     9.62e+04
2024 02 15  0239   60355    9540    0        4.4      428.9     1.07e+05
2024 02 15  0240   60355    9600    0        4.7      449.9     1.87e+05
2024 02 15  0241   60355    9660    0        2.8      414.1     1.63e+05
2024 02 15  0242   60355    9720    0        2.7      417.0     1.68e+05
2024 02 15  0243   60355    9780    0        2.6      427.3     1.84e+05
2024 02 15  0244   60355    9840    0        2.9      408.5     1.38e+05
2024 02 15  0245   60355    9900    0        3.0      433.1     2.48e+05
2024 02 15  0246   60355    9960    1        3.4      422.9     2.56e+05
2024 02 15  0247   60355   10020    0        2.9      415.6     1.63e+05
2024 02 15  0248   60355   10080    0        1.9      392.1     8.97e+04
2024 02 15  0249   60355   10140    0        3.0      400.7     1.31e+05
2024 02 15  0250   60355   10200    0        2.9      421.0     1.52e+05
2024 02 15  0251   60355   10260    0        4.2      438.3     1.44e+05
2024 02 15  0252   60355   10320    0        5.2      434.1     1.07e+05
2024 02 15  0253   60355   10380    0        4.4      427.6     1.34e+05
2024 02 15  0254   60355   10440    1        3.9      429.7     1.99e+05
2024 02 15  0255   60355   10500    0        3.7      427.2     1.83e+05
2024 02 15  0256   60355   10560    1        3.2      423.0     1.32e+05
2024 02 15  0257   60355   10620    0        4.0      423.9     1.44e+05
2024 02 15  0258   60355   10680    0        3.8      409.7     1.11e+05
2024 02 15  0259   60355   10740    0        4.1      411.0     1.21e+05
2024 02 15  0300   60355   10800    0        4.3      416.5     1.14e+05
2024 02 15  0301   60355   10860    0        4.8      427.9     1.65e+05
2024 02 15  0302   60355   10920    0        2.0      404.9     7.62e+04
2024 02 15  0303   60355   10980    0        3.2      409.0     9.62e+04
2024 02 15  0304   60355   11040    0        3.7      427.9     1.98e+05
2024 02 15  0305   60355   11100    0        3.9      420.0     1.33e+05
2024 02 15  0306   60355   11160    0        3.7      422.6     1.15e+05
2024 02 15  0307   60355   11220    0        3.6      402.3     6.97e+04
2024 02 15  0308   60355   11280    0        3.9      418.0     1.26e+05
2024 02 15  0309   60355   11340    0        4.4      429.1     1.33e+05
2024 02 15  0310   60355   11400    0        4.6      422.5     9.07e+04
2024 02 15  0311   60355   11460    0        3.6      410.5     7.64e+04
2024 02 15  0312   60355   11520    0        2.5      401.7     5.96e+04
2024 02 15  0313   60355   11580    0        3.9      431.3     9.83e+04
2024 02 15  0314   60355   11640    0        4.4      441.6     1.07e+05
2024 02 15  0315   60355   11700    0        4.4      445.3     1.15e+05
2024 02 15  0316   60355   11760    0        4.4      471.0     1.73e+05
2024 02 15  0317   60355   11820    0        5.3      426.2     6.61e+04
2024 02 15  0318   60355   11880    0        5.1      472.9     1.42e+05
2024 02 15  0319   60355   11940    0        6.0      463.5     9.94e+04
2024 02 15  0320   60355   12000    0        6.0      453.1     7.41e+04
2024 02 15  0321   60355   12060    0        6.2      455.0     7.83e+04
2024 02 15  0322   60355   12120    0        5.9      467.8     9.87e+04
2024 02 15  0323   60355   12180    0        6.1      458.3     8.27e+04
2024 02 15  0324   60355   12240    0        6.0      457.4     7.78e+04
2024 02 15  0325   60355   12300    0        5.4      459.0     8.05e+04
2024 02 15  0326   60355   12360    0        5.2      440.5     6.38e+04
2024 02 15  0327   60355   12420    0        5.6      440.4     6.85e+04
2024 02 15  0328   60355   12480    0        5.8      471.2     1.03e+05
2024 02 15  0329   60355   12540    0        5.3      469.4     9.26e+04
2024 02 15  0330   60355   12600    0        5.5      455.2     6.97e+04
2024 02 15  0331   60355   12660    0        5.4      447.0     5.83e+04
2024 02 15  0332   60355   12720    0        6.0      472.8     9.03e+04
2024 02 15  0333   60355   12780    0        5.7      454.2     7.29e+04
2024 02 15  0334   60355   12840    0        5.9      462.6     8.57e+04
2024 02 15  0335   60355   12900    0        5.9      451.8     8.06e+04
2024 02 15  0336   60355   12960    0        6.4      424.5     5.02e+04
2024 02 15  0337   60355   13020    0        5.6      462.1     9.01e+04
2024 02 15  0338   60355   13080    0        5.5      473.4     1.00e+05
2024 02 15  0339   60355   13140    0        5.5      466.1     8.56e+04
2024 02 15  0340   60355   13200    0        5.7      443.8     6.28e+04
2024 02 15  0341   60355   13260    0        5.2      444.9     7.28e+04
2024 02 15  0342   60355   13320    0        5.0      463.4     9.40e+04
2024 02 15  0343   60355   13380    0        5.5      462.6     9.16e+04
2024 02 15  0344   60355   13440    0        5.3      450.8     8.50e+04
2024 02 15  0345   60355   13500    0        5.0      449.1     8.81e+04
2024 02 15  0346   60355   13560    0        4.8      448.1     9.56e+04
2024 02 15  0347   60355   13620    0        5.1      443.0     8.26e+04
2024 02 15  0348   60355   13680    0        5.0      444.0     8.54e+04
2024 02 15  0349   60355   13740    0        3.9      463.9     1.39e+05
2024 02 15  0350   60355   13800    0        4.5      425.7     7.02e+04
2024 02 15  0351   60355   13860    0        4.3      446.4     1.16e+05
2024 02 15  0352   60355   13920    0        4.9      451.3     1.22e+05
2024 02 15  0353   60355   13980    0        5.1      455.7     1.41e+05
2024 02 15  0354   60355   14040    0        4.4      441.2     9.76e+04
2024 02 15  0355   60355   14100    0        4.6      426.0     6.24e+04
2024 02 15  0356   60355   14160    0        4.7      444.5     1.03e+05
2024 02 15  0357   60355   14220    0        4.4      456.5     1.23e+05
2024 02 15  0358   60355   14280    0        4.4      453.7     1.11e+05
2024 02 15  0359   60355   14340    9    -9999.9    -9999.9    -1.00e+05
2024 02 15  0400   60355   14400    0        4.6      448.1     1.02e+05
2024 02 15  0401   60355   14460    0        4.6      451.5     1.13e+05
2024 02 15  0402   60355   14520    0        4.6      459.2     1.43e+05
2024 02 15  0403   60355   14580    0        5.0      446.4     1.27e+05
2024 02 15  0404   60355   14640    0        4.7      439.3     1.23e+05
2024 02 15  0405   60355   14700    0        5.3      439.2     1.10e+05
2024 02 15  0406   60355   14760    0        5.2      459.2     1.87e+05
2024 02 15  0407   60355   14820    0        5.2      440.7     1.41e+05
2024 02 15  0408   60355   14880    0        4.8      428.8     9.34e+04
2024 02 15  0409   60355   14940    0        5.0      441.4     1.01e+05
2024 02 15  0410   60355   15000    1        2.1      398.5     4.73e+04
2024 02 15  0411   60355   15060    0        3.4      415.0     8.70e+04
2024 02 15  0412   60355   15120    0        5.0      429.5     1.10e+05
2024 02 15  0413   60355   15180    0        4.3      412.5     9.18e+04
2024 02 15  0414   60355   15240    0        3.8      403.4     7.21e+04
2024 02 15  0415   60355   15300    0        4.0      415.8     7.68e+04
2024 02 15  0416   60355   15360    0        3.6      423.4     1.00e+05
2024 02 15  0417   60355   15420    0        3.2      411.1     1.01e+05
2024 02 15  0418   60355   15480    0        3.8      401.4     1.15e+05
2024 02 15  0419   60355   15540    0        3.2      383.2     3.27e+04
2024 02 15  0420   60355   15600    0        4.1    -9999.9    -1.00e+05
2024 02 15  0421   60355   15660    0        4.1      423.5     6.98e+04
2024 02 15  0422   60355   15720    0        4.0      445.1     1.20e+05
2024 02 15  0423   60355   15780    0        3.2      408.6     6.48e+04
2024 02 15  0424   60355   15840    0        3.8      402.2     9.75e+04
2024 02 15  0425   60355   15900    0        2.9      402.5     8.90e+04
2024 02 15  0426   60355   15960    0        2.6      406.1     8.55e+04
2024 02 15  0427   60355   16020    0        2.6      407.5     8.04e+04
2024 02 15  0428   60355   16080    0        2.2      391.3     4.94e+04
2024 02 15  0429   60355   16140    0        3.2      393.1     1.05e+05
2024 02 15  0430   60355   16200    1        3.5      402.3     1.39e+05
2024 02 15  0431   60355   16260    0        2.7      398.2     9.28e+04
2024 02 15  0432   60355   16320    0        2.7      399.6     8.50e+04
2024 02 15  0433   60355   16380    0        2.1      406.7     7.25e+04
2024 02 15  0434   60355   16440    0        3.2      417.8     8.78e+04
2024 02 15  0435   60355   16500    0        3.6      416.7     1.01e+05
2024 02 15  0436   60355   16560    0        4.7      405.6     8.54e+04
2024 02 15  0437   60355   16620    0        3.0      402.1     5.39e+04
2024 02 15  0438   60355   16680    0        2.1      384.6     2.48e+04
2024 02 15  0439   60355   16740    0        2.3      415.8     1.55e+05
2024 02 15  0440   60355   16800    0        3.3      424.4     1.36e+05
2024 02 15  0441   60355   16860    0        3.7      419.7     8.23e+04
2024 02 15  0442   60355   16920    0        3.2      401.5     3.79e+04
2024 02 15  0443   60355   16980    0        3.8      424.7     7.31e+04
2024 02 15  0444   60355   17040    0        3.3      436.1     1.18e+05
2024 02 15  0445   60355   17100    0        3.1      428.7     1.06e+05
2024 02 15  0446   60355   17160    0        3.1      425.5     7.70e+04
2024 02 15  0447   60355   17220    0        2.6      415.2     5.95e+04
2024 02 15  0448   60355   17280    0        2.6      412.0     6.52e+04
2024 02 15  0449   60355   17340    0        3.2      447.4     1.22e+05
2024 02 15  0450   60355   17400    0        4.8      455.3     1.40e+05
2024 02 15  0451   60355   17460    0        4.8      444.0     1.15e+05
2024 02 15  0452   60355   17520    0        4.3      420.8     6.08e+04
2024 02 15  0453   60355   17580    9    -9999.9    -9999.9    -1.00e+05
2024 02 15  0454   60355   17640    0        5.0      430.2     7.60e+04
2024 02 15  0455   60355   17700    0        0.7      384.4     3.13e+04
2024 02 15  0456   60355   17760    0       12.0      443.1     6.93e+04
2024 02 15  0457   60355   17820    0        7.2      448.5     8.92e+04
2024 02 15  0458   60355   17880    0        1.6      395.7     3.88e+04
2024 02 15  0459   60355   17940    0        3.5      429.0     9.27e+04
2024 02 15  0500   60355   18000    0        5.3      452.5     1.12e+05
2024 02 15  0501   60355   18060    0        5.0      444.6     9.70e+04
2024 02 15  0502   60355   18120    0        4.7      438.7     9.24e+04
2024 02 15  0503   60355   18180    0        5.0      443.3     1.09e+05
2024 02 15  0504   60355   18240    0        5.2      452.0     1.30e+05
2024 02 15  0505   60355   18300    0        5.1      444.2     9.48e+04
2024 02 15  0506   60355   18360    0        5.9      434.2     7.64e+04
2024 02 15  0507   60355   18420    0       11.0      416.0     5.80e+04
2024 02 15  0508   60355   18480    0        3.7      456.4     1.48e+05
2024 02 15  0509   60355   18540    0        5.0      426.5     1.41e+05
2024 02 15  0510   60355   18600    0        5.0      435.3     1.54e+05
2024 02 15  0511   60355   18660    0        3.5      406.8     5.59e+04
2024 02 15  0512   60355   18720    0        5.1      437.5     9.97e+04
2024 02 15  0513   60355   18780    0        4.4      438.4     9.19e+04
2024 02 15  0514   60355   18840    0        4.3      443.3     1.24e+05
2024 02 15  0515   60355   18900    0        3.7      431.0     8.74e+04
2024 02 15  0516   60355   18960    0        2.6      409.9     5.31e+04
2024 02 15  0517   60355   19020    0        3.0      416.7     6.44e+04
2024 02 15  0518   60355   19080    0        3.7      437.1     9.60e+04
2024 02 15  0519   60355   19140    0        3.9      441.5     1.12e+05
2024 02 15  0520   60355   19200    0        4.3      432.3     9.47e+04
2024 02 15  0521   60355   19260    0        4.6      424.4     7.30e+04
2024 02 15  0522   60355   19320    0        5.2      442.1     9.27e+04
2024 02 15  0523   60355   19380    0        5.2      453.7     1.31e+05
2024 02 15  0524   60355   19440    0        4.9      437.3     1.25e+05
2024 02 15  0525   60355   19500    0        3.5      387.8     5.60e+04
2024 02 15  0526   60355   19560    0        3.5    -9999.9    -1.00e+05
2024 02 15  0527   60355   19620    0        1.4      365.9     3.43e+04
2024 02 15  0528   60355   19680    0        3.3      397.7     1.11e+05
2024 02 15  0529   60355   19740    0        2.4      391.3     7.75e+04
2024 02 15  0530   60355   19800    0        1.4      378.5     4.33e+04
2024 02 15  0531   60355   19860    0        3.0      416.0     9.87e+04
2024 02 15  0532   60355   19920    0        3.4      429.1     1.05e+05
2024 02 15  0533   60355   19980    0        4.2      430.2     7.84e+04
2024 02 15  0534   60355   20040    0        8.5      440.8     6.42e+04
2024 02 15  0535   60355   20100    0       10.3      429.6     5.60e+04
2024 02 15  0536   60355   20160    1        8.6      422.7     8.68e+04
2024 02 15  0537   60355   20220    0        9.6      456.7     1.40e+05
2024 02 15  0538   60355   20280    0        4.5      440.0     1.11e+05
2024 02 15  0539   60355   20340    0        5.5      426.9     7.66e+04
2024 02 15  0540   60355   20400    0        4.6      405.0     5.60e+04
2024 02 15  0541   60355   20460    0        4.1      437.1     9.89e+04
2024 02 15  0542   60355   20520    0        4.4      448.7     1.40e+05
2024 02 15  0543   60355   20580    0        3.8      447.2     1.45e+05
2024 02 15  0544   60355   20640    0        4.4      444.1     1.09e+05
2024 02 15  0545   60355   20700    0        3.6      429.9     8.83e+04
2024 02 15  0546   60355   20760    0        3.6      432.4     1.18e+05
2024 02 15  0547   60355   20820    0        4.3      441.2     1.30e+05
2024 02 15  0548   60355   20880    0        4.4      433.8     8.05e+04
2024 02 15  0549   60355   20940    0        4.1      428.1     4.95e+04
2024 02 15  0550   60355   21000    0        7.9      441.3     5.02e+04
2024 02 15  0551   60355   21060    0        9.7      431.5     7.68e+04
2024 02 15  0552   60355   21120    0        3.7      396.0     1.00e+05
2024 02 15  0553   60355   21180    0        1.9      401.8     5.17e+04
2024 02 15  0554   60355   21240    0        2.7      403.7     5.51e+04
2024 02 15  0555   60355   21300    0        2.8      401.0     4.53e+04
2024 02 15  0556   60355   21360    0        3.1      440.1     1.11e+05
2024 02 15  0557   60355   21420    0        3.9      421.6     4.67e+04
2024 02 15  0558   60355   21480    0        4.5      423.2     5.72e+04
2024 02 15  0559   60355   21540    0        4.5      423.3     5.74e+04
2024 02 15  0600   60355   21600    0        2.7      381.2     1.43e+04
2024 02 15  0601   60355   21660    0        3.1      383.0     3.75e+04
2024 02 15  0602   60355   21720    0        2.6      390.7     3.93e+04
2024 02 15  0603   60355   21780    0        2.0      393.1     3.10e+04
2024 02 15  0604   60355   21840    0        3.2      407.1     5.34e+04
2024 02 15  0605   60355   21900    0        4.0      426.9     7.10e+04
2024 02 15  0606   60355   21960    0        4.1      436.5     7.71e+04
2024 02 15  0607   60355   22020    0        4.2      441.8     9.72e+04
2024 02 15  0608   60355   22080    0        4.1      431.5     8.54e+04
2024 02 15  0609   60355   22140    0        4.1      408.1     4.47e+04
2024 02 15  0610   60355   22200    0        4.2      450.8     1.22e+05
2024 02 15  0611   60355   22260    0        4.5      452.0     1.29e+05
2024 02 15  0612   60355   22320    0        4.3      440.5     7.64e+04
2024 02 15  0613   60355   22380    0        4.1      423.2     4.76e+04
2024 02 15  0614   60355   22440    0        4.3      424.3     5.43e+04
2024 02 15  0615   60355   22500    0        4.6      451.3     1.21e+05
2024 02 15  0616   60355   22560    0        5.0      446.7     8.92e+04
2024 02 15  0617   60355   22620    0        3.8      437.2     6.61e+04
2024 02 15  0618   60355   22680    0        2.5      410.6     3.47e+04
2024 02 15  0619   60355   22740    0        3.6      429.7     7.05e+04
2024 02 15  0620   60355   22800    0        4.6      447.2     9.62e+04
2024 02 15  0621   60355   22860    0        4.2      444.7     7.69e+04
2024 02 15  0622   60355   22920    0        3.4      431.8     5.52e+04
2024 02 15  0623   60355   22980    0        3.3      418.7     4.75e+04
2024 02 15  0624   60355   23040    0        4.1      422.7     5.82e+04
2024 02 15  0625   60355   23100    0        4.1      440.5     9.74e+04
2024 02 15  0626   60355   23160    0        4.2      447.4     1.05e+05
2024 02 15  0627   60355   23220    0        4.0      441.2     8.33e+04
2024 02 15  0628   60355   23280    0        4.3      400.9     3.36e+04
2024 02 15  0629   60355   23340    0        4.0      438.8     8.61e+04
2024 02 15  0630   60355   23400    0        4.1      443.5     9.34e+04
2024 02 15  0631   60355   23460    0        4.1      436.2     7.49e+04
2024 02 15  0632   60355   23520    0        4.1      435.5     7.32e+04
2024 02 15  0633   60355   23580    0        2.9      434.8     1.06e+05
2024 02 15  0634   60355   23640    0        3.3      449.0     1.55e+05
2024 02 15  0635   60355   23700    0        9.3      448.2     9.00e+04
2024 02 15  0636   60355   23760    0        6.8      439.6     6.10e+04
2024 02 15  0637   60355   23820    0        2.1      421.3     8.46e+04
2024 02 15  0638   60355   23880    0        1.5      412.5     1.10e+05
2024 02 15  0639   60355   23940    0        2.0      426.3     1.16e+05
2024 02 15  0640   60355   24000    0        2.8      435.4     8.94e+04
2024 02 15  0641   60355   24060    0        2.8      421.9     6.24e+04
2024 02 15  0642   60355   24120    0        2.5      406.8     4.96e+04
2024 02 15  0643   60355   24180    0        2.4      419.7     8.16e+04
2024 02 15  0644   60355   24240    0        2.5      426.5     8.16e+04
2024 02 15  0645   60355   24300    0        2.8      433.2     6.21e+04
2024 02 15  0646   60355   24360    0        2.7      429.9     5.59e+04
2024 02 15  0647   60355   24420    0        1.9      413.0     4.83e+04
2024 02 15  0648   60355   24480    0        2.2      423.3     7.16e+04
2024 02 15  0649   60355   24540    0        2.0      417.2     6.33e+04
2024 02 15  0650   60355   24600    0        2.1      424.0     7.20e+04
2024 02 15  0651   60355   24660    0        2.2      412.4     5.31e+04
2024 02 15  0652   60355   24720    0        2.5      414.5     8.69e+04
2024 02 15  0653   60355   24780    0        2.4      417.8     1.04e+05
2024 02 15  0654   60355   24840    0        2.0      417.3     9.03e+04
2024 02 15  0655   60355   24900    0        2.4      418.0     8.80e+04
2024 02 15  0656   60355   24960    1        3.5      403.1     6.52e+04
2024 02 15  0657   60355   25020    0        4.2      390.6     6.98e+04
2024 02 15  0658   60355   25080    0        3.2      415.8     1.84e+05
2024 02 15  0659   60355   25140    0        2.6      408.5     1.53e+05
2024 02 15  0700   60355   25200    0        1.7      396.7     1.11e+05
2024 02 15  0701   60355   25260    1        1.2      372.8     6.56e+04
2024 02 15  0702   60355   25320    0        2.5      397.4     1.21e+05
2024 02 15  0703   60355   25380    0        1.9      389.9     1.01e+05
2024 02 15  0704   60355   25440    0        1.8      392.2     1.30e+05
2024 02 15  0705   60355   25500    0        1.8      392.7     1.35e+05
2024 02 15  0706   60355   25560    0        1.1      377.9     5.24e+04
2024 02 15  0707   60355   25620    0        1.4      385.1     7.44e+04
2024 02 15  0708   60355   25680    0        1.6      388.1     8.55e+04
2024 02 15  0709   60355   25740    0        1.5      388.3     9.05e+04
2024 02 15  0710   60355   25800    0        3.4      380.8     5.90e+04
2024 02 15  0711   60355   25860    1        4.3      377.9     4.49e+04
2024 02 15  0712   60355   25920    0        1.6      389.6     9.46e+04
2024 02 15  0713   60355   25980    0        1.6      386.3     8.92e+04
2024 02 15  0714   60355   26040    0        1.6      378.8     8.54e+04
2024 02 15  0715   60355   26100    1        1.0      385.9     1.40e+05
2024 02 15  0716   60355   26160    0        1.3      390.5     8.77e+04
2024 02 15  0717   60355   26220    0        2.4      412.4     1.21e+05
2024 02 15  0718   60355   26280    1        1.5      392.5     1.44e+05
2024 02 15  0719   60355   26340    1        1.4      399.7     2.37e+05
2024 02 15  0720   60355   26400    0        2.6      379.4     8.68e+04
2024 02 15  0721   60355   26460    1        2.0      386.0     1.50e+05
2024 02 15  0722   60355   26520    1        1.7      392.5     1.90e+05
2024 02 15  0723   60355   26580    0        1.6      392.7     1.56e+05
2024 02 15  0724   60355   26640    0        2.4      383.0     8.36e+04
2024 02 15  0725   60355   26700    0        2.3      386.0     1.17e+05
2024 02 15  0726   60355   26760    1        2.0      403.8     1.55e+05
2024 02 15  0727   60355   26820    0        2.2      407.5     1.56e+05
2024 02 15  0728   60355   26880    1        1.7      394.8     1.81e+05
2024 02 15  0729   60355   26940    0        1.6      386.4     1.10e+05
2024 02 15  0730   60355   27000    0        1.5      374.8     1.16e+05
2024 02 15  0731   60355   27060    1        1.8      396.9     2.63e+05
2024 02 15  0732   60355   27120    1        1.7      391.3     1.84e+05
2024 02 15  0733   60355   27180    1        1.5      400.3     1.71e+05
2024 02 15  0734   60355   27240    0        1.4      386.8     1.16e+05
2024 02 15  0735   60355   27300    0        2.1      387.0     1.55e+05
2024 02 15  0736   60355   27360    0        2.2      381.3     1.13e+05
2024 02 15  0737   60355   27420    1        2.1      383.5     1.55e+05
2024 02 15  0738   60355   27480    1        2.1      384.4     1.69e+05
2024 02 15  0739   60355   27540    0        1.1      387.8     1.16e+05
2024 02 15  0740   60355   27600    0        1.5      393.0     1.81e+05
2024 02 15  0741   60355   27660    0        1.9      391.8     1.92e+05
2024 02 15  0742   60355   27720    1        2.0      385.8     1.52e+05
2024 02 15  0743   60355   27780    1        1.9      385.4     1.47e+05
2024 02 15  0744   60355   27840    0        1.5      392.5     1.49e+05
2024 02 15  0745   60355   27900    0        1.1      401.5     1.47e+05
2024 02 15  0746   60355   27960    0        1.5      394.4     1.58e+05
2024 02 15  0747   60355   28020    1        1.5      394.8     1.57e+05
2024 02 15  0748   60355   28080    0        1.4      388.9     1.16e+05
2024 02 15  0749   60355   28140    0        1.8      387.8     5.98e+04
2024 02 15  0750   60355   28200    0        2.0      386.0     4.49e+04
2024 02 15  0751   60355   28260    0        2.3      390.5     4.33e+04
2024 02 15  0752   60355   28320    0        1.3      400.6     8.16e+04
2024 02 15  0753   60355   28380    0        1.4      393.0     6.20e+04
2024 02 15  0754   60355   28440    0        2.1      394.8     5.91e+04
2024 02 15  0755   60355   28500    0        2.9      402.2     5.84e+04
2024 02 15  0756   60355   28560    0        3.4      408.8     5.67e+04
2024 02 15  0757   60355   28620    0        3.5      413.6     5.53e+04
2024 02 15  0758   60355   28680    0        3.4      411.4     5.03e+04
2024 02 15  0759   60355   28740    0        3.3      404.8     5.20e+04
2024 02 15  0800   60355   28800    0        3.4      404.5     5.85e+04
2024 02 15  0801   60355   28860    0        3.0      409.2     5.18e+04
2024 02 15  0802   60355   28920    0        2.8      409.3     5.29e+04
2024 02 15  0803   60355   28980    0        2.0      396.8     3.76e+04
2024 02 15  0804   60355   29040    0        4.0      415.0     8.71e+04
2024 02 15  0805   60355   29100    0        3.3      414.3     5.68e+04
2024 02 15  0806   60355   29160    0        3.0      425.1     7.22e+04
2024 02 15  0807   60355   29220    0        3.9      414.1     6.54e+04
2024 02 15  0808   60355   29280    0        3.5      398.2     3.34e+04
2024 02 15  0809   60355   29340    0        3.6      409.7     5.10e+04
2024 02 15  0810   60355   29400    1        4.3      418.8     7.26e+04
2024 02 15  0811   60355   29460    1        4.6      420.8     7.86e+04
2024 02 15  0812   60355   29520    0        2.4      383.3     2.00e+04
2024 02 15  0813   60355   29580    0        3.0      394.5     4.03e+04
2024 02 15  0814   60355   29640    0        3.2      409.8     5.55e+04
2024 02 15  0815   60355   29700    0        2.7      410.5     5.47e+04
2024 02 15  0816   60355   29760    0        2.8      402.6     5.72e+04
2024 02 15  0817   60355   29820    0        3.4      404.4     4.92e+04
2024 02 15  0818   60355   29880    0        4.0      409.3     5.96e+04
2024 02 15  0819   60355   29940    0        4.6      420.6     9.17e+04
2024 02 15  0820   60355   30000    0        4.2      413.0     6.48e+04
2024 02 15  0821   60355   30060    0        4.6      422.0     8.99e+04
2024 02 15  0822   60355   30120    0        1.4      386.5     2.80e+04
2024 02 15  0823   60355   30180    0        3.4      427.6     8.63e+04
2024 02 15  0824   60355   30240    0        9.7      427.2     4.89e+04
2024 02 15  0825   60355   30300    0        4.9      416.7     6.35e+04
2024 02 15  0826   60355   30360    0        2.5      401.1     4.65e+04
2024 02 15  0827   60355   30420    0        3.2      391.4     3.31e+04
2024 02 15  0828   60355   30480    0        3.8      408.2     7.01e+04
2024 02 15  0829   60355   30540    0        4.2      417.7     8.30e+04
2024 02 15  0830   60355   30600    0        4.5      413.5     8.25e+04
2024 02 15  0831   60355   30660    0        3.3      399.5     7.23e+04
2024 02 15  0832   60355   30720    0        2.1      388.7     5.78e+04
2024 02 15  0833   60355   30780    0        4.0      411.0     1.06e+05
2024 02 15  0834   60355   30840    0        3.6      404.1     6.33e+04
2024 02 15  0835   60355   30900    0        3.5      398.3     6.22e+04
2024 02 15  0836   60355   30960    0        1.8      382.3     4.17e+04
2024 02 15  0837   60355   31020    0        3.1      394.9     4.56e+04
2024 02 15  0838   60355   31080    1        5.0      403.4     1.34e+05
2024 02 15  0839   60355   31140    0        3.7      394.8     9.84e+04
2024 02 15  0840   60355   31200    0        2.7      384.0     5.66e+04
2024 02 15  0841   60355   31260    0        1.9      370.4     2.72e+04
2024 02 15  0842   60355   31320    0        5.4      397.8     5.19e+04
2024 02 15  0843   60355   31380    0        4.6      404.3     8.02e+04
2024 02 15  0844   60355   31440    0        3.5      401.3     8.89e+04
2024 02 15  0845   60355   31500    3    -9999.9    -9999.9    -1.00e+05
2024 02 15  0846   60355   31560    3    -9999.9    -9999.9    -1.00e+05
2024 02 15  0847   60355   31620    0        2.8      392.4     7.83e+04
2024 02 15  0848   60355   31680    0        3.0      393.4     8.20e+04
2024 02 15  0849   60355   31740    0        2.7      393.2     7.26e+04
2024 02 15  0850   60355   31800    0        2.5      396.7     6.30e+04
2024 02 15  0851   60355   31860    0        2.6      388.1     6.58e+04
2024 02 15  0852   60355   31920    0        3.2      384.8     5.29e+04
2024 02 15  0853   60355   31980    0        3.7      386.0     5.61e+04
2024 02 15  0854   60355   32040    0        3.6      384.4     5.40e+04
2024 02 15  0855   60355   32100    0        3.9      379.2     5.71e+04
2024 02 15  0856   60355   32160    0        3.7      381.2     6.39e+04
2024 02 15  0857   60355   32220    0        3.7      375.5     5.70e+04
2024 02 15  0858   60355   32280    0        2.9      397.9     6.11e+04
2024 02 15  0859   60355   32340    0        2.2      404.2     5.99e+04
2024 02 15  0900   60355   32400    0        2.6      399.5     5.46e+04
2024 02 15  0901   60355   32460    0        2.4      386.9     5.68e+04
2024 02 15  0902   60355   32520    0        2.0      377.5     5.93e+04
2024 02 15  0903   60355   32580    0        2.2      377.8     5.69e+04
2024 02 15  0904   60355   32640    0        2.0      374.8     5.01e+04
2024 02 15  0905   60355   32700    0        1.7      370.6     4.33e+04
2024 02 15  0906   60355   32760    0        2.2      379.2     6.82e+04
2024 02 15  0907   60355   32820    0        3.0      394.1     8.12e+04
2024 02 15  0908   60355   32880    0        2.0      376.8     8.20e+04
2024 02 15  0909   60355   32940    0        1.6      380.7     8.36e+04
2024 02 15  0910   60355   33000    1        2.8      370.2     7.76e+04
2024 02 15  0911   60355   33060    0        1.9      375.1     6.68e+04
2024 02 15  0912   60355   33120    0        2.7      386.1     6.74e+04
2024 02 15  0913   60355   33180    0        2.8      380.7     8.32e+04
2024 02 15  0914   60355   33240    1        1.8      367.0     5.11e+04
2024 02 15  0915   60355   33300    0        2.2      371.7     5.52e+04
2024 02 15  0916   60355   33360    0        2.5      377.0     7.31e+04
2024 02 15  0917   60355   33420    0        2.6      377.2     7.88e+04
2024 02 15  0918   60355   33480    3    -9999.9    -9999.9    -1.00e+05
2024 02 15  0919   60355   33540    3    -9999.9    -9999.9    -1.00e+05
2024 02 15  0920   60355   33600    0        2.7      367.2     7.24e+04
2024 02 15  0921   60355   33660    0        2.7      363.4     7.65e+04
2024 02 15  0922   60355   33720    1        3.2      374.5     1.73e+05
2024 02 15  0923   60355   33780    1        2.9      373.8     1.61e+05
2024 02 15  0924   60355   33840    0        2.6      362.1     5.36e+04
2024 02 15  0925   60355   33900    0        2.5      363.6     4.49e+04
2024 02 15  0926   60355   33960    1        3.1      372.6     1.46e+05
2024 02 15  0927   60355   34020    1        3.1      374.2     1.58e+05
2024 02 15  0928   60355   34080    1        2.6      376.7     1.79e+05
2024 02 15  0929   60355   34140    0        2.6      376.0     1.34e+05
2024 02 15  0930   60355   34200    1        2.7      376.1     1.51e+05
2024 02 15  0931   60355   34260    1        2.7      379.1     1.63e+05
2024 02 15  0932   60355   34320    1        2.8      375.6     1.54e+05
2024 02 15  0933   60355   34380    1        2.7      374.8     1.37e+05
2024 02 15  0934   60355   34440    0        2.4      378.4     1.28e+05
2024 02 15  0935   60355   34500    0        2.2      379.5     1.30e+05
2024 02 15  0936   60355   34560    1        2.8      375.8     1.46e+05
2024 02 15  0937   60355   34620    1        2.5      373.4     1.26e+05
2024 02 15  0938   60355   34680    1        1.8      366.3     6.68e+04
2024 02 15  0939   60355   34740    1        2.3      380.5     1.53e+05
2024 02 15  0940   60355   34800    1        2.3      380.5     1.53e+05
2024 02 15  0941   60355   34860    1        2.5      380.3     1.45e+05
2024 02 15  0942   60355   34920    1        2.4      378.4     1.44e+05
2024 02 15  0943   60355   34980    1        2.6      376.6     1.62e+05
2024 02 15  0944   60355   35040    0        2.5      379.4     1.44e+05
2024 02 15  0945   60355   35100    0        2.0      382.1     1.15e+05
2024 02 15  0946   60355   35160    0        2.1      383.0     1.20e+05
2024 02 15  0947   60355   35220    0        2.4      383.1     1.03e+05
2024 02 15  0948   60355   35280    0        2.3      378.5     8.67e+04
2024 02 15  0949   60355   35340    0        2.1      375.2     8.34e+04
2024 02 15  0950   60355   35400    3    -9999.9    -9999.9    -1.00e+05
2024 02 15  0951   60355   35460    0        1.9      382.0     9.36e+04
2024 02 15  0952   60355   35520    0        2.0      382.8     8.43e+04
2024 02 15  0953   60355   35580    0        2.2      384.7     7.09e+04
2024 02 15  0954   60355   35640    0        2.4      385.4     9.08e+04
2024 02 15  0955   60355   35700    0        2.3      383.1     9.42e+04
2024 02 15  0956   60355   35760    0        2.2      383.3     1.05e+05
2024 02 15  0957   60355   35820    0        3.2      376.2     7.21e+04
2024 02 15  0958   60355   35880    0        3.3      380.9     8.77e+04
2024 02 15  0959   60355   35940    9    -9999.9    -9999.9    -1.00e+05
