:Data_list: 20240927_ace_mag_1m.txt
:Created: 2024 Sep 27 0901 UT
# Prepared by the U.S. Dept. of Commerce, NOAA, Space Weather Prediction Center
# Please send comments and suggestions to SWPC.Webmaster@noaa.gov 
# 
# Magnetometer values are in GSM coordinates.
# 
# Units: Bx, By, Bz, Bt in nT
# Units: Latitude  degrees +/-  90.0
# Units: Longitude degrees 0.0 - 360.0
# Status(S): 0 = nominal data, 1 to 8 = bad data record, 9 = no data
# Missing data values: -999.9
# Source: ACE Satellite - Magnetometer
#
#              1-minute averaged Real-time Interplanetary Magnetic Field Values 
# 
#                 Modified Seconds
# UT Date   Time  Julian   of the   ----------------  GSM Coordinates ---------------
# YR MO DA  HHMM    Day      Day    S     Bx      By      Bz      Bt     Lat.   Long.
#------------------------------------------------------------------------------------
2024 09 27  0000   60580       0    0    -3.9     4.3    -0.3     5.8    -3.2   132.5
2024 09 27  0001   60580      60    0    -3.4     4.3     0.9     5.5     9.6   128.5
2024 09 27  0002   60580     120    0    -2.5     2.6     4.2     5.6    49.2   133.8
2024 09 27  0003   60580     180    0    -2.6     2.5     4.5     5.8    51.7   135.4
2024 09 27  0004   60580     240    0    -2.5     2.7     4.6     5.8    51.4   132.7
2024 09 27  0005   60580     300    0    -1.8     3.0     4.6     5.7    52.8   121.3
2024 09 27  0006   60580     360    0    -1.7     3.3     4.4     5.8    49.4   116.9
2024 09 27  0007   60580     420    0    -1.8     3.6     4.2     5.8    46.4   116.2
2024 09 27  0008   60580     480    0    -1.8     3.5     4.2     5.8    46.8   117.6
2024 09 27  0009   60580     540    0    -1.9     3.5     4.2     5.8    46.3   118.9
2024 09 27  0010   60580     600    0    -1.9     3.6     3.9     5.7    43.7   117.8
2024 09 27  0011   60580     660    0    -1.2     3.5     4.1     5.5    47.7   108.1
2024 09 27  0012   60580     720    0    -1.4     3.5     4.1     5.5    47.4   112.0
2024 09 27  0013   60580     780    0    -0.7     3.5     4.4     5.6    51.1   101.5
2024 09 27  0014   60580     840    0    -1.7     3.5     4.2     5.7    47.3   116.0
2024 09 27  0015   60580     900    0    -2.7     3.8     3.1     5.6    33.7   125.5
2024 09 27  0016   60580     960    0    -2.6     4.0     2.9     5.5    31.2   122.7
2024 09 27  0017   60580    1020    0    -1.6     3.9     3.9     5.7    42.7   113.0
2024 09 27  0018   60580    1080    0    -1.8     4.0     3.6     5.7    39.1   114.3
2024 09 27  0019   60580    1140    0    -1.7     4.1     3.6     5.7    38.4   112.4
2024 09 27  0020   60580    1200    0    -1.8     4.1     3.6     5.7    38.9   113.6
2024 09 27  0021   60580    1260    0    -2.0     4.2     3.4     5.7    36.5   115.1
2024 09 27  0022   60580    1320    0    -2.0     4.2     3.3     5.7    35.6   115.7
2024 09 27  0023   60580    1380    0    -2.0     4.2     3.3     5.7    35.2   115.3
2024 09 27  0024   60580    1440    0    -2.1     4.3     3.1     5.7    32.7   115.3
2024 09 27  0025   60580    1500    0    -2.0     4.4     3.0     5.7    32.1   114.6
2024 09 27  0026   60580    1560    0    -2.4     4.3     3.0     5.7    31.1   119.1
2024 09 27  0027   60580    1620    0    -3.0     4.0     2.8     5.7    28.7   126.7
2024 09 27  0028   60580    1680    0    -3.6     3.8     2.5     5.8    25.2   133.9
2024 09 27  0029   60580    1740    0    -3.0     4.1     2.8     5.8    28.8   125.9
2024 09 27  0030   60580    1800    0    -3.0     4.3     2.7     5.8    27.2   124.8
2024 09 27  0031   60580    1860    0    -3.0     4.2     2.6     5.8    26.7   125.9
2024 09 27  0032   60580    1920    0    -2.9     4.3     2.5     5.8    25.9   124.2
2024 09 27  0033   60580    1980    0    -2.8     4.4     2.5     5.8    26.1   123.0
2024 09 27  0034   60580    2040    0    -1.9     3.7     3.7     5.6    41.9   116.7
2024 09 27  0035   60580    2100    0    -1.9     3.7     3.8     5.6    41.7   117.4
2024 09 27  0036   60580    2160    0    -2.2     3.9     3.4     5.7    37.3   119.5
2024 09 27  0037   60580    2220    0    -2.4     4.0     3.3     5.7    35.0   120.7
2024 09 27  0038   60580    2280    0    -2.2     4.1     3.2     5.7    34.4   117.5
2024 09 27  0039   60580    2340    0    -2.0     4.2     3.1     5.5    33.4   115.2
2024 09 27  0040   60580    2400    0    -1.9     4.3     2.9     5.5    31.5   113.1
2024 09 27  0041   60580    2460    0    -2.7     3.9     3.0     5.6    32.1   124.8
2024 09 27  0042   60580    2520    0    -2.0     4.4     2.8     5.6    30.5   114.9
2024 09 27  0043   60580    2580    0    -2.1     4.7     2.3     5.6    24.5   113.6
2024 09 27  0044   60580    2640    0    -2.1     4.4     2.6     5.6    28.2   115.9
2024 09 27  0045   60580    2700    0    -1.5     4.7     2.3     5.4    24.8   107.7
2024 09 27  0046   60580    2760    0    -1.1     4.7     2.1     5.2    23.9   103.1
2024 09 27  0047   60580    2820    0    -0.1     4.9     1.6     5.2    18.4    91.0
2024 09 27  0048   60580    2880    0    -0.5     4.9     1.6     5.2    18.1    96.2
2024 09 27  0049   60580    2940    0    -0.7     4.6     2.3     5.1    26.0    98.1
2024 09 27  0050   60580    3000    0    -1.2     4.4     2.6     5.3    30.0   105.6
2024 09 27  0051   60580    3060    0    -1.4     4.8     1.5     5.2    17.1   105.9
2024 09 27  0052   60580    3120    0    -1.6     4.8     1.5     5.3    16.2   108.2
2024 09 27  0053   60580    3180    0    -2.4     3.9     2.7     5.3    30.6   121.0
2024 09 27  0054   60580    3240    0    -3.0     3.3     3.6     5.7    38.8   132.5
2024 09 27  0055   60580    3300    0    -2.4     4.0     3.3     5.7    35.5   120.8
2024 09 27  0056   60580    3360    0    -2.3     4.1     3.3     5.7    35.4   119.0
2024 09 27  0057   60580    3420    0    -2.3     4.0     3.4     5.7    36.3   119.6
2024 09 27  0058   60580    3480    0    -1.8     3.7     3.8     5.7    42.8   115.6
2024 09 27  0059   60580    3540    0    -2.1     3.7     3.9     5.8    42.4   119.0
2024 09 27  0100   60580    3600    0    -2.3     3.8     3.7     5.8    39.9   121.8
2024 09 27  0101   60580    3660    0    -2.3     3.8     3.7     5.7    39.7   121.0
2024 09 27  0102   60580    3720    0    -2.1     3.7     3.8     5.7    41.6   119.9
2024 09 27  0103   60580    3780    0    -2.7     3.8     3.4     5.8    36.0   125.0
2024 09 27  0104   60580    3840    0    -2.4     3.7     3.6     5.7    39.1   122.8
2024 09 27  0105   60580    3900    0    -1.9     3.5     4.0     5.6    45.4   118.7
2024 09 27  0106   60580    3960    0    -2.1     3.7     3.6     5.6    39.8   120.0
2024 09 27  0107   60580    4020    0    -2.3     3.8     3.5     5.6    38.2   121.4
2024 09 27  0108   60580    4080    0    -2.4     3.7     3.6     5.7    38.8   122.6
2024 09 27  0109   60580    4140    0    -2.5     3.7     3.6     5.7    38.9   124.0
2024 09 27  0110   60580    4200    0    -2.4     3.9     3.2     5.6    35.2   122.3
2024 09 27  0111   60580    4260    0    -2.5     3.8     3.2     5.6    35.6   123.4
2024 09 27  0112   60580    4320    0    -2.2     3.7     3.6     5.6    39.4   120.5
2024 09 27  0113   60580    4380    0    -2.9     3.2     3.7     5.7    40.2   132.1
2024 09 27  0114   60580    4440    0    -2.7     3.7     3.3     5.7    35.8   126.6
2024 09 27  0115   60580    4500    0    -3.0     3.3     3.8     5.9    40.9   132.3
2024 09 27  0116   60580    4560    0    -2.7     3.2     3.8     5.6    42.3   129.5
2024 09 27  0117   60580    4620    0    -2.3     3.7     3.7     5.7    40.2   122.0
2024 09 27  0118   60580    4680    0    -2.9     3.3     3.8     5.8    40.8   131.6
2024 09 27  0119   60580    4740    0    -3.0     3.4     3.8     5.9    39.8   131.8
2024 09 27  0120   60580    4800    0    -3.1     3.1     4.1     6.0    42.9   135.4
2024 09 27  0121   60580    4860    0    -3.1     3.0     4.1     6.0    43.5   136.4
2024 09 27  0122   60580    4920    0    -3.3     2.9     4.1     6.0    42.5   138.6
2024 09 27  0123   60580    4980    0    -3.5     2.8     3.9     6.0    41.3   140.7
2024 09 27  0124   60580    5040    0    -3.4     3.1     2.3     5.1    26.6   137.7
2024 09 27  0125   60580    5100    0    -3.4     3.7     0.7     5.0     7.9   132.8
2024 09 27  0126   60580    5160    0    -3.0     3.4    -0.4     4.6    -5.0   131.3
2024 09 27  0127   60580    5220    0    -3.0     3.5    -0.3     4.6    -3.2   130.2
2024 09 27  0128   60580    5280    0    -2.8     3.6    -0.4     4.6    -4.6   128.3
2024 09 27  0129   60580    5340    0    -2.8     3.6     0.2     4.6     2.5   127.3
2024 09 27  0130   60580    5400    0    -3.0     3.4    -0.4     4.6    -5.2   132.0
2024 09 27  0131   60580    5460    0    -2.7     3.6     0.4     4.5     5.3   127.3
2024 09 27  0132   60580    5520    0    -2.8     3.7     1.1     4.7    12.8   127.5
2024 09 27  0133   60580    5580    0    -2.0     4.1     1.4     4.8    17.5   116.6
2024 09 27  0134   60580    5640    0    -3.1     3.7     1.9     5.2    21.4   130.2
2024 09 27  0135   60580    5700    0    -2.9     3.5     2.3     5.1    27.2   129.3
2024 09 27  0136   60580    5760    0    -3.5     3.7     2.0     5.4    21.4   133.4
2024 09 27  0137   60580    5820    0    -3.6     3.5     2.2     5.5    23.4   136.2
2024 09 27  0138   60580    5880    0    -3.6     3.4     2.1     5.4    23.5   137.0
2024 09 27  0139   60580    5940    0    -3.5     3.9     1.3     5.5    13.9   131.9
2024 09 27  0140   60580    6000    0    -3.6     3.9     1.5     5.5    16.0   132.9
2024 09 27  0141   60580    6060    0    -3.3     4.1     1.5     5.4    15.7   129.1
2024 09 27  0142   60580    6120    0    -3.5     4.0     1.4     5.5    14.6   130.8
2024 09 27  0143   60580    6180    0    -3.5     3.7     2.1     5.5    22.2   133.5
2024 09 27  0144   60580    6240    0    -3.7     3.6     2.0     5.5    21.0   136.5
2024 09 27  0145   60580    6300    0    -3.6     3.6     1.9     5.4    20.1   135.5
2024 09 27  0146   60580    6360    0    -3.3     3.2     3.0     5.5    33.0   135.6
2024 09 27  0147   60580    6420    0    -3.3     3.3     2.9     5.5    31.5   135.5
2024 09 27  0148   60580    6480    0    -3.9     3.5     0.6     5.3     6.6   138.3
2024 09 27  0149   60580    6540    0    -3.9     3.4    -0.3     5.1    -3.3   138.9
2024 09 27  0150   60580    6600    0    -4.1     3.2    -1.2     5.3   -12.9   141.8
2024 09 27  0151   60580    6660    0    -4.1     3.2    -1.4     5.4   -14.7   142.3
2024 09 27  0152   60580    6720    0    -4.2     3.0    -1.3     5.3   -13.7   144.9
2024 09 27  0153   60580    6780    0    -3.8     3.2    -1.4     5.2   -15.6   140.2
2024 09 27  0154   60580    6840    0    -1.8     1.5    -3.9     4.6   -59.7   139.7
2024 09 27  0155   60580    6900    0    -1.0     1.2    -4.7     5.0   -72.0   129.2
2024 09 27  0156   60580    6960    0    -1.0     1.2    -4.7     5.0   -71.5   129.6
2024 09 27  0157   60580    7020    0    -1.0     1.6    -4.7     5.1   -68.6   123.4
2024 09 27  0158   60580    7080    0    -1.3     1.8    -4.4     5.0   -63.5   125.5
2024 09 27  0159   60580    7140    0    -1.1     1.9    -4.3     4.8   -62.9   119.8
2024 09 27  0200   60580    7200    0    -1.6     2.2    -4.4     5.1   -58.6   126.3
2024 09 27  0201   60580    7260    0    -1.2     1.6    -4.5     4.9   -66.0   127.4
2024 09 27  0202   60580    7320    0    -1.3     1.7    -4.5     5.0   -64.6   126.0
2024 09 27  0203   60580    7380    0    -1.2     1.8    -4.5     5.0   -64.5   122.6
2024 09 27  0204   60580    7440    0    -1.1     1.9    -4.5     5.0   -63.7   120.1
2024 09 27  0205   60580    7500    0    -1.2     2.0    -4.5     5.0   -62.5   121.1
2024 09 27  0206   60580    7560    0    -1.1     2.1    -4.4     5.0   -61.5   118.7
2024 09 27  0207   60580    7620    0    -1.2     2.0    -4.1     4.7   -60.8   121.1
2024 09 27  0208   60580    7680    0    -1.2     2.3    -3.9     4.7   -57.0   117.8
2024 09 27  0209   60580    7740    0    -1.0     2.5    -3.9     4.7   -55.1   111.1
2024 09 27  0210   60580    7800    0    -1.3     2.2    -4.0     4.7   -57.0   119.7
2024 09 27  0211   60580    7860    0    -1.5     2.2    -4.0     4.8   -55.8   123.2
2024 09 27  0212   60580    7920    0    -1.1     2.0    -4.2     4.8   -61.0   119.5
2024 09 27  0213   60580    7980    0    -0.8     2.0    -4.2     4.7   -63.4   111.5
2024 09 27  0214   60580    8040    0    -1.0     2.2    -4.0     4.7   -59.0   115.3
2024 09 27  0215   60580    8100    0    -1.1     2.6    -3.7     4.7   -52.6   113.6
2024 09 27  0216   60580    8160    0    -1.5     2.8    -3.5     4.7   -47.5   118.2
2024 09 27  0217   60580    8220    0    -1.8     2.6    -3.7     4.9   -50.0   124.2
2024 09 27  0218   60580    8280    0    -1.5     2.4    -4.0     4.9   -55.4   122.2
2024 09 27  0219   60580    8340    0    -1.7     2.5    -4.0     5.0   -53.0   123.8
2024 09 27  0220   60580    8400    0    -2.0     2.4    -3.9     5.0   -51.8   129.6
2024 09 27  0221   60580    8460    0    -2.0     2.2    -4.1     5.0   -54.3   131.9
2024 09 27  0222   60580    8520    0    -1.7     2.3    -4.2     5.1   -55.6   126.1
2024 09 27  0223   60580    8580    0    -2.0     2.2    -4.1     5.0   -54.2   132.4
2024 09 27  0224   60580    8640    0    -1.6     2.3    -4.1     5.0   -55.8   125.6
2024 09 27  0225   60580    8700    0    -2.2     2.3    -3.9     5.1   -51.1   133.8
2024 09 27  0226   60580    8760    0    -2.4     2.1    -4.0     5.1   -51.7   138.8
2024 09 27  0227   60580    8820    0    -2.4     2.2    -4.0     5.2   -51.1   137.6
2024 09 27  0228   60580    8880    0    -2.2     2.3    -4.1     5.1   -52.3   134.2
2024 09 27  0229   60580    8940    0    -2.6     2.2    -3.8     5.1   -48.7   139.5
2024 09 27  0230   60580    9000    0    -1.5     1.9    -4.5     5.1   -61.7   129.5
2024 09 27  0231   60580    9060    0    -2.7     2.3    -3.4     4.9   -44.0   139.5
2024 09 27  0232   60580    9120    0    -2.3     2.5    -3.5     4.9   -45.4   132.4
2024 09 27  0233   60580    9180    0    -1.8     2.5    -3.6     4.7   -49.2   125.8
2024 09 27  0234   60580    9240    0    -1.6     2.1    -3.4     4.3   -52.2   128.0
2024 09 27  0235   60580    9300    0    -1.2     2.0    -3.6     4.3   -57.5   121.3
2024 09 27  0236   60580    9360    0    -0.8     2.0    -3.6     4.2   -58.7   110.3
2024 09 27  0237   60580    9420    0    -1.4     2.4    -3.2     4.2   -49.2   119.8
2024 09 27  0238   60580    9480    0    -1.5     2.8    -3.3     4.6   -46.4   118.7
2024 09 27  0239   60580    9540    0    -1.5     3.0    -3.6     4.9   -47.0   117.1
2024 09 27  0240   60580    9600    0    -3.3     2.1    -3.1     5.0   -37.7   147.5
2024 09 27  0241   60580    9660    0    -1.4     3.0    -3.8     5.0   -48.3   115.0
2024 09 27  0242   60580    9720    0    -0.5     3.2    -3.9     5.1   -50.5    98.5
2024 09 27  0243   60580    9780    0    -1.0     2.7    -4.1     5.0   -55.3   110.7
2024 09 27  0244   60580    9840    0    -2.4     2.9    -3.1     4.9   -39.6   130.1
2024 09 27  0245   60580    9900    0    -2.2     2.6    -3.7     5.0   -47.4   130.0
2024 09 27  0246   60580    9960    0    -2.1     2.6    -3.6     4.9   -47.0   128.3
2024 09 27  0247   60580   10020    0    -1.9     2.5    -3.9     5.0   -51.3   126.9
2024 09 27  0248   60580   10080    0    -2.1     2.3    -3.8     4.9   -50.5   133.0
2024 09 27  0249   60580   10140    0    -2.1     2.6    -3.7     5.0   -48.0   129.4
2024 09 27  0250   60580   10200    0    -2.4     2.4    -3.7     5.0   -47.8   134.1
2024 09 27  0251   60580   10260    0    -2.3     2.1    -4.0     5.1   -51.9   137.5
2024 09 27  0252   60580   10320    0    -1.9     2.0    -4.3     5.1   -57.0   134.1
2024 09 27  0253   60580   10380    0    -2.7     2.2    -2.7     4.4   -38.7   140.8
2024 09 27  0254   60580   10440    0    -3.0     2.2    -1.8     4.2   -25.4   143.4
2024 09 27  0255   60580   10500    0    -3.0     2.3    -1.8     4.2   -25.1   142.3
2024 09 27  0256   60580   10560    0    -3.0     2.0    -2.3     4.3   -32.4   145.9
2024 09 27  0257   60580   10620    0    -2.5     1.9    -2.7     4.2   -40.6   142.6
2024 09 27  0258   60580   10680    0    -2.7     1.9    -2.5     4.2   -37.5   143.9
2024 09 27  0259   60580   10740    0    -2.7     2.1    -2.6     4.3   -36.7   143.0
2024 09 27  0300   60580   10800    0    -1.4     2.0    -3.4     4.2   -54.7   124.1
2024 09 27  0301   60580   10860    0    -1.5     2.1    -3.6     4.5   -54.6   126.2
2024 09 27  0302   60580   10920    0    -1.3     2.1    -3.6     4.3   -55.6   121.9
2024 09 27  0303   60580   10980    0    -1.5     2.0    -3.3     4.2   -53.0   126.5
2024 09 27  0304   60580   11040    0    -1.9     1.9    -2.8     3.9   -46.3   134.7
2024 09 27  0305   60580   11100    0    -1.7     1.7    -2.8     3.7   -48.8   134.7
2024 09 27  0306   60580   11160    0    -1.9     1.8    -2.7     3.8   -45.6   135.8
2024 09 27  0307   60580   11220    0    -2.3     1.6    -2.3     3.6   -38.8   144.7
2024 09 27  0308   60580   11280    0    -2.5     1.8    -2.2     3.8   -35.0   145.0
2024 09 27  0309   60580   11340    0    -2.7     1.9    -2.2     4.0   -33.8   145.9
2024 09 27  0310   60580   11400    0    -2.6     1.9    -2.4     4.0   -36.3   144.4
2024 09 27  0311   60580   11460    0    -2.5     1.8    -2.3     3.8   -37.3   145.1
2024 09 27  0312   60580   11520    0    -2.5     1.7    -2.3     3.8   -36.7   146.7
2024 09 27  0313   60580   11580    0    -2.6     1.7    -2.1     3.7   -34.3   146.2
2024 09 27  0314   60580   11640    0    -2.9     1.9    -1.3     3.7   -21.0   147.1
2024 09 27  0315   60580   11700    0    -2.8     1.7    -1.0     3.4   -17.2   149.3
2024 09 27  0316   60580   11760    0    -2.8     1.7    -1.0     3.4   -17.0   148.8
2024 09 27  0317   60580   11820    0    -2.8     1.5    -1.3     3.4   -21.9   151.2
2024 09 27  0318   60580   11880    0    -2.4     1.9    -1.1     3.3   -20.0   140.9
2024 09 27  0319   60580   11940    0    -2.2     1.1    -1.0     2.6   -22.0   154.0
2024 09 27  0320   60580   12000    0    -1.5     0.5    -0.2     1.6    -6.5   163.7
2024 09 27  0321   60580   12060    0    -2.7     0.6    -0.1     2.8    -1.7   166.7
2024 09 27  0322   60580   12120    0    -2.7     0.6    -0.3     2.8    -5.3   166.9
2024 09 27  0323   60580   12180    0    -2.6     0.7    -0.5     2.7   -11.3   165.0
2024 09 27  0324   60580   12240    0    -2.4     0.8    -0.4     2.6    -8.6   161.8
2024 09 27  0325   60580   12300    0    -2.4     1.3    -1.5     3.1   -28.4   151.8
2024 09 27  0326   60580   12360    0    -3.0     1.6    -0.6     3.5   -10.2   152.5
2024 09 27  0327   60580   12420    0    -3.0     1.5    -0.6     3.4    -9.3   153.6
2024 09 27  0328   60580   12480    0    -2.6     1.2    -0.7     3.0   -14.6   155.7
2024 09 27  0329   60580   12540    0    -2.4     1.4    -1.2     3.0   -22.5   149.2
2024 09 27  0330   60580   12600    0    -2.4     1.9    -1.4     3.4   -24.7   142.6
2024 09 27  0331   60580   12660    0    -2.6     1.9    -1.7     3.6   -27.9   143.1
2024 09 27  0332   60580   12720    0    -2.9     1.7    -1.1     3.6   -18.2   148.9
2024 09 27  0333   60580   12780    0    -2.8     1.7    -1.0     3.4   -17.0   148.8
2024 09 27  0334   60580   12840    0    -3.6     1.3    -0.5     3.8    -7.8   160.4
2024 09 27  0335   60580   12900    0    -3.6     0.7    -1.1     3.9   -16.3   169.2
2024 09 27  0336   60580   12960    0    -2.5     1.7    -1.9     3.6   -31.9   146.5
2024 09 27  0337   60580   13020    0    -2.5     1.9    -1.6     3.5   -27.1   142.5
2024 09 27  0338   60580   13080    0    -2.7     1.8    -1.8     3.7   -29.1   146.3
2024 09 27  0339   60580   13140    0    -1.7     2.5    -1.9     3.5   -33.0   124.2
2024 09 27  0340   60580   13200    0    -2.0     2.5    -1.3     3.4   -23.0   128.3
2024 09 27  0341   60580   13260    0    -1.6     2.5    -2.7     4.0   -41.7   123.0
2024 09 27  0342   60580   13320    0    -0.8     2.3    -4.5     5.1   -61.0   109.1
2024 09 27  0343   60580   13380    0    -0.7     2.7    -4.6     5.3   -59.0   104.3
2024 09 27  0344   60580   13440    0    -0.7     1.8    -5.0     5.4   -69.1   112.3
2024 09 27  0345   60580   13500    0    -0.5     2.0    -5.1     5.5   -68.6   103.2
2024 09 27  0346   60580   13560    0    -0.1     1.7    -5.2     5.4   -72.2    94.7
2024 09 27  0347   60580   13620    0     0.2     2.2    -5.0     5.4   -66.2    84.0
2024 09 27  0348   60580   13680    0    -0.4     2.4    -4.9     5.5   -63.9    98.6
2024 09 27  0349   60580   13740    0    -0.5     2.3    -5.0     5.5   -64.4   102.2
2024 09 27  0350   60580   13800    0    -0.7     2.3    -5.0     5.6   -64.2   107.5
2024 09 27  0351   60580   13860    0     0.0     2.7    -4.9     5.6   -61.3    89.2
2024 09 27  0352   60580   13920    0    -0.1     2.4    -4.8     5.4   -63.5    92.8
2024 09 27  0353   60580   13980    0    -0.8     2.0    -5.0     5.5   -66.6   112.7
2024 09 27  0354   60580   14040    0    -0.3     2.4    -4.6     5.2   -62.1    96.1
2024 09 27  0355   60580   14100    0    -2.7     0.3    -3.7     4.6   -53.9   173.6
2024 09 27  0356   60580   14160    0    -1.5     1.7    -3.9     4.5   -59.9   131.8
2024 09 27  0357   60580   14220    0     0.9     3.2    -4.0     5.2   -50.4    74.0
2024 09 27  0358   60580   14280    0     1.5     3.2    -4.1     5.4   -49.6    64.2
2024 09 27  0359   60580   14340    0     1.3     3.2    -5.1     6.2   -55.9    67.3
2024 09 27  0400   60580   14400    0     1.3     3.1    -4.3     5.5   -51.9    67.7
2024 09 27  0401   60580   14460    0     1.4     2.8    -4.4     5.4   -54.4    63.6
2024 09 27  0402   60580   14520    0     0.9     3.0    -4.3     5.4   -53.8    72.8
2024 09 27  0403   60580   14580    0     1.0     2.6    -4.6     5.4   -59.3    69.5
2024 09 27  0404   60580   14640    0     0.9     2.3    -4.8     5.4   -63.2    68.9
2024 09 27  0405   60580   14700    0     0.4     2.9    -4.5     5.4   -57.5    82.0
2024 09 27  0406   60580   14760    0     0.4     3.4    -4.3     5.5   -51.6    83.5
2024 09 27  0407   60580   14820    0     0.9     3.3    -4.4     5.5   -52.1    75.4
2024 09 27  0408   60580   14880    0     1.6     3.4    -3.9     5.4   -45.8    65.1
2024 09 27  0409   60580   14940    0     1.5     3.1    -4.3     5.5   -51.6    64.2
2024 09 27  0410   60580   15000    0     1.6     2.5    -4.6     5.5   -57.2    57.1
2024 09 27  0411   60580   15060    0     2.0     2.0    -4.8     5.6   -59.3    45.4
2024 09 27  0412   60580   15120    0     1.8     2.0    -4.8     5.5   -60.9    47.3
2024 09 27  0413   60580   15180    0     0.3     3.0    -4.5     5.4   -56.0    83.9
2024 09 27  0414   60580   15240    0     1.2     1.3    -5.1     5.4   -70.9    48.4
2024 09 27  0415   60580   15300    0     0.7     2.9    -4.6     5.5   -57.5    76.0
2024 09 27  0416   60580   15360    0     0.8     2.4    -4.8     5.5   -62.7    70.5
2024 09 27  0417   60580   15420    0     1.1     2.3    -4.9     5.5   -62.5    65.4
2024 09 27  0418   60580   15480    0     1.0     2.8    -4.6     5.5   -57.0    71.0
2024 09 27  0419   60580   15540    0     0.8     2.8    -4.7     5.5   -58.5    73.5
2024 09 27  0420   60580   15600    0     0.5     2.9    -4.6     5.5   -57.6    79.2
2024 09 27  0421   60580   15660    0     0.7     2.9    -4.6     5.5   -57.4    76.5
2024 09 27  0422   60580   15720    0     0.9     2.9    -4.5     5.4   -56.1    73.2
2024 09 27  0423   60580   15780    0     1.2     2.9    -4.6     5.6   -56.0    66.9
2024 09 27  0424   60580   15840    0     1.3     2.4    -4.7     5.4   -59.7    62.2
2024 09 27  0425   60580   15900    0     1.1     2.4    -4.7     5.3   -60.7    64.3
2024 09 27  0426   60580   15960    0     1.3     2.1    -4.8     5.3   -63.0    58.5
2024 09 27  0427   60580   16020    0     1.5     1.8    -4.9     5.4   -64.5    49.3
2024 09 27  0428   60580   16080    0     1.6     2.0    -4.7     5.4   -61.7    51.1
2024 09 27  0429   60580   16140    0     1.0     1.7    -4.9     5.3   -68.0    61.3
2024 09 27  0430   60580   16200    0     1.3     2.0    -4.7     5.3   -62.9    57.0
2024 09 27  0431   60580   16260    0     1.0     2.1    -4.8     5.3   -63.9    63.9
2024 09 27  0432   60580   16320    0     1.2     1.7    -5.0     5.4   -67.1    53.7
2024 09 27  0433   60580   16380    0     1.3     1.8    -5.0     5.4   -65.8    53.2
2024 09 27  0434   60580   16440    0     1.4     1.5    -4.9     5.3   -67.9    46.6
2024 09 27  0435   60580   16500    0     1.4     0.9    -4.8     5.1   -70.5    31.7
2024 09 27  0436   60580   16560    0     1.5     1.0    -4.7     5.0   -69.0    35.3
2024 09 27  0437   60580   16620    0     0.5     2.8    -4.7     5.5   -59.1    79.0
2024 09 27  0438   60580   16680    0     0.7     2.8    -4.9     5.7   -59.5    76.5
2024 09 27  0439   60580   16740    0     0.8     3.4    -4.3     5.5   -50.9    76.9
2024 09 27  0440   60580   16800    0     1.0     3.0    -4.4     5.4   -53.9    71.3
2024 09 27  0441   60580   16860    0     0.6     3.2    -4.4     5.5   -53.7    78.9
2024 09 27  0442   60580   16920    0     0.4     3.3    -4.3     5.5   -52.1    83.1
2024 09 27  0443   60580   16980    0     0.9     3.1    -4.6     5.6   -55.2    74.2
2024 09 27  0444   60580   17040    0     0.9     3.1    -4.5     5.6   -54.0    73.5
2024 09 27  0445   60580   17100    0     1.0     3.1    -4.4     5.5   -53.6    72.0
2024 09 27  0446   60580   17160    0     0.9     3.2    -4.5     5.5   -53.7    74.8
2024 09 27  0447   60580   17220    0     0.8     2.5    -4.8     5.5   -61.1    72.0
2024 09 27  0448   60580   17280    0     0.9     3.1    -4.7     5.7   -55.4    73.8
2024 09 27  0449   60580   17340    0     0.7     3.0    -4.8     5.7   -57.6    76.8
2024 09 27  0450   60580   17400    0     0.7     2.8    -4.9     5.8   -59.2    75.4
2024 09 27  0451   60580   17460    0     1.2     2.1    -5.0     5.5   -64.3    60.1
2024 09 27  0452   60580   17520    0     0.8     2.0    -5.2     5.7   -67.4    68.5
2024 09 27  0453   60580   17580    0     0.6     1.8    -5.4     5.7   -70.5    72.3
2024 09 27  0454   60580   17640    0     0.6     2.0    -5.3     5.7   -68.5    73.2
2024 09 27  0455   60580   17700    0     0.8     1.9    -5.2     5.6   -68.7    68.3
2024 09 27  0456   60580   17760    0     0.9     1.9    -5.1     5.5   -67.0    64.4
2024 09 27  0457   60580   17820    0     0.3     2.3    -5.1     5.6   -65.4    83.9
2024 09 27  0458   60580   17880    0     1.0     2.4    -4.7     5.4   -61.3    66.1
2024 09 27  0459   60580   17940    0     1.2     2.3    -4.6     5.3   -60.8    61.5
2024 09 27  0500   60580   18000    0     1.1     2.3    -4.6     5.3   -61.0    64.3
2024 09 27  0501   60580   18060    0     0.6     2.4    -4.7     5.3   -62.0    75.6
2024 09 27  0502   60580   18120    0     0.4     2.3    -4.7     5.2   -63.4    79.8
2024 09 27  0503   60580   18180    0    -0.1     2.3    -4.8     5.3   -64.2    91.9
2024 09 27  0504   60580   18240    0    -0.3     2.1    -5.0     5.5   -66.6    98.7
2024 09 27  0505   60580   18300    0    -0.1     2.1    -4.8     5.3   -66.1    93.5
2024 09 27  0506   60580   18360    0    -0.6     2.1    -4.9     5.4   -66.1   105.5
2024 09 27  0507   60580   18420    0    -0.5     2.1    -4.9     5.4   -66.5   104.3
2024 09 27  0508   60580   18480    0     0.7     2.4    -4.6     5.2   -61.3    74.0
2024 09 27  0509   60580   18540    0     1.3     2.7    -4.4     5.3   -56.1    63.7
2024 09 27  0510   60580   18600    0    -1.7     2.1    -4.9     5.6   -61.3   127.7
2024 09 27  0511   60580   18660    0    -1.7     1.9    -5.1     5.7   -63.8   132.7
2024 09 27  0512   60580   18720    0    -2.2     1.1    -5.2     5.8   -64.6   152.6
2024 09 27  0513   60580   18780    0    -2.0     1.5    -5.4     5.9   -65.6   143.5
2024 09 27  0514   60580   18840    0    -2.0     1.3    -5.3     5.8   -66.3   147.1
2024 09 27  0515   60580   18900    0    -1.4     1.3    -5.5     5.8   -71.2   137.5
2024 09 27  0516   60580   18960    0    -1.7     1.1    -5.5     5.8   -69.4   147.0
2024 09 27  0517   60580   19020    0    -1.7     1.1    -5.4     5.8   -69.8   146.2
2024 09 27  0518   60580   19080    0    -1.6     0.9    -5.2     5.5   -69.9   150.0
2024 09 27  0519   60580   19140    0    -1.3     1.5    -4.9     5.3   -68.3   130.9
2024 09 27  0520   60580   19200    0    -0.6     2.5    -4.6     5.3   -60.8   103.7
2024 09 27  0521   60580   19260    0    -1.0     2.6    -4.7     5.5   -58.8   110.7
2024 09 27  0522   60580   19320    0    -1.2     2.7    -4.6     5.5   -57.5   113.3
2024 09 27  0523   60580   19380    0    -0.5     3.0    -4.7     5.6   -57.5    99.7
2024 09 27  0524   60580   19440    0    -0.4     2.7    -5.0     5.7   -61.8    98.3
2024 09 27  0525   60580   19500    0     0.9     2.8    -4.9     5.7   -59.0    72.2
2024 09 27  0526   60580   19560    0     0.1     2.8    -5.0     5.7   -60.9    88.0
2024 09 27  0527   60580   19620    0    -0.1     2.7    -5.1     5.7   -61.9    92.7
2024 09 27  0528   60580   19680    0     0.2     3.3    -4.8     5.8   -55.1    86.7
2024 09 27  0529   60580   19740    0     0.1     3.3    -4.9     5.9   -56.2    88.8
2024 09 27  0530   60580   19800    0     0.1     3.2    -4.8     5.8   -55.9    87.9
2024 09 27  0531   60580   19860    0     0.5     2.8    -5.1     5.8   -60.6    80.0
2024 09 27  0532   60580   19920    0     0.5     3.0    -5.0     5.8   -58.9    81.2
2024 09 27  0533   60580   19980    0     0.6     3.1    -4.9     5.9   -57.4    79.2
2024 09 27  0534   60580   20040    0     0.4     3.1    -5.1     6.0   -58.8    83.1
2024 09 27  0535   60580   20100    0     0.3     2.9    -5.2     5.9   -60.4    85.0
2024 09 27  0536   60580   20160    0     0.2     2.9    -5.2     5.9   -61.0    86.8
2024 09 27  0537   60580   20220    0    -0.1     2.7    -5.4     6.0   -63.7    91.1
2024 09 27  0538   60580   20280    0    -1.1     2.1    -5.7     6.1   -67.9   117.2
2024 09 27  0539   60580   20340    0    -0.5     2.1    -5.7     6.1   -69.0   103.9
2024 09 27  0540   60580   20400    0     0.2     2.8    -5.4     6.0   -62.7    85.6
2024 09 27  0541   60580   20460    0     0.3     2.8    -5.3     6.0   -61.8    84.8
2024 09 27  0542   60580   20520    0     0.2     2.8    -5.3     6.0   -62.1    85.1
2024 09 27  0543   60580   20580    0     0.7     3.1    -5.0     5.9   -58.2    77.1
2024 09 27  0544   60580   20640    0     0.8     3.1    -5.0     6.0   -57.2    75.5
2024 09 27  0545   60580   20700    0     0.6     3.0    -5.1     5.9   -58.8    78.9
2024 09 27  0546   60580   20760    0     0.4     3.0    -5.2     6.0   -59.9    81.4
2024 09 27  0547   60580   20820    0     0.3     2.7    -5.3     6.0   -63.1    82.8
2024 09 27  0548   60580   20880    0    -0.1     2.4    -5.6     6.0   -66.8    92.4
2024 09 27  0549   60580   20940    0    -0.1     2.5    -5.5     6.0   -65.5    92.5
2024 09 27  0550   60580   21000    0     0.1     2.3    -5.6     6.0   -67.7    88.7
2024 09 27  0551   60580   21060    0     0.1     2.1    -5.7     6.1   -69.9    87.3
2024 09 27  0552   60580   21120    0    -0.1     1.6    -5.8     6.1   -74.4    92.8
2024 09 27  0553   60580   21180    0    -0.0     1.7    -5.8     6.1   -73.9    90.4
2024 09 27  0554   60580   21240    0    -0.1     1.7    -5.9     6.1   -74.2    92.2
2024 09 27  0555   60580   21300    0    -0.1     1.6    -5.9     6.1   -74.9    95.3
2024 09 27  0556   60580   21360    0    -0.3     1.6    -5.9     6.1   -74.5   102.1
2024 09 27  0557   60580   21420    0    -0.3     1.6    -5.9     6.1   -74.3   100.2
2024 09 27  0558   60580   21480    0     0.1     1.5    -5.9     6.1   -75.4    86.6
2024 09 27  0559   60580   21540    0     0.0     1.7    -5.8     6.1   -73.4    88.7
2024 09 27  0600   60580   21600    0    -0.4     1.6    -5.9     6.2   -74.5   104.0
2024 09 27  0601   60580   21660    0    -0.4     1.4    -6.0     6.2   -76.4   104.4
2024 09 27  0602   60580   21720    0    -0.6     0.5    -6.1     6.2   -82.8   142.4
2024 09 27  0603   60580   21780    0    -0.5     1.7    -5.9     6.1   -73.7   105.5
2024 09 27  0604   60580   21840    0    -0.8     2.4    -5.6     6.1   -65.9   107.6
2024 09 27  0605   60580   21900    0    -1.0     3.0    -5.3     6.1   -59.4   108.4
2024 09 27  0606   60580   21960    0    -0.5     1.7    -5.9     6.1   -73.6   107.2
2024 09 27  0607   60580   22020    0    -0.5     1.7    -5.9     6.2   -73.6   106.9
2024 09 27  0608   60580   22080    0    -0.3     1.7    -5.9     6.2   -74.1    99.5
2024 09 27  0609   60580   22140    0    -0.0     2.1    -5.8     6.1   -70.1    90.1
2024 09 27  0610   60580   22200    0    -0.4     2.0    -5.6     6.0   -69.6   100.1
2024 09 27  0611   60580   22260    0    -0.2     2.0    -5.6     6.0   -70.5    94.4
2024 09 27  0612   60580   22320    0    -0.1     1.7    -5.7     6.0   -73.2    92.8
2024 09 27  0613   60580   22380    0    -0.7     1.2    -5.9     6.0   -76.8   119.8
2024 09 27  0614   60580   22440    0    -0.8     1.3    -5.8     6.0   -74.8   121.6
2024 09 27  0615   60580   22500    0    -0.8     1.5    -5.8     6.1   -73.2   118.3
2024 09 27  0616   60580   22560    0    -0.8     1.3    -5.9     6.1   -75.3   119.4
2024 09 27  0617   60580   22620    0    -0.6     1.2    -5.8     6.0   -77.4   116.6
2024 09 27  0618   60580   22680    0    -0.5     1.2    -5.8     6.0   -77.4   113.3
2024 09 27  0619   60580   22740    0    -0.6     1.3    -5.8     6.0   -76.2   112.9
2024 09 27  0620   60580   22800    0    -0.3     1.5    -5.7     5.9   -75.2   102.3
2024 09 27  0621   60580   22860    0    -0.4     1.6    -5.7     5.9   -74.0   105.4
2024 09 27  0622   60580   22920    0    -1.3     1.3    -5.8     6.0   -72.2   135.5
2024 09 27  0623   60580   22980    0    -1.4     1.3    -5.8     6.1   -71.7   138.2
2024 09 27  0624   60580   23040    0    -1.8     1.5    -5.1     5.6   -65.0   139.9
2024 09 27  0625   60580   23100    9  -999.9  -999.9  -999.9  -999.9  -999.9  -999.9
2024 09 27  0626   60580   23160    0     0.1     2.6    -5.3     5.9   -63.9    87.2
2024 09 27  0627   60580   23220    0    -0.3     2.4    -5.3     5.9   -65.5    97.0
2024 09 27  0628   60580   23280    0    -0.7     2.3    -5.5     6.0   -66.5   106.8
2024 09 27  0629   60580   23340    0    -1.4     2.2    -5.4     6.0   -64.8   122.3
2024 09 27  0630   60580   23400    0    -1.8     1.8    -5.5     6.1   -65.4   133.8
2024 09 27  0631   60580   23460    0    -1.4     1.8    -5.6     6.0   -67.8   126.9
2024 09 27  0632   60580   23520    0    -1.3     2.0    -5.5     6.0   -66.4   123.7
2024 09 27  0633   60580   23580    0    -1.7     2.1    -5.4     6.0   -63.2   128.3
2024 09 27  0634   60580   23640    0    -1.8     2.0    -5.4     6.0   -64.0   131.7
2024 09 27  0635   60580   23700    0    -1.8     1.9    -5.3     5.9   -63.4   133.6
2024 09 27  0636   60580   23760    0    -1.5     2.2    -5.3     5.9   -63.1   125.3
2024 09 27  0637   60580   23820    0    -1.6     2.3    -5.2     5.9   -62.1   124.8
2024 09 27  0638   60580   23880    0    -1.6     2.4    -5.1     5.8   -60.1   122.7
2024 09 27  0639   60580   23940    0    -1.1     2.6    -5.1     5.8   -60.7   113.5
2024 09 27  0640   60580   24000    0    -0.9     2.6    -5.2     5.9   -62.0   109.2
2024 09 27  0641   60580   24060    0    -0.9     2.8    -5.1     5.9   -60.3   107.8
2024 09 27  0642   60580   24120    0    -1.0     2.7    -5.2     5.9   -61.1   111.4
2024 09 27  0643   60580   24180    0    -0.8     2.6    -5.1     5.8   -61.9   106.9
2024 09 27  0644   60580   24240    0    -1.1     2.7    -5.1     5.9   -59.9   112.1
2024 09 27  0645   60580   24300    0    -1.9     2.6    -5.1     6.0   -57.8   126.0
2024 09 27  0646   60580   24360    0    -0.9     2.2    -5.3     5.8   -66.0   112.6
2024 09 27  0647   60580   24420    0    -1.3     2.7    -5.2     5.9   -60.2   116.0
2024 09 27  0648   60580   24480    0    -0.9     2.5    -5.1     5.8   -63.0   109.0
2024 09 27  0649   60580   24540    0    -1.4     2.7    -5.0     5.9   -59.0   117.1
2024 09 27  0650   60580   24600    0     0.1     2.4    -5.2     5.8   -65.3    88.4
2024 09 27  0651   60580   24660    0    -0.3     2.5    -5.2     5.8   -64.0    95.8
2024 09 27  0652   60580   24720    0    -0.9     2.7    -5.0     5.8   -60.8   107.8
2024 09 27  0653   60580   24780    0    -1.5     3.2    -4.7     5.9   -53.2   114.7
2024 09 27  0654   60580   24840    0    -1.0     2.9    -5.0     5.8   -58.1   108.4
2024 09 27  0655   60580   24900    0    -0.1     2.3    -5.3     5.7   -66.5    92.5
2024 09 27  0656   60580   24960    0     0.3     2.2    -5.2     5.6   -66.8    81.9
2024 09 27  0657   60580   25020    0    -0.3     2.6    -5.0     5.6   -62.4    95.6
2024 09 27  0658   60580   25080    0    -0.4     2.7    -4.9     5.7   -60.8    98.3
2024 09 27  0659   60580   25140    0    -1.0     2.8    -4.9     5.7   -58.5   109.0
2024 09 27  0700   60580   25200    0    -0.8     2.8    -4.9     5.7   -59.2   105.6
2024 09 27  0701   60580   25260    0    -0.5     2.8    -4.9     5.7   -59.6   100.7
2024 09 27  0702   60580   25320    0    -0.7     2.9    -4.8     5.7   -58.3   102.9
2024 09 27  0703   60580   25380    0    -0.9     2.9    -4.8     5.7   -57.5   107.0
2024 09 27  0704   60580   25440    0    -1.4     3.5    -3.7     5.3   -44.7   111.1
2024 09 27  0705   60580   25500    0    -1.4     4.0    -3.2     5.3   -37.3   109.2
2024 09 27  0706   60580   25560    0    -0.7     4.5    -3.1     5.5   -33.9    98.4
2024 09 27  0707   60580   25620    0    -0.3     4.1    -3.6     5.5   -41.7    94.9
2024 09 27  0708   60580   25680    0     0.1     4.0    -3.9     5.6   -44.0    88.6
2024 09 27  0709   60580   25740    0     0.1     3.4    -4.4     5.6   -51.7    88.2
2024 09 27  0710   60580   25800    0     0.3     2.9    -4.7     5.5   -58.3    83.1
2024 09 27  0711   60580   25860    0    -0.3     3.1    -4.7     5.6   -56.6    96.1
2024 09 27  0712   60580   25920    0    -0.4     2.9    -4.8     5.6   -58.8    98.9
2024 09 27  0713   60580   25980    0    -0.5     2.8    -4.8     5.6   -59.0    99.9
2024 09 27  0714   60580   26040    0    -0.3     2.9    -4.4     5.3   -56.5    96.0
2024 09 27  0715   60580   26100    0    -1.1     4.4    -1.8     4.9   -21.9   104.6
2024 09 27  0716   60580   26160    0    -1.7     4.4    -1.4     4.9   -16.4   111.8
2024 09 27  0717   60580   26220    0    -1.8     4.5    -1.4     5.1   -15.5   112.0
2024 09 27  0718   60580   26280    0    -0.1     2.7    -4.0     4.8   -55.8    91.8
2024 09 27  0719   60580   26340    0     0.7     2.4    -5.1     5.7   -64.1    74.8
2024 09 27  0720   60580   26400    0     0.8     2.7    -5.0     5.7   -61.1    73.4
2024 09 27  0721   60580   26460    0     0.8     2.6    -5.5     6.1   -63.4    72.4
2024 09 27  0722   60580   26520    0     0.8     2.0    -5.7     6.1   -69.6    68.8
2024 09 27  0723   60580   26580    0     0.4     2.2    -4.9     5.4   -65.1    79.4
2024 09 27  0724   60580   26640    0    -0.8     3.5    -4.2     5.5   -49.4   103.4
2024 09 27  0725   60580   26700    0    -0.6     2.8    -4.7     5.5   -58.5   101.3
2024 09 27  0726   60580   26760    0    -0.6     2.4    -4.8     5.4   -62.3   104.6
2024 09 27  0727   60580   26820    0    -0.9     2.2    -5.1     5.6   -64.8   112.6
2024 09 27  0728   60580   26880    0    -0.8     1.9    -5.3     5.7   -68.4   113.6
2024 09 27  0729   60580   26940    0    -1.0     1.9    -5.2     5.6   -67.1   117.9
2024 09 27  0730   60580   27000    0    -0.8     1.3    -5.5     5.7   -74.1   122.7
2024 09 27  0731   60580   27060    0     0.6     3.1    -5.1     6.0   -58.3    79.1
2024 09 27  0732   60580   27120    0    -0.1     2.2    -5.9     6.3   -69.6    92.8
2024 09 27  0733   60580   27180    0     0.1     2.9    -5.6     6.3   -62.0    87.6
2024 09 27  0734   60580   27240    0     0.3     3.6    -5.3     6.4   -55.9    85.3
2024 09 27  0735   60580   27300    0     0.2     2.4    -5.7     6.2   -67.3    85.9
2024 09 27  0736   60580   27360    0     0.3     1.6    -5.7     5.9   -74.3    78.5
2024 09 27  0737   60580   27420    0     0.7     1.3    -5.8     6.0   -75.5    59.9
2024 09 27  0738   60580   27480    0     1.0     1.3    -5.8     6.0   -74.7    52.4
2024 09 27  0739   60580   27540    0     0.7     1.1    -5.9     6.0   -77.3    59.5
2024 09 27  0740   60580   27600    0     0.3     1.4    -5.9     6.1   -76.5    78.9
2024 09 27  0741   60580   27660    0     0.2     1.5    -6.0     6.2   -75.3    82.3
2024 09 27  0742   60580   27720    0     0.1     1.6    -6.0     6.2   -74.8    86.9
2024 09 27  0743   60580   27780    0     1.6     0.3    -5.6     5.9   -73.4    11.7
2024 09 27  0744   60580   27840    0     1.9     0.5    -5.5     5.8   -70.6    13.7
2024 09 27  0745   60580   27900    0     1.2     1.0    -5.7     5.9   -74.7    41.3
2024 09 27  0746   60580   27960    0     0.8     1.1    -5.9     6.0   -77.3    53.8
2024 09 27  0747   60580   28020    0     0.8     0.9    -5.9     6.0   -78.8    49.1
2024 09 27  0748   60580   28080    0     1.1     1.1    -5.8     6.0   -75.4    45.1
2024 09 27  0749   60580   28140    0     0.7     1.4    -5.9     6.1   -74.9    62.9
2024 09 27  0750   60580   28200    0     1.0     1.3    -5.8     6.0   -73.7    51.9
2024 09 27  0751   60580   28260    0     0.8     1.6    -5.8     6.1   -73.4    63.2
2024 09 27  0752   60580   28320    0     0.3     1.1    -6.1     6.2   -79.3    75.5
2024 09 27  0753   60580   28380    0     0.1     1.4    -6.0     6.1   -77.0    87.9
2024 09 27  0754   60580   28440    0     0.3     1.1    -6.1     6.2   -79.3    72.7
2024 09 27  0755   60580   28500    0     0.2     1.2    -5.8     5.9   -77.8    81.0
2024 09 27  0756   60580   28560    0     0.2     1.1    -5.8     5.9   -78.6    78.3
2024 09 27  0757   60580   28620    0     0.0     1.2    -5.6     5.7   -77.9    89.6
2024 09 27  0758   60580   28680    0    -1.4     1.2    -5.5     5.8   -71.1   138.8
2024 09 27  0759   60580   28740    0    -1.1     1.1    -5.7     5.9   -74.5   134.9
2024 09 27  0800   60580   28800    0    -1.0     0.9    -5.8     6.0   -76.7   138.9
2024 09 27  0801   60580   28860    0    -1.2     1.6    -5.8     6.2   -70.6   126.4
2024 09 27  0802   60580   28920    0    -2.1     1.7    -5.4     6.0   -63.5   140.4
2024 09 27  0803   60580   28980    0    -3.3     1.7    -4.9     6.2   -52.6   152.8
2024 09 27  0804   60580   29040    0    -3.3     2.0    -4.9     6.2   -51.3   148.6
2024 09 27  0805   60580   29100    0    -3.1     1.9    -5.3     6.4   -55.6   147.7
2024 09 27  0806   60580   29160    0    -3.1     1.4    -5.4     6.4   -58.0   155.1
2024 09 27  0807   60580   29220    0    -2.8     1.1    -5.6     6.3   -61.8   159.1
2024 09 27  0808   60580   29280    0    -2.9     1.0    -5.5     6.3   -60.9   161.5
2024 09 27  0809   60580   29340    0    -3.2     1.5    -5.3     6.4   -56.1   154.8
2024 09 27  0810   60580   29400    0    -2.7     1.1    -5.6     6.3   -62.2   157.9
2024 09 27  0811   60580   29460    0    -2.8     1.1    -5.5     6.3   -61.5   159.4
2024 09 27  0812   60580   29520    0    -2.7     1.4    -5.5     6.3   -60.9   153.2
2024 09 27  0813   60580   29580    0    -2.4     1.2    -5.7     6.3   -65.0   152.7
2024 09 27  0814   60580   29640    0    -2.4     0.5    -5.4     5.9   -65.1   168.7
2024 09 27  0815   60580   29700    0    -2.4     0.5    -5.4     5.9   -65.2   169.3
2024 09 27  0816   60580   29760    0    -2.6     0.2    -5.5     6.1   -64.6   174.7
2024 09 27  0817   60580   29820    0    -3.1     0.5    -5.3     6.1   -59.2   170.2
2024 09 27  0818   60580   29880    0    -3.0     0.6    -5.3     6.1   -59.9   168.2
2024 09 27  0819   60580   29940    0    -2.9     1.3    -5.3     6.2   -59.3   156.4
2024 09 27  0820   60580   30000    0    -1.3     2.2    -5.7     6.2   -65.7   121.0
2024 09 27  0821   60580   30060    0    -2.5     2.0    -5.4     6.3   -59.4   141.5
2024 09 27  0822   60580   30120    0    -2.5     1.5    -5.5     6.2   -61.8   149.3
2024 09 27  0823   60580   30180    0    -3.0     1.9    -5.1     6.2   -54.9   147.3
2024 09 27  0824   60580   30240    0    -2.9     1.3    -5.4     6.3   -59.6   156.2
2024 09 27  0825   60580   30300    0    -2.4     0.9    -5.7     6.3   -66.0   160.0
2024 09 27  0826   60580   30360    0    -2.6     1.2    -5.6     6.2   -62.9   155.2
2024 09 27  0827   60580   30420    0    -2.5     1.6    -5.3     6.1   -61.2   147.6
2024 09 27  0828   60580   30480    0    -2.6     1.8    -5.2     6.1   -58.6   146.2
2024 09 27  0829   60580   30540    0    -2.6     1.7    -5.3     6.1   -60.1   146.8
2024 09 27  0830   60580   30600    0    -2.9     1.5    -5.2     6.2   -58.0   153.1
2024 09 27  0831   60580   30660    0    -2.8     1.3    -5.3     6.1   -60.0   155.4
2024 09 27  0832   60580   30720    0    -2.5     1.3    -5.4     6.1   -62.1   152.1
2024 09 27  0833   60580   30780    0    -2.2     1.5    -5.5     6.1   -64.6   145.6
2024 09 27  0834   60580   30840    0    -2.4     1.3    -5.6     6.2   -63.9   151.2
2024 09 27  0835   60580   30900    0    -1.8     1.3    -5.7     6.1   -68.7   144.7
2024 09 27  0836   60580   30960    9  -999.9  -999.9  -999.9  -999.9  -999.9  -999.9
2024 09 27  0837   60580   31020    0    -0.5     1.5    -5.8     6.0   -75.0   110.4
2024 09 27  0838   60580   31080    9  -999.9  -999.9  -999.9  -999.9  -999.9  -999.9
2024 09 27  0839   60580   31140    9  -999.9  -999.9  -999.9  -999.9  -999.9  -999.9
2024 09 27  0840   60580   31200    9  -999.9  -999.9  -999.9  -999.9  -999.9  -999.9
2024 09 27  0841   60580   31260    9  -999.9  -999.9  -999.9  -999.9  -999.9  -999.9
2024 09 27  0842   60580   31320    9  -999.9  -999.9  -999.9  -999.9  -999.9  -999.9
2024 09 27  0843   60580   31380    9  -999.9  -999.9  -999.9  -999.9  -999.9  -999.9
2024 09 27  0844   60580   31440    9  -999.9  -999.9  -999.9  -999.9  -999.9  -999.9
2024 09 27  0845   60580   31500    9  -999.9  -999.9  -999.9  -999.9  -999.9  -999.9
2024 09 27  0846   60580   31560    9  -999.9  -999.9  -999.9  -999.9  -999.9  -999.9
2024 09 27  0847   60580   31620    9  -999.9  -999.9  -999.9  -999.9  -999.9  -999.9
2024 09 27  0848   60580   31680    9  -999.9  -999.9  -999.9  -999.9  -999.9  -999.9
2024 09 27  0849   60580   31740    9  -999.9  -999.9  -999.9  -999.9  -999.9  -999.9
2024 09 27  0850   60580   31800    9  -999.9  -999.9  -999.9  -999.9  -999.9  -999.9
2024 09 27  0851   60580   31860    9  -999.9  -999.9  -999.9  -999.9  -999.9  -999.9
2024 09 27  0852   60580   31920    9  -999.9  -999.9  -999.9  -999.9  -999.9  -999.9
2024 09 27  0853   60580   31980    9  -999.9  -999.9  -999.9  -999.9  -999.9  -999.9
2024 09 27  0854   60580   32040    9  -999.9  -999.9  -999.9  -999.9  -999.9  -999.9
2024 09 27  0855   60580   32100    9  -999.9  -999.9  -999.9  -999.9  -999.9  -999.9
2024 09 27  0856   60580   32160    9  -999.9  -999.9  -999.9  -999.9  -999.9  -999.9
2024 09 27  0857   60580   32220    9  -999.9  -999.9  -999.9  -999.9  -999.9  -999.9
2024 09 27  0858   60580   32280    9  -999.9  -999.9  -999.9  -999.9  -999.9  -999.9
2024 09 27  0859   60580   32340    9  -999.9  -999.9  -999.9  -999.9  -999.9  -999.9
