:Data_list: 20240911_ace_swepam_1m.txt
:Created: 2024 Sep 11 0901 UT
# Prepared by the U.S. Dept. of Commerce, NOAA, Space Weather Prediction Center
# Please send comments and suggestions to SWPC.Webmaster@noaa.gov 
# 
# Units: Proton density p/cc
# Units: Bulk speed km/s
# Units: Ion tempeture degrees K
# Status(S): 0 = nominal data, 1 to 8 = bad data record, 9 = no data
# Missing data values: Density and Speed = -9999.9, Temp. = -1.00e+05
# Source: ACE Satellite - Solar Wind Electron Proton Alpha Monitor
#
#   1-minute averaged Real-time Bulk Parameters of the Solar Wind Plasma
# 
#                Modified Seconds   -------------  Solar Wind  -----------
# UT Date   Time  Julian  of the          Proton      Bulk         Ion
# YR MO DA  HHMM    Day     Day     S    Density     Speed     Temperature
#-------------------------------------------------------------------------
2024 09 11  0000   60564       0    0        1.0      379.1     6.05e+04
2024 09 11  0001   60564      60    0        1.0      376.1     5.49e+04
2024 09 11  0002   60564     120    0        0.9      375.5     5.48e+04
2024 09 11  0003   60564     180    0        0.9      375.5     5.49e+04
2024 09 11  0004   60564     240    0        0.7      369.7     3.19e+04
2024 09 11  0005   60564     300    0        1.0      374.7     5.16e+04
2024 09 11  0006   60564     360    1        1.2      378.5     5.99e+04
2024 09 11  0007   60564     420    1        1.1      375.9     5.54e+04
2024 09 11  0008   60564     480    0        1.0      369.3     4.81e+04
2024 09 11  0009   60564     540    0        1.0      369.6     5.53e+04
2024 09 11  0010   60564     600    0        1.2      376.8     7.37e+04
2024 09 11  0011   60564     660    0        1.1      370.7     4.71e+04
2024 09 11  0012   60564     720    0        1.0      368.1     4.28e+04
2024 09 11  0013   60564     780    0        0.7      360.0     4.13e+04
2024 09 11  0014   60564     840    1        1.6      376.9     9.73e+04
2024 09 11  0015   60564     900    0        1.2      371.4     4.65e+04
2024 09 11  0016   60564     960    1        1.2      372.1     5.32e+04
2024 09 11  0017   60564    1020    0        0.7      369.1     3.73e+04
2024 09 11  0018   60564    1080    0        0.7      379.6     7.97e+04
2024 09 11  0019   60564    1140    0        0.6      381.2     8.36e+04
2024 09 11  0020   60564    1200    0        0.6      375.5     7.52e+04
2024 09 11  0021   60564    1260    0        0.6      377.1     9.32e+04
2024 09 11  0022   60564    1320    0        0.6      379.4     9.36e+04
2024 09 11  0023   60564    1380    0        0.6      380.8     9.15e+04
2024 09 11  0024   60564    1440    0        0.6      377.7     7.49e+04
2024 09 11  0025   60564    1500    0        0.6      374.9     5.49e+04
2024 09 11  0026   60564    1560    1        0.7      380.0     8.02e+04
2024 09 11  0027   60564    1620    0        0.7      374.9     7.26e+04
2024 09 11  0028   60564    1680    0        0.8      374.1     7.10e+04
2024 09 11  0029   60564    1740    0        0.8      363.8     4.60e+04
2024 09 11  0030   60564    1800    0        1.0      379.2     6.32e+04
2024 09 11  0031   60564    1860    0        0.9      376.6     6.35e+04
2024 09 11  0032   60564    1920    0        0.7      380.9     8.25e+04
2024 09 11  0033   60564    1980    0        0.4      364.8     2.83e+04
2024 09 11  0034   60564    2040    0        0.9      376.6     7.11e+04
2024 09 11  0035   60564    2100    0        1.3      376.7     6.28e+04
2024 09 11  0036   60564    2160    0        1.4      375.7     5.62e+04
2024 09 11  0037   60564    2220    0        0.7      361.7     3.61e+04
2024 09 11  0038   60564    2280    0        1.3      369.2     5.24e+04
2024 09 11  0039   60564    2340    0        1.3      372.5     5.98e+04
2024 09 11  0040   60564    2400    0        0.9      368.4     4.96e+04
2024 09 11  0041   60564    2460    0        1.3      370.6     4.84e+04
2024 09 11  0042   60564    2520    0        1.4      375.7     5.27e+04
2024 09 11  0043   60564    2580    0        1.3      371.3     4.69e+04
2024 09 11  0044   60564    2640    0        1.0      369.5     5.20e+04
2024 09 11  0045   60564    2700    0        0.7      362.0     3.46e+04
2024 09 11  0046   60564    2760    0        1.1      375.9     6.99e+04
2024 09 11  0047   60564    2820    0        1.1      373.9     4.61e+04
2024 09 11  0048   60564    2880    0        1.3      375.0     4.86e+04
2024 09 11  0049   60564    2940    0        0.8      362.1     3.00e+04
2024 09 11  0050   60564    3000    0        1.2      381.2     5.84e+04
2024 09 11  0051   60564    3060    0        1.3      378.1     4.99e+04
2024 09 11  0052   60564    3120    0        1.1      374.9     3.86e+04
2024 09 11  0053   60564    3180    0        0.9      370.9     3.92e+04
2024 09 11  0054   60564    3240    0        1.0      371.3     4.33e+04
2024 09 11  0055   60564    3300    0        1.1      372.4     4.38e+04
2024 09 11  0056   60564    3360    0        1.0      371.3     4.09e+04
2024 09 11  0057   60564    3420    0        0.9      371.3     4.37e+04
2024 09 11  0058   60564    3480    0        0.8      372.0     5.38e+04
2024 09 11  0059   60564    3540    0        0.9      374.6     5.25e+04
2024 09 11  0100   60564    3600    0        1.0      371.0     4.44e+04
2024 09 11  0101   60564    3660    0        0.8      365.9     4.04e+04
2024 09 11  0102   60564    3720    1        0.9      375.5     5.82e+04
2024 09 11  0103   60564    3780    0        0.9      371.7     4.51e+04
2024 09 11  0104   60564    3840    0        0.7      371.2     4.87e+04
2024 09 11  0105   60564    3900    0        0.6      364.0     4.50e+04
2024 09 11  0106   60564    3960    0        0.8      374.0     7.30e+04
2024 09 11  0107   60564    4020    0        0.6      375.9     8.33e+04
2024 09 11  0108   60564    4080    0        0.5      369.4     7.65e+04
2024 09 11  0109   60564    4140    0        0.5      366.5     7.28e+04
2024 09 11  0110   60564    4200    0        0.5      355.3     7.89e+04
2024 09 11  0111   60564    4260    0        0.6      362.5     6.85e+04
2024 09 11  0112   60564    4320    0        0.7      370.7     5.78e+04
2024 09 11  0113   60564    4380    0        0.7      369.5     4.93e+04
2024 09 11  0114   60564    4440    0        0.7      368.6     3.95e+04
2024 09 11  0115   60564    4500    0        1.0      374.6     5.83e+04
2024 09 11  0116   60564    4560    0        0.9      376.9     6.66e+04
2024 09 11  0117   60564    4620    0        1.0      373.9     7.36e+04
2024 09 11  0118   60564    4680    0        0.9      367.4     4.96e+04
2024 09 11  0119   60564    4740    0        1.1      372.6     6.47e+04
2024 09 11  0120   60564    4800    0        1.1      369.9     5.77e+04
2024 09 11  0121   60564    4860    0        0.9      372.5     4.89e+04
2024 09 11  0122   60564    4920    0        0.9      374.3     6.43e+04
2024 09 11  0123   60564    4980    0        1.1      372.8     6.31e+04
2024 09 11  0124   60564    5040    0        1.1      370.4     4.64e+04
2024 09 11  0125   60564    5100    0        0.9      364.5     3.94e+04
2024 09 11  0126   60564    5160    1        0.9      370.2     7.00e+04
2024 09 11  0127   60564    5220    1        1.0      375.2     7.28e+04
2024 09 11  0128   60564    5280    0        1.1      373.9     5.70e+04
2024 09 11  0129   60564    5340    0        1.1      370.7     5.52e+04
2024 09 11  0130   60564    5400    0        1.0      365.9     3.74e+04
2024 09 11  0131   60564    5460    0        1.5      376.0     5.34e+04
2024 09 11  0132   60564    5520    0        1.7      375.9     5.35e+04
2024 09 11  0133   60564    5580    0        1.7      374.4     4.79e+04
2024 09 11  0134   60564    5640    0        1.3      367.6     2.23e+04
2024 09 11  0135   60564    5700    0        1.8      370.7     6.38e+04
2024 09 11  0136   60564    5760    0        1.6      381.0     4.92e+04
2024 09 11  0137   60564    5820    1        2.0      384.9     7.24e+04
2024 09 11  0138   60564    5880    0        1.4      374.4     4.15e+04
2024 09 11  0139   60564    5940    0        1.1      377.2     4.61e+04
2024 09 11  0140   60564    6000    0        1.3      379.2     4.99e+04
2024 09 11  0141   60564    6060    0        1.2      377.9     4.28e+04
2024 09 11  0142   60564    6120    0        1.2      377.0     3.84e+04
2024 09 11  0143   60564    6180    0        1.1      377.7     3.17e+04
2024 09 11  0144   60564    6240    0        1.4      383.1     6.60e+04
2024 09 11  0145   60564    6300    0        1.7      383.1     8.87e+04
2024 09 11  0146   60564    6360    0        1.4      370.5     4.69e+04
2024 09 11  0147   60564    6420    0        1.6      376.9     6.13e+04
2024 09 11  0148   60564    6480    0        1.4      386.8     6.71e+04
2024 09 11  0149   60564    6540    0        1.4      383.2     6.47e+04
2024 09 11  0150   60564    6600    0        0.9      366.9     2.90e+04
2024 09 11  0151   60564    6660    0        1.4      378.2     5.24e+04
2024 09 11  0152   60564    6720    0        1.4      382.0     4.95e+04
2024 09 11  0153   60564    6780    0        1.6      382.4     5.84e+04
2024 09 11  0154   60564    6840    0        1.0      367.5     2.94e+04
2024 09 11  0155   60564    6900    0        1.5      374.4     5.45e+04
2024 09 11  0156   60564    6960    0        1.7      382.2     5.87e+04
2024 09 11  0157   60564    7020    0        1.8      385.2     6.49e+04
2024 09 11  0158   60564    7080    0        1.5      379.6     5.18e+04
2024 09 11  0159   60564    7140    0        1.3      380.3     5.37e+04
2024 09 11  0200   60564    7200    0        1.4      384.6     6.51e+04
2024 09 11  0201   60564    7260    0        1.2      377.0     5.83e+04
2024 09 11  0202   60564    7320    0        1.0      370.2     6.18e+04
2024 09 11  0203   60564    7380    0        1.0      377.8     5.66e+04
2024 09 11  0204   60564    7440    0        1.1      382.4     5.90e+04
2024 09 11  0205   60564    7500    0        2.2      392.1     5.31e+04
2024 09 11  0206   60564    7560    0        1.5      384.7     2.31e+04
2024 09 11  0207   60564    7620    0        3.3      398.1     4.27e+04
2024 09 11  0208   60564    7680    0        3.7      400.9     4.66e+04
2024 09 11  0209   60564    7740    0        3.2      403.1     3.66e+04
2024 09 11  0210   60564    7800    0        2.0      385.7     2.47e+04
2024 09 11  0211   60564    7860    0        2.8      388.4     3.44e+04
2024 09 11  0212   60564    7920    0        2.9      393.9     4.19e+04
2024 09 11  0213   60564    7980    0        2.5      399.8     4.48e+04
2024 09 11  0214   60564    8040    0        2.1      392.3     3.90e+04
2024 09 11  0215   60564    8100    0        2.0      383.9     3.36e+04
2024 09 11  0216   60564    8160    0        2.1      392.0     3.70e+04
2024 09 11  0217   60564    8220    0        2.1      393.7     4.56e+04
2024 09 11  0218   60564    8280    1        2.1      394.9     5.83e+04
2024 09 11  0219   60564    8340    0        2.1      391.1     5.31e+04
2024 09 11  0220   60564    8400    0        2.5      396.0     6.28e+04
2024 09 11  0221   60564    8460    0        2.5      392.1     5.03e+04
2024 09 11  0222   60564    8520    0        1.4      394.0     2.99e+04
2024 09 11  0223   60564    8580    0        1.6      380.5     4.04e+04
2024 09 11  0224   60564    8640    0        1.8      379.1     5.43e+04
2024 09 11  0225   60564    8700    0        1.7      379.6     3.64e+04
2024 09 11  0226   60564    8760    0        1.1      381.8     3.10e+04
2024 09 11  0227   60564    8820    0        1.6      386.2     4.59e+04
2024 09 11  0228   60564    8880    0        2.0      389.8     5.32e+04
2024 09 11  0229   60564    8940    0        1.9      384.8     6.01e+04
2024 09 11  0230   60564    9000    0        1.3      369.9     4.10e+04
2024 09 11  0231   60564    9060    0        1.5      375.2     5.71e+04
2024 09 11  0232   60564    9120    0        1.9      386.9     8.32e+04
2024 09 11  0233   60564    9180    1        1.5      381.8     5.94e+04
2024 09 11  0234   60564    9240    0        1.1      385.8     4.39e+04
2024 09 11  0235   60564    9300    0        1.0      394.7     4.85e+04
2024 09 11  0236   60564    9360    0        1.4      393.8     6.40e+04
2024 09 11  0237   60564    9420    0        2.0      379.2     5.42e+04
2024 09 11  0238   60564    9480    0        1.6      371.5     2.82e+04
2024 09 11  0239   60564    9540    0        2.2      366.7     4.84e+04
2024 09 11  0240   60564    9600    0        2.0      371.5     4.82e+04
2024 09 11  0241   60564    9660    0        2.1      380.9     4.96e+04
2024 09 11  0242   60564    9720    0        1.8      374.3     3.70e+04
2024 09 11  0243   60564    9780    0        1.7      374.2     4.40e+04
2024 09 11  0244   60564    9840    0        1.8      376.2     4.65e+04
2024 09 11  0245   60564    9900    0        1.6      376.4     4.15e+04
2024 09 11  0246   60564    9960    0        1.3      372.6     3.09e+04
2024 09 11  0247   60564   10020    0        1.8      377.6     4.59e+04
2024 09 11  0248   60564   10080    1        2.5      386.0     6.86e+04
2024 09 11  0249   60564   10140    0        1.0      375.0     2.13e+04
2024 09 11  0250   60564   10200    0        1.2      380.5     2.45e+04
2024 09 11  0251   60564   10260    0        2.1      396.3     3.99e+04
2024 09 11  0252   60564   10320    0        2.7      401.8     6.44e+04
2024 09 11  0253   60564   10380    0        2.5      393.7     4.95e+04
2024 09 11  0254   60564   10440    0        1.3      396.9     2.67e+04
2024 09 11  0255   60564   10500    0        2.0      373.7     2.68e+04
2024 09 11  0256   60564   10560    0        2.4      380.7     2.90e+04
2024 09 11  0257   60564   10620    0        2.5      384.5     3.28e+04
2024 09 11  0258   60564   10680    0        2.3      387.5     3.56e+04
2024 09 11  0259   60564   10740    0        2.3      395.5     4.29e+04
2024 09 11  0300   60564   10800    0        2.3      405.1     5.67e+04
2024 09 11  0301   60564   10860    0        2.2      409.4     6.33e+04
2024 09 11  0302   60564   10920    0        1.6      398.6     4.40e+04
2024 09 11  0303   60564   10980    0        1.5      393.7     3.80e+04
2024 09 11  0304   60564   11040    0        2.3      399.2     5.94e+04
2024 09 11  0305   60564   11100    0        2.3      399.0     6.31e+04
2024 09 11  0306   60564   11160    0        1.4      394.1     3.88e+04
2024 09 11  0307   60564   11220    0        1.6      390.5     3.73e+04
2024 09 11  0308   60564   11280    0        3.2      403.8     7.01e+04
2024 09 11  0309   60564   11340    0        4.0      390.6     4.57e+04
2024 09 11  0310   60564   11400    0        3.6      400.3     4.87e+04
2024 09 11  0311   60564   11460    0        1.7      372.9     3.60e+04
2024 09 11  0312   60564   11520    0        2.0      385.7     5.57e+04
2024 09 11  0313   60564   11580    0        2.1      384.8     5.03e+04
2024 09 11  0314   60564   11640    0        2.1      380.1     5.41e+04
2024 09 11  0315   60564   11700    0        2.5      372.6     3.29e+04
2024 09 11  0316   60564   11760    0        2.6      372.8     3.71e+04
2024 09 11  0317   60564   11820    0        2.4      372.4     2.70e+04
2024 09 11  0318   60564   11880    0        2.3      373.5     2.43e+04
2024 09 11  0319   60564   11940    0        1.6      367.4     2.25e+04
2024 09 11  0320   60564   12000    0        1.7      366.8     3.20e+04
2024 09 11  0321   60564   12060    0        2.8      377.6     5.62e+04
2024 09 11  0322   60564   12120    0        2.5      369.0     2.95e+04
2024 09 11  0323   60564   12180    0        2.5      369.7     3.37e+04
2024 09 11  0324   60564   12240    0        2.7      370.2     4.68e+04
2024 09 11  0325   60564   12300    0        1.9      358.5     3.51e+04
2024 09 11  0326   60564   12360    0        1.4      355.1     3.62e+04
2024 09 11  0327   60564   12420    0        2.7      366.7     2.44e+04
2024 09 11  0328   60564   12480    0        2.3      365.4     7.34e+04
2024 09 11  0329   60564   12540    0        2.0      360.5     3.97e+04
2024 09 11  0330   60564   12600    0        1.8      356.7     3.47e+04
2024 09 11  0331   60564   12660    0        1.5      357.5     4.38e+04
2024 09 11  0332   60564   12720    0        1.6      357.3     3.84e+04
2024 09 11  0333   60564   12780    0        1.9      359.3     3.62e+04
2024 09 11  0334   60564   12840    0        2.1      361.7     3.35e+04
2024 09 11  0335   60564   12900    0        1.7      357.5     2.50e+04
2024 09 11  0336   60564   12960    0        2.0      358.3     3.53e+04
2024 09 11  0337   60564   13020    0        2.6      364.3     5.04e+04
2024 09 11  0338   60564   13080    0        2.0      360.3     3.39e+04
2024 09 11  0339   60564   13140    0        2.0      359.2     2.55e+04
2024 09 11  0340   60564   13200    0        1.4      353.6     2.81e+04
2024 09 11  0341   60564   13260    0        2.6      365.8     5.01e+04
2024 09 11  0342   60564   13320    0        1.7      358.7     3.27e+04
2024 09 11  0343   60564   13380    0        2.1      357.2     3.39e+04
2024 09 11  0344   60564   13440    0        1.6      356.1     3.44e+04
2024 09 11  0345   60564   13500    0        1.9      358.6     3.78e+04
2024 09 11  0346   60564   13560    0        1.9      357.9     3.58e+04
2024 09 11  0347   60564   13620    0        1.9      355.5     3.38e+04
2024 09 11  0348   60564   13680    0        1.9      357.6     5.73e+04
2024 09 11  0349   60564   13740    0        1.8      358.9     4.82e+04
2024 09 11  0350   60564   13800    0        1.6      357.6     3.75e+04
2024 09 11  0351   60564   13860    0        1.8      354.1     3.24e+04
2024 09 11  0352   60564   13920    0        2.0      355.9     3.78e+04
2024 09 11  0353   60564   13980    0        1.9      359.3     5.21e+04
2024 09 11  0354   60564   14040    0        1.9      353.8     4.66e+04
2024 09 11  0355   60564   14100    0        0.8      342.2     2.46e+04
2024 09 11  0356   60564   14160    0        1.0      344.7     2.97e+04
2024 09 11  0357   60564   14220    0        2.0      359.4     5.89e+04
2024 09 11  0358   60564   14280    9    -9999.9    -9999.9    -1.00e+05
2024 09 11  0359   60564   14340    9    -9999.9    -9999.9    -1.00e+05
2024 09 11  0400   60564   14400    0        1.6      353.5     5.17e+04
2024 09 11  0401   60564   14460    0        1.4      354.9     5.48e+04
2024 09 11  0402   60564   14520    0        1.6      356.5     5.08e+04
2024 09 11  0403   60564   14580    0        1.6      355.3     4.80e+04
2024 09 11  0404   60564   14640    0        2.0      356.6     4.66e+04
2024 09 11  0405   60564   14700    0        1.7      353.4     3.49e+04
2024 09 11  0406   60564   14760    0        1.6      353.6     3.77e+04
2024 09 11  0407   60564   14820    0        1.6      352.8     4.30e+04
2024 09 11  0408   60564   14880    0        1.8      353.9     4.33e+04
2024 09 11  0409   60564   14940    0        2.3      356.2     4.40e+04
2024 09 11  0410   60564   15000    0        1.8      348.7     3.71e+04
2024 09 11  0411   60564   15060    0        1.3      345.7     3.30e+04
2024 09 11  0412   60564   15120    0        1.1      340.6     2.66e+04
2024 09 11  0413   60564   15180    0        2.4      352.2     7.85e+04
2024 09 11  0414   60564   15240    0        2.5      350.1     3.08e+04
2024 09 11  0415   60564   15300    0        2.0      345.0     3.98e+04
2024 09 11  0416   60564   15360    0        1.4      341.3     2.37e+04
2024 09 11  0417   60564   15420    0        3.0      358.1     5.06e+04
2024 09 11  0418   60564   15480    0        2.9      352.9     4.07e+04
2024 09 11  0419   60564   15540    0        3.0      353.9     3.17e+04
2024 09 11  0420   60564   15600    0        2.5      351.5     3.31e+04
2024 09 11  0421   60564   15660    0        2.6      352.4     3.47e+04
2024 09 11  0422   60564   15720    0        3.0      354.7     3.27e+04
2024 09 11  0423   60564   15780    0        3.2      355.6     2.73e+04
2024 09 11  0424   60564   15840    0        3.0      354.5     2.86e+04
2024 09 11  0425   60564   15900    0        2.7      352.8     3.56e+04
2024 09 11  0426   60564   15960    0        2.6      353.0     3.44e+04
2024 09 11  0427   60564   16020    0        2.2      352.2     3.28e+04
2024 09 11  0428   60564   16080    0        3.2      354.0     2.07e+04
2024 09 11  0429   60564   16140    0        3.2      354.0     2.23e+04
2024 09 11  0430   60564   16200    0        2.9      354.0     3.96e+04
2024 09 11  0431   60564   16260    0        2.0      346.6     3.73e+04
2024 09 11  0432   60564   16320    0        1.4      333.7     1.82e+04
2024 09 11  0433   60564   16380    0        2.4      355.8     4.05e+04
2024 09 11  0434   60564   16440    0        3.4      361.5     4.99e+04
2024 09 11  0435   60564   16500    0        2.9      356.7     3.19e+04
2024 09 11  0436   60564   16560    0        2.9      356.6     3.34e+04
2024 09 11  0437   60564   16620    0        3.0      356.6     3.05e+04
2024 09 11  0438   60564   16680    0        3.1      357.5     2.67e+04
2024 09 11  0439   60564   16740    0        3.3      359.9     3.14e+04
2024 09 11  0440   60564   16800    0        3.4      361.5     2.95e+04
2024 09 11  0441   60564   16860    0        3.6      363.2     2.28e+04
2024 09 11  0442   60564   16920    0        3.7      364.1     2.75e+04
2024 09 11  0443   60564   16980    0        3.3      359.3     2.45e+04
2024 09 11  0444   60564   17040    0        3.0      358.5     2.17e+04
2024 09 11  0445   60564   17100    0        3.6      366.6     3.33e+04
2024 09 11  0446   60564   17160    0        3.6      361.3     3.34e+04
2024 09 11  0447   60564   17220    0        3.0      359.8     2.45e+04
2024 09 11  0448   60564   17280    0        2.2      351.5     1.73e+04
2024 09 11  0449   60564   17340    0        3.3      366.0     4.20e+04
2024 09 11  0450   60564   17400    0        3.1      362.1     2.81e+04
2024 09 11  0451   60564   17460    0        3.0      364.4     2.70e+04
2024 09 11  0452   60564   17520    0        2.1      357.7     1.95e+04
2024 09 11  0453   60564   17580    0        3.5      364.8     3.65e+04
2024 09 11  0454   60564   17640    0        3.9      367.7     3.83e+04
2024 09 11  0455   60564   17700    0        3.5      364.3     3.11e+04
2024 09 11  0456   60564   17760    0        3.6      364.7     2.80e+04
2024 09 11  0457   60564   17820    0        3.6      367.5     2.46e+04
2024 09 11  0458   60564   17880    0        3.9      368.9     3.07e+04
2024 09 11  0459   60564   17940    0        3.4      365.7     2.49e+04
2024 09 11  0500   60564   18000    0        3.3      366.3     1.87e+04
2024 09 11  0501   60564   18060    0        2.8      364.3     1.83e+04
2024 09 11  0502   60564   18120    0        2.8      364.3     1.85e+04
2024 09 11  0503   60564   18180    0        2.9      363.5     2.80e+04
2024 09 11  0504   60564   18240    0        1.5      356.6     2.08e+04
2024 09 11  0505   60564   18300    0        4.0      372.4     4.75e+04
2024 09 11  0506   60564   18360    0        3.4      367.9     3.55e+04
2024 09 11  0507   60564   18420    0        2.7      360.6     4.16e+04
2024 09 11  0508   60564   18480    0        1.8      344.9     3.80e+04
2024 09 11  0509   60564   18540    0        2.5      348.0     3.09e+04
2024 09 11  0510   60564   18600    0        3.0      354.7     3.36e+04
2024 09 11  0511   60564   18660    0        2.8      356.2     3.88e+04
2024 09 11  0512   60564   18720    0        2.1      352.6     3.52e+04
2024 09 11  0513   60564   18780    0        2.0      350.8     4.64e+04
2024 09 11  0514   60564   18840    0        2.9      359.7     6.37e+04
2024 09 11  0515   60564   18900    0        2.8      360.8     2.89e+04
2024 09 11  0516   60564   18960    0        1.9      353.8     5.00e+04
2024 09 11  0517   60564   19020    0        1.0      344.2     7.08e+04
2024 09 11  0518   60564   19080    1        1.0      339.4     5.59e+04
2024 09 11  0519   60564   19140    0        1.2      343.8     1.13e+05
2024 09 11  0520   60564   19200    0        0.9      342.4     1.37e+05
2024 09 11  0521   60564   19260    0        0.7      352.6     1.32e+05
2024 09 11  0522   60564   19320    0        1.0      348.6     1.03e+05
2024 09 11  0523   60564   19380    1        0.6      359.2     1.02e+05
2024 09 11  0524   60564   19440    0        0.7      347.0     6.94e+04
2024 09 11  0525   60564   19500    0        0.8      336.8     5.71e+04
2024 09 11  0526   60564   19560    0        1.0      338.6     6.19e+04
2024 09 11  0527   60564   19620    0        1.0      342.9     9.57e+04
2024 09 11  0528   60564   19680    0        0.9      342.7     1.08e+05
2024 09 11  0529   60564   19740    0        1.1      339.6     8.04e+04
2024 09 11  0530   60564   19800    0        1.1      338.6     8.97e+04
2024 09 11  0531   60564   19860    0        1.0      341.0     1.01e+05
2024 09 11  0532   60564   19920    0        1.0      345.4     1.12e+05
2024 09 11  0533   60564   19980    1        1.5      337.7     3.83e+04
2024 09 11  0534   60564   20040    3    -9999.9    -9999.9    -1.00e+05
2024 09 11  0535   60564   20100    3    -9999.9    -9999.9    -1.00e+05
2024 09 11  0536   60564   20160    0        1.2      348.3     1.05e+05
2024 09 11  0537   60564   20220    0        1.4      342.7     7.31e+04
2024 09 11  0538   60564   20280    0        0.8      349.2     1.10e+05
2024 09 11  0539   60564   20340    0        1.9      348.1     6.07e+04
2024 09 11  0540   60564   20400    0        3.1      351.0     3.30e+04
2024 09 11  0541   60564   20460    0        2.3      351.6     4.37e+04
2024 09 11  0542   60564   20520    0        2.4      353.5     4.66e+04
2024 09 11  0543   60564   20580    0        3.0      355.0     3.67e+04
2024 09 11  0544   60564   20640    0        2.2      345.6     4.24e+04
2024 09 11  0545   60564   20700    0        1.4      337.8     6.18e+04
2024 09 11  0546   60564   20760    0        1.4      345.9     7.66e+04
2024 09 11  0547   60564   20820    0        0.8      345.1     9.94e+04
2024 09 11  0548   60564   20880    0        0.6      341.3     1.13e+05
2024 09 11  0549   60564   20940    0        0.7      340.6     8.38e+04
2024 09 11  0550   60564   21000    0        0.7      349.8     4.42e+04
2024 09 11  0551   60564   21060    1        0.4      357.7     1.94e+05
2024 09 11  0552   60564   21120    1        1.0      349.7     1.62e+05
2024 09 11  0553   60564   21180    0        0.8      344.3     9.54e+04
2024 09 11  0554   60564   21240    0        1.0      338.5     6.85e+04
2024 09 11  0555   60564   21300    0        1.2      342.0     6.24e+04
2024 09 11  0556   60564   21360    0        1.7      344.2     4.72e+04
2024 09 11  0557   60564   21420    0        1.7      338.1     3.69e+04
2024 09 11  0558   60564   21480    0        2.2      342.2     4.15e+04
2024 09 11  0559   60564   21540    0        2.3      349.8     6.06e+04
2024 09 11  0600   60564   21600    0        1.6      346.9     7.68e+04
2024 09 11  0601   60564   21660    0        1.1      341.3     7.73e+04
2024 09 11  0602   60564   21720    0        0.9      341.0     6.79e+04
2024 09 11  0603   60564   21780    0        1.2      339.3     5.22e+04
2024 09 11  0604   60564   21840    0        1.5      337.8     4.83e+04
2024 09 11  0605   60564   21900    0        1.7      334.8     4.63e+04
2024 09 11  0606   60564   21960    0        1.7      341.8     5.77e+04
2024 09 11  0607   60564   22020    9    -9999.9    -9999.9    -1.00e+05
2024 09 11  0608   60564   22080    0        0.9      332.5     4.27e+04
2024 09 11  0609   60564   22140    0        0.8      333.6     4.48e+04
2024 09 11  0610   60564   22200    0        1.0      342.1     5.38e+04
2024 09 11  0611   60564   22260    0        1.2      339.3     4.90e+04
2024 09 11  0612   60564   22320    0        1.3      337.9     4.66e+04
2024 09 11  0613   60564   22380    1        1.2      332.9     3.52e+04
2024 09 11  0614   60564   22440    0        1.6      335.3     4.44e+04
2024 09 11  0615   60564   22500    0        1.7      343.4     7.35e+04
2024 09 11  0616   60564   22560    0        1.5      344.6     7.49e+04
2024 09 11  0617   60564   22620    0        1.3      337.9     4.91e+04
2024 09 11  0618   60564   22680    1        1.2      332.8     4.42e+04
2024 09 11  0619   60564   22740    0        1.5      335.6     5.32e+04
2024 09 11  0620   60564   22800    0        1.4      338.1     6.36e+04
2024 09 11  0621   60564   22860    0        1.6      344.0     4.67e+04
2024 09 11  0622   60564   22920    0        2.5      347.0     4.60e+04
2024 09 11  0623   60564   22980    0        1.7      342.3     3.69e+04
2024 09 11  0624   60564   23040    0        2.1      339.6     3.69e+04
2024 09 11  0625   60564   23100    0        2.3      341.8     2.94e+04
2024 09 11  0626   60564   23160    0        3.0      348.0     3.75e+04
2024 09 11  0627   60564   23220    0        3.0      356.0     3.41e+04
2024 09 11  0628   60564   23280    0        3.1      358.5     3.88e+04
2024 09 11  0629   60564   23340    0        1.4      362.2     3.58e+04
2024 09 11  0630   60564   23400    0        1.0      367.6     2.52e+04
2024 09 11  0631   60564   23460    0        2.1      370.6     2.76e+04
2024 09 11  0632   60564   23520    0        2.4      368.4     4.80e+04
2024 09 11  0633   60564   23580    0        1.8      361.1     4.89e+04
2024 09 11  0634   60564   23640    0        1.3      356.8     2.66e+04
2024 09 11  0635   60564   23700    0        2.5      360.7     4.86e+04
2024 09 11  0636   60564   23760    0        2.1      355.6     6.53e+04
2024 09 11  0637   60564   23820    0        2.0      351.0     4.41e+04
2024 09 11  0638   60564   23880    1        1.6      339.6     2.81e+04
2024 09 11  0639   60564   23940    0        2.5      351.7     9.49e+04
2024 09 11  0640   60564   24000    0        2.5    -9999.9    -1.00e+05
2024 09 11  0641   60564   24060    0        2.0      347.0     6.97e+04
2024 09 11  0642   60564   24120    0        1.7      351.5     8.00e+04
2024 09 11  0643   60564   24180    0        1.4      354.1     6.71e+04
2024 09 11  0644   60564   24240    0        1.2      355.6     6.46e+04
2024 09 11  0645   60564   24300    1        1.4      345.4     5.54e+04
2024 09 11  0646   60564   24360    0        1.5      346.7     7.51e+04
2024 09 11  0647   60564   24420    0        1.3      352.5     8.10e+04
2024 09 11  0648   60564   24480    0        1.3      350.1     6.38e+04
2024 09 11  0649   60564   24540    0        1.7      345.5     5.13e+04
2024 09 11  0650   60564   24600    0        2.1      341.5     4.04e+04
2024 09 11  0651   60564   24660    0        2.0      342.8     7.00e+04
2024 09 11  0652   60564   24720    0        1.9      348.6     7.71e+04
2024 09 11  0653   60564   24780    0        1.5      349.0     7.83e+04
2024 09 11  0654   60564   24840    0        1.3      336.9     4.83e+04
2024 09 11  0655   60564   24900    0        1.8      342.7     5.59e+04
2024 09 11  0656   60564   24960    0        1.1      348.7     6.64e+04
2024 09 11  0657   60564   25020    0        1.4      354.8     6.12e+04
2024 09 11  0658   60564   25080    0        1.2      342.5     3.60e+04
2024 09 11  0659   60564   25140    0        2.8      357.9     4.02e+04
2024 09 11  0700   60564   25200    0        3.6      368.0     5.26e+04
2024 09 11  0701   60564   25260    0        3.6      365.3     5.38e+04
2024 09 11  0702   60564   25320    0        3.4      366.0     4.43e+04
2024 09 11  0703   60564   25380    0        3.5      368.1     3.72e+04
2024 09 11  0704   60564   25440    0        2.9      371.1     3.41e+04
2024 09 11  0705   60564   25500    0        2.2      372.5     2.99e+04
2024 09 11  0706   60564   25560    0        3.1      365.7     4.30e+04
2024 09 11  0707   60564   25620    0        3.6      365.4     7.33e+04
2024 09 11  0708   60564   25680    0        3.0      359.1     4.31e+04
2024 09 11  0709   60564   25740    0        2.2      359.2     3.50e+04
2024 09 11  0710   60564   25800    0        2.4      351.4     2.99e+04
2024 09 11  0711   60564   25860    0        3.5      362.2     4.93e+04
2024 09 11  0712   60564   25920    0        3.4      364.8     5.30e+04
2024 09 11  0713   60564   25980    0        3.4      364.9     5.32e+04
2024 09 11  0714   60564   26040    0        2.7      360.7     3.59e+04
2024 09 11  0715   60564   26100    0        2.9      363.7     4.04e+04
2024 09 11  0716   60564   26160    0        2.4      360.3     3.35e+04
2024 09 11  0717   60564   26220    0        2.5      360.9     3.52e+04
2024 09 11  0718   60564   26280    0        2.7      362.4     3.85e+04
2024 09 11  0719   60564   26340    0        3.1      365.4     5.18e+04
2024 09 11  0720   60564   26400    0        3.4      371.1     7.46e+04
2024 09 11  0721   60564   26460    0        3.3      369.8     7.14e+04
2024 09 11  0722   60564   26520    0        2.9      362.4     4.06e+04
2024 09 11  0723   60564   26580    0        2.8      365.5     3.59e+04
2024 09 11  0724   60564   26640    0        2.9      364.7     4.26e+04
2024 09 11  0725   60564   26700    0        2.7      365.3     3.26e+04
2024 09 11  0726   60564   26760    0        2.3      354.9     2.39e+04
2024 09 11  0727   60564   26820    0        3.1      360.6     3.99e+04
2024 09 11  0728   60564   26880    0        3.1      358.3     3.79e+04
2024 09 11  0729   60564   26940    0        3.0      367.4     4.12e+04
2024 09 11  0730   60564   27000    0        1.9      353.2     2.66e+04
2024 09 11  0731   60564   27060    0        2.9      359.8     3.60e+04
2024 09 11  0732   60564   27120    0        3.2      365.3     4.02e+04
2024 09 11  0733   60564   27180    0        3.1      367.1     3.80e+04
2024 09 11  0734   60564   27240    0        2.3      357.8     3.35e+04
2024 09 11  0735   60564   27300    0        2.6      361.2     4.48e+04
2024 09 11  0736   60564   27360    0        3.4      369.4     5.60e+04
2024 09 11  0737   60564   27420    0        3.0      364.5     4.69e+04
2024 09 11  0738   60564   27480    0        2.9      364.9     4.02e+04
2024 09 11  0739   60564   27540    0        2.7      361.5     4.01e+04
2024 09 11  0740   60564   27600    0        2.7      358.6     3.91e+04
2024 09 11  0741   60564   27660    0        3.4      366.5     5.76e+04
2024 09 11  0742   60564   27720    0        2.4      354.9     3.87e+04
2024 09 11  0743   60564   27780    0        2.8      360.9     4.79e+04
2024 09 11  0744   60564   27840    0        2.9      358.8     4.38e+04
2024 09 11  0745   60564   27900    0        3.0      368.0     5.79e+04
2024 09 11  0746   60564   27960    0        3.0      369.2     5.98e+04
2024 09 11  0747   60564   28020    0        2.9      360.2     4.67e+04
2024 09 11  0748   60564   28080    0        3.0      361.6     4.84e+04
2024 09 11  0749   60564   28140    0        2.9      362.5     5.83e+04
2024 09 11  0750   60564   28200    0        2.5      355.3     3.87e+04
2024 09 11  0751   60564   28260    0        2.4      356.1     5.00e+04
2024 09 11  0752   60564   28320    0        2.6      362.5     7.74e+04
2024 09 11  0753   60564   28380    0        2.9      362.1     6.65e+04
2024 09 11  0754   60564   28440    0        2.7      356.3     5.29e+04
2024 09 11  0755   60564   28500    1        1.7      343.2     3.46e+04
2024 09 11  0756   60564   28560    0        2.6      361.5     6.76e+04
2024 09 11  0757   60564   28620    0        3.6      363.4     7.16e+04
2024 09 11  0758   60564   28680    0        2.9      353.3     4.81e+04
2024 09 11  0759   60564   28740    0        3.0      353.2     4.84e+04
2024 09 11  0800   60564   28800    0        2.8      357.3     4.61e+04
2024 09 11  0801   60564   28860    0        3.1      357.2     5.16e+04
2024 09 11  0802   60564   28920    0        3.0      356.2     5.66e+04
2024 09 11  0803   60564   28980    0        3.1      354.7     5.70e+04
2024 09 11  0804   60564   29040    0        3.0      355.4     5.69e+04
2024 09 11  0805   60564   29100    0        2.8      356.2     5.16e+04
2024 09 11  0806   60564   29160    1        2.7      356.4     5.32e+04
2024 09 11  0807   60564   29220    1        2.8      355.8     5.54e+04
2024 09 11  0808   60564   29280    0        2.7      356.6     5.19e+04
2024 09 11  0809   60564   29340    0        2.4      359.1     4.72e+04
2024 09 11  0810   60564   29400    0        2.4      359.0     4.49e+04
2024 09 11  0811   60564   29460    1        2.7      356.9     5.09e+04
2024 09 11  0812   60564   29520    0        2.7      356.4     4.87e+04
2024 09 11  0813   60564   29580    0        2.8      355.4     5.12e+04
2024 09 11  0814   60564   29640    0        2.4      354.8     5.52e+04
2024 09 11  0815   60564   29700    0        2.6      359.9     4.78e+04
2024 09 11  0816   60564   29760    0        2.9      354.8     5.49e+04
2024 09 11  0817   60564   29820    0        2.7      360.1     4.50e+04
2024 09 11  0818   60564   29880    0        2.8      357.6     4.76e+04
2024 09 11  0819   60564   29940    0        2.8      356.9     4.85e+04
2024 09 11  0820   60564   30000    3    -9999.9    -9999.9    -1.00e+05
2024 09 11  0821   60564   30060    0        3.1      355.9     4.69e+04
2024 09 11  0822   60564   30120    0        3.0      356.1     4.71e+04
2024 09 11  0823   60564   30180    0        2.9      356.7     5.05e+04
2024 09 11  0824   60564   30240    0        2.8      355.7     5.58e+04
2024 09 11  0825   60564   30300    0        2.6      353.2     5.55e+04
2024 09 11  0826   60564   30360    0        2.2      352.8     4.48e+04
2024 09 11  0827   60564   30420    0        1.9      354.2     3.42e+04
2024 09 11  0828   60564   30480    0        2.3      358.6     4.59e+04
2024 09 11  0829   60564   30540    0        2.2      358.0     4.35e+04
2024 09 11  0830   60564   30600    0        2.3      360.2     6.13e+04
2024 09 11  0831   60564   30660    0        2.7      357.6     5.19e+04
2024 09 11  0832   60564   30720    0        2.8      361.7     6.41e+04
2024 09 11  0833   60564   30780    0        3.0      357.5     5.76e+04
2024 09 11  0834   60564   30840    0        2.7      359.9     5.15e+04
2024 09 11  0835   60564   30900    0        1.8      350.7     3.44e+04
2024 09 11  0836   60564   30960    0        2.7      362.9     5.63e+04
2024 09 11  0837   60564   31020    0        2.9      367.4     6.05e+04
2024 09 11  0838   60564   31080    0        2.5      364.4     4.70e+04
2024 09 11  0839   60564   31140    0        2.0      355.9     3.34e+04
2024 09 11  0840   60564   31200    0        2.3      356.1     4.70e+04
2024 09 11  0841   60564   31260    0        3.1      366.1     6.38e+04
2024 09 11  0842   60564   31320    0        2.7      362.6     4.34e+04
2024 09 11  0843   60564   31380    0        2.8      360.9     4.79e+04
2024 09 11  0844   60564   31440    0        2.7      363.1     4.03e+04
2024 09 11  0845   60564   31500    1        2.5      357.6     4.35e+04
2024 09 11  0846   60564   31560    0        2.5      356.8     4.71e+04
2024 09 11  0847   60564   31620    0        2.8      354.6     4.55e+04
2024 09 11  0848   60564   31680    0        2.9      356.2     4.62e+04
2024 09 11  0849   60564   31740    0        3.0      355.4     4.68e+04
2024 09 11  0850   60564   31800    0        2.7      356.7     4.72e+04
2024 09 11  0851   60564   31860    0        3.2      356.3     4.47e+04
2024 09 11  0852   60564   31920    0        3.3      356.1     4.38e+04
2024 09 11  0853   60564   31980    0        3.7      356.9     4.64e+04
2024 09 11  0854   60564   32040    0        3.4      357.1     4.82e+04
2024 09 11  0855   60564   32100    0        3.1      357.5     4.87e+04
2024 09 11  0856   60564   32160    0        3.0      357.2     4.59e+04
2024 09 11  0857   60564   32220    0        2.9      357.7     4.21e+04
2024 09 11  0858   60564   32280    0        2.9      359.6     4.03e+04
2024 09 11  0859   60564   32340    9    -9999.9    -9999.9    -1.00e+05
