:Data_list: 20240413_ace_swepam_1m.txt
:Created: 2024 Apr 13 0901 UT
# Prepared by the U.S. Dept. of Commerce, NOAA, Space Weather Prediction Center
# Please send comments and suggestions to SWPC.Webmaster@noaa.gov 
# 
# Units: Proton density p/cc
# Units: Bulk speed km/s
# Units: Ion tempeture degrees K
# Status(S): 0 = nominal data, 1 to 8 = bad data record, 9 = no data
# Missing data values: Density and Speed = -9999.9, Temp. = -1.00e+05
# Source: ACE Satellite - Solar Wind Electron Proton Alpha Monitor
#
#   1-minute averaged Real-time Bulk Parameters of the Solar Wind Plasma
# 
#                Modified Seconds   -------------  Solar Wind  -----------
# UT Date   Time  Julian  of the          Proton      Bulk         Ion
# YR MO DA  HHMM    Day     Day     S    Density     Speed     Temperature
#-------------------------------------------------------------------------
2024 04 13  0000   60413       0    3    -9999.9    -9999.9    -1.00e+05
2024 04 13  0001   60413      60    6    -9999.9    -9999.9    -1.00e+05
2024 04 13  0002   60413     120    6    -9999.9    -9999.9    -1.00e+05
2024 04 13  0003   60413     180    6    -9999.9    -9999.9    -1.00e+05
2024 04 13  0004   60413     240    3    -9999.9    -9999.9    -1.00e+05
2024 04 13  0005   60413     300    3    -9999.9    -9999.9    -1.00e+05
2024 04 13  0006   60413     360    0        0.6      367.2     4.55e+04
2024 04 13  0007   60413     420    0        0.6      369.4     3.80e+04
2024 04 13  0008   60413     480    6    -9999.9    -9999.9    -1.00e+05
2024 04 13  0009   60413     540    6    -9999.9    -9999.9    -1.00e+05
2024 04 13  0010   60413     600    3    -9999.9    -9999.9    -1.00e+05
2024 04 13  0011   60413     660    3    -9999.9    -9999.9    -1.00e+05
2024 04 13  0012   60413     720    6    -9999.9    -9999.9    -1.00e+05
2024 04 13  0013   60413     780    6    -9999.9    -9999.9    -1.00e+05
2024 04 13  0014   60413     840    3    -9999.9    -9999.9    -1.00e+05
2024 04 13  0015   60413     900    0        7.5      406.6     1.50e+04
2024 04 13  0016   60413     960    0        7.5      406.6     1.50e+04
2024 04 13  0017   60413    1020    6    -9999.9    -9999.9    -1.00e+05
2024 04 13  0018   60413    1080    6    -9999.9    -9999.9    -1.00e+05
2024 04 13  0019   60413    1140    3    -9999.9    -9999.9    -1.00e+05
2024 04 13  0020   60413    1200    3    -9999.9    -9999.9    -1.00e+05
2024 04 13  0021   60413    1260    0        0.6      373.1     6.31e+04
2024 04 13  0022   60413    1320    6    -9999.9    -9999.9    -1.00e+05
2024 04 13  0023   60413    1380    3    -9999.9    -9999.9    -1.00e+05
2024 04 13  0024   60413    1440    3    -9999.9    -9999.9    -1.00e+05
2024 04 13  0025   60413    1500    6    -9999.9    -9999.9    -1.00e+05
2024 04 13  0026   60413    1560    0       48.1      408.7    -1.00e+05
2024 04 13  0027   60413    1620    0        9.2      370.9     2.96e+04
2024 04 13  0028   60413    1680    0        8.3      388.0     2.96e+04
2024 04 13  0029   60413    1740    0       10.4      399.6    -1.00e+05
2024 04 13  0030   60413    1800    3    -9999.9    -9999.9    -1.00e+05
2024 04 13  0031   60413    1860    6    -9999.9    -9999.9    -1.00e+05
2024 04 13  0032   60413    1920    6    -9999.9    -9999.9    -1.00e+05
2024 04 13  0033   60413    1980    3    -9999.9    -9999.9    -1.00e+05
2024 04 13  0034   60413    2040    3    -9999.9    -9999.9    -1.00e+05
2024 04 13  0035   60413    2100    6    -9999.9    -9999.9    -1.00e+05
2024 04 13  0036   60413    2160    3    -9999.9    -9999.9    -1.00e+05
2024 04 13  0037   60413    2220    0        0.5      360.6     2.83e+04
2024 04 13  0038   60413    2280    3    -9999.9    -9999.9    -1.00e+05
2024 04 13  0039   60413    2340    6    -9999.9    -9999.9    -1.00e+05
2024 04 13  0040   60413    2400    3    -9999.9    -9999.9    -1.00e+05
2024 04 13  0041   60413    2460    6    -9999.9    -9999.9    -1.00e+05
2024 04 13  0042   60413    2520    6    -9999.9    -9999.9    -1.00e+05
2024 04 13  0043   60413    2580    3    -9999.9    -9999.9    -1.00e+05
2024 04 13  0044   60413    2640    6    -9999.9    -9999.9    -1.00e+05
2024 04 13  0045   60413    2700    6    -9999.9    -9999.9    -1.00e+05
2024 04 13  0046   60413    2760    6    -9999.9    -9999.9    -1.00e+05
2024 04 13  0047   60413    2820    6    -9999.9    -9999.9    -1.00e+05
2024 04 13  0048   60413    2880    6        0.5      367.1     2.87e+04
2024 04 13  0049   60413    2940    0        0.5      367.1     2.87e+04
2024 04 13  0050   60413    3000    6        0.3      371.9     2.49e+04
2024 04 13  0051   60413    3060    0        0.3      371.9     2.49e+04
2024 04 13  0052   60413    3120    3    -9999.9    -9999.9    -1.00e+05
2024 04 13  0053   60413    3180    3    -9999.9    -9999.9    -1.00e+05
2024 04 13  0054   60413    3240    3    -9999.9    -9999.9    -1.00e+05
2024 04 13  0055   60413    3300    6    -9999.9    -9999.9    -1.00e+05
2024 04 13  0056   60413    3360    3    -9999.9    -9999.9    -1.00e+05
2024 04 13  0057   60413    3420    3    -9999.9    -9999.9    -1.00e+05
2024 04 13  0058   60413    3480    3    -9999.9    -9999.9    -1.00e+05
2024 04 13  0059   60413    3540    6    -9999.9    -9999.9    -1.00e+05
2024 04 13  0100   60413    3600    6    -9999.9    -9999.9    -1.00e+05
2024 04 13  0101   60413    3660    3    -9999.9    -9999.9    -1.00e+05
2024 04 13  0102   60413    3720    6    -9999.9    -9999.9    -1.00e+05
2024 04 13  0103   60413    3780    0        0.6      371.7     3.11e+04
2024 04 13  0104   60413    3840    0        0.6      371.7     3.11e+04
2024 04 13  0105   60413    3900    3    -9999.9    -9999.9    -1.00e+05
2024 04 13  0106   60413    3960    0        0.4      369.5     5.10e+04
2024 04 13  0107   60413    4020    6        0.1      377.5     5.10e+04
2024 04 13  0108   60413    4080    0        0.1      377.5     5.10e+04
2024 04 13  0109   60413    4140    3    -9999.9    -9999.9    -1.00e+05
2024 04 13  0110   60413    4200    0        0.1      361.4     5.98e+04
2024 04 13  0111   60413    4260    3    -9999.9    -9999.9    -1.00e+05
2024 04 13  0112   60413    4320    6    -9999.9    -9999.9    -1.00e+05
2024 04 13  0113   60413    4380    6    -9999.9    -9999.9    -1.00e+05
2024 04 13  0114   60413    4440    0        0.9      397.3     1.53e+05
2024 04 13  0115   60413    4500    0        0.6      378.1     6.17e+04
2024 04 13  0116   60413    4560    6        0.5      373.8     4.12e+04
2024 04 13  0117   60413    4620    0        0.5      368.1     3.04e+04
2024 04 13  0118   60413    4680    3    -9999.9    -9999.9    -1.00e+05
2024 04 13  0119   60413    4740    3    -9999.9    -9999.9    -1.00e+05
2024 04 13  0120   60413    4800    3    -9999.9    -9999.9    -1.00e+05
2024 04 13  0121   60413    4860    0        0.8      375.8     3.68e+04
2024 04 13  0122   60413    4920    4    -9999.9    -9999.9    -1.00e+05
2024 04 13  0123   60413    4980    0        0.5      378.0     2.56e+04
2024 04 13  0124   60413    5040    6    -9999.9    -9999.9    -1.00e+05
2024 04 13  0125   60413    5100    6    -9999.9    -9999.9    -1.00e+05
2024 04 13  0126   60413    5160    6        0.6      374.5     3.61e+04
2024 04 13  0127   60413    5220    0        0.6      374.3     3.59e+04
2024 04 13  0128   60413    5280    0        0.4      367.6     2.17e+04
2024 04 13  0129   60413    5340    0        0.2      388.6     3.61e+04
2024 04 13  0130   60413    5400    0        0.5      379.4     3.14e+04
2024 04 13  0131   60413    5460    3    -9999.9    -9999.9    -1.00e+05
2024 04 13  0132   60413    5520    3    -9999.9    -9999.9    -1.00e+05
2024 04 13  0133   60413    5580    3    -9999.9    -9999.9    -1.00e+05
2024 04 13  0134   60413    5640    0        0.6      374.1     2.85e+04
2024 04 13  0135   60413    5700    3    -9999.9    -9999.9    -1.00e+05
2024 04 13  0136   60413    5760    3    -9999.9    -9999.9    -1.00e+05
2024 04 13  0137   60413    5820    0        0.4      369.5     4.44e+04
2024 04 13  0138   60413    5880    0        0.5      371.3     4.11e+04
2024 04 13  0139   60413    5940    0        0.5      371.3     4.09e+04
2024 04 13  0140   60413    6000    0        0.5      370.7     4.39e+04
2024 04 13  0141   60413    6060    0        0.5      374.2     3.02e+04
2024 04 13  0142   60413    6120    0        0.5      373.8     3.59e+04
2024 04 13  0143   60413    6180    0        0.6      375.6     3.69e+04
2024 04 13  0144   60413    6240    3    -9999.9    -9999.9    -1.00e+05
2024 04 13  0145   60413    6300    0        2.2      558.2     1.05e+06
2024 04 13  0146   60413    6360    0        0.6      394.2     1.51e+05
2024 04 13  0147   60413    6420    0        0.5      372.6     2.86e+04
2024 04 13  0148   60413    6480    0        0.6      372.3     3.25e+04
2024 04 13  0149   60413    6540    0        0.6      372.4     3.59e+04
2024 04 13  0150   60413    6600    3    -9999.9    -9999.9    -1.00e+05
2024 04 13  0151   60413    6660    3    -9999.9    -9999.9    -1.00e+05
2024 04 13  0152   60413    6720    3    -9999.9    -9999.9    -1.00e+05
2024 04 13  0153   60413    6780    3    -9999.9    -9999.9    -1.00e+05
2024 04 13  0154   60413    6840    0        0.7      373.7     2.98e+04
2024 04 13  0155   60413    6900    3    -9999.9    -9999.9    -1.00e+05
2024 04 13  0156   60413    6960    0        0.6      376.2     2.99e+04
2024 04 13  0157   60413    7020    0        0.6      372.1     3.60e+04
2024 04 13  0158   60413    7080    0        0.8      373.4     5.49e+04
2024 04 13  0159   60413    7140    0        0.8      373.4     5.45e+04
2024 04 13  0200   60413    7200    0        0.6      374.1     2.92e+04
2024 04 13  0201   60413    7260    0        0.6      376.1     2.64e+04
2024 04 13  0202   60413    7320    0        0.5      378.8     3.50e+04
2024 04 13  0203   60413    7380    0        0.6      382.1     4.59e+04
2024 04 13  0204   60413    7440    0        0.5      378.4     3.55e+04
2024 04 13  0205   60413    7500    0        0.6      375.3     3.22e+04
2024 04 13  0206   60413    7560    3    -9999.9    -9999.9    -1.00e+05
2024 04 13  0207   60413    7620    0        0.7      374.0     4.20e+04
2024 04 13  0208   60413    7680    0        0.6      372.2     4.61e+04
2024 04 13  0209   60413    7740    0        0.5      369.4     4.27e+04
2024 04 13  0210   60413    7800    0        0.4      368.0     3.19e+04
2024 04 13  0211   60413    7860    3    -9999.9    -9999.9    -1.00e+05
2024 04 13  0212   60413    7920    3    -9999.9    -9999.9    -1.00e+05
2024 04 13  0213   60413    7980    0        0.5      374.5     3.46e+04
2024 04 13  0214   60413    8040    0        0.5      368.2     3.55e+04
2024 04 13  0215   60413    8100    3    -9999.9    -9999.9    -1.00e+05
2024 04 13  0216   60413    8160    0        0.6      375.7     2.91e+04
2024 04 13  0217   60413    8220    1        2.3      564.3     1.25e+06
2024 04 13  0218   60413    8280    3    -9999.9    -9999.9    -1.00e+05
2024 04 13  0219   60413    8340    3    -9999.9    -9999.9    -1.00e+05
2024 04 13  0220   60413    8400    3    -9999.9    -9999.9    -1.00e+05
2024 04 13  0221   60413    8460    0        0.7      368.6     4.58e+04
2024 04 13  0222   60413    8520    3    -9999.9    -9999.9    -1.00e+05
2024 04 13  0223   60413    8580    0        0.5      368.9     3.65e+04
2024 04 13  0224   60413    8640    0        0.5      368.9     3.65e+04
2024 04 13  0225   60413    8700    3    -9999.9    -9999.9    -1.00e+05
2024 04 13  0226   60413    8760    3    -9999.9    -9999.9    -1.00e+05
2024 04 13  0227   60413    8820    3    -9999.9    -9999.9    -1.00e+05
2024 04 13  0228   60413    8880    0        0.6      363.1     5.13e+04
2024 04 13  0229   60413    8940    3    -9999.9    -9999.9    -1.00e+05
2024 04 13  0230   60413    9000    0        0.6      365.4     4.51e+04
2024 04 13  0231   60413    9060    9    -9999.9    -9999.9    -1.00e+05
2024 04 13  0232   60413    9120    9    -9999.9    -9999.9    -1.00e+05
2024 04 13  0233   60413    9180    3    -9999.9    -9999.9    -1.00e+05
2024 04 13  0234   60413    9240    0       13.7      389.0     3.65e+04
2024 04 13  0235   60413    9300    0       11.1      400.8     4.33e+04
2024 04 13  0236   60413    9360    6       10.5      403.4     4.48e+04
2024 04 13  0237   60413    9420    6    -9999.9    -9999.9    -1.00e+05
2024 04 13  0238   60413    9480    6    -9999.9    -9999.9    -1.00e+05
2024 04 13  0239   60413    9540    0        0.9      383.8     1.07e+05
2024 04 13  0240   60413    9600    0        0.9      383.8     1.07e+05
2024 04 13  0241   60413    9660    6    -9999.9    -9999.9    -1.00e+05
2024 04 13  0242   60413    9720    6    -9999.9    -9999.9    -1.00e+05
2024 04 13  0243   60413    9780    6    -9999.9    -9999.9    -1.00e+05
2024 04 13  0244   60413    9840    6    -9999.9    -9999.9    -1.00e+05
2024 04 13  0245   60413    9900    3    -9999.9    -9999.9    -1.00e+05
2024 04 13  0246   60413    9960    0        0.6      377.5     8.03e+04
2024 04 13  0247   60413   10020    6    -9999.9    -9999.9    -1.00e+05
2024 04 13  0248   60413   10080    6    -9999.9    -9999.9    -1.00e+05
2024 04 13  0249   60413   10140    3    -9999.9    -9999.9    -1.00e+05
2024 04 13  0250   60413   10200    0       78.8      401.7    -1.00e+05
2024 04 13  0251   60413   10260    4    -9999.9    -9999.9    -1.00e+05
2024 04 13  0252   60413   10320    6    -9999.9    -9999.9    -1.00e+05
2024 04 13  0253   60413   10380    3    -9999.9    -9999.9    -1.00e+05
2024 04 13  0254   60413   10440    0       25.3      389.4    -1.00e+05
2024 04 13  0255   60413   10500    3    -9999.9    -9999.9    -1.00e+05
2024 04 13  0256   60413   10560    3    -9999.9    -9999.9    -1.00e+05
2024 04 13  0257   60413   10620    3    -9999.9    -9999.9    -1.00e+05
2024 04 13  0258   60413   10680    0        0.6      355.7     2.84e+04
2024 04 13  0259   60413   10740    3    -9999.9    -9999.9    -1.00e+05
2024 04 13  0300   60413   10800    6    -9999.9    -9999.9    -1.00e+05
2024 04 13  0301   60413   10860    6    -9999.9    -9999.9    -1.00e+05
2024 04 13  0302   60413   10920    3    -9999.9    -9999.9    -1.00e+05
2024 04 13  0303   60413   10980    0        0.6      363.8     5.81e+04
2024 04 13  0304   60413   11040    9    -9999.9    -9999.9    -1.00e+05
2024 04 13  0305   60413   11100    3    -9999.9    -9999.9    -1.00e+05
2024 04 13  0306   60413   11160    0        5.0      390.1     1.80e+04
2024 04 13  0307   60413   11220    3    -9999.9    -9999.9    -1.00e+05
2024 04 13  0308   60413   11280    6    -9999.9    -9999.9    -1.00e+05
2024 04 13  0309   60413   11340    6    -9999.9    -9999.9    -1.00e+05
2024 04 13  0310   60413   11400    3    -9999.9    -9999.9    -1.00e+05
2024 04 13  0311   60413   11460    3    -9999.9    -9999.9    -1.00e+05
2024 04 13  0312   60413   11520    3    -9999.9    -9999.9    -1.00e+05
2024 04 13  0313   60413   11580    3    -9999.9    -9999.9    -1.00e+05
2024 04 13  0314   60413   11640    3    -9999.9    -9999.9    -1.00e+05
2024 04 13  0315   60413   11700    6    -9999.9    -9999.9    -1.00e+05
2024 04 13  0316   60413   11760    3    -9999.9    -9999.9    -1.00e+05
2024 04 13  0317   60413   11820    0        0.0      372.7     4.17e+04
2024 04 13  0318   60413   11880    3    -9999.9    -9999.9    -1.00e+05
2024 04 13  0319   60413   11940    6        0.1    -9999.9    -1.00e+05
2024 04 13  0320   60413   12000    0        0.1      361.0     3.88e+04
2024 04 13  0321   60413   12060    6        0.1    -9999.9    -1.00e+05
2024 04 13  0322   60413   12120    3    -9999.9    -9999.9    -1.00e+05
2024 04 13  0323   60413   12180    6    -9999.9    -9999.9    -1.00e+05
2024 04 13  0324   60413   12240    3    -9999.9    -9999.9    -1.00e+05
2024 04 13  0325   60413   12300    6    -9999.9    -9999.9    -1.00e+05
2024 04 13  0326   60413   12360    3    -9999.9    -9999.9    -1.00e+05
2024 04 13  0327   60413   12420    0        0.3      345.9     5.46e+04
2024 04 13  0328   60413   12480    0        0.3      345.9     5.46e+04
2024 04 13  0329   60413   12540    3    -9999.9    -9999.9    -1.00e+05
2024 04 13  0330   60413   12600    6    -9999.9    -9999.9    -1.00e+05
2024 04 13  0331   60413   12660    6    -9999.9    -9999.9    -1.00e+05
2024 04 13  0332   60413   12720    6    -9999.9    -9999.9    -1.00e+05
2024 04 13  0333   60413   12780    6    -9999.9    -9999.9    -1.00e+05
2024 04 13  0334   60413   12840    6        0.3      356.2     6.11e+04
2024 04 13  0335   60413   12900    0        0.3      356.2     6.11e+04
2024 04 13  0336   60413   12960    6    -9999.9    -9999.9    -1.00e+05
2024 04 13  0337   60413   13020    6    -9999.9    -9999.9    -1.00e+05
2024 04 13  0338   60413   13080    6    -9999.9    -9999.9    -1.00e+05
2024 04 13  0339   60413   13140    6    -9999.9    -9999.9    -1.00e+05
2024 04 13  0340   60413   13200    3    -9999.9    -9999.9    -1.00e+05
2024 04 13  0341   60413   13260    3    -9999.9    -9999.9    -1.00e+05
2024 04 13  0342   60413   13320    6    -9999.9    -9999.9    -1.00e+05
2024 04 13  0343   60413   13380    6    -9999.9    -9999.9    -1.00e+05
2024 04 13  0344   60413   13440    6    -9999.9    -9999.9    -1.00e+05
2024 04 13  0345   60413   13500    3    -9999.9    -9999.9    -1.00e+05
2024 04 13  0346   60413   13560    6        0.0      376.4     4.95e+04
2024 04 13  0347   60413   13620    0        0.1      370.1     4.67e+04
2024 04 13  0348   60413   13680    1        0.1      354.1     3.98e+04
2024 04 13  0349   60413   13740    6    -9999.9    -9999.9    -1.00e+05
2024 04 13  0350   60413   13800    6    -9999.9    -9999.9    -1.00e+05
2024 04 13  0351   60413   13860    6    -9999.9    -9999.9    -1.00e+05
2024 04 13  0352   60413   13920    3    -9999.9    -9999.9    -1.00e+05
2024 04 13  0353   60413   13980    6    -9999.9    -9999.9    -1.00e+05
2024 04 13  0354   60413   14040    3    -9999.9    -9999.9    -1.00e+05
2024 04 13  0355   60413   14100    0        0.1      342.0     6.87e+04
2024 04 13  0356   60413   14160    3    -9999.9    -9999.9    -1.00e+05
2024 04 13  0357   60413   14220    6    -9999.9    -9999.9    -1.00e+05
2024 04 13  0358   60413   14280    3    -9999.9    -9999.9    -1.00e+05
2024 04 13  0359   60413   14340    9    -9999.9    -9999.9    -1.00e+05
2024 04 13  0400   60413   14400    1        0.1      330.8    -1.00e+05
2024 04 13  0401   60413   14460    1        0.1      346.0     2.40e+04
2024 04 13  0402   60413   14520    0        0.1      367.3     2.40e+04
2024 04 13  0403   60413   14580    6        0.1      375.6     6.47e+04
2024 04 13  0404   60413   14640    0        0.1      375.6     6.47e+04
2024 04 13  0405   60413   14700    6        0.6      438.9     1.46e+05
2024 04 13  0406   60413   14760    0        0.6      438.9     1.46e+05
2024 04 13  0407   60413   14820    6    -9999.9    -9999.9    -1.00e+05
2024 04 13  0408   60413   14880    3    -9999.9    -9999.9    -1.00e+05
2024 04 13  0409   60413   14940    0       24.4      378.8    -1.00e+05
2024 04 13  0410   60413   15000    0       24.4      378.8    -1.00e+05
2024 04 13  0411   60413   15060    3    -9999.9    -9999.9    -1.00e+05
2024 04 13  0412   60413   15120    6    -9999.9    -9999.9    -1.00e+05
2024 04 13  0413   60413   15180    3    -9999.9    -9999.9    -1.00e+05
2024 04 13  0414   60413   15240    6    -9999.9    -9999.9    -1.00e+05
2024 04 13  0415   60413   15300    3    -9999.9    -9999.9    -1.00e+05
2024 04 13  0416   60413   15360    3    -9999.9    -9999.9    -1.00e+05
2024 04 13  0417   60413   15420    3    -9999.9    -9999.9    -1.00e+05
2024 04 13  0418   60413   15480    4    -9999.9    -9999.9    -1.00e+05
2024 04 13  0419   60413   15540    3    -9999.9    -9999.9    -1.00e+05
2024 04 13  0420   60413   15600    6        0.3      361.1     3.17e+04
2024 04 13  0421   60413   15660    0        0.3      361.1     3.17e+04
2024 04 13  0422   60413   15720    6    -9999.9    -9999.9    -1.00e+05
2024 04 13  0423   60413   15780    3    -9999.9    -9999.9    -1.00e+05
2024 04 13  0424   60413   15840    6    -9999.9    -9999.9    -1.00e+05
2024 04 13  0425   60413   15900    6    -9999.9    -9999.9    -1.00e+05
2024 04 13  0426   60413   15960    0        0.3      365.1     4.15e+04
2024 04 13  0427   60413   16020    6        0.3      365.1     4.15e+04
2024 04 13  0428   60413   16080    6    -9999.9    -9999.9    -1.00e+05
2024 04 13  0429   60413   16140    3    -9999.9    -9999.9    -1.00e+05
2024 04 13  0430   60413   16200    6    -9999.9    -9999.9    -1.00e+05
2024 04 13  0431   60413   16260    6    -9999.9    -9999.9    -1.00e+05
2024 04 13  0432   60413   16320    6    -9999.9    -9999.9    -1.00e+05
2024 04 13  0433   60413   16380    6    -9999.9    -9999.9    -1.00e+05
2024 04 13  0434   60413   16440    3    -9999.9    -9999.9    -1.00e+05
2024 04 13  0435   60413   16500    6        0.5      367.3     4.03e+04
2024 04 13  0436   60413   16560    0        0.5      367.3     4.03e+04
2024 04 13  0437   60413   16620    3    -9999.9    -9999.9    -1.00e+05
2024 04 13  0438   60413   16680    0        0.5      363.0     5.56e+04
2024 04 13  0439   60413   16740    0        0.5      367.9     6.92e+04
2024 04 13  0440   60413   16800    3    -9999.9    -9999.9    -1.00e+05
2024 04 13  0441   60413   16860    6    -9999.9    -9999.9    -1.00e+05
2024 04 13  0442   60413   16920    3    -9999.9    -9999.9    -1.00e+05
2024 04 13  0443   60413   16980    3    -9999.9    -9999.9    -1.00e+05
2024 04 13  0444   60413   17040    0        0.4      365.8     3.33e+04
2024 04 13  0445   60413   17100    4    -9999.9    -9999.9    -1.00e+05
2024 04 13  0446   60413   17160    6    -9999.9    -9999.9    -1.00e+05
2024 04 13  0447   60413   17220    6    -9999.9    -9999.9    -1.00e+05
2024 04 13  0448   60413   17280    6    -9999.9    -9999.9    -1.00e+05
2024 04 13  0449   60413   17340    3    -9999.9    -9999.9    -1.00e+05
2024 04 13  0450   60413   17400    6    -9999.9    -9999.9    -1.00e+05
2024 04 13  0451   60413   17460    3    -9999.9    -9999.9    -1.00e+05
2024 04 13  0452   60413   17520    6        0.2      374.5     2.74e+04
2024 04 13  0453   60413   17580    1        0.2      374.5     2.74e+04
2024 04 13  0454   60413   17640    3    -9999.9    -9999.9    -1.00e+05
2024 04 13  0455   60413   17700    0        0.5      379.5     7.64e+04
2024 04 13  0456   60413   17760    3    -9999.9    -9999.9    -1.00e+05
2024 04 13  0457   60413   17820    0        0.6      368.6     5.41e+04
2024 04 13  0458   60413   17880    3    -9999.9    -9999.9    -1.00e+05
2024 04 13  0459   60413   17940    6    -9999.9    -9999.9    -1.00e+05
2024 04 13  0500   60413   18000    1        0.6      358.7     3.07e+04
2024 04 13  0501   60413   18060    3    -9999.9    -9999.9    -1.00e+05
2024 04 13  0502   60413   18120    0    -9999.9      327.3     1.70e+04
2024 04 13  0503   60413   18180    0        0.4      351.3     2.69e+04
2024 04 13  0504   60413   18240    0        0.4      371.1     3.51e+04
2024 04 13  0505   60413   18300    3    -9999.9    -9999.9    -1.00e+05
2024 04 13  0506   60413   18360    6        0.7      369.3     8.63e+04
2024 04 13  0507   60413   18420    0        0.7      369.3     8.63e+04
2024 04 13  0508   60413   18480    6        0.6      358.5     4.60e+04
2024 04 13  0509   60413   18540    0        0.6      358.5     4.60e+04
2024 04 13  0510   60413   18600    3    -9999.9    -9999.9    -1.00e+05
2024 04 13  0511   60413   18660    6    -9999.9    -9999.9    -1.00e+05
2024 04 13  0512   60413   18720    6    -9999.9    -9999.9    -1.00e+05
2024 04 13  0513   60413   18780    6    -9999.9    -9999.9    -1.00e+05
2024 04 13  0514   60413   18840    0        0.2      363.2     3.58e+04
2024 04 13  0515   60413   18900    3    -9999.9    -9999.9    -1.00e+05
2024 04 13  0516   60413   18960    3    -9999.9    -9999.9    -1.00e+05
2024 04 13  0517   60413   19020    3    -9999.9    -9999.9    -1.00e+05
2024 04 13  0518   60413   19080    1        0.0      369.4     2.83e+04
2024 04 13  0519   60413   19140    0        0.0      369.4     2.33e+04
2024 04 13  0520   60413   19200    0        0.0      367.6     1.94e+04
2024 04 13  0521   60413   19260    0        0.0      364.9     2.07e+04
2024 04 13  0522   60413   19320    1        0.0      366.0     3.01e+04
2024 04 13  0523   60413   19380    0        0.1      368.4     3.96e+04
2024 04 13  0524   60413   19440    0        0.1      364.0     2.49e+04
2024 04 13  0525   60413   19500    0        0.0      363.4    -1.00e+05
2024 04 13  0526   60413   19560    3    -9999.9    -9999.9    -1.00e+05
2024 04 13  0527   60413   19620    6    -9999.9    -9999.9    -1.00e+05
2024 04 13  0528   60413   19680    6    -9999.9    -9999.9    -1.00e+05
2024 04 13  0529   60413   19740    3    -9999.9    -9999.9    -1.00e+05
2024 04 13  0530   60413   19800    0        0.3      391.2     9.90e+04
2024 04 13  0531   60413   19860    0        0.2      369.2     7.16e+04
2024 04 13  0532   60413   19920    3    -9999.9    -9999.9    -1.00e+05
2024 04 13  0533   60413   19980    3    -9999.9    -9999.9    -1.00e+05
2024 04 13  0534   60413   20040    0        0.3      382.3     4.20e+04
2024 04 13  0535   60413   20100    6        0.3      382.3     4.20e+04
2024 04 13  0536   60413   20160    6    -9999.9    -9999.9    -1.00e+05
2024 04 13  0537   60413   20220    3    -9999.9    -9999.9    -1.00e+05
2024 04 13  0538   60413   20280    0        0.1      362.5     2.04e+04
2024 04 13  0539   60413   20340    0        0.0      360.0    -1.00e+05
2024 04 13  0540   60413   20400    0        0.1      365.9     8.99e+04
2024 04 13  0541   60413   20460    1        0.2      394.1     8.71e+04
2024 04 13  0542   60413   20520    0        0.2      384.4     6.79e+04
2024 04 13  0543   60413   20580    0        0.3      382.1     3.43e+04
2024 04 13  0544   60413   20640    3    -9999.9    -9999.9    -1.00e+05
2024 04 13  0545   60413   20700    1        0.1      362.2     1.94e+04
2024 04 13  0546   60413   20760    6        0.1      362.2     1.94e+04
2024 04 13  0547   60413   20820    0        0.0      364.8     1.04e+04
2024 04 13  0548   60413   20880    6        0.0      364.8     1.04e+04
2024 04 13  0549   60413   20940    6    -9999.9    -9999.9    -1.00e+05
2024 04 13  0550   60413   21000    3    -9999.9    -9999.9    -1.00e+05
2024 04 13  0551   60413   21060    0        0.2      379.0     3.10e+04
2024 04 13  0552   60413   21120    0        0.2      379.0     3.10e+04
2024 04 13  0553   60413   21180    6        0.2      379.7     6.42e+04
2024 04 13  0554   60413   21240    0        0.1      380.6     6.41e+04
2024 04 13  0555   60413   21300    0        0.1      380.4     5.86e+04
2024 04 13  0556   60413   21360    0        0.1      375.7     4.52e+04
2024 04 13  0557   60413   21420    3    -9999.9    -9999.9    -1.00e+05
2024 04 13  0558   60413   21480    0       13.8      385.9    -1.00e+05
2024 04 13  0559   60413   21540    6    -9999.9    -9999.9    -1.00e+05
2024 04 13  0600   60413   21600    6    -9999.9    -9999.9    -1.00e+05
2024 04 13  0601   60413   21660    3    -9999.9    -9999.9    -1.00e+05
2024 04 13  0602   60413   21720    6    -9999.9    -9999.9    -1.00e+05
2024 04 13  0603   60413   21780    6    -9999.9    -9999.9    -1.00e+05
2024 04 13  0604   60413   21840    6    -9999.9    -9999.9    -1.00e+05
2024 04 13  0605   60413   21900    6    -9999.9    -9999.9    -1.00e+05
2024 04 13  0606   60413   21960    6    -9999.9    -9999.9    -1.00e+05
2024 04 13  0607   60413   22020    0        0.1      367.2     7.27e+04
2024 04 13  0608   60413   22080    0        0.1      367.2     7.27e+04
2024 04 13  0609   60413   22140    6        0.4      384.7     2.75e+04
2024 04 13  0610   60413   22200    0        0.3      381.9     6.28e+04
2024 04 13  0611   60413   22260    0        0.2      376.6     1.28e+05
2024 04 13  0612   60413   22320    6        0.1      330.0    -1.00e+05
2024 04 13  0613   60413   22380    0        0.1      330.0    -1.00e+05
2024 04 13  0614   60413   22440    6    -9999.9    -9999.9    -1.00e+05
2024 04 13  0615   60413   22500    6        0.2    -9999.9    -1.00e+05
2024 04 13  0616   60413   22560    0        0.2      348.0     4.83e+04
2024 04 13  0617   60413   22620    0        0.4      366.1     1.18e+05
2024 04 13  0618   60413   22680    0        0.3      374.2     1.48e+05
2024 04 13  0619   60413   22740    6        0.3      375.1     1.51e+05
2024 04 13  0620   60413   22800    6    -9999.9    -9999.9    -1.00e+05
2024 04 13  0621   60413   22860    0        0.2      339.4     5.46e+04
2024 04 13  0622   60413   22920    0        0.2      339.4     5.46e+04
2024 04 13  0623   60413   22980    1        0.2      346.2     5.65e+04
2024 04 13  0624   60413   23040    1        0.2      341.4     4.53e+04
2024 04 13  0625   60413   23100    0        0.2      339.5     4.23e+04
2024 04 13  0626   60413   23160    0        0.2      341.9     5.08e+04
2024 04 13  0627   60413   23220    0        0.3      337.9     4.32e+04
2024 04 13  0628   60413   23280    3    -9999.9    -9999.9    -1.00e+05
2024 04 13  0629   60413   23340    0        0.2      344.6     4.77e+04
2024 04 13  0630   60413   23400    3    -9999.9    -9999.9    -1.00e+05
2024 04 13  0631   60413   23460    3    -9999.9    -9999.9    -1.00e+05
2024 04 13  0632   60413   23520    3    -9999.9    -9999.9    -1.00e+05
2024 04 13  0633   60413   23580    6    -9999.9    -9999.9    -1.00e+05
2024 04 13  0634   60413   23640    0        0.1      359.4     1.83e+04
2024 04 13  0635   60413   23700    0        0.2      378.2     8.14e+04
2024 04 13  0636   60413   23760    0        0.2      382.4     9.56e+04
2024 04 13  0637   60413   23820    0        0.2      363.5     2.88e+04
2024 04 13  0638   60413   23880    6        0.2      363.5     2.88e+04
2024 04 13  0639   60413   23940    0        5.5      361.9    -1.00e+05
2024 04 13  0640   60413   24000    0        5.5      361.9    -1.00e+05
2024 04 13  0641   60413   24060    3    -9999.9    -9999.9    -1.00e+05
2024 04 13  0642   60413   24120    6    -9999.9    -9999.9    -1.00e+05
2024 04 13  0643   60413   24180    6    -9999.9    -9999.9    -1.00e+05
2024 04 13  0644   60413   24240    6    -9999.9    -9999.9    -1.00e+05
2024 04 13  0645   60413   24300    3    -9999.9    -9999.9    -1.00e+05
2024 04 13  0646   60413   24360    3    -9999.9    -9999.9    -1.00e+05
2024 04 13  0647   60413   24420    6    -9999.9    -9999.9    -1.00e+05
2024 04 13  0648   60413   24480    3    -9999.9    -9999.9    -1.00e+05
2024 04 13  0649   60413   24540    3    -9999.9    -9999.9    -1.00e+05
2024 04 13  0650   60413   24600    6    -9999.9    -9999.9    -1.00e+05
2024 04 13  0651   60413   24660    1        0.1      352.3     4.09e+04
2024 04 13  0652   60413   24720    1        0.1      353.9     5.61e+04
2024 04 13  0653   60413   24780    6        0.1      354.4     6.12e+04
2024 04 13  0654   60413   24840    0        0.0      374.7     5.17e+04
2024 04 13  0655   60413   24900    0        0.0      374.7     5.17e+04
2024 04 13  0656   60413   24960    3    -9999.9    -9999.9    -1.00e+05
2024 04 13  0657   60413   25020    3    -9999.9    -9999.9    -1.00e+05
2024 04 13  0658   60413   25080    0       10.9      369.5     5.64e+04
2024 04 13  0659   60413   25140    0       31.0      381.9    -1.00e+05
2024 04 13  0700   60413   25200    6    -9999.9    -9999.9    -1.00e+05
2024 04 13  0701   60413   25260    6        4.7      342.5    -1.00e+05
2024 04 13  0702   60413   25320    0        4.7      342.5    -1.00e+05
2024 04 13  0703   60413   25380    3    -9999.9    -9999.9    -1.00e+05
2024 04 13  0704   60413   25440    3    -9999.9    -9999.9    -1.00e+05
2024 04 13  0705   60413   25500    0        0.1      368.9     4.27e+04
2024 04 13  0706   60413   25560    0        0.1      367.7     6.51e+04
2024 04 13  0707   60413   25620    3    -9999.9    -9999.9    -1.00e+05
2024 04 13  0708   60413   25680    3    -9999.9    -9999.9    -1.00e+05
2024 04 13  0709   60413   25740    0        0.0      366.8     5.32e+04
2024 04 13  0710   60413   25800    4    -9999.9    -9999.9    -1.00e+05
2024 04 13  0711   60413   25860    6    -9999.9    -9999.9    -1.00e+05
2024 04 13  0712   60413   25920    6    -9999.9    -9999.9    -1.00e+05
2024 04 13  0713   60413   25980    6        0.1      362.3     1.50e+04
2024 04 13  0714   60413   26040    0        0.1      362.3     1.50e+04
2024 04 13  0715   60413   26100    6        0.2      358.7     4.85e+04
2024 04 13  0716   60413   26160    0        0.2      358.7     4.85e+04
2024 04 13  0717   60413   26220    3    -9999.9    -9999.9    -1.00e+05
2024 04 13  0718   60413   26280    0        0.3      387.3     4.39e+04
2024 04 13  0719   60413   26340    6        0.1    -9999.9    -1.00e+05
2024 04 13  0720   60413   26400    0        0.1      369.1     3.74e+04
2024 04 13  0721   60413   26460    3    -9999.9    -9999.9    -1.00e+05
2024 04 13  0722   60413   26520    6    -9999.9    -9999.9    -1.00e+05
2024 04 13  0723   60413   26580    0        0.1      351.9     4.53e+04
2024 04 13  0724   60413   26640    0        0.1      361.3     3.73e+04
2024 04 13  0725   60413   26700    6        0.1      364.4     3.46e+04
2024 04 13  0726   60413   26760    6    -9999.9    -9999.9    -1.00e+05
2024 04 13  0727   60413   26820    0        0.1      367.4     3.47e+04
2024 04 13  0728   60413   26880    0        0.1      367.4     3.47e+04
2024 04 13  0729   60413   26940    0        0.1      359.7     2.54e+04
2024 04 13  0730   60413   27000    0        0.1      364.9     4.58e+04
2024 04 13  0731   60413   27060    1        0.2      374.5     8.37e+04
2024 04 13  0732   60413   27120    6        0.3      355.7     4.13e+04
2024 04 13  0733   60413   27180    0        0.4      353.0     4.07e+04
2024 04 13  0734   60413   27240    0        0.6      339.2     3.81e+04
2024 04 13  0735   60413   27300    0        0.4      354.0     5.00e+04
2024 04 13  0736   60413   27360    0        0.4      349.4     4.63e+04
2024 04 13  0737   60413   27420    0        0.7      368.0     1.12e+05
2024 04 13  0738   60413   27480    0        1.9      404.1     1.22e+05
2024 04 13  0739   60413   27540    3    -9999.9    -9999.9    -1.00e+05
2024 04 13  0740   60413   27600    3    -9999.9    -9999.9    -1.00e+05
2024 04 13  0741   60413   27660    3    -9999.9    -9999.9    -1.00e+05
2024 04 13  0742   60413   27720    0       17.0      370.9     1.48e+04
2024 04 13  0743   60413   27780    0        7.9      358.6     2.68e+04
2024 04 13  0744   60413   27840    0        0.4      348.5     3.66e+04
2024 04 13  0745   60413   27900    3    -9999.9    -9999.9    -1.00e+05
2024 04 13  0746   60413   27960    3    -9999.9    -9999.9    -1.00e+05
2024 04 13  0747   60413   28020    3    -9999.9    -9999.9    -1.00e+05
2024 04 13  0748   60413   28080    3    -9999.9    -9999.9    -1.00e+05
2024 04 13  0749   60413   28140    3    -9999.9    -9999.9    -1.00e+05
2024 04 13  0750   60413   28200    3    -9999.9    -9999.9    -1.00e+05
2024 04 13  0751   60413   28260    3    -9999.9    -9999.9    -1.00e+05
2024 04 13  0752   60413   28320    9    -9999.9    -9999.9    -1.00e+05
2024 04 13  0753   60413   28380    0        0.6      367.2     1.09e+05
2024 04 13  0754   60413   28440    0        0.5      347.0     4.61e+04
2024 04 13  0755   60413   28500    0        0.5      368.1     1.08e+05
2024 04 13  0756   60413   28560    6        0.5      373.4     1.24e+05
2024 04 13  0757   60413   28620    1        0.2      351.0     4.75e+04
2024 04 13  0758   60413   28680    6        0.2      351.0     4.75e+04
2024 04 13  0759   60413   28740    0        0.7      369.7     1.41e+05
2024 04 13  0800   60413   28800    0        0.7      369.7     1.41e+05
2024 04 13  0801   60413   28860    3    -9999.9    -9999.9    -1.00e+05
2024 04 13  0802   60413   28920    0        0.9      364.4     9.63e+04
2024 04 13  0803   60413   28980    0        0.9      364.4     9.63e+04
2024 04 13  0804   60413   29040    6        0.2      366.6     4.27e+04
2024 04 13  0805   60413   29100    1        0.2      366.6     4.27e+04
2024 04 13  0806   60413   29160    6        0.3      351.0     4.60e+04
2024 04 13  0807   60413   29220    0        0.3      350.9     4.58e+04
2024 04 13  0808   60413   29280    0        0.2      347.7     3.90e+04
2024 04 13  0809   60413   29340    3    -9999.9    -9999.9    -1.00e+05
2024 04 13  0810   60413   29400    0        0.5      350.2     3.87e+04
2024 04 13  0811   60413   29460    6        0.5      350.2     3.87e+04
2024 04 13  0812   60413   29520    0        0.4      342.0     4.64e+04
2024 04 13  0813   60413   29580    3    -9999.9    -9999.9    -1.00e+05
2024 04 13  0814   60413   29640    6    -9999.9    -9999.9    -1.00e+05
2024 04 13  0815   60413   29700    3    -9999.9    -9999.9    -1.00e+05
2024 04 13  0816   60413   29760    3    -9999.9    -9999.9    -1.00e+05
2024 04 13  0817   60413   29820    3    -9999.9    -9999.9    -1.00e+05
2024 04 13  0818   60413   29880    6        0.5      345.7     4.22e+04
2024 04 13  0819   60413   29940    0        0.5      345.7     4.22e+04
2024 04 13  0820   60413   30000    3    -9999.9    -9999.9    -1.00e+05
2024 04 13  0821   60413   30060    6    -9999.9    -9999.9    -1.00e+05
2024 04 13  0822   60413   30120    3    -9999.9    -9999.9    -1.00e+05
2024 04 13  0823   60413   30180    3    -9999.9    -9999.9    -1.00e+05
2024 04 13  0824   60413   30240    3    -9999.9    -9999.9    -1.00e+05
2024 04 13  0825   60413   30300    0        0.4      346.8     7.23e+04
2024 04 13  0826   60413   30360    0        0.3      345.6     3.80e+04
2024 04 13  0827   60413   30420    0        0.5      350.1     4.04e+04
2024 04 13  0828   60413   30480    0        0.5      354.9     4.62e+04
2024 04 13  0829   60413   30540    0        0.5      356.1     4.76e+04
2024 04 13  0830   60413   30600    0        2.7      357.0     1.21e+04
2024 04 13  0831   60413   30660    6        2.7      357.0     1.21e+04
2024 04 13  0832   60413   30720    6    -9999.9    -9999.9    -1.00e+05
2024 04 13  0833   60413   30780    6    -9999.9    -9999.9    -1.00e+05
2024 04 13  0834   60413   30840    6    -9999.9    -9999.9    -1.00e+05
2024 04 13  0835   60413   30900    3    -9999.9    -9999.9    -1.00e+05
2024 04 13  0836   60413   30960    3    -9999.9    -9999.9    -1.00e+05
2024 04 13  0837   60413   31020    6      183.3      325.4    -1.00e+05
2024 04 13  0838   60413   31080    0      183.3      325.4    -1.00e+05
2024 04 13  0839   60413   31140    3    -9999.9    -9999.9    -1.00e+05
2024 04 13  0840   60413   31200    6    -9999.9    -9999.9    -1.00e+05
2024 04 13  0841   60413   31260    0       29.4      338.2     4.53e+04
2024 04 13  0842   60413   31320    3    -9999.9    -9999.9    -1.00e+05
2024 04 13  0843   60413   31380    6    -9999.9    -9999.9    -1.00e+05
2024 04 13  0844   60413   31440    6    -9999.9    -9999.9    -1.00e+05
2024 04 13  0845   60413   31500    3    -9999.9    -9999.9    -1.00e+05
2024 04 13  0846   60413   31560    3    -9999.9    -9999.9    -1.00e+05
2024 04 13  0847   60413   31620    6    -9999.9    -9999.9    -1.00e+05
2024 04 13  0848   60413   31680    6    -9999.9    -9999.9    -1.00e+05
2024 04 13  0849   60413   31740    3    -9999.9    -9999.9    -1.00e+05
2024 04 13  0850   60413   31800    6    -9999.9    -9999.9    -1.00e+05
2024 04 13  0851   60413   31860    3    -9999.9    -9999.9    -1.00e+05
2024 04 13  0852   60413   31920    3    -9999.9    -9999.9    -1.00e+05
2024 04 13  0853   60413   31980    3    -9999.9    -9999.9    -1.00e+05
2024 04 13  0854   60413   32040    3    -9999.9    -9999.9    -1.00e+05
2024 04 13  0855   60413   32100    6    -9999.9    -9999.9    -1.00e+05
2024 04 13  0856   60413   32160    6    -9999.9    -9999.9    -1.00e+05
2024 04 13  0857   60413   32220    3    -9999.9    -9999.9    -1.00e+05
2024 04 13  0858   60413   32280    3    -9999.9    -9999.9    -1.00e+05
2024 04 13  0859   60413   32340    3    -9999.9    -9999.9    -1.00e+05
