:Data_list: 20240506_ace_epam_5m.txt
:Created: 2024 May 07 0011 UT
# Prepared by the U.S. Dept. of Commerce, NOAA, Space Weather Prediction Center
# Please send comments and suggestions to SWPC.Webmaster@noaa.gov 
# 
# Units: Differential Flux particles/cm2-s-ster-MeV
# Units: Anisotropy Index 0.0 - 2.0
# Status(S): 0 = nominal, 4,6,7,8 = bad data, unable to process, 9 = no data
# Missing data values: -1.00e+05, index = -1.00
# Source: ACE Satellite - Electron, Proton, and Alpha Monitor
#
#
#                      5-minute averaged Real-time Differential Electron and Proton Flux 
# 
#                Modified Seconds ---------------------------- Differential Flux ---------------------------
# UT Date   Time  Julian  of the  ----- Electron -----   ------------------- Protons keV -------------------   Anis.
# YR MO DA  HHMM    Day    Day    S    38-53   175-315   S    47-68   115-195   310-580   795-1193 1060-1900   Index
#-------------------------------------------------------------------------------------------------------------------
2024 05 06  0000   60436       0  0  1.35e+03  1.01e+01  0  3.02e+03  3.98e+01  1.92e+00  6.20e-01  1.23e-01  -1.00
2024 05 06  0005   60436     300  0  1.59e+03  1.88e+01  0  2.86e+03  3.87e+01  2.75e+00  6.18e-01  2.09e-01  -1.00
2024 05 06  0010   60436     600  0  1.63e+03  1.78e+01  0  2.89e+03  3.50e+01  2.63e+00  5.06e-01  1.92e-01  -1.00
2024 05 06  0015   60436     900  0  1.48e+03  1.26e+01  0  2.96e+03  4.03e+01  2.35e+00  6.34e-01  1.74e-01  -1.00
2024 05 06  0020   60436    1200  0  1.45e+03  1.25e+01  0  2.96e+03  3.70e+01  3.53e+00  8.11e-01  1.27e-01  -1.00
2024 05 06  0025   60436    1500  0  1.54e+03  1.20e+01  0  2.74e+03  3.81e+01  2.10e+00  5.15e-01  1.43e-01  -1.00
2024 05 06  0030   60436    1800  0  1.77e+03  1.82e+01  0  3.02e+03  3.55e+01  2.54e+00  4.63e-01  1.09e-01  -1.00
2024 05 06  0035   60436    2100  0  1.37e+03  1.64e+01  0  2.92e+03  3.31e+01  2.55e+00  3.64e-01  8.54e-02  -1.00
2024 05 06  0040   60436    2400  0  1.46e+03  1.22e+01  0  2.82e+03  4.10e+01  2.41e+00  6.28e-01  1.04e-01  -1.00
2024 05 06  0045   60436    2700  0  1.72e+03  1.66e+01  0  2.95e+03  3.65e+01  2.58e+00  4.79e-01  1.45e-01  -1.00
2024 05 06  0050   60436    3000  0  1.45e+03  1.61e+01  0  2.91e+03  3.79e+01  2.48e+00  5.15e-01  9.01e-02  -1.00
2024 05 06  0055   60436    3300  0  1.53e+03  1.48e+01  0  2.99e+03  4.02e+01  2.49e+00  3.27e-01  6.75e-02  -1.00
2024 05 06  0100   60436    3600  0  1.53e+03  1.77e+01  0  2.73e+03  3.37e+01  2.24e+00  4.45e-01  1.59e-01  -1.00
2024 05 06  0105   60436    3900  0  1.72e+03  1.71e+01  0  2.95e+03  3.39e+01  2.78e+00  2.05e-01  1.58e-01  -1.00
2024 05 06  0110   60436    4200  0  1.38e+03  1.60e+01  0  2.90e+03  3.09e+01  2.41e+00  7.80e-01  1.24e-01  -1.00
2024 05 06  0115   60436    4500  0  1.37e+03  9.72e+00  0  2.69e+03  3.33e+01  2.26e+00  4.65e-01  7.86e-02  -1.00
2024 05 06  0120   60436    4800  0  1.53e+03  1.13e+01  0  2.91e+03  3.68e+01  2.53e+00  2.76e-01  9.36e-02  -1.00
2024 05 06  0125   60436    5100  0  1.44e+03  1.27e+01  0  2.88e+03  3.22e+01  2.15e+00  4.17e-01  7.74e-02  -1.00
2024 05 06  0130   60436    5400  0  1.34e+03  1.50e+01  0  2.89e+03  3.59e+01  2.09e+00  3.88e-01  1.40e-01  -1.00
2024 05 06  0135   60436    5700  0  1.32e+03  1.28e+01  0  2.91e+03  3.26e+01  2.61e+00  3.35e-01  1.71e-01  -1.00
2024 05 06  0140   60436    6000  0  1.44e+03  1.65e+01  0  2.86e+03  3.30e+01  3.26e+00  4.48e-01  1.26e-01  -1.00
2024 05 06  0145   60436    6300  0  1.39e+03  1.39e+01  0  2.91e+03  3.33e+01  1.92e+00  4.03e-01  5.44e-02  -1.00
2024 05 06  0150   60436    6600  0  1.35e+03  1.30e+01  0  2.71e+03  3.91e+01  2.36e+00  6.65e-01  1.60e-01  -1.00
2024 05 06  0155   60436    6900  0  1.57e+03  1.48e+01  0  2.98e+03  3.87e+01  2.36e+00  5.39e-01  3.73e-02  -1.00
2024 05 06  0200   60436    7200  0  1.27e+03  1.59e+01  0  2.96e+03  3.67e+01  2.21e+00  3.22e-01  7.72e-02  -1.00
2024 05 06  0205   60436    7500  0  1.44e+03  1.47e+01  0  2.83e+03  3.57e+01  1.96e+00  3.73e-01  1.68e-01  -1.00
2024 05 06  0210   60436    7800  0  1.62e+03  1.16e+01  0  2.97e+03  3.96e+01  2.61e+00  4.86e-01  8.50e-02  -1.00
2024 05 06  0215   60436    8100  0  1.41e+03  1.28e+01  0  2.98e+03  3.45e+01  2.84e+00  3.60e-01  1.10e-01  -1.00
2024 05 06  0220   60436    8400  0  1.37e+03  1.64e+01  0  2.82e+03  3.27e+01  2.08e+00  3.94e-01  1.51e-01  -1.00
2024 05 06  0225   60436    8700  0  1.23e+03  1.24e+01  0  2.74e+03  3.93e+01  2.88e+00  4.15e-01  1.81e-01  -1.00
2024 05 06  0230   60436    9000  0  1.58e+03  1.32e+01  0  2.92e+03  3.71e+01  2.32e+00  4.42e-01  1.19e-01  -1.00
2024 05 06  0235   60436    9300  0  1.38e+03  1.22e+01  0  3.52e+03  4.18e+01  2.54e+00  5.89e-01  1.47e-01  -1.00
2024 05 06  0240   60436    9600  0  1.27e+03  1.52e+01  0  2.91e+03  3.94e+01  2.96e+00  3.38e-01  1.15e-01  -1.00
2024 05 06  0245   60436    9900  0  1.56e+03  1.49e+01  0  2.99e+03  3.95e+01  2.55e+00  4.78e-01  7.58e-02  -1.00
2024 05 06  0250   60436   10200  0  1.29e+03  1.40e+01  0  2.97e+03  3.89e+01  2.57e+00  4.29e-01  3.07e-02  -1.00
2024 05 06  0255   60436   10500  0  1.27e+03  1.18e+01  0  3.03e+03  4.19e+01  2.58e+00  4.43e-01  1.02e-01  -1.00
2024 05 06  0300   60436   10800  0  1.43e+03  1.72e+01  0  2.97e+03  4.04e+01  2.82e+00  2.91e-01  1.25e-01  -1.00
2024 05 06  0305   60436   11100  0  1.37e+03  1.18e+01  0  3.14e+03  4.50e+01  2.87e+00  3.55e-01  7.80e-02  -1.00
2024 05 06  0310   60436   11400  0  1.28e+03  1.19e+01  0  2.96e+03  4.28e+01  2.90e+00  3.24e-01  8.38e-02  -1.00
2024 05 06  0315   60436   11700  0  1.28e+03  1.44e+01  0  2.82e+03  3.81e+01  2.90e+00  1.58e-01  1.95e-01  -1.00
2024 05 06  0320   60436   12000  0  1.54e+03  1.66e+01  0  3.02e+03  4.03e+01  2.78e+00  4.85e-01  9.46e-02  -1.00
2024 05 06  0325   60436   12300  0  1.34e+03  1.34e+01  0  3.05e+03  3.82e+01  2.70e+00  3.26e-01  1.34e-01  -1.00
2024 05 06  0330   60436   12600  0  1.16e+03  1.42e+01  0  2.91e+03  4.23e+01  1.80e+00  7.79e-01  1.75e-01  -1.00
2024 05 06  0335   60436   12900  0  1.35e+03  1.72e+01  0  2.95e+03  4.18e+01  2.29e+00  5.76e-01  1.11e-01  -1.00
2024 05 06  0340   60436   13200  0  1.20e+03  1.01e+01  0  3.06e+03  3.73e+01  2.82e+00  3.10e-01  1.39e-01  -1.00
2024 05 06  0345   60436   13500  0  1.26e+03  1.23e+01  0  3.04e+03  4.18e+01  2.63e+00  4.89e-01  1.01e-01  -1.00
2024 05 06  0350   60436   13800  0  1.36e+03  1.42e+01  0  2.80e+03  3.75e+01  2.63e+00  4.26e-01  1.26e-01  -1.00
2024 05 06  0355   60436   14100  0  1.19e+03  0.00e+00  0  2.92e+03  3.89e+01  3.85e+00  6.10e-01  6.18e-01  -1.00
2024 05 06  0400   60436   14400  0  1.27e+03  1.30e+01  0  3.07e+03  4.15e+01  2.06e+00  3.86e-01  1.20e-01  -1.00
2024 05 06  0405   60436   14700  0  1.33e+03  1.56e+01  0  2.86e+03  4.28e+01  2.51e+00  5.15e-01  7.89e-02  -1.00
2024 05 06  0410   60436   15000  0  1.43e+03  1.36e+01  0  3.03e+03  4.20e+01  2.89e+00  1.42e-01  5.72e-02  -1.00
2024 05 06  0415   60436   15300  0  1.21e+03  1.42e+01  0  3.05e+03  4.39e+01  3.07e+00  2.69e-01  2.48e-02  -1.00
2024 05 06  0420   60436   15600  0  1.44e+03  1.33e+01  0  2.97e+03  3.79e+01  2.70e+00  3.54e-01  1.07e-01  -1.00
2024 05 06  0425   60436   15900  0  1.44e+03  9.62e+00  0  2.83e+03  3.75e+01  3.04e+00  3.89e-01  1.31e-01  -1.00
2024 05 06  0430   60436   16200  0  1.59e+03  1.14e+01  0  3.04e+03  3.85e+01  3.04e+00  3.80e-01  1.54e-01  -1.00
2024 05 06  0435   60436   16500  0  1.32e+03  1.50e+01  0  3.02e+03  3.61e+01  2.24e+00  7.20e-01  9.25e-02  -1.00
2024 05 06  0440   60436   16800  0  1.36e+03  1.29e+01  0  2.80e+03  3.78e+01  2.23e+00  4.04e-01  6.26e-02  -1.00
2024 05 06  0445   60436   17100  0  1.46e+03  1.61e+01  0  3.06e+03  3.64e+01  2.53e+00  3.58e-01  1.83e-01  -1.00
2024 05 06  0450   60436   17400  0  1.23e+03  1.75e+01  0  2.92e+03  3.75e+01  2.73e+00  3.51e-01  7.19e-02  -1.00
2024 05 06  0455   60436   17700  0  1.24e+03  1.09e+01  0  2.93e+03  4.30e+01  2.35e+00  3.32e-01  7.92e-02  -1.00
2024 05 06  0500   60436   18000  0  1.43e+03  1.17e+01  0  2.94e+03  3.60e+01  2.52e+00  5.59e-01  1.12e-01  -1.00
2024 05 06  0505   60436   18300  0  1.31e+03  1.72e+01  0  3.04e+03  3.37e+01  3.36e+00  3.30e-01  7.62e-02  -1.00
2024 05 06  0510   60436   18600  0  1.33e+03  1.63e+01  0  2.91e+03  3.55e+01  2.98e+00  4.67e-01  5.30e-02  -1.00
2024 05 06  0515   60436   18900  0  1.33e+03  1.46e+01  0  2.80e+03  3.54e+01  2.83e+00  3.52e-01  1.01e-01  -1.00
2024 05 06  0520   60436   19200  0  1.50e+03  1.82e+01  0  2.93e+03  3.13e+01  2.63e+00  4.03e-01  1.16e-01  -1.00
2024 05 06  0525   60436   19500  0  1.38e+03  1.04e+01  0  2.91e+03  3.37e+01  2.36e+00  4.54e-01  8.77e-02  -1.00
2024 05 06  0530   60436   19800  0  1.27e+03  1.40e+01  0  2.85e+03  3.64e+01  2.30e+00  3.76e-01  3.41e-02  -1.00
2024 05 06  0535   60436   20100  0  1.60e+03  1.03e+01  0  3.03e+03  3.85e+01  2.29e+00  3.98e-01  8.06e-02  -1.00
2024 05 06  0540   60436   20400  0  1.23e+03  1.38e+01  0  2.92e+03  3.57e+01  2.48e+00  4.19e-01  1.17e-01  -1.00
2024 05 06  0545   60436   20700  0  1.55e+03  1.79e+03  0  2.94e+03  3.28e+01  1.65e+00  3.02e-01  2.16e-02  -1.00
2024 05 06  0550   60436   21000  0  6.43e+05  1.45e+03  0  2.78e+03  3.40e+01  2.79e+00  6.73e-01  1.23e-01  -1.00
2024 05 06  0555   60436   21300  0  1.37e+03  1.54e+01  0  2.97e+03  3.61e+01  2.76e+00  3.54e-01  8.97e-02  -1.00
2024 05 06  0600   60436   21600  0  1.26e+03  1.43e+01  0  3.00e+03  3.41e+01  2.22e+00  4.20e-01  4.98e-02  -1.00
2024 05 06  0605   60436   21900  0  1.17e+03  1.21e+01  0  2.71e+03  3.38e+01  2.32e+00  4.46e-01  8.60e-02  -1.00
2024 05 06  0610   60436   22200  0  1.39e+03  1.50e+01  0  2.95e+03  3.20e+01  2.51e+00  3.28e-01  5.67e-02  -1.00
2024 05 06  0615   60436   22500  0  1.22e+03  1.46e+01  0  2.89e+03  2.70e+01  2.41e+00  3.58e-01  1.87e-02  -1.00
2024 05 06  0620   60436   22800  0  1.11e+03  1.88e+01  0  2.85e+03  2.34e+01  2.25e+00  3.04e-01  1.24e-01  -1.00
2024 05 06  0625   60436   23100  0  1.42e+03  1.68e+01  0  2.81e+03  2.61e+01  2.13e+00  4.17e-01  1.40e-01  -1.00
2024 05 06  0630   60436   23400  0  1.42e+03  1.41e+01  0  2.88e+03  2.28e+01  2.04e+00  2.91e-01  7.61e-02  -1.00
2024 05 06  0635   60436   23700  0  1.27e+03  1.39e+01  0  2.84e+03  2.66e+01  2.04e+00  4.43e-01  5.09e-02  -1.00
2024 05 06  0640   60436   24000  0  1.24e+03  1.27e+01  0  2.60e+03  2.53e+01  2.18e+00  4.11e-01  8.23e-02  -1.00
2024 05 06  0645   60436   24300  0  1.44e+03  1.83e+01  0  2.93e+03  2.45e+01  2.47e+00  4.26e-01  1.21e-01  -1.00
2024 05 06  0650   60436   24600  0  1.11e+03  1.38e+01  0  2.93e+03  2.50e+01  2.20e+00  6.16e-01  1.08e-01  -1.00
2024 05 06  0655   60436   24900  0  1.22e+03  1.98e+01  0  2.78e+03  2.53e+01  2.44e+00  4.70e-01  8.96e-02  -1.00
2024 05 06  0700   60436   25200  0  1.44e+03  1.13e+01  0  2.88e+03  2.78e+01  2.12e+00  3.94e-01  8.97e-02  -1.00
2024 05 06  0705   60436   25500  0  1.18e+03  1.62e+01  0  2.80e+03  2.60e+01  2.12e+00  2.68e-01  1.20e-01  -1.00
2024 05 06  0710   60436   25800  0  1.31e+03  1.46e+01  0  2.89e+03  2.77e+01  2.29e+00  4.30e-01  9.05e-02  -1.00
2024 05 06  0715   60436   26100  0  1.44e+03  1.43e+01  0  2.69e+03  2.64e+01  1.95e+00  5.21e-01  1.06e-01  -1.00
2024 05 06  0720   60436   26400  0  1.58e+03  1.56e+01  0  2.96e+03  2.39e+01  1.99e+00  4.17e-01  9.17e-02  -1.00
2024 05 06  0725   60436   26700  0  1.29e+03  1.15e+01  0  2.91e+03  2.92e+01  2.24e+00  2.96e-01  7.30e-02  -1.00
2024 05 06  0730   60436   27000  0  1.40e+03  1.23e+01  0  2.68e+03  2.45e+01  1.97e+00  4.44e-01  8.56e-02  -1.00
2024 05 06  0735   60436   27300  0  1.61e+03  1.19e+01  0  2.92e+03  2.47e+01  2.32e+00  4.05e-01  7.07e-02  -1.00
2024 05 06  0740   60436   27600  0  1.26e+03  1.76e+01  0  2.85e+03  2.21e+01  2.11e+00  6.42e-01  1.20e-01  -1.00
2024 05 06  0745   60436   27900  0  1.23e+03  1.51e+01  0  2.82e+03  2.08e+01  2.14e+00  2.47e-01  1.02e-01  -1.00
2024 05 06  0750   60436   28200  0  1.37e+03  1.41e+01  0  2.75e+03  2.09e+01  1.84e+00  2.68e-01  7.20e-02  -1.00
2024 05 06  0755   60436   28500  0  1.32e+03  1.37e+01  0  2.88e+03  2.31e+01  1.92e+00  2.93e-01  8.35e-02  -1.00
2024 05 06  0800   60436   28800  0  1.30e+03  1.63e+01  0  2.82e+03  2.01e+01  2.12e+00  5.15e-01  1.02e-01  -1.00
2024 05 06  0805   60436   29100  0  1.35e+03  1.49e+01  0  2.59e+03  2.11e+01  1.45e+00  4.67e-01  4.84e-02  -1.00
2024 05 06  0810   60436   29400  0  1.55e+03  1.29e+01  0  2.82e+03  2.23e+01  1.57e+00  3.45e-01  1.53e-01  -1.00
2024 05 06  0815   60436   29700  0  1.20e+03  1.38e+01  0  2.83e+03  2.08e+01  1.27e+00  2.51e-01  6.20e-02  -1.00
2024 05 06  0820   60436   30000  0  1.21e+03  1.00e+01  0  2.71e+03  2.16e+01  2.11e+00  3.37e-01  1.18e-01  -1.00
2024 05 06  0825   60436   30300  0  1.52e+03  1.43e+01  0  2.83e+03  2.00e+01  1.99e+00  4.40e-01  6.00e-02  -1.00
2024 05 06  0830   60436   30600  0  1.26e+03  1.53e+01  0  2.79e+03  1.93e+01  1.40e+00  3.90e-01  6.78e-02  -1.00
2024 05 06  0835   60436   30900  0  1.38e+03  1.66e+01  0  2.78e+03  2.22e+01  1.63e+00  3.96e-01  9.55e-02  -1.00
2024 05 06  0840   60436   31200  0  1.32e+03  1.51e+01  0  2.60e+03  2.13e+01  1.98e+00  6.49e-01  7.61e-02  -1.00
2024 05 06  0845   60436   31500  0  1.60e+03  1.58e+01  0  2.88e+03  2.22e+01  1.72e+00  4.57e-01  1.28e-01  -1.00
2024 05 06  0850   60436   31800  0  1.40e+03  1.53e+01  0  2.84e+03  1.95e+01  1.89e+00  4.47e-01  7.55e-02  -1.00
2024 05 06  0855   60436   32100  0  1.47e+03  1.67e+01  0  2.75e+03  2.31e+01  1.68e+00  4.42e-01  9.00e-02  -1.00
2024 05 06  0900   60436   32400  0  1.82e+03  1.41e+01  0  2.85e+03  2.07e+01  1.92e+00  4.86e-01  1.38e-01  -1.00
2024 05 06  0905   60436   32700  0  1.33e+03  1.30e+01  0  2.77e+03  1.98e+01  1.91e+00  1.17e-01  1.13e-01  -1.00
2024 05 06  0910   60436   33000  0  1.28e+03  1.38e+01  0  2.82e+03  2.24e+01  2.28e+00  4.38e-01  7.27e-02  -1.00
2024 05 06  0915   60436   33300  0  1.14e+03  1.37e+01  0  2.69e+03  2.00e+01  2.40e+00  5.27e-01  7.86e-02  -1.00
2024 05 06  0920   60436   33600  0  1.38e+03  1.50e+01  0  2.88e+03  1.92e+01  1.97e+00  3.17e-01  5.16e-02  -1.00
2024 05 06  0925   60436   33900  0  1.30e+03  1.34e+01  0  2.82e+03  1.92e+01  1.71e+00  3.44e-01  6.94e-02  -1.00
2024 05 06  0930   60436   34200  0  1.17e+03  1.54e+01  0  2.59e+03  1.99e+01  1.59e+00  2.16e-01  6.69e-02  -1.00
2024 05 06  0935   60436   34500  0  1.54e+03  1.47e+01  0  2.82e+03  1.81e+01  1.74e+00  3.75e-01  8.02e-02  -1.00
2024 05 06  0940   60436   34800  0  1.31e+03  1.25e+01  0  2.80e+03  1.58e+01  1.61e+00  3.88e-01  7.61e-02  -1.00
2024 05 06  0945   60436   35100  0  1.27e+03  1.55e+01  0  2.72e+03  1.35e+01  1.62e+00  5.57e-01  5.09e-02  -1.00
2024 05 06  0950   60436   35400  0  1.40e+03  1.44e+01  0  2.76e+03  1.67e+01  1.87e+00  3.96e-01  7.87e-02  -1.00
2024 05 06  0955   60436   35700 -1 -1.00e+05 -1.00e+05 -1 -1.00e+05 -1.00e+05 -1.00e+05 -1.00e+05 -1.00e+05  -1.00
2024 05 06  1000   60436   36000  0  2.30e+03  1.46e+01  0  3.61e+03  1.46e+01  1.36e+00  3.78e-01  5.73e-02  -1.00
2024 05 06  1005   60436   36300  0  1.31e+03  1.59e+01  0  2.58e+03  1.65e+01  1.75e+00  3.07e-01  4.35e-02  -1.00
2024 05 06  1010   60436   36600  0  1.61e+03  1.51e+01  0  2.82e+03  1.23e+01  1.61e+00  1.21e-01  8.52e-02  -1.00
2024 05 06  1015   60436   36900 -1 -1.00e+05 -1.00e+05 -1 -1.00e+05 -1.00e+05 -1.00e+05 -1.00e+05 -1.00e+05  -1.00
2024 05 06  1020   60436   37200 -1 -1.00e+05 -1.00e+05 -1 -1.00e+05 -1.00e+05 -1.00e+05 -1.00e+05 -1.00e+05  -1.00
2024 05 06  1025   60436   37500  0  1.36e+03  1.30e+01  0  2.88e+03  4.27e+01  2.36e+00  1.49e-01  7.56e-02  -1.00
2024 05 06  1030   60436   37800  0  1.24e+03  1.66e+01  0  2.77e+03  1.24e+01  1.02e+00  2.48e-01  7.89e-02  -1.00
2024 05 06  1035   60436   38100  0  1.25e+03  1.62e+01  0  2.77e+03  1.53e+01  1.38e+00  2.92e-01  6.90e-02  -1.00
2024 05 06  1040   60436   38400  0  1.35e+03  1.38e+01  0  2.67e+03  1.16e+01  1.46e+00  4.30e-01  8.46e-02  -1.00
2024 05 06  1045   60436   38700  0  1.46e+03  1.37e+01  0  2.82e+03  1.65e+01  1.64e+00  4.31e-01  1.11e-01  -1.00
2024 05 06  1050   60436   39000  0  1.17e+03  1.76e+01  0  2.95e+03  1.43e+01  1.20e+00  1.00e-01  3.25e-02  -1.00
2024 05 06  1055   60436   39300 -1 -1.00e+05 -1.00e+05 -1 -1.00e+05 -1.00e+05 -1.00e+05 -1.00e+05 -1.00e+05  -1.00
2024 05 06  1100   60436   39600 -1 -1.00e+05 -1.00e+05 -1 -1.00e+05 -1.00e+05 -1.00e+05 -1.00e+05 -1.00e+05  -1.00
2024 05 06  1105   60436   39900 -1 -1.00e+05 -1.00e+05 -1 -1.00e+05 -1.00e+05 -1.00e+05 -1.00e+05 -1.00e+05  -1.00
2024 05 06  1110   60436   40200 -1 -1.00e+05 -1.00e+05 -1 -1.00e+05 -1.00e+05 -1.00e+05 -1.00e+05 -1.00e+05  -1.00
2024 05 06  1115   60436   40500 -1 -1.00e+05 -1.00e+05 -1 -1.00e+05 -1.00e+05 -1.00e+05 -1.00e+05 -1.00e+05  -1.00
2024 05 06  1120   60436   40800  0  2.20e+03  1.70e+01  0  3.00e+03  1.28e+01  1.58e+00  3.14e-01  0.00e+00  -1.00
2024 05 06  1125   60436   41100 -1 -1.00e+05 -1.00e+05 -1 -1.00e+05 -1.00e+05 -1.00e+05 -1.00e+05 -1.00e+05  -1.00
2024 05 06  1130   60436   41400 -1 -1.00e+05 -1.00e+05 -1 -1.00e+05 -1.00e+05 -1.00e+05 -1.00e+05 -1.00e+05  -1.00
2024 05 06  1135   60436   41700  0  1.40e+03  1.45e+01  0  2.66e+03  1.07e+01  2.05e+00  3.76e-01  1.99e-02  -1.00
2024 05 06  1140   60436   42000  0  1.19e+03  1.26e+01  0  2.79e+03  1.52e+01  1.31e+00  2.76e-01  6.11e-02  -1.00
2024 05 06  1145   60436   42300  0  1.17e+03  1.40e+01  0  2.71e+03  1.77e+01  1.49e+00  2.71e-01  6.39e-02  -1.00
2024 05 06  1150   60436   42600  0  1.44e+03  1.75e+01  0  2.71e+03  1.42e+01  1.25e+00  3.00e-01  1.01e-01  -1.00
2024 05 06  1155   60436   42900  0  1.02e+03  1.40e+01  0  2.64e+03  1.20e+01  1.41e+00  1.80e-01  6.09e-02  -1.00
2024 05 06  1200   60436   43200  0  1.19e+03  1.73e+01  0  2.74e+03  1.36e+01  1.79e+00  4.30e-01  6.23e-02  -1.00
2024 05 06  1205   60436   43500  0  1.32e+03  1.72e+01  0  2.59e+03  1.16e+01  1.79e+00  2.80e-01  1.56e-01  -1.00
2024 05 06  1210   60436   43800  0  1.32e+03  1.59e+01  0  2.76e+03  1.16e+01  1.59e+00  3.78e-01  1.09e-01  -1.00
2024 05 06  1215   60436   44100  0  1.32e+03  1.56e+01  0  2.81e+03  1.27e+01  1.26e+00  4.37e-01  1.10e-01  -1.00
2024 05 06  1220   60436   44400  0  1.27e+03  1.26e+01  0  2.58e+03  1.30e+01  1.52e+00  2.66e-01  5.71e-02  -1.00
2024 05 06  1225   60436   44700  0  1.63e+03  1.49e+01  0  2.77e+03  1.26e+01  1.36e+00  4.73e-01  6.31e-02  -1.00
2024 05 06  1230   60436   45000  0  1.23e+03  1.29e+01  0  2.56e+03  1.07e+01  1.74e+00  6.51e-01  9.35e-02  -1.00
2024 05 06  1235   60436   45300  0  1.46e+03  1.56e+01  0  2.78e+03  1.37e+01  1.51e+00  4.19e-01  1.03e-01  -1.00
2024 05 06  1240   60436   45600  0  1.33e+03  1.40e+01  0  2.61e+03  1.54e+01  1.49e+00  4.31e-01  1.08e-01  -1.00
2024 05 06  1245   60436   45900  0  1.43e+03  1.59e+01  0  2.75e+03  1.37e+01  1.26e+00  2.64e-01  3.89e-02  -1.00
2024 05 06  1250   60436   46200  0  1.32e+03  1.48e+01  0  2.78e+03  1.37e+01  1.33e+00  4.66e-01  7.32e-02  -1.00
2024 05 06  1255   60436   46500  0  1.26e+03  1.42e+01  0  2.54e+03  1.26e+01  1.50e+00  4.03e-01  9.47e-02  -1.00
2024 05 06  1300   60436   46800  0  1.63e+03  1.49e+01  0  2.79e+03  1.44e+01  1.79e+00  3.73e-01  3.49e-02  -1.00
2024 05 06  1305   60436   47100  0  1.27e+03  1.31e+01  0  2.81e+03  1.23e+01  1.58e+00  4.51e-01  9.20e-02  -1.00
2024 05 06  1310   60436   47400  0  1.39e+03  1.74e+01  0  2.66e+03  1.28e+01  1.65e+00  3.95e-01  5.33e-02  -1.00
2024 05 06  1315   60436   47700  0  1.48e+03  1.01e+01  0  2.77e+03  1.38e+01  1.33e+00  2.57e-01  9.55e-02  -1.00
2024 05 06  1320   60436   48000  0  1.41e+03  1.49e+01  0  2.78e+03  1.54e+01  1.61e+00  3.52e-01  1.11e-01  -1.00
2024 05 06  1325   60436   48300  0  1.29e+03  1.61e+01  0  2.69e+03  1.30e+01  1.71e+00  3.36e-01  9.53e-02  -1.00
2024 05 06  1330   60436   48600  0  1.29e+03  1.59e+01  0  2.58e+03  1.39e+01  1.66e+00  3.05e-01  8.63e-02  -1.00
2024 05 06  1335   60436   48900  0  1.65e+03  1.35e+01  0  2.82e+03  1.22e+01  1.35e+00  3.22e-01  8.30e-02  -1.00
2024 05 06  1340   60436   49200  0  1.47e+03  1.31e+01  0  2.81e+03  1.43e+01  1.83e+00  2.84e-01  1.02e-01  -1.00
2024 05 06  1345   60436   49500  0  1.29e+03  1.62e+01  0  2.63e+03  1.42e+01  1.21e+00  5.86e-01  8.41e-02  -1.00
2024 05 06  1350   60436   49800  0  1.53e+03  1.14e+01  0  2.71e+03  1.30e+01  1.58e+00  3.27e-01  8.03e-02  -1.00
2024 05 06  1355   60436   50100  0  1.31e+03  1.63e+01  0  2.78e+03  1.57e+01  1.41e+00  4.14e-01  7.22e-02  -1.00
2024 05 06  1400   60436   50400  0  1.35e+03  1.72e+01  0  2.71e+03  1.25e+01  1.28e+00  4.75e-01  1.44e-01  -1.00
2024 05 06  1405   60436   50700  0  1.28e+03  1.47e+01  0  2.57e+03  1.23e+01  1.35e+00  2.81e-01  8.09e-02  -1.00
2024 05 06  1410   60436   51000  0  1.47e+03  1.45e+01  0  2.84e+03  1.59e+01  1.49e+00  3.74e-01  7.77e-02  -1.00
2024 05 06  1415   60436   51300  0  1.27e+03  1.37e+01  0  2.77e+03  1.27e+01  1.60e+00  3.65e-01  7.84e-02  -1.00
2024 05 06  1420   60436   51600  0  1.19e+03  1.72e+01  0  2.56e+03  1.30e+01  1.27e+00  3.14e-01  1.13e-01  -1.00
2024 05 06  1425   60436   51900  0  1.53e+03  1.57e+01  0  2.75e+03  1.52e+01  1.52e+00  3.17e-01  1.00e-01  -1.00
2024 05 06  1430   60436   52200  0  1.34e+03  1.40e+01  0  2.67e+03  1.29e+01  1.40e+00  4.59e-01  1.08e-01  -1.00
2024 05 06  1435   60436   52500  0  1.31e+03  1.37e+01  0  2.76e+03  1.28e+01  1.59e+00  2.97e-01  8.20e-02  -1.00
2024 05 06  1440   60436   52800  0  1.40e+03  1.60e+01  0  2.68e+03  1.24e+01  1.30e+00  4.33e-01  1.01e-01  -1.00
2024 05 06  1445   60436   53100  0  1.30e+03  1.38e+01  0  2.77e+03  1.31e+01  1.23e+00  3.31e-01  9.18e-02  -1.00
2024 05 06  1450   60436   53400  0  1.34e+03  1.40e+01  0  2.70e+03  1.50e+01  1.30e+00  1.61e-01  9.17e-02  -1.00
2024 05 06  1455   60436   53700  0  1.24e+03  1.57e+01  0  2.53e+03  1.45e+01  1.22e+00  2.88e-01  1.48e-01  -1.00
2024 05 06  1500   60436   54000  0  1.51e+03  1.58e+01  0  2.72e+03  1.41e+01  1.29e+00  2.33e-01  1.31e-01  -1.00
2024 05 06  1505   60436   54300  0  1.25e+03  1.39e+01  0  2.76e+03  1.22e+01  1.59e+00  2.81e-01  1.06e-01  -1.00
2024 05 06  1510   60436   54600  0  1.18e+03  1.51e+01  0  2.62e+03  1.38e+01  1.44e+00  2.95e-01  2.40e-02  -1.00
2024 05 06  1515   60436   54900  0  1.51e+03  1.62e+01  0  2.75e+03  1.44e+01  1.13e+00  4.20e-01  9.17e-02  -1.00
2024 05 06  1520   60436   55200  0  1.29e+03  1.55e+01  0  2.73e+03  1.33e+01  1.52e+00  3.43e-01  8.53e-02  -1.00
2024 05 06  1525   60436   55500  0  1.31e+03  1.61e+01  0  2.75e+03  1.45e+01  1.95e+00  4.10e-01  9.20e-02  -1.00
2024 05 06  1530   60436   55800  0  1.33e+03  1.57e+01  0  2.62e+03  1.38e+01  1.86e+00  3.82e-01  7.33e-02  -1.00
2024 05 06  1535   60436   56100  0  1.42e+03  1.71e+01  0  2.81e+03  1.41e+01  1.75e+00  3.09e-01  9.11e-02  -1.00
2024 05 06  1540   60436   56400  0  1.14e+03  1.59e+01  0  2.80e+03  1.37e+01  1.78e+00  2.84e-01  4.07e-02  -1.00
2024 05 06  1545   60436   56700  0  1.27e+03  1.42e+01  0  2.55e+03  1.53e+01  1.43e+00  3.64e-01  6.60e-02  -1.00
2024 05 06  1550   60436   57000  0  1.39e+03  1.52e+01  0  2.74e+03  1.31e+01  1.62e+00  3.77e-01  9.08e-02  -1.00
2024 05 06  1555   60436   57300 -1 -1.00e+05 -1.00e+05 -1 -1.00e+05 -1.00e+05 -1.00e+05 -1.00e+05 -1.00e+05  -1.00
2024 05 06  1600   60436   57600  0  1.18e+03  1.30e+01  0  2.78e+03  1.19e+01  1.33e+00  2.93e-01  3.25e-02  -1.00
2024 05 06  1605   60436   57900  0  1.30e+03  1.66e+01  0  2.71e+03  1.22e+01  1.59e+00  2.99e-01  5.48e-02  -1.00
2024 05 06  1610   60436   58200  0  1.31e+03  1.29e+01  0  2.75e+03  1.28e+01  1.49e+00  2.77e-01  7.19e-02  -1.00
2024 05 06  1615   60436   58500  0  1.23e+03  1.45e+01  0  2.79e+03  1.27e+01  1.95e+00  3.08e-01  9.21e-02  -1.00
2024 05 06  1620   60436   58800  0  1.10e+03  1.40e+01  0  2.62e+03  1.31e+01  1.43e+00  3.00e-01  8.53e-02  -1.00
2024 05 06  1625   60436   59100  0  1.53e+03  1.72e+01  0  2.74e+03  1.37e+01  1.21e+00  2.67e-01  7.75e-02  -1.00
2024 05 06  1630   60436   59400  0  1.31e+03  1.27e+01  0  2.81e+03  1.40e+01  1.55e+00  3.82e-01  4.81e-02  -1.00
2024 05 06  1635   60436   59700  0  1.29e+03  1.55e+01  0  2.72e+03  1.37e+01  1.62e+00  3.25e-01  7.73e-02  -1.00
2024 05 06  1640   60436   60000  0  1.42e+03  1.31e+01  0  2.75e+03  1.29e+01  1.93e+00  2.53e-01  7.49e-02  -1.00
2024 05 06  1645   60436   60300  0  1.20e+03  1.44e+01  0  2.60e+03  1.47e+01  1.40e+00  3.57e-01  6.48e-02  -1.00
2024 05 06  1650   60436   60600  0  1.20e+03  1.50e+01  0  2.68e+03  1.47e+01  1.39e+00  3.92e-01  9.25e-02  -1.00
2024 05 06  1655   60436   60900  0  1.35e+03  1.52e+01  0  2.60e+03  1.48e+01  1.43e+00  3.67e-01  6.59e-02  -1.00
2024 05 06  1700   60436   61200  0  1.49e+03  1.43e+01  0  2.85e+03  1.50e+01  1.68e+00  4.21e-01  1.08e-01  -1.00
2024 05 06  1705   60436   61500  0  1.28e+03  1.48e+01  0  2.84e+03  1.29e+01  1.58e+00  3.12e-01  1.08e-01  -1.00
2024 05 06  1710   60436   61800  0  1.27e+03  1.36e+01  0  2.62e+03  1.37e+01  1.52e+00  2.44e-01  4.48e-02  -1.00
2024 05 06  1715   60436   62100  0  1.47e+03  1.63e+01  0  2.82e+03  1.41e+01  1.57e+00  3.39e-01  7.03e-02  -1.00
2024 05 06  1720   60436   62400  0  1.29e+03  1.44e+01  0  2.68e+03  1.58e+01  1.65e+00  2.68e-01  8.52e-02  -1.00
2024 05 06  1725   60436   62700  0  1.18e+03  1.42e+01  0  2.73e+03  1.44e+01  1.53e+00  3.22e-01  9.57e-02  -1.00
2024 05 06  1730   60436   63000  0  1.30e+03  1.68e+01  0  2.68e+03  1.48e+01  1.56e+00  3.74e-01  5.16e-02  -1.00
2024 05 06  1735   60436   63300  0  1.44e+03  1.25e+01  0  2.77e+03  1.42e+01  1.69e+00  2.76e-01  4.86e-02  -1.00
2024 05 06  1740   60436   63600  0  1.21e+03  1.11e+01  0  2.78e+03  1.27e+01  1.25e+00  4.08e-01  5.19e-02  -1.00
2024 05 06  1745   60436   63900  0  1.26e+03  1.38e+01  0  2.56e+03  1.26e+01  1.62e+00  3.40e-01  3.18e-02  -1.00
2024 05 06  1750   60436   64200  0  1.39e+03  1.53e+01  0  2.77e+03  1.33e+01  1.40e+00  4.99e-01  8.46e-02  -1.00
2024 05 06  1755   60436   64500  0  1.19e+03  1.68e+01  0  2.77e+03  1.21e+01  9.65e-01  5.27e-01  9.25e-02  -1.00
2024 05 06  1800   60436   64800  0  1.20e+03  1.14e+01  0  2.70e+03  1.18e+01  1.39e+00  4.17e-01  1.25e-01  -1.00
2024 05 06  1805   60436   65100  0  1.54e+03  1.38e+01  0  2.69e+03  1.42e+01  1.42e+00  2.23e-01  9.04e-02  -1.00
2024 05 06  1810   60436   65400  0  1.25e+03  1.38e+01  0  2.78e+03  1.46e+01  1.33e+00  2.27e-01  6.32e-02  -1.00
2024 05 06  1815   60436   65700  0  1.31e+03  1.44e+01  0  2.76e+03  1.33e+01  1.66e+00  2.46e-01  6.91e-02  -1.00
2024 05 06  1820   60436   66000  0  1.23e+03  1.19e+01  0  2.56e+03  1.32e+01  1.70e+00  2.35e-01  6.58e-02  -1.00
2024 05 06  1825   60436   66300  0  1.51e+03  1.58e+01  0  2.74e+03  1.59e+01  1.23e+00  4.64e-01  1.24e-01  -1.00
2024 05 06  1830   60436   66600  0  1.28e+03  1.37e+01  0  2.74e+03  1.58e+01  1.43e+00  2.78e-01  7.27e-02  -1.00
2024 05 06  1835   60436   66900  0  1.26e+03  1.67e+01  0  2.70e+03  1.25e+01  1.32e+00  3.94e-01  5.27e-02  -1.00
2024 05 06  1840   60436   67200  0  1.40e+03  1.23e+01  0  2.76e+03  1.64e+01  1.71e+00  3.45e-01  1.06e-01  -1.00
2024 05 06  1845   60436   67500  0  1.21e+03  1.27e+01  0  2.70e+03  1.44e+01  1.55e+00  3.17e-01  1.31e-01  -1.00
2024 05 06  1850   60436   67800  0  1.14e+03  1.47e+01  0  2.74e+03  1.37e+01  1.32e+00  3.63e-01  1.15e-01  -1.00
2024 05 06  1855   60436   68100  0  1.30e+03  1.33e+01  0  2.60e+03  1.30e+01  1.23e+00  4.83e-01  9.79e-02  -1.00
2024 05 06  1900   60436   68400  0  1.37e+03  1.41e+01  0  2.86e+03  1.35e+01  1.43e+00  2.90e-01  4.23e-02  -1.00
2024 05 06  1905   60436   68700  0  1.23e+03  1.26e+01  0  2.86e+03  1.26e+01  1.56e+00  4.29e-01  6.10e-02  -1.00
2024 05 06  1910   60436   69000  0  1.18e+03  1.32e+01  0  2.63e+03  1.33e+01  1.46e+00  4.18e-01  9.12e-02  -1.00
2024 05 06  1915   60436   69300  0  1.45e+03  1.55e+01  0  2.79e+03  1.14e+01  1.68e+00  4.95e-01  1.52e-01  -1.00
2024 05 06  1920   60436   69600  0  1.17e+03  1.47e+01  0  2.71e+03  1.31e+01  1.62e+00  4.39e-01  8.02e-02  -1.00
2024 05 06  1925   60436   69900  0  1.34e+03  1.41e+01  0  2.73e+03  1.17e+01  1.21e+00  4.77e-01  7.19e-02  -1.00
2024 05 06  1930   60436   70200  0  1.21e+03  1.27e+01  0  2.72e+03  1.22e+01  1.65e+00  3.53e-01  1.34e-01  -1.00
2024 05 06  1935   60436   70500  0  1.31e+03  1.52e+01  0  2.75e+03  1.23e+01  1.25e+00  1.91e-01  6.80e-02  -1.00
2024 05 06  1940   60436   70800  0  1.20e+03  1.88e+01  0  2.76e+03  1.55e+01  1.82e+00  3.48e-01  1.05e-01  -1.00
2024 05 06  1945   60436   71100  0  1.20e+03  1.54e+01  0  2.52e+03  1.11e+01  1.46e+00  4.18e-01  9.24e-02  -1.00
2024 05 06  1950   60436   71400  0  1.47e+03  1.63e+01  0  2.75e+03  1.41e+01  1.29e+00  4.28e-01  5.52e-02  -1.00
2024 05 06  1955   60436   71700  0  1.15e+03  1.67e+01  0  2.81e+03  1.32e+01  1.51e+00  5.31e-01  1.18e-01  -1.00
2024 05 06  2000   60436   72000  0  1.15e+03  1.59e+01  0  2.60e+03  1.55e+01  1.82e+00  4.27e-01  7.59e-02  -1.00
2024 05 06  2005   60436   72300  0  1.47e+03  1.98e+01  0  2.75e+03  1.31e+01  1.82e+00  1.67e-01  1.26e-01  -1.00
2024 05 06  2010   60436   72600  0  1.15e+03  1.17e+01  0  2.70e+03  1.32e+01  1.62e+00  3.67e-01  6.61e-02  -1.00
2024 05 06  2015   60436   72900  0  1.16e+03  1.26e+01  0  2.73e+03  1.40e+01  1.40e+00  3.35e-01  4.62e-02  -1.00
2024 05 06  2020   60436   73200  0  1.06e+03  1.39e+01  0  2.56e+03  1.29e+01  1.28e+00  2.59e-01  4.80e-02  -1.00
2024 05 06  2025   60436   73500  0  1.33e+03  1.06e+01  0  2.86e+03  1.35e+01  1.45e+00  2.23e-01  6.27e-02  -1.00
2024 05 06  2030   60436   73800  0  1.23e+03  1.50e+01  0  2.82e+03  1.37e+01  1.22e+00  2.89e-01  5.69e-02  -1.00
2024 05 06  2035   60436   74100  0  1.23e+03  1.13e+01  0  2.59e+03  1.20e+01  1.65e+00  1.66e-01  5.93e-02  -1.00
2024 05 06  2040   60436   74400  0  1.47e+03  1.28e+01  0  2.82e+03  1.37e+01  1.86e+00  4.10e-01  2.01e-02  -1.00
2024 05 06  2045   60436   74700  0  1.20e+03  1.66e+01  0  2.70e+03  1.29e+01  1.73e+00  3.12e-01  5.13e-02  -1.00
2024 05 06  2050   60436   75000  0  1.17e+03  1.37e+01  0  2.66e+03  1.26e+01  1.44e+00  2.72e-01  1.14e-01  -1.00
2024 05 06  2055   60436   75300  0  1.12e+03  1.72e+01  0  2.73e+03  1.33e+01  1.05e+00  1.65e-01  3.74e-02  -1.00
2024 05 06  2100   60436   75600  0  1.25e+03  1.22e+01  0  2.79e+03  1.35e+01  1.88e+00  3.92e-01  1.15e-01  -1.00
2024 05 06  2105   60436   75900  0  1.21e+03  1.77e+01  0  2.75e+03  1.36e+01  1.50e+00  4.72e-01  7.29e-02  -1.00
2024 05 06  2110   60436   76200  0  1.15e+03  1.36e+01  0  2.53e+03  1.47e+01  1.50e+00  5.78e-01  9.20e-02  -1.00
2024 05 06  2115   60436   76500  0  1.33e+03  1.31e+01  0  2.74e+03  1.71e+01  7.92e-01  3.89e-01  1.58e-01  -1.00
2024 05 06  2120   60436   76800  0  1.20e+03  1.36e+01  0  2.75e+03  1.16e+01  1.68e+00  3.61e-01  1.22e-01  -1.00
2024 05 06  2125   60436   77100  0  1.15e+03  1.15e+01  0  2.72e+03  1.46e+01  1.60e+00  3.79e-01  1.20e-01  -1.00
2024 05 06  2130   60436   77400  0  1.38e+03  1.51e+01  0  2.70e+03  1.08e+01  1.55e+00  2.05e-01  9.44e-02  -1.00
2024 05 06  2135   60436   77700  0  1.14e+03  1.08e+01  0  2.72e+03  1.13e+01  1.73e+00  7.69e-02  1.25e-01  -1.00
2024 05 06  2140   60436   78000  0  1.14e+03  1.01e+01  0  2.68e+03  1.35e+01  1.47e+00  3.12e-01  5.52e-02  -1.00
2024 05 06  2145   60436   78300  0  1.12e+03  1.25e+01  0  2.59e+03  1.30e+01  1.49e+00  1.69e-01  4.19e-02  -1.00
2024 05 06  2150   60436   78600  0  1.40e+03  1.43e+01  0  2.92e+03  1.50e+01  1.38e+00  4.02e-01  8.55e-02  -1.00
2024 05 06  2155   60436   78900 -1 -1.00e+05 -1.00e+05 -1 -1.00e+05 -1.00e+05 -1.00e+05 -1.00e+05 -1.00e+05  -1.00
2024 05 06  2200   60436   79200  0  1.15e+03  1.62e+01  0  2.67e+03  1.21e+01  1.90e+00  1.66e-01  2.01e-02  -1.00
2024 05 06  2205   60436   79500  0  1.52e+03  1.46e+01  0  2.77e+03  1.10e+01  1.07e+00  3.71e-01  9.32e-02  -1.00
2024 05 06  2210   60436   79800  0  1.18e+03  1.36e+01  0  2.69e+03  1.33e+01  1.58e+00  2.96e-01  7.76e-02  -1.00
2024 05 06  2215   60436   80100  0  1.08e+03  1.22e+01  0  2.75e+03  1.22e+01  1.16e+00  3.54e-01  7.18e-02  -1.00
2024 05 06  2220   60436   80400  0  1.23e+03  1.51e+01  0  2.62e+03  1.11e+01  1.41e+00  1.74e-01  1.48e-01  -1.00
2024 05 06  2225   60436   80700  0  1.36e+03  1.23e+01  0  2.80e+03  1.25e+01  1.41e+00  3.88e-01  1.47e-01  -1.00
2024 05 06  2230   60436   81000  0  1.06e+03  1.31e+01  0  2.77e+03  1.17e+01  1.39e+00  4.59e-01  7.16e-02  -1.00
2024 05 06  2235   60436   81300  0  1.28e+03  1.32e+01  0  2.55e+03  1.16e+01  1.60e+00  3.26e-01  9.25e-02  -1.00
2024 05 06  2240   60436   81600  0  1.28e+03  1.35e+01  0  2.77e+03  1.25e+01  1.19e+00  2.89e-01  8.58e-02  -1.00
2024 05 06  2245   60436   81900  0  1.23e+03  1.38e+01  0  2.75e+03  1.12e+01  1.80e+00  5.75e-01  7.48e-02  -1.00
2024 05 06  2250   60436   82200  0  1.07e+03  1.27e+01  0  2.69e+03  1.41e+01  1.70e+00  2.89e-01  4.35e-02  -1.00
2024 05 06  2255   60436   82500  0  1.26e+03  1.32e+01  0  2.66e+03  1.06e+01  1.43e+00  3.74e-01  5.22e-02  -1.00
2024 05 06  2300   60436   82800  0  1.26e+03  1.49e+01  0  2.76e+03  1.11e+01  1.63e+00  3.49e-01  5.59e-02  -1.00
2024 05 06  2305   60436   83100  0  1.22e+03  1.08e+01  0  2.74e+03  1.31e+01  1.57e+00  1.65e-01  7.37e-02  -1.00
2024 05 06  2310   60436   83400  0  1.03e+03  1.08e+01  0  2.52e+03  1.47e+01  1.40e+00  2.34e-01  9.07e-02  -1.00
2024 05 06  2315   60436   83700  0  1.20e+03  1.57e+01  0  2.82e+03  1.48e+01  1.20e+00  4.60e-01  5.76e-02  -1.00
2024 05 06  2320   60436   84000  0  1.18e+03  1.27e+01  0  2.72e+03  1.08e+01  1.92e+00  4.99e-01  1.24e-01  -1.00
2024 05 06  2325   60436   84300  0  1.16e+03  8.96e+00  0  2.67e+03  1.30e+01  1.59e+00  3.00e-01  7.26e-02  -1.00
2024 05 06  2330   60436   84600  0  1.39e+03  1.25e+01  0  2.72e+03  1.29e+01  1.11e+00  3.06e-01  8.16e-02  -1.00
2024 05 06  2335   60436   84900  0  1.08e+03  1.20e+01  0  2.77e+03  1.20e+01  1.16e+00  3.17e-01  1.11e-01  -1.00
2024 05 06  2340   60436   85200  0  1.13e+03  1.30e+01  0  2.73e+03  1.15e+01  1.40e+00  3.80e-01  1.01e-01  -1.00
2024 05 06  2345   60436   85500  0  1.11e+03  1.72e+01  0  2.61e+03  1.42e+01  1.39e+00  3.00e-01  1.27e-01  -1.00
2024 05 06  2350   60436   85800  0  1.33e+03  8.75e+00  0  2.81e+03  1.34e+01  1.08e+00  3.54e-01  8.11e-02  -1.00
2024 05 06  2355   60436   86100  0  1.14e+03  1.35e+01  0  2.79e+03  1.21e+01  1.26e+00  4.28e-01  6.83e-02  -1.00
