:Data_list: 20240115_ace_sis_5m.txt
:Created: 2024 Jan 16 0011 UT
# Prepared by the U.S. Dept. of Commerce, NOAA, Space Weather Prediction Center
# Please send comments and suggestions to SWPC.Webmaster@noaa.gov 
# 
# Units: proton flux p/cs2-sec-ster
# Status(S): 0 = nominal data, 1 to 8 = bad data record, 9 = no data
# Missing data values: -1.00e+05
# Source: ACE Satellite - Solar Isotope Spectrometer
#
# 5-minute averaged Real-time Integral Flux of High-energy Solar Protons
# 
#                 Modified Seconds
# UT Date   Time   Julian  of the      ---- Integral Proton Flux ----
# YR MO DA  HHMM     Day     Day       S    > 10 MeV    S    > 30 MeV
#--------------------------------------------------------------------
2024 01 15  0000    60324       0      9   -1.00e+05    9   -1.00e+05
2024 01 15  0005    60324     300      9   -1.00e+05    9   -1.00e+05
2024 01 15  0010    60324     600      9   -1.00e+05    9   -1.00e+05
2024 01 15  0015    60324     900      9   -1.00e+05    9   -1.00e+05
2024 01 15  0020    60324    1200      9   -1.00e+05    9   -1.00e+05
2024 01 15  0025    60324    1500      9   -1.00e+05    9   -1.00e+05
2024 01 15  0030    60324    1800      9   -1.00e+05    9   -1.00e+05
2024 01 15  0035    60324    2100      9   -1.00e+05    9   -1.00e+05
2024 01 15  0040    60324    2400      9   -1.00e+05    9   -1.00e+05
2024 01 15  0045    60324    2700      9   -1.00e+05    9   -1.00e+05
2024 01 15  0050    60324    3000      9   -1.00e+05    9   -1.00e+05
2024 01 15  0055    60324    3300      9   -1.00e+05    9   -1.00e+05
2024 01 15  0100    60324    3600      9   -1.00e+05    9   -1.00e+05
2024 01 15  0105    60324    3900      9   -1.00e+05    9   -1.00e+05
2024 01 15  0110    60324    4200      9   -1.00e+05    9   -1.00e+05
2024 01 15  0115    60324    4500      9   -1.00e+05    9   -1.00e+05
2024 01 15  0120    60324    4800      9   -1.00e+05    9   -1.00e+05
2024 01 15  0125    60324    5100      9   -1.00e+05    9   -1.00e+05
2024 01 15  0130    60324    5400      9   -1.00e+05    9   -1.00e+05
2024 01 15  0135    60324    5700      9   -1.00e+05    9   -1.00e+05
2024 01 15  0140    60324    6000      9   -1.00e+05    9   -1.00e+05
2024 01 15  0145    60324    6300      9   -1.00e+05    9   -1.00e+05
2024 01 15  0150    60324    6600      9   -1.00e+05    9   -1.00e+05
2024 01 15  0155    60324    6900      9   -1.00e+05    9   -1.00e+05
2024 01 15  0200    60324    7200      9   -1.00e+05    9   -1.00e+05
2024 01 15  0205    60324    7500      9   -1.00e+05    9   -1.00e+05
2024 01 15  0210    60324    7800      9   -1.00e+05    9   -1.00e+05
2024 01 15  0215    60324    8100      9   -1.00e+05    9   -1.00e+05
2024 01 15  0220    60324    8400      9   -1.00e+05    9   -1.00e+05
2024 01 15  0225    60324    8700      9   -1.00e+05    9   -1.00e+05
2024 01 15  0230    60324    9000      9   -1.00e+05    9   -1.00e+05
2024 01 15  0235    60324    9300      9   -1.00e+05    9   -1.00e+05
2024 01 15  0240    60324    9600      9   -1.00e+05    9   -1.00e+05
2024 01 15  0245    60324    9900      9   -1.00e+05    9   -1.00e+05
2024 01 15  0250    60324   10200      9   -1.00e+05    9   -1.00e+05
2024 01 15  0255    60324   10500      9   -1.00e+05    9   -1.00e+05
2024 01 15  0300    60324   10800      9   -1.00e+05    9   -1.00e+05
2024 01 15  0305    60324   11100      9   -1.00e+05    9   -1.00e+05
2024 01 15  0310    60324   11400      9   -1.00e+05    9   -1.00e+05
2024 01 15  0315    60324   11700      9   -1.00e+05    9   -1.00e+05
2024 01 15  0320    60324   12000      9   -1.00e+05    9   -1.00e+05
2024 01 15  0325    60324   12300      9   -1.00e+05    9   -1.00e+05
2024 01 15  0330    60324   12600      9   -1.00e+05    9   -1.00e+05
2024 01 15  0335    60324   12900      9   -1.00e+05    9   -1.00e+05
2024 01 15  0340    60324   13200      9   -1.00e+05    9   -1.00e+05
2024 01 15  0345    60324   13500      9   -1.00e+05    9   -1.00e+05
2024 01 15  0350    60324   13800      9   -1.00e+05    9   -1.00e+05
2024 01 15  0355    60324   14100      9   -1.00e+05    9   -1.00e+05
2024 01 15  0400    60324   14400      9   -1.00e+05    9   -1.00e+05
2024 01 15  0405    60324   14700      9   -1.00e+05    9   -1.00e+05
2024 01 15  0410    60324   15000      9   -1.00e+05    9   -1.00e+05
2024 01 15  0415    60324   15300      9   -1.00e+05    9   -1.00e+05
2024 01 15  0420    60324   15600      9   -1.00e+05    9   -1.00e+05
2024 01 15  0425    60324   15900      9   -1.00e+05    9   -1.00e+05
2024 01 15  0430    60324   16200      9   -1.00e+05    9   -1.00e+05
2024 01 15  0435    60324   16500      9   -1.00e+05    9   -1.00e+05
2024 01 15  0440    60324   16800      9   -1.00e+05    9   -1.00e+05
2024 01 15  0445    60324   17100      9   -1.00e+05    9   -1.00e+05
2024 01 15  0450    60324   17400      9   -1.00e+05    9   -1.00e+05
2024 01 15  0455    60324   17700      9   -1.00e+05    9   -1.00e+05
2024 01 15  0500    60324   18000      9   -1.00e+05    9   -1.00e+05
2024 01 15  0505    60324   18300      9   -1.00e+05    9   -1.00e+05
2024 01 15  0510    60324   18600      9   -1.00e+05    9   -1.00e+05
2024 01 15  0515    60324   18900      9   -1.00e+05    9   -1.00e+05
2024 01 15  0520    60324   19200      9   -1.00e+05    9   -1.00e+05
2024 01 15  0525    60324   19500      9   -1.00e+05    9   -1.00e+05
2024 01 15  0530    60324   19800      9   -1.00e+05    9   -1.00e+05
2024 01 15  0535    60324   20100      9   -1.00e+05    9   -1.00e+05
2024 01 15  0540    60324   20400      9   -1.00e+05    9   -1.00e+05
2024 01 15  0545    60324   20700      9   -1.00e+05    9   -1.00e+05
2024 01 15  0550    60324   21000      9   -1.00e+05    9   -1.00e+05
2024 01 15  0555    60324   21300      9   -1.00e+05    9   -1.00e+05
2024 01 15  0600    60324   21600      9   -1.00e+05    9   -1.00e+05
2024 01 15  0605    60324   21900      9   -1.00e+05    9   -1.00e+05
2024 01 15  0610    60324   22200      9   -1.00e+05    9   -1.00e+05
2024 01 15  0615    60324   22500      9   -1.00e+05    9   -1.00e+05
2024 01 15  0620    60324   22800      9   -1.00e+05    9   -1.00e+05
2024 01 15  0625    60324   23100      9   -1.00e+05    9   -1.00e+05
2024 01 15  0630    60324   23400      9   -1.00e+05    9   -1.00e+05
2024 01 15  0635    60324   23700      9   -1.00e+05    9   -1.00e+05
2024 01 15  0640    60324   24000      9   -1.00e+05    9   -1.00e+05
2024 01 15  0645    60324   24300      9   -1.00e+05    9   -1.00e+05
2024 01 15  0650    60324   24600      9   -1.00e+05    9   -1.00e+05
2024 01 15  0655    60324   24900      9   -1.00e+05    9   -1.00e+05
2024 01 15  0700    60324   25200      9   -1.00e+05    9   -1.00e+05
2024 01 15  0705    60324   25500      9   -1.00e+05    9   -1.00e+05
2024 01 15  0710    60324   25800      9   -1.00e+05    9   -1.00e+05
2024 01 15  0715    60324   26100      9   -1.00e+05    9   -1.00e+05
2024 01 15  0720    60324   26400      9   -1.00e+05    9   -1.00e+05
2024 01 15  0725    60324   26700      9   -1.00e+05    9   -1.00e+05
2024 01 15  0730    60324   27000      9   -1.00e+05    9   -1.00e+05
2024 01 15  0735    60324   27300      9   -1.00e+05    9   -1.00e+05
2024 01 15  0740    60324   27600      9   -1.00e+05    9   -1.00e+05
2024 01 15  0745    60324   27900      9   -1.00e+05    9   -1.00e+05
2024 01 15  0750    60324   28200      9   -1.00e+05    9   -1.00e+05
2024 01 15  0755    60324   28500      9   -1.00e+05    9   -1.00e+05
2024 01 15  0800    60324   28800      9   -1.00e+05    9   -1.00e+05
2024 01 15  0805    60324   29100      9   -1.00e+05    9   -1.00e+05
2024 01 15  0810    60324   29400      9   -1.00e+05    9   -1.00e+05
2024 01 15  0815    60324   29700      9   -1.00e+05    9   -1.00e+05
2024 01 15  0820    60324   30000      9   -1.00e+05    9   -1.00e+05
2024 01 15  0825    60324   30300      9   -1.00e+05    9   -1.00e+05
2024 01 15  0830    60324   30600      9   -1.00e+05    9   -1.00e+05
2024 01 15  0835    60324   30900      9   -1.00e+05    9   -1.00e+05
2024 01 15  0840    60324   31200      9   -1.00e+05    9   -1.00e+05
2024 01 15  0845    60324   31500      9   -1.00e+05    9   -1.00e+05
2024 01 15  0850    60324   31800      9   -1.00e+05    9   -1.00e+05
2024 01 15  0855    60324   32100      9   -1.00e+05    9   -1.00e+05
2024 01 15  0900    60324   32400      9   -1.00e+05    9   -1.00e+05
2024 01 15  0905    60324   32700      9   -1.00e+05    9   -1.00e+05
2024 01 15  0910    60324   33000      9   -1.00e+05    9   -1.00e+05
2024 01 15  0915    60324   33300      9   -1.00e+05    9   -1.00e+05
2024 01 15  0920    60324   33600      9   -1.00e+05    9   -1.00e+05
2024 01 15  0925    60324   33900      9   -1.00e+05    9   -1.00e+05
2024 01 15  0930    60324   34200      9   -1.00e+05    9   -1.00e+05
2024 01 15  0935    60324   34500      9   -1.00e+05    9   -1.00e+05
2024 01 15  0940    60324   34800      9   -1.00e+05    9   -1.00e+05
2024 01 15  0945    60324   35100      9   -1.00e+05    9   -1.00e+05
2024 01 15  0950    60324   35400      9   -1.00e+05    9   -1.00e+05
2024 01 15  0955    60324   35700      9   -1.00e+05    9   -1.00e+05
2024 01 15  1000    60324   36000      9   -1.00e+05    9   -1.00e+05
2024 01 15  1005    60324   36300      9   -1.00e+05    9   -1.00e+05
2024 01 15  1010    60324   36600      9   -1.00e+05    9   -1.00e+05
2024 01 15  1015    60324   36900      9   -1.00e+05    9   -1.00e+05
2024 01 15  1020    60324   37200      9   -1.00e+05    9   -1.00e+05
2024 01 15  1025    60324   37500      9   -1.00e+05    9   -1.00e+05
2024 01 15  1030    60324   37800      9   -1.00e+05    9   -1.00e+05
2024 01 15  1035    60324   38100      9   -1.00e+05    9   -1.00e+05
2024 01 15  1040    60324   38400      9   -1.00e+05    9   -1.00e+05
2024 01 15  1045    60324   38700      9   -1.00e+05    9   -1.00e+05
2024 01 15  1050    60324   39000      9   -1.00e+05    9   -1.00e+05
2024 01 15  1055    60324   39300      9   -1.00e+05    9   -1.00e+05
2024 01 15  1100    60324   39600      9   -1.00e+05    9   -1.00e+05
2024 01 15  1105    60324   39900      9   -1.00e+05    9   -1.00e+05
2024 01 15  1110    60324   40200      9   -1.00e+05    9   -1.00e+05
2024 01 15  1115    60324   40500      9   -1.00e+05    9   -1.00e+05
2024 01 15  1120    60324   40800      9   -1.00e+05    9   -1.00e+05
2024 01 15  1125    60324   41100      9   -1.00e+05    9   -1.00e+05
2024 01 15  1130    60324   41400      9   -1.00e+05    9   -1.00e+05
2024 01 15  1135    60324   41700      9   -1.00e+05    9   -1.00e+05
2024 01 15  1140    60324   42000      9   -1.00e+05    9   -1.00e+05
2024 01 15  1145    60324   42300      9   -1.00e+05    9   -1.00e+05
2024 01 15  1150    60324   42600      9   -1.00e+05    9   -1.00e+05
2024 01 15  1155    60324   42900      9   -1.00e+05    9   -1.00e+05
2024 01 15  1200    60324   43200      9   -1.00e+05    9   -1.00e+05
2024 01 15  1205    60324   43500      9   -1.00e+05    9   -1.00e+05
2024 01 15  1210    60324   43800      9   -1.00e+05    9   -1.00e+05
2024 01 15  1215    60324   44100      9   -1.00e+05    9   -1.00e+05
2024 01 15  1220    60324   44400      9   -1.00e+05    9   -1.00e+05
2024 01 15  1225    60324   44700      9   -1.00e+05    9   -1.00e+05
2024 01 15  1230    60324   45000      9   -1.00e+05    9   -1.00e+05
2024 01 15  1235    60324   45300      9   -1.00e+05    9   -1.00e+05
2024 01 15  1240    60324   45600      9   -1.00e+05    9   -1.00e+05
2024 01 15  1245    60324   45900      9   -1.00e+05    9   -1.00e+05
2024 01 15  1250    60324   46200      9   -1.00e+05    9   -1.00e+05
2024 01 15  1255    60324   46500      9   -1.00e+05    9   -1.00e+05
2024 01 15  1300    60324   46800      9   -1.00e+05    9   -1.00e+05
2024 01 15  1305    60324   47100      9   -1.00e+05    9   -1.00e+05
2024 01 15  1310    60324   47400      9   -1.00e+05    9   -1.00e+05
2024 01 15  1315    60324   47700      9   -1.00e+05    9   -1.00e+05
2024 01 15  1320    60324   48000      9   -1.00e+05    9   -1.00e+05
2024 01 15  1325    60324   48300      9   -1.00e+05    9   -1.00e+05
2024 01 15  1330    60324   48600      9   -1.00e+05    9   -1.00e+05
2024 01 15  1335    60324   48900      9   -1.00e+05    9   -1.00e+05
2024 01 15  1340    60324   49200      9   -1.00e+05    9   -1.00e+05
2024 01 15  1345    60324   49500      9   -1.00e+05    9   -1.00e+05
2024 01 15  1350    60324   49800      9   -1.00e+05    9   -1.00e+05
2024 01 15  1355    60324   50100      9   -1.00e+05    9   -1.00e+05
2024 01 15  1400    60324   50400      9   -1.00e+05    9   -1.00e+05
2024 01 15  1405    60324   50700      9   -1.00e+05    9   -1.00e+05
2024 01 15  1410    60324   51000      9   -1.00e+05    9   -1.00e+05
2024 01 15  1415    60324   51300      9   -1.00e+05    9   -1.00e+05
2024 01 15  1420    60324   51600      9   -1.00e+05    9   -1.00e+05
2024 01 15  1425    60324   51900      9   -1.00e+05    9   -1.00e+05
2024 01 15  1430    60324   52200      9   -1.00e+05    9   -1.00e+05
2024 01 15  1435    60324   52500      9   -1.00e+05    9   -1.00e+05
2024 01 15  1440    60324   52800      9   -1.00e+05    9   -1.00e+05
2024 01 15  1445    60324   53100      9   -1.00e+05    9   -1.00e+05
2024 01 15  1450    60324   53400      9   -1.00e+05    9   -1.00e+05
2024 01 15  1455    60324   53700      9   -1.00e+05    9   -1.00e+05
2024 01 15  1500    60324   54000      9   -1.00e+05    9   -1.00e+05
2024 01 15  1505    60324   54300      9   -1.00e+05    9   -1.00e+05
2024 01 15  1510    60324   54600      9   -1.00e+05    9   -1.00e+05
2024 01 15  1515    60324   54900      9   -1.00e+05    9   -1.00e+05
2024 01 15  1520    60324   55200      9   -1.00e+05    9   -1.00e+05
2024 01 15  1525    60324   55500      9   -1.00e+05    9   -1.00e+05
2024 01 15  1530    60324   55800      9   -1.00e+05    9   -1.00e+05
2024 01 15  1535    60324   56100      9   -1.00e+05    9   -1.00e+05
2024 01 15  1540    60324   56400      9   -1.00e+05    9   -1.00e+05
2024 01 15  1545    60324   56700      9   -1.00e+05    9   -1.00e+05
2024 01 15  1550    60324   57000      9   -1.00e+05    9   -1.00e+05
2024 01 15  1555    60324   57300      9   -1.00e+05    9   -1.00e+05
2024 01 15  1600    60324   57600      9   -1.00e+05    9   -1.00e+05
2024 01 15  1605    60324   57900      9   -1.00e+05    9   -1.00e+05
2024 01 15  1610    60324   58200      9   -1.00e+05    9   -1.00e+05
2024 01 15  1615    60324   58500      9   -1.00e+05    9   -1.00e+05
2024 01 15  1620    60324   58800      9   -1.00e+05    9   -1.00e+05
2024 01 15  1625    60324   59100      9   -1.00e+05    9   -1.00e+05
2024 01 15  1630    60324   59400      9   -1.00e+05    9   -1.00e+05
2024 01 15  1635    60324   59700      9   -1.00e+05    9   -1.00e+05
2024 01 15  1640    60324   60000      9   -1.00e+05    9   -1.00e+05
2024 01 15  1645    60324   60300      9   -1.00e+05    9   -1.00e+05
2024 01 15  1650    60324   60600      9   -1.00e+05    9   -1.00e+05
2024 01 15  1655    60324   60900      9   -1.00e+05    9   -1.00e+05
2024 01 15  1700    60324   61200      9   -1.00e+05    9   -1.00e+05
2024 01 15  1705    60324   61500      9   -1.00e+05    9   -1.00e+05
2024 01 15  1710    60324   61800      9   -1.00e+05    9   -1.00e+05
2024 01 15  1715    60324   62100      9   -1.00e+05    9   -1.00e+05
2024 01 15  1720    60324   62400      9   -1.00e+05    9   -1.00e+05
2024 01 15  1725    60324   62700      9   -1.00e+05    9   -1.00e+05
2024 01 15  1730    60324   63000      9   -1.00e+05    9   -1.00e+05
2024 01 15  1735    60324   63300      9   -1.00e+05    9   -1.00e+05
2024 01 15  1740    60324   63600      9   -1.00e+05    9   -1.00e+05
2024 01 15  1745    60324   63900      9   -1.00e+05    9   -1.00e+05
2024 01 15  1750    60324   64200      9   -1.00e+05    9   -1.00e+05
2024 01 15  1755    60324   64500      9   -1.00e+05    9   -1.00e+05
2024 01 15  1800    60324   64800      9   -1.00e+05    9   -1.00e+05
2024 01 15  1805    60324   65100      9   -1.00e+05    9   -1.00e+05
2024 01 15  1810    60324   65400      9   -1.00e+05    9   -1.00e+05
2024 01 15  1815    60324   65700      9   -1.00e+05    9   -1.00e+05
2024 01 15  1820    60324   66000      9   -1.00e+05    9   -1.00e+05
2024 01 15  1825    60324   66300      9   -1.00e+05    9   -1.00e+05
2024 01 15  1830    60324   66600      9   -1.00e+05    9   -1.00e+05
2024 01 15  1835    60324   66900      9   -1.00e+05    9   -1.00e+05
2024 01 15  1840    60324   67200      9   -1.00e+05    9   -1.00e+05
2024 01 15  1845    60324   67500      9   -1.00e+05    9   -1.00e+05
2024 01 15  1850    60324   67800      9   -1.00e+05    9   -1.00e+05
2024 01 15  1855    60324   68100      9   -1.00e+05    9   -1.00e+05
2024 01 15  1900    60324   68400      9   -1.00e+05    9   -1.00e+05
2024 01 15  1905    60324   68700      9   -1.00e+05    9   -1.00e+05
2024 01 15  1910    60324   69000      9   -1.00e+05    9   -1.00e+05
2024 01 15  1915    60324   69300      9   -1.00e+05    9   -1.00e+05
2024 01 15  1920    60324   69600      9   -1.00e+05    9   -1.00e+05
2024 01 15  1925    60324   69900      9   -1.00e+05    9   -1.00e+05
2024 01 15  1930    60324   70200      9   -1.00e+05    9   -1.00e+05
2024 01 15  1935    60324   70500      9   -1.00e+05    9   -1.00e+05
2024 01 15  1940    60324   70800      9   -1.00e+05    9   -1.00e+05
2024 01 15  1945    60324   71100      9   -1.00e+05    9   -1.00e+05
2024 01 15  1950    60324   71400      9   -1.00e+05    9   -1.00e+05
2024 01 15  1955    60324   71700      9   -1.00e+05    9   -1.00e+05
2024 01 15  2000    60324   72000      9   -1.00e+05    9   -1.00e+05
2024 01 15  2005    60324   72300      9   -1.00e+05    9   -1.00e+05
2024 01 15  2010    60324   72600      9   -1.00e+05    9   -1.00e+05
2024 01 15  2015    60324   72900      9   -1.00e+05    9   -1.00e+05
2024 01 15  2020    60324   73200      9   -1.00e+05    9   -1.00e+05
2024 01 15  2025    60324   73500      9   -1.00e+05    9   -1.00e+05
2024 01 15  2030    60324   73800      9   -1.00e+05    9   -1.00e+05
2024 01 15  2035    60324   74100      9   -1.00e+05    9   -1.00e+05
2024 01 15  2040    60324   74400      9   -1.00e+05    9   -1.00e+05
2024 01 15  2045    60324   74700      9   -1.00e+05    9   -1.00e+05
2024 01 15  2050    60324   75000      9   -1.00e+05    9   -1.00e+05
2024 01 15  2055    60324   75300      9   -1.00e+05    9   -1.00e+05
2024 01 15  2100    60324   75600      9   -1.00e+05    9   -1.00e+05
2024 01 15  2105    60324   75900      9   -1.00e+05    9   -1.00e+05
2024 01 15  2110    60324   76200      9   -1.00e+05    9   -1.00e+05
2024 01 15  2115    60324   76500      9   -1.00e+05    9   -1.00e+05
2024 01 15  2120    60324   76800      9   -1.00e+05    9   -1.00e+05
2024 01 15  2125    60324   77100      9   -1.00e+05    9   -1.00e+05
2024 01 15  2130    60324   77400      9   -1.00e+05    9   -1.00e+05
2024 01 15  2135    60324   77700      9   -1.00e+05    9   -1.00e+05
2024 01 15  2140    60324   78000      9   -1.00e+05    9   -1.00e+05
2024 01 15  2145    60324   78300      9   -1.00e+05    9   -1.00e+05
2024 01 15  2150    60324   78600      9   -1.00e+05    9   -1.00e+05
2024 01 15  2155    60324   78900      9   -1.00e+05    9   -1.00e+05
2024 01 15  2200    60324   79200      9   -1.00e+05    9   -1.00e+05
2024 01 15  2205    60324   79500      9   -1.00e+05    9   -1.00e+05
2024 01 15  2210    60324   79800      9   -1.00e+05    9   -1.00e+05
2024 01 15  2215    60324   80100      9   -1.00e+05    9   -1.00e+05
2024 01 15  2220    60324   80400      9   -1.00e+05    9   -1.00e+05
2024 01 15  2225    60324   80700      9   -1.00e+05    9   -1.00e+05
2024 01 15  2230    60324   81000      9   -1.00e+05    9   -1.00e+05
2024 01 15  2235    60324   81300      9   -1.00e+05    9   -1.00e+05
2024 01 15  2240    60324   81600      9   -1.00e+05    9   -1.00e+05
2024 01 15  2245    60324   81900      9   -1.00e+05    9   -1.00e+05
2024 01 15  2250    60324   82200      9   -1.00e+05    9   -1.00e+05
2024 01 15  2255    60324   82500      9   -1.00e+05    9   -1.00e+05
2024 01 15  2300    60324   82800      9   -1.00e+05    9   -1.00e+05
2024 01 15  2305    60324   83100      9   -1.00e+05    9   -1.00e+05
2024 01 15  2310    60324   83400      9   -1.00e+05    9   -1.00e+05
2024 01 15  2315    60324   83700      9   -1.00e+05    9   -1.00e+05
2024 01 15  2320    60324   84000      9   -1.00e+05    9   -1.00e+05
2024 01 15  2325    60324   84300      9   -1.00e+05    9   -1.00e+05
2024 01 15  2330    60324   84600      9   -1.00e+05    9   -1.00e+05
2024 01 15  2335    60324   84900      9   -1.00e+05    9   -1.00e+05
2024 01 15  2340    60324   85200      9   -1.00e+05    9   -1.00e+05
2024 01 15  2345    60324   85500      9   -1.00e+05    9   -1.00e+05
2024 01 15  2350    60324   85800      9   -1.00e+05    9   -1.00e+05
2024 01 15  2355    60324   86100      9   -1.00e+05    9   -1.00e+05
