:Data_list: 20240628_ace_epam_5m.txt
:Created: 2024 Jun 29 0011 UT
# Prepared by the U.S. Dept. of Commerce, NOAA, Space Weather Prediction Center
# Please send comments and suggestions to SWPC.Webmaster@noaa.gov 
# 
# Units: Differential Flux particles/cm2-s-ster-MeV
# Units: Anisotropy Index 0.0 - 2.0
# Status(S): 0 = nominal, 4,6,7,8 = bad data, unable to process, 9 = no data
# Missing data values: -1.00e+05, index = -1.00
# Source: ACE Satellite - Electron, Proton, and Alpha Monitor
#
#
#                      5-minute averaged Real-time Differential Electron and Proton Flux 
# 
#                Modified Seconds ---------------------------- Differential Flux ---------------------------
# UT Date   Time  Julian  of the  ----- Electron -----   ------------------- Protons keV -------------------   Anis.
# YR MO DA  HHMM    Day    Day    S    38-53   175-315   S    47-68   115-195   310-580   795-1193 1060-1900   Index
#-------------------------------------------------------------------------------------------------------------------
2024 06 28  0000   60489       0  0  1.86e+03  1.81e+01  0  5.89e+03  9.55e+02  1.06e+02  1.56e+01  3.28e+00  -1.00
2024 06 28  0005   60489     300  0  1.79e+03  1.76e+01  0  5.60e+03  9.59e+02  1.19e+02  1.78e+01  3.24e+00  -1.00
2024 06 28  0010   60489     600  0  1.81e+03  1.77e+01  0  4.20e+03  7.33e+02  1.03e+02  1.67e+01  3.20e+00  -1.00
2024 06 28  0015   60489     900  0  1.94e+03  1.79e+01  0  4.34e+03  7.39e+02  9.95e+01  1.46e+01  3.10e+00  -1.00
2024 06 28  0020   60489    1200  0  1.89e+03  1.92e+01  0  4.67e+03  7.30e+02  9.44e+01  1.69e+01  3.45e+00  -1.00
2024 06 28  0025   60489    1500  0  1.65e+03  1.57e+01  0  5.34e+03  9.39e+02  1.18e+02  1.72e+01  3.37e+00  -1.00
2024 06 28  0030   60489    1800  0  1.97e+03  1.60e+01  0  5.37e+03  8.93e+02  1.05e+02  1.79e+01  3.66e+00  -1.00
2024 06 28  0035   60489    2100  0  1.59e+03  1.80e+01  0  4.88e+03  7.81e+02  9.59e+01  1.45e+01  2.81e+00  -1.00
2024 06 28  0040   60489    2400  0  1.83e+03  1.42e+01  0  4.30e+03  7.23e+02  9.59e+01  1.53e+01  3.35e+00  -1.00
2024 06 28  0045   60489    2700  0  1.61e+03  1.57e+01  0  4.17e+03  7.25e+02  9.70e+01  1.26e+01  2.72e+00  -1.00
2024 06 28  0050   60489    3000  0  2.06e+03  2.11e+01  0  4.56e+03  7.25e+02  9.48e+01  1.73e+01  3.11e+00  -1.00
2024 06 28  0055   60489    3300  0  1.73e+03  1.99e+01  0  4.55e+03  7.76e+02  9.82e+01  1.64e+01  2.78e+00  -1.00
2024 06 28  0100   60489    3600  0  1.89e+03  2.04e+01  0  4.14e+03  7.24e+02  9.45e+01  1.68e+01  3.27e+00  -1.00
2024 06 28  0105   60489    3900  0  1.89e+03  1.97e+01  0  4.34e+03  6.57e+02  8.90e+01  1.36e+01  2.57e+00  -1.00
2024 06 28  0110   60489    4200  0  1.79e+03  2.14e+01  0  4.36e+03  6.77e+02  8.88e+01  1.56e+01  2.82e+00  -1.00
2024 06 28  0115   60489    4500  0  1.82e+03  1.88e+01  0  4.45e+03  6.97e+02  9.29e+01  1.49e+01  2.94e+00  -1.00
2024 06 28  0120   60489    4800  0  1.82e+03  1.81e+01  0  4.49e+03  7.01e+02  8.98e+01  1.39e+01  2.79e+00  -1.00
2024 06 28  0125   60489    5100  0  1.69e+03  1.67e+01  0  4.32e+03  6.90e+02  9.39e+01  1.36e+01  2.69e+00  -1.00
2024 06 28  0130   60489    5400  0  1.77e+03  2.00e+01  0  4.64e+03  7.27e+02  9.10e+01  1.43e+01  2.66e+00  -1.00
2024 06 28  0135   60489    5700  0  1.60e+03  1.56e+01  0  4.59e+03  7.67e+02  9.10e+01  1.31e+01  2.73e+00  -1.00
2024 06 28  0140   60489    6000  0  1.81e+03  1.57e+01  0  4.68e+03  7.00e+02  8.49e+01  1.30e+01  3.00e+00  -1.00
2024 06 28  0145   60489    6300  0  1.68e+03  1.74e+01  0  4.63e+03  7.15e+02  8.80e+01  1.41e+01  3.22e+00  -1.00
2024 06 28  0150   60489    6600  0  1.80e+03  1.88e+01  0  4.79e+03  7.18e+02  8.61e+01  1.47e+01  2.52e+00  -1.00
2024 06 28  0155   60489    6900  0  2.21e+03  2.17e+01  0  4.85e+03  7.43e+02  8.79e+01  1.65e+01  3.05e+00  -1.00
2024 06 28  0200   60489    7200  0  1.88e+03  1.75e+01  0  4.78e+03  7.30e+02  9.02e+01  1.52e+01  2.74e+00  -1.00
2024 06 28  0205   60489    7500  0  1.80e+03  2.34e+01  0  4.87e+03  6.94e+02  8.39e+01  1.42e+01  2.67e+00  -1.00
2024 06 28  0210   60489    7800  0  1.95e+03  1.79e+01  0  4.62e+03  6.95e+02  8.47e+01  1.48e+01  2.72e+00  -1.00
2024 06 28  0215   60489    8100  0  1.77e+03  1.88e+01  0  4.89e+03  8.04e+02  9.98e+01  1.49e+01  2.92e+00  -1.00
2024 06 28  0220   60489    8400  0  2.04e+03  1.86e+01  0  4.98e+03  8.43e+02  9.83e+01  1.85e+01  2.97e+00  -1.00
2024 06 28  0225   60489    8700  0  1.93e+03  2.51e+01  0  4.54e+03  8.16e+02  1.03e+02  1.81e+01  3.95e+00  -1.00
2024 06 28  0230   60489    9000  0  1.76e+03  1.96e+01  0  4.29e+03  6.14e+02  7.85e+01  1.30e+01  2.35e+00  -1.00
2024 06 28  0235   60489    9300  0  2.01e+03  1.80e+01  0  4.06e+03  5.25e+02  6.67e+01  1.37e+01  2.81e+00  -1.00
2024 06 28  0240   60489    9600  0  2.01e+03  2.38e+01  0  3.98e+03  4.97e+02  6.58e+01  1.69e+01  2.94e+00  -1.00
2024 06 28  0245   60489    9900  0  2.00e+03  2.06e+01  0  4.03e+03  5.29e+02  6.55e+01  1.57e+01  2.67e+00  -1.00
2024 06 28  0250   60489   10200  0  2.09e+03  2.05e+01  0  4.10e+03  4.88e+02  6.77e+01  1.41e+01  2.79e+00  -1.00
2024 06 28  0255   60489   10500  0  2.08e+03  1.82e+01  0  4.13e+03  5.48e+02  7.37e+01  1.47e+01  2.51e+00  -1.00
2024 06 28  0300   60489   10800  0  2.04e+03  1.91e+01  0  3.81e+03  5.04e+02  7.20e+01  1.59e+01  3.00e+00  -1.00
2024 06 28  0305   60489   11100  0  2.17e+03  2.07e+01  0  4.08e+03  5.20e+02  6.98e+01  1.40e+01  2.82e+00  -1.00
2024 06 28  0310   60489   11400  0  1.97e+03  2.08e+01  0  4.22e+03  5.40e+02  7.29e+01  1.32e+01  3.05e+00  -1.00
2024 06 28  0315   60489   11700  0  1.95e+03  1.99e+01  0  4.75e+03  7.09e+02  9.34e+01  1.66e+01  3.46e+00  -1.00
2024 06 28  0320   60489   12000  0  2.00e+03  2.07e+01  0  5.00e+03  8.00e+02  9.74e+01  1.78e+01  3.16e+00  -1.00
2024 06 28  0325   60489   12300  0  2.21e+03  2.40e+01  0  6.16e+03  1.10e+03  1.20e+02  2.40e+01  3.95e+00  -1.00
2024 06 28  0330   60489   12600  0  2.24e+03  2.01e+01  0  6.20e+03  1.14e+03  1.29e+02  2.50e+01  4.59e+00  -1.00
2024 06 28  0335   60489   12900  0  2.32e+03  1.99e+01  0  6.30e+03  1.14e+03  1.30e+02  3.31e+01  5.01e+00  -1.00
2024 06 28  0340   60489   13200  0  2.40e+03  2.16e+01  0  4.88e+03  7.26e+02  9.25e+01  1.91e+01  3.31e+00  -1.00
2024 06 28  0345   60489   13500  0  1.97e+03  2.09e+01  0  4.91e+03  7.24e+02  9.36e+01  1.59e+01  3.45e+00  -1.00
2024 06 28  0350   60489   13800  0  2.06e+03  1.80e+01  0  4.91e+03  7.83e+02  1.03e+02  1.89e+01  4.22e+00  -1.00
2024 06 28  0355   60489   14100 -1 -1.00e+05 -1.00e+05 -1 -1.00e+05 -1.00e+05 -1.00e+05 -1.00e+05 -1.00e+05  -1.00
2024 06 28  0400   60489   14400  0  2.05e+03  2.08e+01  0  5.16e+03  8.18e+02  1.01e+02  2.06e+01  3.82e+00  -1.00
2024 06 28  0405   60489   14700  0  1.98e+03  2.31e+01  0  5.25e+03  8.00e+02  9.45e+01  1.83e+01  2.93e+00  -1.00
2024 06 28  0410   60489   15000  0  2.03e+03  1.87e+01  0  6.02e+03  9.62e+02  1.18e+02  2.30e+01  4.27e+00  -1.00
2024 06 28  0415   60489   15300  0  2.41e+03  2.12e+01  0  7.41e+03  1.35e+03  1.51e+02  3.31e+01  4.78e+00  -1.00
2024 06 28  0420   60489   15600  0  2.42e+03  1.96e+01  0  7.93e+03  1.44e+03  1.50e+02  3.36e+01  5.48e+00  -1.00
2024 06 28  0425   60489   15900  0  2.35e+03  2.00e+01  0  7.48e+03  1.41e+03  1.49e+02  2.97e+01  4.73e+00  -1.00
2024 06 28  0430   60489   16200  0  2.22e+03  1.34e+01  0  7.27e+03  1.34e+03  1.44e+02  2.65e+01  4.35e+00  -1.00
2024 06 28  0435   60489   16500  0  2.31e+03  2.36e+01  0  6.20e+03  1.08e+03  1.22e+02  2.78e+01  4.80e+00  -1.00
2024 06 28  0440   60489   16800  0  2.17e+03  2.34e+01  0  6.57e+03  1.18e+03  1.25e+02  2.35e+01  3.91e+00  -1.00
2024 06 28  0445   60489   17100  0  2.33e+03  1.95e+01  0  7.19e+03  1.28e+03  1.47e+02  2.76e+01  4.30e+00  -1.00
2024 06 28  0450   60489   17400  0  1.85e+03  1.92e+01  0  6.19e+03  1.07e+03  1.23e+02  2.03e+01  3.42e+00  -1.00
2024 06 28  0455   60489   17700  0  1.96e+03  1.89e+01  0  7.19e+03  1.19e+03  1.20e+02  2.21e+01  3.49e+00  -1.00
2024 06 28  0500   60489   18000  0  2.40e+03  2.88e+01  0  5.79e+03  1.03e+03  1.10e+02  2.02e+01  3.91e+00  -1.00
2024 06 28  0505   60489   18300  0  2.60e+03  1.87e+01  0  7.01e+03  1.23e+03  1.26e+02  1.98e+01  3.58e+00  -1.00
2024 06 28  0510   60489   18600  0  1.93e+03  1.77e+01  0  5.80e+03  9.00e+02  1.01e+02  1.94e+01  3.51e+00  -1.00
2024 06 28  0515   60489   18900  0  2.02e+03  1.47e+01  0  5.63e+03  9.15e+02  1.02e+02  1.91e+01  3.40e+00  -1.00
2024 06 28  0520   60489   19200  0  2.13e+03  1.87e+01  0  5.65e+03  9.12e+02  1.05e+02  1.87e+01  3.52e+00  -1.00
2024 06 28  0525   60489   19500  0  2.05e+03  1.89e+01  0  5.87e+03  9.14e+02  1.04e+02  1.82e+01  3.33e+00  -1.00
2024 06 28  0530   60489   19800  0  1.94e+03  1.75e+01  0  5.99e+03  9.66e+02  1.06e+02  1.94e+01  3.75e+00  -1.00
2024 06 28  0535   60489   20100  0  2.17e+03  1.84e+01  0  6.15e+03  9.65e+02  1.07e+02  1.81e+01  3.39e+00  -1.00
2024 06 28  0540   60489   20400  0  2.26e+03  2.34e+01  0  5.46e+03  8.13e+02  9.07e+01  1.63e+01  3.07e+00  -1.00
2024 06 28  0545   60489   20700  0  2.13e+03  1.95e+01  0  5.67e+03  8.77e+02  9.89e+01  1.74e+01  3.18e+00  -1.00
2024 06 28  0550   60489   21000  0  1.98e+03  2.06e+01  0  5.77e+03  8.76e+02  9.98e+01  1.78e+01  3.16e+00  -1.00
2024 06 28  0555   60489   21300  0  2.14e+03  1.59e+01  0  5.99e+03  9.45e+02  1.06e+02  1.95e+01  3.35e+00  -1.00
2024 06 28  0600   60489   21600  0  2.13e+03  1.98e+01  0  6.18e+03  9.54e+02  9.95e+01  1.83e+01  3.33e+00  -1.00
2024 06 28  0605   60489   21900  0  2.05e+03  1.67e+01  0  6.18e+03  9.63e+02  1.07e+02  2.04e+01  3.58e+00  -1.00
2024 06 28  0610   60489   22200  0  2.22e+03  1.95e+01  0  7.26e+03  1.14e+03  1.14e+02  1.84e+01  3.58e+00  -1.00
2024 06 28  0615   60489   22500  0  2.21e+03  2.19e+01  0  7.24e+03  1.18e+03  1.17e+02  2.07e+01  3.44e+00  -1.00
2024 06 28  0620   60489   22800  0  2.21e+03  1.73e+01  0  7.15e+03  1.11e+03  1.13e+02  2.01e+01  3.81e+00  -1.00
2024 06 28  0625   60489   23100  0  1.81e+03  1.96e+01  0  6.14e+03  9.12e+02  9.52e+01  1.49e+01  3.08e+00  -1.00
2024 06 28  0630   60489   23400  0  2.27e+03  2.17e+01  0  4.31e+03  5.31e+02  7.01e+01  1.55e+01  3.13e+00  -1.00
2024 06 28  0635   60489   23700  0  1.98e+03  2.27e+01  0  3.92e+03  5.12e+02  6.65e+01  1.37e+01  2.58e+00  -1.00
2024 06 28  0640   60489   24000  0  2.08e+03  2.07e+01  0  4.09e+03  5.54e+02  6.57e+01  1.28e+01  2.69e+00  -1.00
2024 06 28  0645   60489   24300  0  2.29e+03  2.04e+01  0  4.12e+03  5.11e+02  6.68e+01  1.33e+01  2.29e+00  -1.00
2024 06 28  0650   60489   24600  0  2.10e+03  2.03e+01  0  4.15e+03  5.57e+02  6.94e+01  1.36e+01  2.24e+00  -1.00
2024 06 28  0655   60489   24900  0  1.92e+03  2.07e+01  0  3.99e+03  5.12e+02  6.27e+01  1.21e+01  2.21e+00  -1.00
2024 06 28  0700   60489   25200  0  1.92e+03  1.76e+01  0  3.97e+03  5.45e+02  7.03e+01  1.21e+01  1.63e+00  -1.00
2024 06 28  0705   60489   25500  0  2.15e+03  2.01e+01  0  4.27e+03  5.52e+02  6.62e+01  1.43e+01  2.18e+00  -1.00
2024 06 28  0710   60489   25800  0  2.05e+03  1.95e+01  0  4.18e+03  5.35e+02  6.35e+01  1.28e+01  2.31e+00  -1.00
2024 06 28  0715   60489   26100  0  1.97e+03  1.53e+01  0  4.02e+03  5.10e+02  6.38e+01  1.11e+01  2.10e+00  -1.00
2024 06 28  0720   60489   26400  0  2.32e+03  2.18e+01  0  4.21e+03  5.40e+02  6.67e+01  1.29e+01  2.20e+00  -1.00
2024 06 28  0725   60489   26700  0  1.98e+03  2.18e+01  0  3.98e+03  4.97e+02  6.00e+01  1.14e+01  2.12e+00  -1.00
2024 06 28  0730   60489   27000  0  1.84e+03  1.90e+01  0  3.95e+03  5.03e+02  6.17e+01  1.05e+01  1.86e+00  -1.00
2024 06 28  0735   60489   27300  0  2.09e+03  1.93e+01  0  4.12e+03  5.22e+02  5.97e+01  1.07e+01  1.76e+00  -1.00
2024 06 28  0740   60489   27600  0  1.74e+03  1.34e+01  0  4.40e+03  5.59e+02  6.52e+01  1.01e+01  1.72e+00  -1.00
2024 06 28  0745   60489   27900  0  2.10e+03  2.19e+01  0  4.92e+03  7.15e+02  7.78e+01  1.37e+01  2.33e+00  -1.00
2024 06 28  0750   60489   28200  0  1.96e+03  1.63e+01  0  5.15e+03  8.26e+02  8.97e+01  1.54e+01  2.34e+00  -1.00
2024 06 28  0755   60489   28500  0  2.07e+03  1.80e+01  0  5.19e+03  8.46e+02  9.79e+01  1.58e+01  2.68e+00  -1.00
2024 06 28  0800   60489   28800  0  1.99e+03  1.98e+01  0  5.01e+03  7.75e+02  9.11e+01  1.63e+01  2.51e+00  -1.00
2024 06 28  0805   60489   29100  0  1.96e+03  1.78e+01  0  6.08e+03  1.14e+03  1.48e+02  2.67e+01  4.82e+00  -1.00
2024 06 28  0810   60489   29400  0  2.37e+03  2.27e+01  0  7.14e+03  1.33e+03  1.66e+02  4.00e+01  6.93e+00  -1.00
2024 06 28  0815   60489   29700  0  2.48e+03  2.33e+01  0  8.56e+03  1.58e+03  1.78e+02  3.95e+01  6.29e+00  -1.00
2024 06 28  0820   60489   30000  0  2.09e+03  1.53e+01  0  2.01e+04  4.19e+03  3.23e+02  4.37e+01  6.95e+00  -1.00
2024 06 28  0825   60489   30300  0  2.39e+03  2.27e+01  0  3.09e+04  7.76e+03  6.41e+02  8.93e+01  1.26e+01  -1.00
2024 06 28  0830   60489   30600  0  2.54e+03  2.30e+01  0  3.74e+04  8.81e+03  8.98e+02  1.20e+02  2.00e+01  -1.00
2024 06 28  0835   60489   30900  0  2.98e+03  2.08e+01  0  7.11e+04  1.07e+04  8.47e+02  1.36e+02  2.02e+01  -1.00
2024 06 28  0840   60489   31200  0  3.11e+03  2.47e+01  0  7.36e+04  1.14e+04  8.70e+02  1.39e+02  2.10e+01  -1.00
2024 06 28  0845   60489   31500  0  2.66e+03  2.02e+01  0  7.74e+04  1.15e+04  9.04e+02  1.22e+02  1.92e+01  -1.00
2024 06 28  0850   60489   31800  0  2.58e+03  1.80e+01  0  5.98e+04  1.14e+04  1.01e+03  1.42e+02  2.31e+01  -1.00
2024 06 28  0855   60489   32100  0  2.60e+03  1.87e+01  0  6.95e+04  1.17e+04  1.02e+03  1.43e+02  2.41e+01  -1.00
2024 06 28  0900   60489   32400  0  2.44e+03  1.81e+01  0  4.95e+04  1.10e+04  1.01e+03  1.45e+02  2.46e+01  -1.00
2024 06 28  0905   60489   32700  0  2.34e+03  2.10e+01  0  5.06e+04  1.09e+04  1.02e+03  1.52e+02  2.75e+01  -1.00
2024 06 28  0910   60489   33000  0  1.92e+03  1.58e+01  0  5.33e+04  1.10e+04  9.91e+02  1.34e+02  2.27e+01  -1.00
2024 06 28  0915   60489   33300  0  2.32e+03  2.39e+01  0  7.31e+04  1.23e+04  9.97e+02  1.54e+02  2.47e+01  -1.00
2024 06 28  0920   60489   33600  0  3.01e+03  2.12e+01  0  6.56e+04  1.18e+04  9.84e+02  1.79e+02  2.82e+01  -1.00
2024 06 28  0925   60489   33900  0  2.37e+03  1.95e+01  0  7.01e+04  1.10e+04  9.08e+02  1.40e+02  2.35e+01  -1.00
2024 06 28  0930   60489   34200  0  2.43e+03  1.65e+01  0  6.14e+04  1.08e+04  1.01e+03  2.72e+02  4.15e+01  -1.00
2024 06 28  0935   60489   34500  0  3.09e+03  1.51e+01  0  1.06e+05  3.27e+04  2.18e+03  3.06e+02  6.56e+01  -1.00
2024 06 28  0940   60489   34800  0  2.68e+03  1.94e+01  0  1.20e+05  3.71e+04  1.84e+03  3.24e+02  5.86e+01  -1.00
2024 06 28  0945   60489   35100  0  2.59e+03  1.94e+01  0  9.26e+04  2.30e+04  1.93e+03  3.71e+02  6.31e+01  -1.00
2024 06 28  0950   60489   35400  0  2.37e+03  1.85e+01  0  6.02e+04  1.81e+04  2.09e+03  4.12e+02  6.20e+01  -1.00
2024 06 28  0955   60489   35700 -1 -1.00e+05 -1.00e+05 -1 -1.00e+05 -1.00e+05 -1.00e+05 -1.00e+05 -1.00e+05  -1.00
2024 06 28  1000   60489   36000  0  2.54e+03  1.94e+01  0  4.87e+04  1.29e+04  1.45e+03  3.07e+02  5.07e+01  -1.00
2024 06 28  1005   60489   36300  0  2.52e+03  2.24e+01  0  3.34e+04  8.28e+03  8.11e+02  1.36e+02  2.44e+01  -1.00
2024 06 28  1010   60489   36600  0  2.95e+03  2.01e+01  0  3.56e+04  9.11e+03  1.00e+03  1.64e+02  2.72e+01  -1.00
2024 06 28  1015   60489   36900  0  2.58e+03  1.36e+01  0  4.55e+04  1.10e+04  1.09e+03  1.88e+02  2.73e+01  -1.00
2024 06 28  1020   60489   37200  0  2.59e+03  1.73e+01  0  2.88e+04  7.75e+03  8.51e+02  1.73e+02  4.49e+01  -1.00
2024 06 28  1025   60489   37500  0  2.46e+03  1.85e+01  0  7.65e+04  2.21e+04  2.30e+03  5.51e+02  9.41e+01  -1.00
2024 06 28  1030   60489   37800  0  2.17e+03  2.15e+01  0  1.52e+05  3.91e+04  2.93e+03  3.92e+02  5.68e+01  -1.00
2024 06 28  1035   60489   38100  0  2.01e+03  1.86e+01  0  1.69e+05  4.39e+04  3.22e+03  4.10e+02  5.52e+01  -1.00
2024 06 28  1040   60489   38400  0  2.02e+03  2.09e+01  0  1.28e+05  3.34e+04  2.43e+03  3.19e+02  4.20e+01  -1.00
2024 06 28  1045   60489   38700  0  2.36e+03  2.14e+01  0  1.15e+05  3.14e+04  2.32e+03  2.92e+02  3.62e+01  -1.00
2024 06 28  1050   60489   39000  0  2.02e+03  1.93e+01  0  4.44e+04  9.09e+03  6.14e+02  7.71e+01  1.01e+01  -1.00
2024 06 28  1055   60489   39300  0  2.15e+03  1.66e+01  0  3.96e+04  7.34e+03  4.75e+02  5.65e+01  7.58e+00  -1.00
2024 06 28  1100   60489   39600  0  2.16e+03  1.92e+01  0  3.80e+04  6.81e+03  4.32e+02  5.40e+01  6.59e+00  -1.00
2024 06 28  1105   60489   39900  0  1.95e+03  1.77e+01  0  4.02e+04  7.16e+03  4.38e+02  5.27e+01  6.26e+00  -1.00
2024 06 28  1110   60489   40200  0  2.04e+03  1.70e+01  0  4.11e+04  7.64e+03  4.75e+02  6.31e+01  7.25e+00  -1.00
2024 06 28  1115   60489   40500  0  2.05e+03  2.18e+01  0  4.32e+04  7.78e+03  4.84e+02  6.40e+01  7.99e+00  -1.00
2024 06 28  1120   60489   40800  0  2.27e+03  1.75e+01  0  4.43e+04  7.60e+03  4.66e+02  5.63e+01  7.46e+00  -1.00
2024 06 28  1125   60489   41100  0  1.93e+03  1.69e+01  0  3.30e+04  5.51e+03  3.39e+02  4.01e+01  5.03e+00  -1.00
2024 06 28  1130   60489   41400  0  1.97e+03  1.55e+01  0  3.33e+04  5.54e+03  3.39e+02  3.90e+01  4.93e+00  -1.00
2024 06 28  1135   60489   41700  0  2.10e+03  1.74e+01  0  3.34e+04  5.43e+03  3.28e+02  3.68e+01  5.02e+00  -1.00
2024 06 28  1140   60489   42000  0  1.98e+03  1.97e+01  0  2.74e+04  4.76e+03  3.06e+02  3.27e+01  4.95e+00  -1.00
2024 06 28  1145   60489   42300  0  1.85e+03  1.56e+01  0  2.82e+04  4.99e+03  3.17e+02  3.36e+01  5.05e+00  -1.00
2024 06 28  1150   60489   42600  0  1.89e+03  1.85e+01  0  2.96e+04  5.22e+03  3.22e+02  3.31e+01  4.41e+00  -1.00
2024 06 28  1155   60489   42900  0  2.18e+03  1.67e+01  0  3.20e+04  5.57e+03  3.42e+02  3.69e+01  5.41e+00  -1.00
2024 06 28  1200   60489   43200  0  1.86e+03  1.82e+01  0  3.10e+04  5.20e+03  3.18e+02  3.45e+01  4.84e+00  -1.00
2024 06 28  1205   60489   43500  0  2.10e+03  1.68e+01  0  3.19e+04  5.32e+03  3.17e+02  3.91e+01  4.74e+00  -1.00
2024 06 28  1210   60489   43800  0  2.32e+03  2.08e+01  0  3.45e+04  5.64e+03  3.37e+02  4.08e+01  5.28e+00  -1.00
2024 06 28  1215   60489   44100  0  1.79e+03  1.84e+01  0  3.51e+04  5.72e+03  3.35e+02  3.69e+01  4.85e+00  -1.00
2024 06 28  1220   60489   44400  0  1.97e+03  1.75e+01  0  4.52e+04  7.13e+03  3.96e+02  4.23e+01  6.26e+00  -1.00
2024 06 28  1225   60489   44700  0  1.95e+03  1.98e+01  0  5.02e+04  7.75e+03  4.16e+02  4.52e+01  5.85e+00  -1.00
2024 06 28  1230   60489   45000  0  2.04e+03  2.13e+01  0  5.59e+04  8.36e+03  4.39e+02  4.75e+01  6.14e+00  -1.00
2024 06 28  1235   60489   45300  0  2.20e+03  1.62e+01  0  5.57e+04  8.34e+03  4.47e+02  4.88e+01  6.95e+00  -1.00
2024 06 28  1240   60489   45600  0  2.23e+03  2.35e+01  0  5.64e+04  8.66e+03  4.72e+02  5.77e+01  7.12e+00  -1.00
2024 06 28  1245   60489   45900  0  2.32e+03  1.65e+01  0  6.68e+04  1.02e+04  5.44e+02  5.81e+01  7.80e+00  -1.00
2024 06 28  1250   60489   46200  0  2.07e+03  1.78e+01  0  6.94e+04  1.05e+04  5.50e+02  6.13e+01  7.50e+00  -1.00
2024 06 28  1255   60489   46500  0  2.01e+03  1.73e+01  0  6.96e+04  1.06e+04  5.49e+02  5.61e+01  8.10e+00  -1.00
2024 06 28  1300   60489   46800  0  2.07e+03  1.88e+01  0  6.85e+04  1.04e+04  5.33e+02  5.16e+01  7.23e+00  -1.00
2024 06 28  1305   60489   47100  0  1.91e+03  1.86e+01  0  6.80e+04  1.03e+04  5.29e+02  5.21e+01  6.92e+00  -1.00
2024 06 28  1310   60489   47400  0  2.07e+03  1.80e+01  0  6.93e+04  1.05e+04  5.13e+02  5.17e+01  6.66e+00  -1.00
2024 06 28  1315   60489   47700  0  2.05e+03  1.58e+01  0  6.86e+04  1.04e+04  5.17e+02  5.13e+01  6.35e+00  -1.00
2024 06 28  1320   60489   48000  0  2.21e+03  2.18e+01  0  6.73e+04  1.01e+04  4.98e+02  5.04e+01  6.47e+00  -1.00
2024 06 28  1325   60489   48300  0  2.06e+03  2.27e+01  0  6.67e+04  9.82e+03  4.81e+02  4.85e+01  6.38e+00  -1.00
2024 06 28  1330   60489   48600  0  2.01e+03  1.75e+01  0  6.36e+04  9.64e+03  4.70e+02  4.78e+01  6.19e+00  -1.00
2024 06 28  1335   60489   48900  0  2.60e+03  2.32e+01  0  6.42e+04  9.66e+03  4.70e+02  5.46e+01  7.36e+00  -1.00
2024 06 28  1340   60489   49200  0  1.92e+03  1.82e+01  0  5.58e+04  8.24e+03  3.97e+02  4.09e+01  5.44e+00  -1.00
2024 06 28  1345   60489   49500  0  1.72e+03  1.28e+01  0  5.29e+04  8.02e+03  3.90e+02  3.46e+01  4.46e+00  -1.00
2024 06 28  1350   60489   49800  0  1.87e+03  1.52e+01  0  6.17e+04  9.57e+03  4.79e+02  4.79e+01  5.51e+00  -1.00
2024 06 28  1355   60489   50100  0  2.22e+03  2.04e+01  0  6.86e+04  1.08e+04  5.49e+02  5.90e+01  8.03e+00  -1.00
2024 06 28  1400   60489   50400  0  2.04e+03  2.13e+01  0  6.15e+04  9.63e+03  4.82e+02  5.40e+01  6.95e+00  -1.00
2024 06 28  1405   60489   50700  0  1.73e+03  1.82e+01  0  6.08e+04  9.23e+03  4.47e+02  4.85e+01  5.94e+00  -1.00
2024 06 28  1410   60489   51000  0  1.84e+03  1.72e+01  0  3.61e+04  5.65e+03  3.07e+02  2.94e+01  4.32e+00  -1.00
2024 06 28  1415   60489   51300  0  1.88e+03  2.24e+01  0  2.00e+04  3.13e+03  1.86e+02  2.39e+01  3.00e+00  -1.00
2024 06 28  1420   60489   51600  0  1.56e+03  1.49e+01  0  1.63e+04  2.51e+03  1.51e+02  1.79e+01  2.07e+00  -1.00
2024 06 28  1425   60489   51900  0  1.88e+03  1.76e+01  0  1.64e+04  2.48e+03  1.47e+02  1.95e+01  2.23e+00  -1.00
2024 06 28  1430   60489   52200  0  1.55e+03  1.57e+01  0  1.58e+04  2.19e+03  1.26e+02  1.50e+01  1.85e+00  -1.00
2024 06 28  1435   60489   52500  0  1.66e+03  1.75e+01  0  1.60e+04  2.14e+03  1.22e+02  1.33e+01  2.02e+00  -1.00
2024 06 28  1440   60489   52800  0  1.45e+03  1.91e+01  0  1.81e+04  2.63e+03  1.50e+02  1.49e+01  2.09e+00  -1.00
2024 06 28  1445   60489   53100  0  1.87e+03  2.05e+01  0  1.86e+04  2.65e+03  1.46e+02  1.57e+01  2.44e+00  -1.00
2024 06 28  1450   60489   53400  0  1.72e+03  1.93e+01  0  1.92e+04  2.63e+03  1.44e+02  1.66e+01  2.09e+00  -1.00
2024 06 28  1455   60489   53700  0  1.72e+03  1.93e+01  0  1.80e+04  2.43e+03  1.33e+02  1.57e+01  2.64e+00  -1.00
2024 06 28  1500   60489   54000  0  1.84e+03  1.14e+01  0  1.83e+04  2.45e+03  1.34e+02  1.59e+01  2.17e+00  -1.00
2024 06 28  1505   60489   54300  0  1.58e+03  1.65e+01  0  1.75e+04  2.37e+03  1.28e+02  1.48e+01  1.86e+00  -1.00
2024 06 28  1510   60489   54600  0  1.53e+03  1.39e+01  0  1.76e+04  2.40e+03  1.29e+02  1.48e+01  1.70e+00  -1.00
2024 06 28  1515   60489   54900  0  1.60e+03  1.55e+01  0  1.82e+04  2.45e+03  1.39e+02  1.57e+01  2.06e+00  -1.00
2024 06 28  1520   60489   55200  0  1.86e+03  1.26e+01  0  1.88e+04  2.48e+03  1.29e+02  1.80e+01  2.02e+00  -1.00
2024 06 28  1525   60489   55500  0  1.58e+03  1.64e+01  0  1.89e+04  2.53e+03  1.33e+02  1.64e+01  2.09e+00  -1.00
2024 06 28  1530   60489   55800  0  1.63e+03  1.63e+01  0  1.78e+04  2.43e+03  1.33e+02  1.78e+01  2.12e+00  -1.00
2024 06 28  1535   60489   56100  0  1.89e+03  1.66e+01  0  1.80e+04  2.44e+03  1.34e+02  1.67e+01  2.10e+00  -1.00
2024 06 28  1540   60489   56400  0  1.53e+03  1.56e+01  0  1.95e+04  2.60e+03  1.38e+02  1.67e+01  2.22e+00  -1.00
2024 06 28  1545   60489   56700  0  1.50e+03  1.60e+01  0  1.86e+04  2.51e+03  1.29e+02  1.67e+01  2.19e+00  -1.00
2024 06 28  1550   60489   57000  0  1.58e+03  1.61e+01  0  1.69e+04  2.23e+03  1.16e+02  1.46e+01  1.89e+00  -1.00
2024 06 28  1555   60489   57300 -1 -1.00e+05 -1.00e+05 -1 -1.00e+05 -1.00e+05 -1.00e+05 -1.00e+05 -1.00e+05  -1.00
2024 06 28  1600   60489   57600  0  1.30e+03  1.34e+01  0  1.72e+04  2.26e+03  1.19e+02  1.46e+01  2.18e+00  -1.00
2024 06 28  1605   60489   57900  0  1.34e+03  1.07e+01  0  1.73e+04  2.32e+03  1.24e+02  1.58e+01  2.19e+00  -1.00
2024 06 28  1610   60489   58200  0  1.53e+03  1.78e+01  0  2.60e+04  3.69e+03  2.04e+02  3.27e+01  3.92e+00  -1.00
2024 06 28  1615   60489   58500  0  1.72e+03  1.91e+01  0  3.43e+04  4.85e+03  2.68e+02  4.30e+01  5.05e+00  -1.00
2024 06 28  1620   60489   58800  0  1.55e+03  1.58e+01  0  3.39e+04  4.75e+03  2.62e+02  3.84e+01  4.90e+00  -1.00
2024 06 28  1625   60489   59100  0  1.68e+03  1.39e+01  0  3.36e+04  4.60e+03  2.45e+02  3.56e+01  3.86e+00  -1.00
2024 06 28  1630   60489   59400  0  1.58e+03  1.88e+01  0  3.24e+04  4.28e+03  2.27e+02  3.48e+01  3.80e+00  -1.00
2024 06 28  1635   60489   59700  0  1.50e+03  1.73e+01  0  2.57e+04  3.31e+03  1.73e+02  2.21e+01  2.87e+00  -1.00
2024 06 28  1640   60489   60000  0  1.56e+03  1.67e+01  0  2.76e+04  3.53e+03  1.79e+02  2.21e+01  2.61e+00  -1.00
2024 06 28  1645   60489   60300  0  1.82e+03  1.73e+01  0  2.84e+04  3.38e+03  1.65e+02  2.76e+01  2.37e+00  -1.00
2024 06 28  1650   60489   60600  0  1.70e+03  1.95e+01  0  2.57e+04  3.14e+03  1.52e+02  2.35e+01  2.92e+00  -1.00
2024 06 28  1655   60489   60900  0  1.59e+03  1.79e+01  0  2.50e+04  3.10e+03  1.50e+02  1.78e+01  1.99e+00  -1.00
2024 06 28  1700   60489   61200  0  1.75e+03  1.56e+01  0  2.05e+04  2.53e+03  1.30e+02  1.54e+01  2.02e+00  -1.00
2024 06 28  1705   60489   61500  0  1.49e+03  1.71e+01  0  2.60e+04  3.26e+03  1.55e+02  1.56e+01  2.36e+00  -1.00
2024 06 28  1710   60489   61800  0  1.49e+03  1.53e+01  0  2.18e+04  2.50e+03  1.24e+02  1.44e+01  2.02e+00  -1.00
2024 06 28  1715   60489   62100  0  1.50e+03  1.54e+01  0  1.55e+04  1.94e+03  1.04e+02  1.27e+01  1.71e+00  -1.00
2024 06 28  1720   60489   62400  0  1.50e+03  1.62e+01  0  1.53e+04  1.84e+03  9.64e+01  1.24e+01  1.80e+00  -1.00
2024 06 28  1725   60489   62700  0  1.52e+03  1.59e+01  0  1.47e+04  1.85e+03  1.02e+02  1.31e+01  1.53e+00  -1.00
2024 06 28  1730   60489   63000  0  1.59e+03  1.54e+01  0  1.33e+04  1.65e+03  8.78e+01  1.20e+01  1.52e+00  -1.00
2024 06 28  1735   60489   63300  0  1.65e+03  1.75e+01  0  1.31e+04  1.63e+03  9.00e+01  1.57e+01  1.38e+00  -1.00
2024 06 28  1740   60489   63600  0  1.62e+03  1.67e+01  0  1.45e+04  1.82e+03  1.01e+02  1.56e+01  1.68e+00  -1.00
2024 06 28  1745   60489   63900  0  1.62e+03  2.08e+01  0  1.21e+04  1.56e+03  8.69e+01  1.42e+01  1.78e+00  -1.00
2024 06 28  1750   60489   64200  0  1.59e+03  1.72e+01  0  1.24e+04  1.59e+03  8.85e+01  1.31e+01  1.90e+00  -1.00
2024 06 28  1755   60489   64500  0  1.52e+03  1.64e+01  0  1.35e+04  1.72e+03  9.63e+01  1.34e+01  1.72e+00  -1.00
2024 06 28  1800   60489   64800  0  1.28e+03  1.39e+01  0  1.44e+04  1.83e+03  9.26e+01  1.11e+01  1.39e+00  -1.00
2024 06 28  1805   60489   65100  0  1.57e+03  1.44e+01  0  1.52e+04  1.92e+03  9.78e+01  1.35e+01  1.47e+00  -1.00
2024 06 28  1810   60489   65400  0  1.73e+03  1.69e+01  0  1.54e+04  1.80e+03  9.48e+01  1.22e+01  1.63e+00  -1.00
2024 06 28  1815   60489   65700  0  1.63e+03  1.57e+01  0  1.37e+04  1.70e+03  9.37e+01  1.18e+01  1.89e+00  -1.00
2024 06 28  1820   60489   66000  0  1.26e+03  1.49e+01  0  1.33e+04  1.66e+03  9.29e+01  1.15e+01  1.44e+00  -1.00
2024 06 28  1825   60489   66300  0  1.78e+03  1.45e+01  0  1.27e+04  1.58e+03  8.79e+01  1.22e+01  1.57e+00  -1.00
2024 06 28  1830   60489   66600  0  1.32e+03  1.56e+01  0  1.20e+04  1.49e+03  8.19e+01  1.02e+01  1.21e+00  -1.00
2024 06 28  1835   60489   66900  0  1.55e+03  1.48e+01  0  1.15e+04  1.42e+03  7.83e+01  1.05e+01  1.47e+00  -1.00
2024 06 28  1840   60489   67200  0  1.56e+03  1.53e+01  0  1.04e+04  1.31e+03  7.59e+01  1.08e+01  1.21e+00  -1.00
2024 06 28  1845   60489   67500  0  1.56e+03  1.69e+01  0  1.06e+04  1.32e+03  7.39e+01  1.04e+01  1.42e+00  -1.00
2024 06 28  1850   60489   67800  0  1.35e+03  1.39e+01  0  1.05e+04  1.32e+03  7.48e+01  8.07e+00  1.22e+00  -1.00
2024 06 28  1855   60489   68100  0  1.36e+03  1.38e+01  0  1.12e+04  1.39e+03  7.58e+01  8.87e+00  1.49e+00  -1.00
2024 06 28  1900   60489   68400  0  1.75e+03  1.77e+01  0  1.34e+04  1.67e+03  9.44e+01  1.06e+01  1.59e+00  -1.00
2024 06 28  1905   60489   68700  0  1.49e+03  1.77e+01  0  1.48e+04  1.79e+03  9.63e+01  1.09e+01  1.53e+00  -1.00
2024 06 28  1910   60489   69000  0  1.41e+03  1.50e+01  0  1.48e+04  1.83e+03  9.50e+01  9.99e+00  1.52e+00  -1.00
2024 06 28  1915   60489   69300  0  1.72e+03  1.61e+01  0  1.38e+04  1.73e+03  9.42e+01  9.50e+00  1.66e+00  -1.00
2024 06 28  1920   60489   69600  0  1.51e+03  1.42e+01  0  1.13e+04  1.39e+03  7.92e+01  9.70e+00  1.34e+00  -1.00
2024 06 28  1925   60489   69900  0  1.47e+03  1.31e+01  0  1.23e+04  1.62e+03  9.35e+01  1.65e+01  1.92e+00  -1.00
2024 06 28  1930   60489   70200  0  1.52e+03  1.46e+01  0  9.49e+03  1.16e+03  6.57e+01  8.90e+00  1.11e+00  -1.00
2024 06 28  1935   60489   70500  0  1.69e+03  1.54e+01  0  9.45e+03  1.13e+03  6.51e+01  9.19e+00  1.34e+00  -1.00
2024 06 28  1940   60489   70800  0  1.50e+03  1.54e+01  0  9.49e+03  1.12e+03  6.62e+01  8.81e+00  8.62e-01  -1.00
2024 06 28  1945   60489   71100  0  1.53e+03  1.66e+01  0  9.66e+03  1.18e+03  6.62e+01  8.61e+00  1.27e+00  -1.00
2024 06 28  1950   60489   71400  0  1.74e+03  1.36e+01  0  1.02e+04  1.22e+03  6.44e+01  9.80e+00  1.31e+00  -1.00
2024 06 28  1955   60489   71700  0  1.36e+03  1.45e+01  0  1.00e+04  1.22e+03  6.95e+01  8.06e+00  7.08e-01  -1.00
2024 06 28  2000   60489   72000  0  1.51e+03  1.75e+01  0  1.00e+04  1.20e+03  6.77e+01  8.81e+00  1.30e+00  -1.00
2024 06 28  2005   60489   72300  0  1.32e+03  2.13e+01  0  9.71e+03  1.19e+03  6.79e+01  8.35e+00  1.40e+00  -1.00
2024 06 28  2010   60489   72600  0  1.65e+03  1.60e+01  0  9.94e+03  1.19e+03  6.66e+01  8.96e+00  1.19e+00  -1.00
2024 06 28  2015   60489   72900  0  1.37e+03  1.70e+01  0  1.02e+04  1.19e+03  6.59e+01  8.45e+00  1.21e+00  -1.00
2024 06 28  2020   60489   73200  0  1.58e+03  1.71e+01  0  9.95e+03  1.18e+03  6.80e+01  8.80e+00  1.21e+00  -1.00
2024 06 28  2025   60489   73500  0  1.65e+03  1.27e+01  0  1.02e+04  1.21e+03  6.92e+01  9.01e+00  1.35e+00  -1.00
2024 06 28  2030   60489   73800  0  1.44e+03  1.65e+01  0  9.99e+03  1.20e+03  6.58e+01  8.97e+00  1.01e+00  -1.00
2024 06 28  2035   60489   74100  0  1.47e+03  1.65e+01  0  9.89e+03  1.20e+03  6.83e+01  8.35e+00  1.19e+00  -1.00
2024 06 28  2040   60489   74400  0  1.39e+03  1.91e+01  0  9.52e+03  1.13e+03  6.47e+01  8.77e+00  1.17e+00  -1.00
2024 06 28  2045   60489   74700  0  1.52e+03  1.65e+01  0  9.50e+03  1.09e+03  6.51e+01  9.21e+00  1.20e+00  -1.00
2024 06 28  2050   60489   75000  0  1.54e+03  1.85e+01  0  9.43e+03  1.09e+03  6.09e+01  9.90e+00  1.37e+00  -1.00
2024 06 28  2055   60489   75300  0  1.47e+03  1.61e+01  0  9.49e+03  1.12e+03  6.25e+01  8.17e+00  8.58e-01  -1.00
2024 06 28  2100   60489   75600  0  1.56e+03  1.77e+01  0  9.60e+03  1.15e+03  6.27e+01  7.65e+00  1.22e+00  -1.00
2024 06 28  2105   60489   75900  0  1.34e+03  1.63e+01  0  9.72e+03  1.14e+03  6.15e+01  8.55e+00  1.23e+00  -1.00
2024 06 28  2110   60489   76200  0  1.53e+03  1.36e+01  0  9.67e+03  1.16e+03  6.51e+01  8.82e+00  9.83e-01  -1.00
2024 06 28  2115   60489   76500  0  1.73e+03  1.36e+01  0  9.36e+03  1.06e+03  5.74e+01  8.53e+00  1.01e+00  -1.00
2024 06 28  2120   60489   76800  0  1.46e+03  1.56e+01  0  1.07e+04  1.22e+03  6.36e+01  9.01e+00  8.33e-01  -1.00
2024 06 28  2125   60489   77100  0  1.43e+03  1.76e+01  0  9.49e+03  1.11e+03  6.38e+01  8.94e+00  9.78e-01  -1.00
2024 06 28  2130   60489   77400  0  1.28e+03  1.30e+01  0  9.06e+03  1.11e+03  6.13e+01  8.27e+00  1.12e+00  -1.00
2024 06 28  2135   60489   77700  0  1.55e+03  1.50e+01  0  1.03e+04  1.27e+03  6.54e+01  7.91e+00  1.25e+00  -1.00
2024 06 28  2140   60489   78000  0  1.39e+03  1.54e+01  0  1.39e+04  1.51e+03  7.00e+01  1.01e+01  1.26e+00  -1.00
2024 06 28  2145   60489   78300  0  1.34e+03  1.44e+01  0  3.35e+04  2.44e+03  9.08e+01  9.24e+00  1.22e+00  -1.00
2024 06 28  2150   60489   78600  0  1.63e+03  1.61e+01  0  7.68e+04  4.00e+03  1.30e+02  1.13e+01  1.83e+00  -1.00
2024 06 28  2155   60489   78900 -1 -1.00e+05 -1.00e+05 -1 -1.00e+05 -1.00e+05 -1.00e+05 -1.00e+05 -1.00e+05  -1.00
2024 06 28  2200   60489   79200  0  1.34e+03  1.43e+01  0  1.55e+05  6.11e+03  1.27e+02  9.34e+00  1.48e+00  -1.00
2024 06 28  2205   60489   79500  0  1.42e+03  1.24e+01  0  1.66e+05  6.72e+03  1.28e+02  1.11e+01  1.85e+00  -1.00
2024 06 28  2210   60489   79800  0  1.45e+03  1.38e+01  0  9.96e+04  5.82e+03  1.29e+02  1.06e+01  1.75e+00  -1.00
2024 06 28  2215   60489   80100  0  1.39e+03  1.13e+01  0  1.37e+05  6.63e+03  1.30e+02  1.01e+01  2.17e+00  -1.00
2024 06 28  2220   60489   80400  0  1.39e+03  1.68e+01  0  1.60e+05  6.99e+03  1.26e+02  1.06e+01  2.19e+00  -1.00
2024 06 28  2225   60489   80700  0  1.53e+03  1.84e+01  0  1.95e+05  6.78e+03  1.22e+02  1.13e+01  1.75e+00  -1.00
2024 06 28  2230   60489   81000  0  1.36e+03  1.37e+01  0  1.03e+05  3.85e+03  1.09e+02  9.97e+00  1.66e+00  -1.00
2024 06 28  2235   60489   81300  0  1.43e+03  1.50e+01  0  5.03e+04  2.68e+03  9.65e+01  8.98e+00  1.54e+00  -1.00
2024 06 28  2240   60489   81600  0  1.63e+03  1.83e+01  0  3.89e+04  2.51e+03  9.08e+01  8.27e+00  1.40e+00  -1.00
2024 06 28  2245   60489   81900  0  1.54e+03  2.01e+01  0  2.81e+04  2.14e+03  8.14e+01  9.20e+00  1.40e+00  -1.00
2024 06 28  2250   60489   82200  0  1.14e+03  1.15e+01  0  1.82e+04  1.58e+03  6.33e+01  7.73e+00  1.20e+00  -1.00
2024 06 28  2255   60489   82500  0  1.33e+03  1.35e+01  0  1.03e+04  1.11e+03  5.83e+01  8.74e+00  8.28e-01  -1.00
2024 06 28  2300   60489   82800  0  1.76e+03  1.65e+01  0  8.09e+03  8.97e+02  4.98e+01  7.86e+00  9.56e-01  -1.00
2024 06 28  2305   60489   83100  0  1.29e+03  1.63e+01  0  1.26e+04  1.22e+03  6.14e+01  8.56e+00  9.84e-01  -1.00
2024 06 28  2310   60489   83400  0  1.40e+03  1.73e+01  0  1.45e+04  1.47e+03  6.79e+01  8.52e+00  1.05e+00  -1.00
2024 06 28  2315   60489   83700  0  1.68e+03  1.40e+01  0  1.11e+04  1.19e+03  5.94e+01  8.97e+00  1.24e+00  -1.00
2024 06 28  2320   60489   84000  0  1.49e+03  1.94e+01  0  1.23e+04  1.20e+03  5.81e+01  7.40e+00  9.03e-01  -1.00
2024 06 28  2325   60489   84300  0  1.39e+03  1.62e+01  0  1.61e+04  1.58e+03  7.59e+01  8.07e+00  1.06e+00  -1.00
2024 06 28  2330   60489   84600  0  1.26e+03  1.52e+01  0  1.33e+04  1.52e+03  7.04e+01  6.92e+00  1.01e+00  -1.00
2024 06 28  2335   60489   84900  0  1.35e+03  1.22e+01  0  1.15e+04  1.32e+03  6.31e+01  7.92e+00  8.19e-01  -1.00
2024 06 28  2340   60489   85200  0  1.39e+03  1.42e+01  0  1.00e+04  1.15e+03  6.02e+01  7.38e+00  9.96e-01  -1.00
2024 06 28  2345   60489   85500  0  1.45e+03  1.78e+01  0  9.55e+03  1.10e+03  5.94e+01  8.01e+00  8.84e-01  -1.00
2024 06 28  2350   60489   85800  0  1.45e+03  1.61e+01  0  9.44e+03  1.06e+03  5.55e+01  6.50e+00  9.63e-01  -1.00
2024 06 28  2355   60489   86100  0  1.27e+03  1.72e+01  0  8.87e+03  1.02e+03  5.73e+01  6.63e+00  1.10e+00  -1.00
