:Data_list: 20241004_ace_epam_5m.txt
:Created: 2024 Oct 04 0901 UT
# Prepared by the U.S. Dept. of Commerce, NOAA, Space Weather Prediction Center
# Please send comments and suggestions to SWPC.Webmaster@noaa.gov 
# 
# Units: Differential Flux particles/cm2-s-ster-MeV
# Units: Anisotropy Index 0.0 - 2.0
# Status(S): 0 = nominal, 4,6,7,8 = bad data, unable to process, 9 = no data
# Missing data values: -1.00e+05, index = -1.00
# Source: ACE Satellite - Electron, Proton, and Alpha Monitor
#
#
#                      5-minute averaged Real-time Differential Electron and Proton Flux 
# 
#                Modified Seconds ---------------------------- Differential Flux ---------------------------
# UT Date   Time  Julian  of the  ----- Electron -----   ------------------- Protons keV -------------------   Anis.
# YR MO DA  HHMM    Day    Day    S    38-53   175-315   S    47-68   115-195   310-580   795-1193 1060-1900   Index
#-------------------------------------------------------------------------------------------------------------------
2024 10 04  0000   60587       0  0  2.19e+03  2.25e+01  0  3.72e+03  1.48e+01  2.25e+00  1.41e+00  5.13e-01  -1.00
2024 10 04  0005   60587     300  0  1.85e+03  2.25e+01  0  3.69e+03  1.40e+01  2.86e+00  1.89e+00  3.92e-01  -1.00
2024 10 04  0010   60587     600  0  1.84e+03  2.48e+01  0  3.71e+03  1.31e+01  2.84e+00  1.41e+00  4.64e-01  -1.00
2024 10 04  0015   60587     900  0  1.93e+03  2.17e+01  0  3.57e+03  1.21e+01  3.59e+00  1.24e+00  5.05e-01  -1.00
2024 10 04  0020   60587    1200  0  2.01e+03  2.31e+01  0  3.76e+03  1.60e+01  2.98e+00  1.35e+00  5.01e-01  -1.00
2024 10 04  0025   60587    1500  0  1.87e+03  2.84e+01  0  3.73e+03  1.26e+01  2.99e+00  1.37e+00  5.72e-01  -1.00
2024 10 04  0030   60587    1800  0  1.85e+03  2.90e+01  0  3.47e+03  1.35e+01  3.85e+00  1.90e+00  6.95e-01  -1.00
2024 10 04  0035   60587    2100  0  1.82e+03  1.81e+01  0  3.50e+03  1.26e+01  2.62e+00  1.55e+00  4.34e-01  -1.00
2024 10 04  0040   60587    2400  0  2.08e+03  1.74e+01  0  3.74e+03  1.77e+01  2.59e+00  1.46e+00  6.38e-01  -1.00
2024 10 04  0045   60587    2700  0  1.84e+03  2.10e+01  0  6.94e+03  1.28e+01  2.57e+00  1.11e+00  3.70e-01  -1.00
2024 10 04  0050   60587    3000  0  1.93e+03  2.84e+01  0  3.79e+03  1.45e+01  3.00e+00  1.52e+00  5.36e-01  -1.00
2024 10 04  0055   60587    3300  0  2.03e+03  3.30e+01  0  3.78e+03  1.26e+01  2.16e+00  1.89e+00  4.27e-01  -1.00
2024 10 04  0100   60587    3600  0  1.89e+03  2.72e+01  0  5.23e+03  1.54e+01  1.00e+01  1.80e+00  4.22e-01  -1.00
2024 10 04  0105   60587    3900  0  1.86e+03  2.73e+01  0  3.41e+03  1.22e+01  2.79e+00  1.93e+00  4.01e-01  -1.00
2024 10 04  0110   60587    4200  0  2.43e+03  2.53e+01  0  3.73e+03  1.34e+01  3.32e+00  1.45e+00  4.95e-01  -1.00
2024 10 04  0115   60587    4500  0  3.94e+03  1.91e+01  0  3.70e+03  1.17e+01  2.60e+00  1.61e+00  1.08e+00  -1.00
2024 10 04  0120   60587    4800  0  2.09e+03  2.60e+01  0  3.58e+03  1.25e+01  3.03e+00  1.36e+00  5.38e-01  -1.00
2024 10 04  0125   60587    5100  0  2.27e+03  2.07e+01  0  3.72e+03  1.29e+01  2.79e+00  1.22e+00  3.09e-01  -1.00
2024 10 04  0130   60587    5400  0  1.86e+03  2.07e+01  0  3.62e+03  1.42e+01  2.50e+00  1.39e+00  4.22e-01  -1.00
2024 10 04  0135   60587    5700  0  1.90e+03  2.85e+01  0  3.70e+03  1.36e+01  2.73e+00  8.94e-01  3.72e-01  -1.00
2024 10 04  0140   60587    6000  0  1.78e+03  2.58e+01  0  3.52e+03  1.25e+01  1.94e+00  8.74e-01  4.18e-01  -1.00
2024 10 04  0145   60587    6300  0  2.97e+03  2.83e+01  0  3.79e+03  1.09e+01  2.23e+00  1.10e+00  3.84e-01  -1.00
2024 10 04  0150   60587    6600  0  1.92e+03  2.82e+01  0  3.74e+03  1.38e+01  2.57e+00  1.02e+00  5.52e-01  -1.00
2024 10 04  0155   60587    6900  0  1.84e+03  2.32e+01  0  3.45e+03  1.39e+01  2.54e+00  9.91e-01  4.10e-01  -1.00
2024 10 04  0200   60587    7200  0  2.15e+03  2.34e+01  0  3.61e+03  1.18e+01  2.52e+00  9.82e-01  4.70e-01  -1.00
2024 10 04  0205   60587    7500  0  1.83e+03  2.75e+01  0  3.72e+03  1.29e+01  2.84e+00  1.17e+00  3.83e-01  -1.00
2024 10 04  0210   60587    7800  0  1.91e+03  2.71e+01  0  3.61e+03  1.43e+01  2.35e+00  9.86e-01  4.03e-01  -1.00
2024 10 04  0215   60587    8100 -1 -1.00e+05 -1.00e+05 -1 -1.00e+05 -1.00e+05 -1.00e+05 -1.00e+05 -1.00e+05  -1.00
2024 10 04  0220   60587    8400 -1 -1.00e+05 -1.00e+05 -1 -1.00e+05 -1.00e+05 -1.00e+05 -1.00e+05 -1.00e+05  -1.00
2024 10 04  0225   60587    8700 -1 -1.00e+05 -1.00e+05 -1 -1.00e+05 -1.00e+05 -1.00e+05 -1.00e+05 -1.00e+05  -1.00
2024 10 04  0230   60587    9000 -1 -1.00e+05 -1.00e+05 -1 -1.00e+05 -1.00e+05 -1.00e+05 -1.00e+05 -1.00e+05  -1.00
2024 10 04  0235   60587    9300 -1 -1.00e+05 -1.00e+05 -1 -1.00e+05 -1.00e+05 -1.00e+05 -1.00e+05 -1.00e+05  -1.00
2024 10 04  0240   60587    9600 -1 -1.00e+05 -1.00e+05 -1 -1.00e+05 -1.00e+05 -1.00e+05 -1.00e+05 -1.00e+05  -1.00
2024 10 04  0245   60587    9900 -1 -1.00e+05 -1.00e+05 -1 -1.00e+05 -1.00e+05 -1.00e+05 -1.00e+05 -1.00e+05  -1.00
2024 10 04  0250   60587   10200  9 -1.00e+05  3.28e-33  9 -1.00e+05  5.70e-33  6.89e-34  3.31e-34  6.65e-35  -1.00
2024 10 04  0255   60587   10500 -1 -1.00e+05 -1.00e+05 -1 -1.00e+05 -1.00e+05 -1.00e+05 -1.00e+05 -1.00e+05  -1.00
2024 10 04  0300   60587   10800 -1 -1.00e+05 -1.00e+05 -1 -1.00e+05 -1.00e+05 -1.00e+05 -1.00e+05 -1.00e+05  -1.00
2024 10 04  0305   60587   11100 -1 -1.00e+05 -1.00e+05 -1 -1.00e+05 -1.00e+05 -1.00e+05 -1.00e+05 -1.00e+05  -1.00
2024 10 04  0310   60587   11400 -1 -1.00e+05 -1.00e+05 -1 -1.00e+05 -1.00e+05 -1.00e+05 -1.00e+05 -1.00e+05  -1.00
2024 10 04  0315   60587   11700 -1 -1.00e+05 -1.00e+05 -1 -1.00e+05 -1.00e+05 -1.00e+05 -1.00e+05 -1.00e+05  -1.00
2024 10 04  0320   60587   12000 -1 -1.00e+05 -1.00e+05 -1 -1.00e+05 -1.00e+05 -1.00e+05 -1.00e+05 -1.00e+05  -1.00
2024 10 04  0325   60587   12300  9 -1.00e+05  6.55e-33  9 -1.00e+05  3.87e-33  4.59e-34  2.72e-34  1.20e-34  -1.00
2024 10 04  0330   60587   12600 -1 -1.00e+05 -1.00e+05 -1 -1.00e+05 -1.00e+05 -1.00e+05 -1.00e+05 -1.00e+05  -1.00
2024 10 04  0335   60587   12900 -1 -1.00e+05 -1.00e+05 -1 -1.00e+05 -1.00e+05 -1.00e+05 -1.00e+05 -1.00e+05  -1.00
2024 10 04  0340   60587   13200  0  8.88e-12  2.70e+00  9 -1.00e+05  4.53e-33  6.15e-34  2.93e-34  7.13e-35  -1.00
2024 10 04  0345   60587   13500  9 -1.00e+05  3.49e+00  9 -1.00e+05  4.81e-33  7.83e-34  2.89e-34  7.73e-35  -1.00
2024 10 04  0350   60587   13800  9 -1.00e+05  4.48e-33  9 -1.00e+05  5.08e-33  5.38e-34  1.59e-34  4.05e-35  -1.00
2024 10 04  0355   60587   14100  9 -1.00e+05 -1.00e+05  9 -1.00e+05 -1.00e+05 -1.00e+05 -1.00e+05 -1.00e+05  -1.00
2024 10 04  0400   60587   14400  0  2.29e+03  2.19e+01  0  3.83e+03  1.29e+01  2.20e+00  1.24e+00  4.29e-01  -1.00
2024 10 04  0405   60587   14700  0  1.57e+03  2.58e+01  0  3.77e+03  1.43e+01  2.60e+00  1.27e+00  3.35e-01  -1.00
2024 10 04  0410   60587   15000  0  1.77e+03  2.58e+01  0  3.64e+03  1.20e+01  2.18e+00  1.09e+00  3.99e-01  -1.00
2024 10 04  0415   60587   15300  0  1.98e+03  1.88e+01  0  3.71e+03  1.41e+01  2.07e+00  1.13e+00  4.18e-01  -1.00
2024 10 04  0420   60587   15600  0  1.99e+03  1.44e+01  0  3.73e+03  9.59e+00  1.73e+00  1.14e+00  4.29e-01  -1.00
2024 10 04  0425   60587   15900  0  1.89e+03  2.50e+01  0  3.69e+03  1.16e+01  2.01e+00  1.04e+00  4.17e-01  -1.00
2024 10 04  0430   60587   16200  0  1.81e+03  2.78e+01  0  3.46e+03  1.35e+01  1.86e+00  9.73e-01  2.35e-01  -1.00
2024 10 04  0435   60587   16500  0  2.20e+03  2.37e+01  0  3.78e+03  1.36e+01  2.26e+00  1.15e+00  3.32e-01  -1.00
2024 10 04  0440   60587   16800  0  2.01e+03  2.26e+01  0  3.67e+03  1.46e+01  2.25e+00  8.20e-01  3.49e-01  -1.00
2024 10 04  0445   60587   17100  0  1.95e+03  2.76e+01  0  3.65e+03  1.32e+01  2.15e+00  9.58e-01  5.31e-01  -1.00
2024 10 04  0450   60587   17400  0  2.11e+03  2.82e+01  0  3.79e+03  1.21e+01  2.45e+00  6.60e-01  2.60e-01  -1.00
2024 10 04  0455   60587   17700  0  1.86e+03  2.52e+01  0  3.69e+03  1.56e+01  2.91e+00  1.13e+00  4.77e-01  -1.00
2024 10 04  0500   60587   18000  0  1.84e+03  2.63e+01  0  3.69e+03  1.54e+01  2.17e+00  1.07e+00  3.34e-01  -1.00
2024 10 04  0505   60587   18300  0  2.00e+03  2.51e+01  0  3.56e+03  1.38e+01  2.35e+00  1.14e+00  3.57e-01  -1.00
2024 10 04  0510   60587   18600  0  2.11e+03  2.69e+01  0  3.82e+03  1.44e+01  2.45e+00  1.28e+00  4.95e-01  -1.00
2024 10 04  0515   60587   18900  0  1.83e+03  2.55e+01  0  3.79e+03  1.37e+01  2.89e+00  1.04e+00  4.07e-01  -1.00
2024 10 04  0520   60587   19200  0  1.68e+03  2.32e+01  0  3.55e+03  1.20e+01  2.40e+00  9.90e-01  5.21e-01  -1.00
2024 10 04  0525   60587   19500  0  2.12e+03  2.51e+01  0  3.72e+03  1.32e+01  2.57e+00  1.48e+00  4.08e-01  -1.00
2024 10 04  0530   60587   19800  0  1.91e+03  2.22e+01  0  3.71e+03  1.48e+01  1.81e+00  8.86e-01  4.08e-01  -1.00
2024 10 04  0535   60587   20100  0  2.05e+03  2.16e+01  0  3.67e+03  1.49e+01  2.51e+00  1.02e+00  6.13e-01  -1.00
2024 10 04  0540   60587   20400  0  2.04e+03  2.51e+01  0  3.64e+03  1.36e+01  2.24e+00  1.13e+00  5.19e-01  -1.00
2024 10 04  0545   60587   20700  0  1.87e+03  3.14e+01  0  3.90e+03  9.60e+00  2.15e+00  1.16e+00  3.35e-01  -1.00
2024 10 04  0550   60587   21000  0  1.78e+03  2.07e+01  0  3.63e+03  1.26e+01  2.28e+00  9.11e-01  3.47e-01  -1.00
2024 10 04  0555   60587   21300  0  1.81e+03  1.77e+01  0  3.50e+03  1.33e+01  2.26e+00  1.13e+00  5.36e-01  -1.00
2024 10 04  0600   60587   21600  0  2.11e+03  2.29e+01  0  3.83e+03  1.22e+01  2.46e+00  1.26e+00  5.69e-01  -1.00
2024 10 04  0605   60587   21900  0  1.72e+03  2.46e+01  0  3.70e+03  1.30e+01  2.92e+00  1.64e+00  4.33e-01  -1.00
2024 10 04  0610   60587   22200  0  1.78e+03  2.54e+01  0  3.57e+03  1.40e+01  2.32e+00  1.17e+00  3.24e-01  -1.00
2024 10 04  0615   60587   22500  0  2.21e+03  2.58e+01  0  3.70e+03  1.34e+01  2.85e+00  1.36e+00  4.51e-01  -1.00
2024 10 04  0620   60587   22800  0  1.88e+03  2.89e+01  0  3.60e+03  1.38e+01  2.53e+00  1.16e+00  3.86e-01  -1.00
2024 10 04  0625   60587   23100  0  1.93e+03  2.59e+01  0  3.58e+03  1.42e+01  3.09e+00  1.37e+00  6.29e-01  -1.00
2024 10 04  0630   60587   23400  0  1.65e+03  2.18e+01  0  3.51e+03  1.44e+01  2.66e+00  1.77e+00  3.99e-01  -1.00
2024 10 04  0635   60587   23700  0  2.17e+03  2.24e+01  0  3.78e+03  1.80e+01  2.64e+00  1.53e+00  4.06e-01  -1.00
2024 10 04  0640   60587   24000  0  1.96e+03  2.28e+01  0  3.82e+03  1.79e+01  3.45e+00  1.27e+00  4.32e-01  -1.00
2024 10 04  0645   60587   24300  0  1.97e+03  2.24e+01  0  3.41e+03  1.89e+01  3.98e+00  1.58e+00  6.34e-01  -1.00
2024 10 04  0650   60587   24600  0  2.12e+03  2.53e+01  0  3.75e+03  1.52e+01  2.32e+00  1.63e+00  4.84e-01  -1.00
2024 10 04  0655   60587   24900  0  1.95e+03  2.69e+01  0  3.70e+03  1.78e+01  2.79e+00  1.44e+00  4.87e-01  -1.00
2024 10 04  0700   60587   25200  0  2.02e+03  2.67e+01  0  3.72e+03  1.75e+01  3.11e+00  1.90e+00  5.42e-01  -1.00
2024 10 04  0705   60587   25500  0  2.24e+03  2.79e+01  0  3.66e+03  1.93e+01  3.83e+00  2.09e+00  6.22e-01  -1.00
2024 10 04  0710   60587   25800  0  2.24e+03  2.05e+01  0  3.78e+03  1.89e+01  2.79e+00  1.40e+00  7.02e-01  -1.00
2024 10 04  0715   60587   26100  0  2.28e+03  2.53e+01  0  3.74e+03  1.53e+01  3.90e+00  1.80e+00  5.91e-01  -1.00
2024 10 04  0720   60587   26400  0  2.35e+03  2.15e+01  0  3.48e+03  1.93e+01  3.67e+00  1.77e+00  7.33e-01  -1.00
2024 10 04  0725   60587   26700  0  2.54e+03  2.68e+01  0  3.85e+03  2.02e+01  3.15e+00  2.00e+00  4.88e-01  -1.00
2024 10 04  0730   60587   27000  0  2.16e+03  2.64e+01  0  3.81e+03  2.09e+01  3.78e+00  1.91e+00  5.97e-01  -1.00
2024 10 04  0735   60587   27300  0  2.22e+03  2.64e+01  0  3.60e+03  2.38e+01  4.77e+00  2.24e+00  6.31e-01  -1.00
2024 10 04  0740   60587   27600  0  2.54e+03  2.61e+01  0  3.73e+03  2.74e+01  4.53e+00  2.07e+00  6.56e-01  -1.00
2024 10 04  0745   60587   27900  0  2.09e+03  2.82e+01  0  3.63e+03  2.48e+01  4.06e+00  1.81e+00  7.68e-01  -1.00
2024 10 04  0750   60587   28200  0  2.16e+03  2.24e+01  0  3.71e+03  2.38e+01  4.27e+00  2.13e+00  7.51e-01  -1.00
2024 10 04  0755   60587   28500  0  2.18e+03  2.53e+01  0  3.50e+03  1.60e+01  3.57e+00  1.88e+00  6.53e-01  -1.00
2024 10 04  0800   60587   28800  0  2.46e+03  2.42e+01  0  3.79e+03  2.12e+01  3.89e+00  2.30e+00  7.48e-01  -1.00
2024 10 04  0805   60587   29100  0  2.05e+03  2.19e+01  0  3.82e+03  1.95e+01  4.08e+00  1.66e+00  5.98e-01  -1.00
2024 10 04  0810   60587   29400  0  1.99e+03  2.24e+01  0  3.57e+03  1.84e+01  3.36e+00  1.82e+00  6.61e-01  -1.00
2024 10 04  0815   60587   29700  0  2.22e+03  2.37e+01  0  3.74e+03  2.22e+01  3.44e+00  1.72e+00  4.83e-01  -1.00
2024 10 04  0820   60587   30000  0  2.09e+03  2.60e+01  0  3.64e+03  2.10e+01  3.86e+00  2.09e+00  6.53e-01  -1.00
2024 10 04  0825   60587   30300  0  2.11e+03  2.65e+01  0  3.71e+03  2.45e+01  4.08e+00  1.98e+00  7.60e-01  -1.00
2024 10 04  0830   60587   30600  0  2.26e+03  2.72e+01  0  3.52e+03  2.21e+01  3.36e+00  1.56e+00  6.74e-01  -1.00
2024 10 04  0835   60587   30900  0  2.37e+03  2.16e+01  0  3.80e+03  2.57e+01  3.93e+00  1.71e+00  5.55e-01  -1.00
2024 10 04  0840   60587   31200  0  2.16e+03  2.11e+01  0  3.84e+03  2.59e+01  4.28e+00  1.62e+00  6.61e-01  -1.00
2024 10 04  0845   60587   31500  0  2.26e+03  2.31e+01  0  3.53e+03  2.93e+01  4.14e+00  1.76e+00  7.24e-01  -1.00
2024 10 04  0850   60587   31800  0  2.26e+03  2.86e+01  0  3.78e+03  2.83e+01  4.23e+00  1.62e+00  6.09e-01  -1.00
2024 10 04  0855   60587   32100  0  2.09e+03  2.32e+01  0  3.78e+03  3.30e+01  4.51e+00  2.07e+00  6.85e-01  -1.00
