:Data_list: 20240711_ace_swepam_1m.txt
:Created: 2024 Jul 11 0901 UT
# Prepared by the U.S. Dept. of Commerce, NOAA, Space Weather Prediction Center
# Please send comments and suggestions to SWPC.Webmaster@noaa.gov 
# 
# Units: Proton density p/cc
# Units: Bulk speed km/s
# Units: Ion tempeture degrees K
# Status(S): 0 = nominal data, 1 to 8 = bad data record, 9 = no data
# Missing data values: Density and Speed = -9999.9, Temp. = -1.00e+05
# Source: ACE Satellite - Solar Wind Electron Proton Alpha Monitor
#
#   1-minute averaged Real-time Bulk Parameters of the Solar Wind Plasma
# 
#                Modified Seconds   -------------  Solar Wind  -----------
# UT Date   Time  Julian  of the          Proton      Bulk         Ion
# YR MO DA  HHMM    Day     Day     S    Density     Speed     Temperature
#-------------------------------------------------------------------------
2024 07 11  0000   60502       0    0        4.1      373.9     3.70e+04
2024 07 11  0001   60502      60    0        3.6      374.9     4.13e+04
2024 07 11  0002   60502     120    0        3.6      373.3     4.00e+04
2024 07 11  0003   60502     180    0        3.4      372.1     3.75e+04
2024 07 11  0004   60502     240    0        3.4      372.4     3.79e+04
2024 07 11  0005   60502     300    0        3.5      372.1     3.92e+04
2024 07 11  0006   60502     360    0        3.5      371.3     3.86e+04
2024 07 11  0007   60502     420    0        3.5      372.2     3.93e+04
2024 07 11  0008   60502     480    0        3.4      371.9     4.29e+04
2024 07 11  0009   60502     540    0        3.9      371.9     5.31e+04
2024 07 11  0010   60502     600    0        3.6      368.2     4.31e+04
2024 07 11  0011   60502     660    0        3.9      370.9     3.78e+04
2024 07 11  0012   60502     720    0        3.3      369.1     4.23e+04
2024 07 11  0013   60502     780    0        3.9      374.1     3.74e+04
2024 07 11  0014   60502     840    0        3.9      369.8     3.80e+04
2024 07 11  0015   60502     900    0        4.0      369.9     3.71e+04
2024 07 11  0016   60502     960    0        3.6      375.4     3.93e+04
2024 07 11  0017   60502    1020    0        3.5      377.2     4.01e+04
2024 07 11  0018   60502    1080    0        3.9      377.3     4.58e+04
2024 07 11  0019   60502    1140    0        3.7      374.5     4.29e+04
2024 07 11  0020   60502    1200    0        3.7      374.4     4.30e+04
2024 07 11  0021   60502    1260    0        3.8      376.6     4.40e+04
2024 07 11  0022   60502    1320    0        3.8      376.9     3.97e+04
2024 07 11  0023   60502    1380    0        3.9      378.0     3.77e+04
2024 07 11  0024   60502    1440    0        4.0      378.6     4.06e+04
2024 07 11  0025   60502    1500    0        4.1      379.6     4.00e+04
2024 07 11  0026   60502    1560    0        3.7      379.7     4.23e+04
2024 07 11  0027   60502    1620    0        4.1      376.9     3.72e+04
2024 07 11  0028   60502    1680    0        3.7      373.6     3.36e+04
2024 07 11  0029   60502    1740    0        3.8      372.1     3.56e+04
2024 07 11  0030   60502    1800    0        3.8      372.0     3.42e+04
2024 07 11  0031   60502    1860    0        3.9      372.3     3.90e+04
2024 07 11  0032   60502    1920    0        3.7      368.9     3.86e+04
2024 07 11  0033   60502    1980    0        3.9      370.0     4.04e+04
2024 07 11  0034   60502    2040    0        4.0      368.2     4.16e+04
2024 07 11  0035   60502    2100    0        4.1      367.8     4.25e+04
2024 07 11  0036   60502    2160    0        3.7      367.3     4.05e+04
2024 07 11  0037   60502    2220    0        3.5      366.7     3.80e+04
2024 07 11  0038   60502    2280    0        3.9      367.6     3.86e+04
2024 07 11  0039   60502    2340    0        4.0      366.4     3.93e+04
2024 07 11  0040   60502    2400    0        3.8      366.6     4.11e+04
2024 07 11  0041   60502    2460    0        3.3      365.0     4.67e+04
2024 07 11  0042   60502    2520    0        3.5      369.6     5.05e+04
2024 07 11  0043   60502    2580    0        3.7      364.0     4.87e+04
2024 07 11  0044   60502    2640    0        2.9      368.1     6.36e+04
2024 07 11  0045   60502    2700    0        3.8      365.7     4.43e+04
2024 07 11  0046   60502    2760    0        3.6      369.4     4.05e+04
2024 07 11  0047   60502    2820    0        3.5      366.3     4.36e+04
2024 07 11  0048   60502    2880    0        3.6      366.5     4.07e+04
2024 07 11  0049   60502    2940    0        3.8      366.2     3.94e+04
2024 07 11  0050   60502    3000    0        3.8      365.9     3.93e+04
2024 07 11  0051   60502    3060    0        3.5      365.2     4.38e+04
2024 07 11  0052   60502    3120    0        3.2      365.5     5.28e+04
2024 07 11  0053   60502    3180    0        2.9      368.0     6.30e+04
2024 07 11  0054   60502    3240    0        2.8      369.1     6.19e+04
2024 07 11  0055   60502    3300    0        2.8      365.5     6.00e+04
2024 07 11  0056   60502    3360    0        2.8      365.2     6.29e+04
2024 07 11  0057   60502    3420    0        3.0      365.1     6.30e+04
2024 07 11  0058   60502    3480    0        3.0      362.7     7.24e+04
2024 07 11  0059   60502    3540    0        3.0      362.8     7.05e+04
2024 07 11  0100   60502    3600    0        2.8      363.7     8.41e+04
2024 07 11  0101   60502    3660    0        2.7      363.0     5.30e+04
2024 07 11  0102   60502    3720    0        2.7      370.8     7.45e+04
2024 07 11  0103   60502    3780    0        2.6      368.2     7.65e+04
2024 07 11  0104   60502    3840    0        2.6      371.0     7.23e+04
2024 07 11  0105   60502    3900    0        2.6      367.7     6.44e+04
2024 07 11  0106   60502    3960    0        2.6      369.4     6.85e+04
2024 07 11  0107   60502    4020    0        2.7      368.4     8.44e+04
2024 07 11  0108   60502    4080    0        2.7      365.6     9.87e+04
2024 07 11  0109   60502    4140    0        2.6      363.9     1.01e+05
2024 07 11  0110   60502    4200    0        2.6      362.2     9.85e+04
2024 07 11  0111   60502    4260    0        2.6      363.7     1.01e+05
2024 07 11  0112   60502    4320    0        2.6      364.8     1.01e+05
2024 07 11  0113   60502    4380    0        2.7      364.5     1.00e+05
2024 07 11  0114   60502    4440    1        2.5      365.9     1.02e+05
2024 07 11  0115   60502    4500    0        2.8      362.1     9.84e+04
2024 07 11  0116   60502    4560    0        2.8      365.0     9.45e+04
2024 07 11  0117   60502    4620    0        3.1      362.3     9.65e+04
2024 07 11  0118   60502    4680    0        2.4      365.8     9.43e+04
2024 07 11  0119   60502    4740    0        2.6      364.6     9.85e+04
2024 07 11  0120   60502    4800    0        2.9      365.1     9.12e+04
2024 07 11  0121   60502    4860    0        2.7      366.9     9.17e+04
2024 07 11  0122   60502    4920    1        2.6      365.4     9.28e+04
2024 07 11  0123   60502    4980    1        2.7      364.1     9.26e+04
2024 07 11  0124   60502    5040    0        2.8      361.5     8.50e+04
2024 07 11  0125   60502    5100    0        2.8      363.1     8.53e+04
2024 07 11  0126   60502    5160    0        2.8      364.5     8.98e+04
2024 07 11  0127   60502    5220    0        2.8      363.6     9.58e+04
2024 07 11  0128   60502    5280    1        2.7      364.9     9.22e+04
2024 07 11  0129   60502    5340    0        2.8      363.8     9.12e+04
2024 07 11  0130   60502    5400    0        2.6      361.6     8.54e+04
2024 07 11  0131   60502    5460    0        2.8      362.2     9.91e+04
2024 07 11  0132   60502    5520    0        2.9      368.0     7.57e+04
2024 07 11  0133   60502    5580    0        2.8      366.9     8.31e+04
2024 07 11  0134   60502    5640    0        2.6      363.4     9.08e+04
2024 07 11  0135   60502    5700    0        2.8      365.3     8.58e+04
2024 07 11  0136   60502    5760    0        2.6      367.1     8.61e+04
2024 07 11  0137   60502    5820    0        2.6      367.7     7.74e+04
2024 07 11  0138   60502    5880    0        2.6      367.4     7.53e+04
2024 07 11  0139   60502    5940    0        2.3      368.9     8.23e+04
2024 07 11  0140   60502    6000    0        2.6      367.6     8.61e+04
2024 07 11  0141   60502    6060    0        2.8      365.5     8.27e+04
2024 07 11  0142   60502    6120    0        2.4      366.2     7.94e+04
2024 07 11  0143   60502    6180    0        2.3      365.9     7.79e+04
2024 07 11  0144   60502    6240    0        2.6      367.7     7.37e+04
2024 07 11  0145   60502    6300    0        2.8      368.4     7.42e+04
2024 07 11  0146   60502    6360    0        2.9      370.8     6.54e+04
2024 07 11  0147   60502    6420    0        2.7      369.9     6.14e+04
2024 07 11  0148   60502    6480    0        2.3      368.2     8.07e+04
2024 07 11  0149   60502    6540    0        2.8      367.6     6.70e+04
2024 07 11  0150   60502    6600    0        2.5      369.7     6.16e+04
2024 07 11  0151   60502    6660    0        2.6      371.8     6.12e+04
2024 07 11  0152   60502    6720    0        2.6      371.1     5.77e+04
2024 07 11  0153   60502    6780    0        2.6      367.5     6.62e+04
2024 07 11  0154   60502    6840    0        2.8      366.7     6.88e+04
2024 07 11  0155   60502    6900    0        2.7      368.6     6.32e+04
2024 07 11  0156   60502    6960    0        2.6      369.8     5.97e+04
2024 07 11  0157   60502    7020    0        2.8      370.0     5.77e+04
2024 07 11  0158   60502    7080    0        2.7      369.9     5.65e+04
2024 07 11  0159   60502    7140    0        2.6      370.2     5.53e+04
2024 07 11  0200   60502    7200    0        2.5      371.8     5.73e+04
2024 07 11  0201   60502    7260    0        2.5      372.7     5.58e+04
2024 07 11  0202   60502    7320    0        2.5      370.7     6.29e+04
2024 07 11  0203   60502    7380    0        2.3      371.9     6.80e+04
2024 07 11  0204   60502    7440    0        2.3      370.1     6.11e+04
2024 07 11  0205   60502    7500    0        2.3      370.8     5.88e+04
2024 07 11  0206   60502    7560    0        2.6      370.3     5.96e+04
2024 07 11  0207   60502    7620    0        2.4      368.2     5.57e+04
2024 07 11  0208   60502    7680    0        2.4      369.7     5.83e+04
2024 07 11  0209   60502    7740    1        2.2      369.5     6.31e+04
2024 07 11  0210   60502    7800    0        2.2      368.7     6.81e+04
2024 07 11  0211   60502    7860    0        2.1      368.1     6.68e+04
2024 07 11  0212   60502    7920    0        2.1      369.1     6.55e+04
2024 07 11  0213   60502    7980    0        2.3      370.8     6.86e+04
2024 07 11  0214   60502    8040    0        2.3      370.9     6.96e+04
2024 07 11  0215   60502    8100    0        2.2      370.8     6.62e+04
2024 07 11  0216   60502    8160    0        1.9      371.1     6.48e+04
2024 07 11  0217   60502    8220    0        2.0      372.6     6.96e+04
2024 07 11  0218   60502    8280    0        2.0      372.7     8.24e+04
2024 07 11  0219   60502    8340    0        2.9      367.8     7.35e+04
2024 07 11  0220   60502    8400    0        2.7      366.2     6.55e+04
2024 07 11  0221   60502    8460    0        2.8      365.9     7.72e+04
2024 07 11  0222   60502    8520    0        2.9      364.1     7.22e+04
2024 07 11  0223   60502    8580    0        3.4      365.4     6.05e+04
2024 07 11  0224   60502    8640    0        3.0      365.5     6.88e+04
2024 07 11  0225   60502    8700    0        2.8      366.7     7.69e+04
2024 07 11  0226   60502    8760    0        2.8      365.9     7.48e+04
2024 07 11  0227   60502    8820    0        2.7      366.5     7.28e+04
2024 07 11  0228   60502    8880    0        2.7      366.7     7.29e+04
2024 07 11  0229   60502    8940    0        2.7      365.6     7.24e+04
2024 07 11  0230   60502    9000    0        2.7      366.7     7.96e+04
2024 07 11  0231   60502    9060    0        2.7      366.5     7.79e+04
2024 07 11  0232   60502    9120    0        2.8      366.1     7.61e+04
2024 07 11  0233   60502    9180    0        2.8      366.7     8.47e+04
2024 07 11  0234   60502    9240    0        2.6      366.8     8.29e+04
2024 07 11  0235   60502    9300    0        2.5      367.4     9.02e+04
2024 07 11  0236   60502    9360    0        2.5      363.6     7.60e+04
2024 07 11  0237   60502    9420    0        2.6      367.0     8.27e+04
2024 07 11  0238   60502    9480    0        2.7      366.9     7.51e+04
2024 07 11  0239   60502    9540    0        2.6      367.3     7.86e+04
2024 07 11  0240   60502    9600    0        2.2      367.9     7.64e+04
2024 07 11  0241   60502    9660    0        2.4      367.2     8.55e+04
2024 07 11  0242   60502    9720    0        2.6      365.8     8.50e+04
2024 07 11  0243   60502    9780    0        2.6      366.7     8.79e+04
2024 07 11  0244   60502    9840    0        2.3      368.6     8.99e+04
2024 07 11  0245   60502    9900    0        2.3      369.0     8.86e+04
2024 07 11  0246   60502    9960    0        2.6      367.4     8.85e+04
2024 07 11  0247   60502   10020    0        2.6      366.0     8.55e+04
2024 07 11  0248   60502   10080    0        2.4      368.3     8.88e+04
2024 07 11  0249   60502   10140    0        2.5      368.5     7.84e+04
2024 07 11  0250   60502   10200    0        2.7      367.1     7.86e+04
2024 07 11  0251   60502   10260    0        2.8      368.3     7.81e+04
2024 07 11  0252   60502   10320    0        2.7      366.4     7.78e+04
2024 07 11  0253   60502   10380    0        2.8      367.3     8.00e+04
2024 07 11  0254   60502   10440    0        2.7      369.0     7.59e+04
2024 07 11  0255   60502   10500    1        2.7      368.4     7.24e+04
2024 07 11  0256   60502   10560    0        2.6      368.7     6.79e+04
2024 07 11  0257   60502   10620    0        2.6      372.1     6.14e+04
2024 07 11  0258   60502   10680    0        2.6      370.6     6.49e+04
2024 07 11  0259   60502   10740    0        2.5      369.6     6.61e+04
2024 07 11  0300   60502   10800    0        2.6      367.8     6.95e+04
2024 07 11  0301   60502   10860    0        2.7      365.4     7.38e+04
2024 07 11  0302   60502   10920    0        2.8      366.0     7.17e+04
2024 07 11  0303   60502   10980    0        2.9      366.2     7.90e+04
2024 07 11  0304   60502   11040    0        2.8      366.5     7.69e+04
2024 07 11  0305   60502   11100    1        2.4      367.7     7.24e+04
2024 07 11  0306   60502   11160    0        2.5      367.5     8.99e+04
2024 07 11  0307   60502   11220    0        2.7      367.4     8.04e+04
2024 07 11  0308   60502   11280    0        2.7      366.2     8.35e+04
2024 07 11  0309   60502   11340    0        2.5      365.0     7.43e+04
2024 07 11  0310   60502   11400    0        2.5      368.5     7.98e+04
2024 07 11  0311   60502   11460    0        2.7      366.0     8.24e+04
2024 07 11  0312   60502   11520    0        2.8      366.7     8.47e+04
2024 07 11  0313   60502   11580    0        2.5      366.4     8.14e+04
2024 07 11  0314   60502   11640    0        2.6      366.6     8.21e+04
2024 07 11  0315   60502   11700    0        2.7      366.3     7.98e+04
2024 07 11  0316   60502   11760    0        2.7      365.8     7.81e+04
2024 07 11  0317   60502   11820    0        2.5      365.9     8.13e+04
2024 07 11  0318   60502   11880    0        2.4      365.2     8.43e+04
2024 07 11  0319   60502   11940    0        2.6      362.7     8.63e+04
2024 07 11  0320   60502   12000    0        2.7      361.6     8.77e+04
2024 07 11  0321   60502   12060    0        2.6      362.5     8.75e+04
2024 07 11  0322   60502   12120    0        2.5      364.2     8.15e+04
2024 07 11  0323   60502   12180    0        2.6      363.2     8.86e+04
2024 07 11  0324   60502   12240    0        2.6      363.5     7.97e+04
2024 07 11  0325   60502   12300    0        2.4      364.3     8.41e+04
2024 07 11  0326   60502   12360    0        2.5      363.3     8.16e+04
2024 07 11  0327   60502   12420    0        2.4      365.5     8.44e+04
2024 07 11  0328   60502   12480    0        2.5      364.1     8.53e+04
2024 07 11  0329   60502   12540    0        2.6      363.8     8.60e+04
2024 07 11  0330   60502   12600    0        2.6      364.7     8.21e+04
2024 07 11  0331   60502   12660    0        2.6      364.2     8.31e+04
2024 07 11  0332   60502   12720    0        2.6      363.6     8.16e+04
2024 07 11  0333   60502   12780    0        2.7      363.7     7.80e+04
2024 07 11  0334   60502   12840    0        2.6      364.6     7.98e+04
2024 07 11  0335   60502   12900    0        2.4      366.8     8.01e+04
2024 07 11  0336   60502   12960    0        2.4      367.1     8.62e+04
2024 07 11  0337   60502   13020    0        2.4      366.8     8.61e+04
2024 07 11  0338   60502   13080    1        2.4      365.7     8.51e+04
2024 07 11  0339   60502   13140    0        2.5      368.4     8.33e+04
2024 07 11  0340   60502   13200    0        2.1      367.6     8.13e+04
2024 07 11  0341   60502   13260    0        2.7      365.1     8.24e+04
2024 07 11  0342   60502   13320    0        2.0      362.7     8.57e+04
2024 07 11  0343   60502   13380    0        2.3      364.4     8.03e+04
2024 07 11  0344   60502   13440    0        2.3      364.4     8.33e+04
2024 07 11  0345   60502   13500    1        2.3      365.1     8.37e+04
2024 07 11  0346   60502   13560    1        2.0      368.6     8.13e+04
2024 07 11  0347   60502   13620    0        2.0      369.8     7.65e+04
2024 07 11  0348   60502   13680    0        2.2      367.8     7.59e+04
2024 07 11  0349   60502   13740    0        2.2      367.3     7.70e+04
2024 07 11  0350   60502   13800    0        2.1      368.4     7.56e+04
2024 07 11  0351   60502   13860    0        2.1      368.3     7.57e+04
2024 07 11  0352   60502   13920    0        2.1      368.5     7.35e+04
2024 07 11  0353   60502   13980    0        2.1      368.2     7.07e+04
2024 07 11  0354   60502   14040    0        2.1      369.1     7.65e+04
2024 07 11  0355   60502   14100    1        2.0      370.1     8.06e+04
2024 07 11  0356   60502   14160    0        2.2      366.7     7.87e+04
2024 07 11  0357   60502   14220    0        2.2      366.9     7.69e+04
2024 07 11  0358   60502   14280    0        2.3      365.2     7.79e+04
2024 07 11  0359   60502   14340    9    -9999.9    -9999.9    -1.00e+05
2024 07 11  0400   60502   14400    1        2.1      367.8     8.27e+04
2024 07 11  0401   60502   14460    0        2.2      366.0     8.04e+04
2024 07 11  0402   60502   14520    1        2.2      365.2     8.02e+04
2024 07 11  0403   60502   14580    1        2.2      364.4     7.83e+04
2024 07 11  0404   60502   14640    1        2.4      364.2     7.67e+04
2024 07 11  0405   60502   14700    1        2.4      363.8     7.63e+04
2024 07 11  0406   60502   14760    0        2.5      362.9     7.89e+04
2024 07 11  0407   60502   14820    0        2.3      362.5     8.12e+04
2024 07 11  0408   60502   14880    0        1.7      360.7     7.01e+04
2024 07 11  0409   60502   14940    3    -9999.9    -9999.9    -1.00e+05
2024 07 11  0410   60502   15000    3    -9999.9    -9999.9    -1.00e+05
2024 07 11  0411   60502   15060    0        2.2      368.8     6.12e+04
2024 07 11  0412   60502   15120    0        2.7      368.6     4.88e+04
2024 07 11  0413   60502   15180    0        3.1      373.3     7.61e+04
2024 07 11  0414   60502   15240    0        3.2      373.7     7.40e+04
2024 07 11  0415   60502   15300    0        2.3      376.0     7.06e+04
2024 07 11  0416   60502   15360    0        2.4      370.7     5.86e+04
2024 07 11  0417   60502   15420    1        2.5      366.3     5.30e+04
2024 07 11  0418   60502   15480    0        2.6      365.7     5.40e+04
2024 07 11  0419   60502   15540    0        2.6      367.3     5.56e+04
2024 07 11  0420   60502   15600    0        2.6      368.2     5.80e+04
2024 07 11  0421   60502   15660    0        2.7      367.2     6.04e+04
2024 07 11  0422   60502   15720    0        2.7      367.0     6.39e+04
2024 07 11  0423   60502   15780    0        2.5      368.2     6.92e+04
2024 07 11  0424   60502   15840    0        2.5      368.4     6.87e+04
2024 07 11  0425   60502   15900    0        2.5      369.9     7.18e+04
2024 07 11  0426   60502   15960    0        2.8      368.8     6.29e+04
2024 07 11  0427   60502   16020    0        2.8      368.3     7.06e+04
2024 07 11  0428   60502   16080    0        2.9      368.2     7.32e+04
2024 07 11  0429   60502   16140    0        2.6      365.6     7.63e+04
2024 07 11  0430   60502   16200    0        2.6      369.0     7.09e+04
2024 07 11  0431   60502   16260    0        2.4      372.4     7.49e+04
2024 07 11  0432   60502   16320    0        2.5      370.9     7.03e+04
2024 07 11  0433   60502   16380    0        2.6      369.1     6.92e+04
2024 07 11  0434   60502   16440    1        2.7      367.5     6.98e+04
2024 07 11  0435   60502   16500    0        2.8      367.6     7.45e+04
2024 07 11  0436   60502   16560    0        2.4      365.1     6.26e+04
2024 07 11  0437   60502   16620    0        2.4      364.8     5.73e+04
2024 07 11  0438   60502   16680    0        2.9      370.9     8.14e+04
2024 07 11  0439   60502   16740    1        2.9      372.7     9.33e+04
2024 07 11  0440   60502   16800    0        2.3      366.9     7.81e+04
2024 07 11  0441   60502   16860    0        1.7      362.4     5.49e+04
2024 07 11  0442   60502   16920    0        2.3      372.3     9.53e+04
2024 07 11  0443   60502   16980    0        2.3      372.3     9.53e+04
2024 07 11  0444   60502   17040    0        2.0      368.6     9.59e+04
2024 07 11  0445   60502   17100    0        2.4      356.7     4.37e+04
2024 07 11  0446   60502   17160    0        2.6      365.7     6.31e+04
2024 07 11  0447   60502   17220    0        2.8      368.6     8.50e+04
2024 07 11  0448   60502   17280    0        2.7      370.4     8.49e+04
2024 07 11  0449   60502   17340    0        2.7      368.1     8.31e+04
2024 07 11  0450   60502   17400    0        2.9      371.9     1.04e+05
2024 07 11  0451   60502   17460    1        2.8      372.4     1.07e+05
2024 07 11  0452   60502   17520    1        2.6      370.8     1.03e+05
2024 07 11  0453   60502   17580    0        2.4      369.5     9.29e+04
2024 07 11  0454   60502   17640    0        2.2      369.4     8.37e+04
2024 07 11  0455   60502   17700    0        2.5      374.1     1.01e+05
2024 07 11  0456   60502   17760    0        2.4      371.9     8.94e+04
2024 07 11  0457   60502   17820    0        2.7      367.1     6.47e+04
2024 07 11  0458   60502   17880    0        2.7      369.6     5.59e+04
2024 07 11  0459   60502   17940    0        2.6      369.3     6.28e+04
2024 07 11  0500   60502   18000    0        2.7      368.4     5.43e+04
2024 07 11  0501   60502   18060    0        2.7      369.4     6.91e+04
2024 07 11  0502   60502   18120    0        2.6      369.6     7.08e+04
2024 07 11  0503   60502   18180    0        2.7      368.4     6.48e+04
2024 07 11  0504   60502   18240    0        2.6      367.8     6.61e+04
2024 07 11  0505   60502   18300    0        2.8      366.6     6.93e+04
2024 07 11  0506   60502   18360    0        2.7      368.5     6.20e+04
2024 07 11  0507   60502   18420    0        2.6      369.6     5.98e+04
2024 07 11  0508   60502   18480    0        2.4      369.7     6.50e+04
2024 07 11  0509   60502   18540    0        2.3      369.8     6.39e+04
2024 07 11  0510   60502   18600    0        2.1      372.4     5.90e+04
2024 07 11  0511   60502   18660    0        1.8      375.1     6.08e+04
2024 07 11  0512   60502   18720    0        2.5      367.9     6.39e+04
2024 07 11  0513   60502   18780    0        2.5      366.0     6.91e+04
2024 07 11  0514   60502   18840    0        2.9      366.9     6.07e+04
2024 07 11  0515   60502   18900    0        2.7    -9999.9    -1.00e+05
2024 07 11  0516   60502   18960    0        2.7      366.7     6.16e+04
2024 07 11  0517   60502   19020    0        2.4      368.7     5.17e+04
2024 07 11  0518   60502   19080    0        1.9      354.0     3.83e+04
2024 07 11  0519   60502   19140    0        2.1      358.8     3.41e+04
2024 07 11  0520   60502   19200    0        2.8      367.8     4.80e+04
2024 07 11  0521   60502   19260    0        2.8      373.3     5.93e+04
2024 07 11  0522   60502   19320    0        2.7      371.3     6.28e+04
2024 07 11  0523   60502   19380    0        2.7      369.3     6.31e+04
2024 07 11  0524   60502   19440    0        3.0      372.2     8.12e+04
2024 07 11  0525   60502   19500    0        2.9      371.6     7.58e+04
2024 07 11  0526   60502   19560    0        2.6      369.3     6.29e+04
2024 07 11  0527   60502   19620    0        2.5      367.6     5.67e+04
2024 07 11  0528   60502   19680    0        2.8      369.5     6.27e+04
2024 07 11  0529   60502   19740    0        2.6      368.5     5.54e+04
2024 07 11  0530   60502   19800    0        2.8      369.2     7.57e+04
2024 07 11  0531   60502   19860    0        2.3      369.6     7.84e+04
2024 07 11  0532   60502   19920    0        2.1      371.4     5.76e+04
2024 07 11  0533   60502   19980    0        3.0      383.0     1.46e+05
2024 07 11  0534   60502   20040    0        5.1      385.9     5.62e+04
2024 07 11  0535   60502   20100    0        3.2      373.4     6.54e+04
2024 07 11  0536   60502   20160    0        3.4      369.6     6.24e+04
2024 07 11  0537   60502   20220    0        3.4      371.4     5.00e+04
2024 07 11  0538   60502   20280    0        3.3      373.6     4.88e+04
2024 07 11  0539   60502   20340    0        3.3      375.4     5.10e+04
2024 07 11  0540   60502   20400    0        3.0      381.4     4.44e+04
2024 07 11  0541   60502   20460    0        2.7      384.3     3.83e+04
2024 07 11  0542   60502   20520    0        3.0      379.9     4.25e+04
2024 07 11  0543   60502   20580    0        3.4      377.0     4.70e+04
2024 07 11  0544   60502   20640    0        3.5      372.6     4.58e+04
2024 07 11  0545   60502   20700    0        3.4      371.3     4.90e+04
2024 07 11  0546   60502   20760    0        3.1      370.9     5.17e+04
2024 07 11  0547   60502   20820    0        2.8      369.8     6.71e+04
2024 07 11  0548   60502   20880    9    -9999.9    -9999.9    -1.00e+05
2024 07 11  0549   60502   20940    0        2.5      367.4     7.47e+04
2024 07 11  0550   60502   21000    0        2.5      368.3     7.30e+04
2024 07 11  0551   60502   21060    0        2.6      367.5     7.96e+04
2024 07 11  0552   60502   21120    0        2.3      377.8     7.19e+04
2024 07 11  0553   60502   21180    0        2.4      373.2     8.14e+04
2024 07 11  0554   60502   21240    0        2.2      374.6     7.53e+04
2024 07 11  0555   60502   21300    0        1.9      370.0     5.36e+04
2024 07 11  0556   60502   21360    0        2.3      363.5     4.87e+04
2024 07 11  0557   60502   21420    0        2.6      364.9     7.33e+04
2024 07 11  0558   60502   21480    0        2.4      366.2     9.13e+04
2024 07 11  0559   60502   21540    0        2.5      364.5     8.34e+04
2024 07 11  0600   60502   21600    0        2.5      364.2     9.02e+04
2024 07 11  0601   60502   21660    0        2.5      362.6     8.36e+04
2024 07 11  0602   60502   21720    0        2.6      363.7     9.14e+04
2024 07 11  0603   60502   21780    0        2.3      363.6     8.26e+04
2024 07 11  0604   60502   21840    0        2.5      368.7     1.04e+05
2024 07 11  0605   60502   21900    0        2.5      365.4     7.57e+04
2024 07 11  0606   60502   21960    1        2.4      367.4     9.04e+04
2024 07 11  0607   60502   22020    0        2.3      367.1     7.92e+04
2024 07 11  0608   60502   22080    0        2.5      366.9     9.20e+04
2024 07 11  0609   60502   22140    0        2.5      369.8     9.68e+04
2024 07 11  0610   60502   22200    1        2.4      367.8     8.50e+04
2024 07 11  0611   60502   22260    0        2.3      362.0     6.55e+04
2024 07 11  0612   60502   22320    0        2.6      365.3     7.81e+04
2024 07 11  0613   60502   22380    0        2.9      370.4     8.72e+04
2024 07 11  0614   60502   22440    0        2.5      366.8     7.24e+04
2024 07 11  0615   60502   22500    1        2.5      364.5     7.67e+04
2024 07 11  0616   60502   22560    0        2.8      364.7     6.14e+04
2024 07 11  0617   60502   22620    0        2.7      364.6     7.37e+04
2024 07 11  0618   60502   22680    1        2.4      368.3     8.81e+04
2024 07 11  0619   60502   22740    1        2.2      371.0     7.71e+04
2024 07 11  0620   60502   22800    0        2.6      367.5     7.37e+04
2024 07 11  0621   60502   22860    0        2.6    -9999.9    -1.00e+05
2024 07 11  0622   60502   22920    3    -9999.9    -9999.9    -1.00e+05
2024 07 11  0623   60502   22980    0        2.5      368.8     7.85e+04
2024 07 11  0624   60502   23040    1        2.5      368.8     8.23e+04
2024 07 11  0625   60502   23100    0        2.7      367.4     7.81e+04
2024 07 11  0626   60502   23160    1        2.6      367.6     8.02e+04
2024 07 11  0627   60502   23220    0        2.5      367.7     8.34e+04
2024 07 11  0628   60502   23280    0        2.6      366.9     8.40e+04
2024 07 11  0629   60502   23340    0        2.7      366.4     8.29e+04
2024 07 11  0630   60502   23400    0        2.7      368.3     7.56e+04
2024 07 11  0631   60502   23460    0        2.6      371.3     6.64e+04
2024 07 11  0632   60502   23520    0        2.7      369.7     7.07e+04
2024 07 11  0633   60502   23580    0        2.7      370.2     8.42e+04
2024 07 11  0634   60502   23640    0        3.0      373.9     1.04e+05
2024 07 11  0635   60502   23700    0        2.7      368.6     8.03e+04
2024 07 11  0636   60502   23760    0        2.4      368.1     7.99e+04
2024 07 11  0637   60502   23820    0        2.4      369.1     8.02e+04
2024 07 11  0638   60502   23880    0        2.5      369.3     9.23e+04
2024 07 11  0639   60502   23940    0        2.3      369.7     7.94e+04
2024 07 11  0640   60502   24000    0        2.2      369.8     7.62e+04
2024 07 11  0641   60502   24060    0        2.5      366.8     7.67e+04
2024 07 11  0642   60502   24120    0        2.4      366.1     7.41e+04
2024 07 11  0643   60502   24180    0        2.4      368.4     8.69e+04
2024 07 11  0644   60502   24240    0        2.2      365.6     7.78e+04
2024 07 11  0645   60502   24300    0        2.3      365.1     8.08e+04
2024 07 11  0646   60502   24360    0        2.6      369.4     1.00e+05
2024 07 11  0647   60502   24420    0        2.5      365.8     7.38e+04
2024 07 11  0648   60502   24480    0        2.3      366.4     7.73e+04
2024 07 11  0649   60502   24540    0        2.0      363.4     6.23e+04
2024 07 11  0650   60502   24600    0        2.8      376.2     9.03e+04
2024 07 11  0651   60502   24660    0        2.8      375.4     8.67e+04
2024 07 11  0652   60502   24720    0        2.3      365.6     6.65e+04
2024 07 11  0653   60502   24780    0        2.3      364.9     6.55e+04
2024 07 11  0654   60502   24840    0        2.3      364.9     6.55e+04
2024 07 11  0655   60502   24900    3    -9999.9    -9999.9    -1.00e+05
2024 07 11  0656   60502   24960    0        3.7      366.5     4.60e+04
2024 07 11  0657   60502   25020    0        2.8      369.6     5.08e+04
2024 07 11  0658   60502   25080    0        2.6      369.1     5.56e+04
2024 07 11  0659   60502   25140    0        2.7      366.6     5.83e+04
2024 07 11  0700   60502   25200    0        2.7      365.5     5.59e+04
2024 07 11  0701   60502   25260    0        2.7      364.2     5.65e+04
2024 07 11  0702   60502   25320    0        2.8      363.3     5.91e+04
2024 07 11  0703   60502   25380    0        2.8      364.9     5.03e+04
2024 07 11  0704   60502   25440    0        2.7      365.8     4.32e+04
2024 07 11  0705   60502   25500    0        2.8      369.0     4.33e+04
2024 07 11  0706   60502   25560    0        2.4      373.2     4.22e+04
2024 07 11  0707   60502   25620    0        2.5      368.2     4.03e+04
2024 07 11  0708   60502   25680    0        2.7      372.3     4.44e+04
2024 07 11  0709   60502   25740    0        2.8      368.6     4.53e+04
2024 07 11  0710   60502   25800    0        2.8      370.7     3.88e+04
2024 07 11  0711   60502   25860    0        2.6      372.8     3.51e+04
2024 07 11  0712   60502   25920    0        2.4      371.7     3.59e+04
2024 07 11  0713   60502   25980    0        1.7      361.4     2.54e+04
2024 07 11  0714   60502   26040    0        2.3      366.4     3.16e+04
2024 07 11  0715   60502   26100    0        3.2      375.5     4.73e+04
2024 07 11  0716   60502   26160    0        3.0      375.2     4.91e+04
2024 07 11  0717   60502   26220    0        2.1      367.0     3.22e+04
2024 07 11  0718   60502   26280    0        2.0      364.1     2.50e+04
2024 07 11  0719   60502   26340    0        2.8      372.7     4.08e+04
2024 07 11  0720   60502   26400    0        3.0      375.6     4.78e+04
2024 07 11  0721   60502   26460    0        3.6      376.0     6.56e+04
2024 07 11  0722   60502   26520    0        2.6      364.5     2.48e+04
2024 07 11  0723   60502   26580    0        6.1      379.5     5.15e+04
2024 07 11  0724   60502   26640    0        2.3      373.1     5.20e+04
2024 07 11  0725   60502   26700    0        3.0      379.3     3.82e+04
2024 07 11  0726   60502   26760    0        4.2      368.0     2.21e+04
2024 07 11  0727   60502   26820    0        4.4      366.4     2.00e+04
2024 07 11  0728   60502   26880    3    -9999.9    -9999.9    -1.00e+05
2024 07 11  0729   60502   26940    0        2.6      368.0     1.00e+05
2024 07 11  0730   60502   27000    0        3.7      369.3     6.04e+04
2024 07 11  0731   60502   27060    0        3.5      374.4     5.53e+04
2024 07 11  0732   60502   27120    0        2.7      377.1     5.59e+04
2024 07 11  0733   60502   27180    0        2.7      375.6     4.09e+04
2024 07 11  0734   60502   27240    0        3.1      374.7     4.10e+04
2024 07 11  0735   60502   27300    0        3.7      374.2     3.72e+04
2024 07 11  0736   60502   27360    0        3.7      374.5     3.70e+04
2024 07 11  0737   60502   27420    0        3.6      375.1     3.61e+04
2024 07 11  0738   60502   27480    0        3.6      373.8     3.69e+04
2024 07 11  0739   60502   27540    0        3.6      371.4     3.71e+04
2024 07 11  0740   60502   27600    0        3.5      372.1     3.38e+04
2024 07 11  0741   60502   27660    0        3.1      375.5     4.00e+04
2024 07 11  0742   60502   27720    0        3.2      374.5     3.98e+04
2024 07 11  0743   60502   27780    0        3.6      373.0     3.72e+04
2024 07 11  0744   60502   27840    0        3.4      370.7     3.31e+04
2024 07 11  0745   60502   27900    0        3.1      366.5     3.36e+04
2024 07 11  0746   60502   27960    0        3.2      369.5     3.62e+04
2024 07 11  0747   60502   28020    0        3.6      371.7     3.72e+04
2024 07 11  0748   60502   28080    0        3.7      369.1     3.43e+04
2024 07 11  0749   60502   28140    0        3.4      368.0     3.23e+04
2024 07 11  0750   60502   28200    0        3.2      370.3     3.42e+04
2024 07 11  0751   60502   28260    0        3.5      371.4     3.97e+04
2024 07 11  0752   60502   28320    0        4.0      373.0     5.31e+04
2024 07 11  0753   60502   28380    0        3.8      381.0     5.97e+04
2024 07 11  0754   60502   28440    0        3.6      375.8     4.55e+04
2024 07 11  0755   60502   28500    0        2.2      365.8     2.40e+04
2024 07 11  0756   60502   28560    0        3.8      376.7     4.13e+04
2024 07 11  0757   60502   28620    0        4.1      377.3     4.97e+04
2024 07 11  0758   60502   28680    0        3.8      379.8     4.04e+04
2024 07 11  0759   60502   28740    0        3.5      381.3     4.67e+04
2024 07 11  0800   60502   28800    0        3.4      381.5     4.84e+04
2024 07 11  0801   60502   28860    3    -9999.9    -9999.9    -1.00e+05
2024 07 11  0802   60502   28920    0        4.3      386.7     6.72e+04
2024 07 11  0803   60502   28980    0        4.0      384.3     5.53e+04
2024 07 11  0804   60502   29040    0        3.6      380.0     4.44e+04
2024 07 11  0805   60502   29100    0        3.5      378.4     4.32e+04
2024 07 11  0806   60502   29160    0        3.6      380.8     4.52e+04
2024 07 11  0807   60502   29220    0        3.6      383.3     4.95e+04
2024 07 11  0808   60502   29280    0        3.8      382.7     4.94e+04
2024 07 11  0809   60502   29340    0        3.4      379.3     4.37e+04
2024 07 11  0810   60502   29400    0        3.8      375.2     4.53e+04
2024 07 11  0811   60502   29460    0        3.2      372.8     3.53e+04
2024 07 11  0812   60502   29520    0        3.7      369.8     4.58e+04
2024 07 11  0813   60502   29580    0        3.5      374.7     4.18e+04
2024 07 11  0814   60502   29640    0        3.3      375.8     4.22e+04
2024 07 11  0815   60502   29700    0        3.3      375.5     4.37e+04
2024 07 11  0816   60502   29760    0        4.0      377.5     4.69e+04
2024 07 11  0817   60502   29820    0        3.8      376.2     4.33e+04
2024 07 11  0818   60502   29880    0        3.3      374.9     3.95e+04
2024 07 11  0819   60502   29940    0        3.2      375.1     4.08e+04
2024 07 11  0820   60502   30000    0        3.6      375.1     4.40e+04
2024 07 11  0821   60502   30060    0        3.8      376.0     4.43e+04
2024 07 11  0822   60502   30120    0        3.4      377.4     4.43e+04
2024 07 11  0823   60502   30180    0        3.1      375.5     4.73e+04
2024 07 11  0824   60502   30240    0        3.4      372.8     4.88e+04
2024 07 11  0825   60502   30300    0        3.4      373.4     5.09e+04
2024 07 11  0826   60502   30360    0        2.3      359.1     6.98e+04
2024 07 11  0827   60502   30420    0        2.5      358.7     1.04e+05
2024 07 11  0828   60502   30480    0        2.6      357.4     9.38e+04
2024 07 11  0829   60502   30540    0        2.7      356.6     8.85e+04
2024 07 11  0830   60502   30600    0        2.6      357.9     7.86e+04
2024 07 11  0831   60502   30660    0        2.5      358.2     7.96e+04
2024 07 11  0832   60502   30720    0        2.5      358.5     8.56e+04
2024 07 11  0833   60502   30780    0        2.6      358.6     8.75e+04
2024 07 11  0834   60502   30840    3    -9999.9    -9999.9    -1.00e+05
2024 07 11  0835   60502   30900    0        2.6      358.1     8.53e+04
2024 07 11  0836   60502   30960    0        2.6      357.6     8.33e+04
2024 07 11  0837   60502   31020    0        2.7      361.2     9.15e+04
2024 07 11  0838   60502   31080    0        2.6      365.2     9.04e+04
2024 07 11  0839   60502   31140    0        2.5      361.7     6.81e+04
2024 07 11  0840   60502   31200    0        2.6      360.6     8.45e+04
2024 07 11  0841   60502   31260    0        2.7      360.9     8.60e+04
2024 07 11  0842   60502   31320    0        2.5      361.5     8.60e+04
2024 07 11  0843   60502   31380    0        2.3      356.4     7.89e+04
2024 07 11  0844   60502   31440    0        2.0      351.0     4.96e+04
2024 07 11  0845   60502   31500    0        2.9      366.0     9.11e+04
2024 07 11  0846   60502   31560    1        2.7      369.8     9.97e+04
2024 07 11  0847   60502   31620    0        2.6      360.9     6.61e+04
2024 07 11  0848   60502   31680    0        2.2      352.8     4.31e+04
2024 07 11  0849   60502   31740    0        2.5      358.0     6.10e+04
2024 07 11  0850   60502   31800    0        2.8      364.0     6.54e+04
2024 07 11  0851   60502   31860    0        2.6      364.8     6.09e+04
2024 07 11  0852   60502   31920    0        2.6      361.8     6.39e+04
2024 07 11  0853   60502   31980    0        2.8      357.7     7.20e+04
2024 07 11  0854   60502   32040    0        2.9      356.4     7.97e+04
2024 07 11  0855   60502   32100    0        2.7      358.4     8.08e+04
2024 07 11  0856   60502   32160    1        2.4      358.4     7.31e+04
2024 07 11  0857   60502   32220    0        2.5      355.4     6.38e+04
2024 07 11  0858   60502   32280    0        2.6      356.5     7.96e+04
2024 07 11  0859   60502   32340    9    -9999.9    -9999.9    -1.00e+05
